
359.2801662345853,733.6297607073225,-319.4642536773689
358.83145039155886,732.7589658960002,-319.8979923380167
358.4026118197168,731.8682350772779,-320.3517292975809
357.99364760447713,730.9575653524048,-320.8254645536487
357.60455483115226,730.0269538230555,-321.31919810370107
357.2353305849488,729.0763975913293,-321.8329299451125
356.8859719509679,728.1058937597511,-322.3666600751512
356.5564760142049,727.1154394312706,-322.92038849097895
356.24683985954965,726.1050317092626,-323.4941151896514
355.9570605717862,725.0746676975273,-324.0878401681177
355.68713523559325,724.0243445002899,-324.70156342322065
355.43706093554374,722.9540592222007,-325.33528495169674
355.2068347561052,721.8638089683355,-325.9890047501761
354.9964537816395,720.7535908441952,-326.6627228151826
354.8059150964031,719.6234019557056,-327.3564391431337
354.6352157845468,718.4732394092183,-328.0701537303405
354.48435293011596,717.3031003115098,-328.8038665730078
354.35332361705053,716.1129817697819,-329.557577667234
354.2421249291849,714.9028808916618,-330.3312870090113
354.1507539502481,713.6727947852021,-331.12499459422537
354.07920776386356,712.4227205588804,-331.9387004186556
354.0274834535495,711.1526553215999,-332.7724044779752
353.99557810271864,709.8625961826892,-333.6261067677508
353.9834887946783,708.5525402519021,-334.49980728344286
353.99121261263036,707.2224846394179,-335.3935060204053
354.0187466396715,705.8724264558413,-336.3072029738859
354.066087958793,704.5023628122023,-337.2408981390261
354.13323365288073,703.1122908199565,-338.19459151086085
354.22018080471537,701.7022075909847,-339.1682830843189
354.3269264969722,700.2721102375936,-340.16197285422254
354.4534678122213,698.8219958725149,-341.17566081528776
354.5998018329274,697.351861608906,-342.20934696212424
354.7659256414501,695.8617045603498,-343.2630312892353
354.9518363200437,694.3515218408548,-344.33671379101787
355.1575309508573,692.8213105648551,-345.43039446176266
355.3830066159347,691.2710678472101,-346.5440732956539
355.6282603972146,689.7007908032049,-347.67775028676965
355.89328937653056,688.1104765485502,-348.8314254290814
356.17809063561094,686.5001221993823,-350.0050987164545
356.482661256079,684.8697248722631,-351.1987701426478
356.80699831945276,683.2192816841801,-352.41243970131393
357.1510989071453,681.5487897525466,-353.64610738599913
357.51496010046446,679.8582461952013,-354.8997731901434
357.89857898061314,678.147648130409,-356.1734371070802
358.301952628689,676.4169926768598,-357.46709913003673
358.72507812568483,674.6662769536695,-358.7807592521339
359.16795255248826,672.8954980803798,-360.1144174663863
359.63057298988195,671.1046531769582,-361.4680737657022
360.1129365185436,669.2937393637978,-362.84172814288326
360.6150402190459,667.4627537617177,-364.23538059062514
361.13688117185654,665.6116934919625,-365.649031101517
361.67845645733826,663.7405556762027,-367.08267966804164
362.23976315574885,661.8493374365346,-368.53632628257554
362.82079834724124,659.9380358954804,-370.0099709373889
363.4215591118635,658.0066481759882,-371.5036136246456
364.04204252955856,656.0551714014316,-373.01725433640297
364.6822456801648,654.0836026956107,-374.55089306461224
365.34216564341546,652.0919391827509,-376.10452980111813
366.0217994989391,650.0801779875039,-377.67816453765914
366.72114432625943,648.0483162349472,-379.2717972658674
367.44019720479525,645.9963510505839,-380.8854279772687
368.1789552138607,643.9242795603437,-382.51905666328247
368.93741543266503,641.8320988905818,-384.1726833152217
369.71557494031276,639.7198061680797,-385.8463079242933
370.5134308158037,637.5873985200445,-387.53993048159754
371.3309801380328,635.4348730741096,-389.25355097812854
372.1682199857905,633.2622269583345,-390.987169404774
373.02514743776226,631.0694573012046,-392.7407857523154
373.90175957252904,628.8565612316312,-394.5144000114277
374.7980534685671,626.623535878952,-396.30801217267964
375.71402620424806,624.3703783729306,-398.12162222653365
376.6496748578388,622.0970858437569,-399.9552301633457
377.60499650750165,619.8036554220466,-401.8088359733655
378.57998823129435,617.4900842388417,-403.6824396467364
379.57464710716994,615.1563694256106,-405.5760411734954
380.58897021297696,612.8025081142474,-407.48964054357316
381.6229546264594,610.4284974370727,-409.4232377467941
382.6765974252566,608.0343345268332,-411.37683277287607
383.74989568690347,605.6200165167018,-413.3504256114308
384.84284648883033,603.1855405402777,-415.34401625196364
385.95544690836306,600.7309037315862,-417.35760468387355
387.0876940227231,598.2561032250792,-419.39119089645317
388.23958490902726,595.7611361556345,-421.4447748788887
389.411116644288,593.2459996585563,-423.5183566202602
390.6022863054132,590.7106908695753,-425.6119361095412
391.8130909692065,588.1552069248481,-427.7255133355991
393.04352771236705,585.5795449609581,-429.8590882871947
394.2935936114896,582.9837021149146,-432.01266095298274
395.56328574306457,580.3676755241538,-434.18623132151134
396.852601183478,577.7314623265378,-436.3797993812226
398.16153700901145,575.0750596603554,-438.59336512045195
399.4900902958423,572.3984646643216,-440.82692852742866
400.83825812004363,569.7016744775781,-443.0804895902757
402.2060375575842,566.9846862396926,-445.3540482970096
403.5934256843283,564.2474970906596,-447.64760463554063
405.0004195760361,561.4901041709002,-449.9611585936726
406.4270163083636,558.7125046212616,-452.29471015910315
407.8732129568624,555.9146955830178,-454.6482593194234
409.33900659697997,553.096674197869,-457.0218060621183
410.8243943040596,550.2584376079423,-459.41535037456634
412.32937315334027,547.3999829557912,-461.82889224403976
413.8539402199569,544.5213073843956,-464.26243165770444
415.3980925789401,541.6224080371624,-466.71596860261985
416.9618273052165,538.7032820579245,-469.1895030657392
418.5451414736085,535.763926590942,-471.68303503390933
420.1480321588345,532.8043387809013,-474.1965644938707
421.7704964355086,529.8245157729153,-476.73009143225755
423.412531378141,526.824454712524,-479.28361583559774
425.0741340611377,523.8041527456937,-481.85713769031275
426.7553015588008,520.7636070188177,-484.4506569827177
428.4560309453282,517.7028146787155,-487.0641736990214
430.17631929481394,514.6217728726339,-489.6976878253264
431.9161636812479,511.5204787482459,-492.3511993476288
433.67556117851603,508.3989294536517,-495.02470825181837
435.4545088604004,505.257122137378,-497.7182145236787
437.2530038005789,502.0950539483784,-500.43171814888683
439.0710430726257,498.91272203603313,-503.16521911301356
440.90862375001086,495.7101235501494,-505.9187174015234
442.76574290610074,492.48725564096105,-508.6922129997744
444.6423976141576,489.244115459129,-511.48570589301846
446.5385849473399,485.98070015574086,-514.299196066401
448.45430197870235,482.6970068823112,-517.132683504961
450.3895457811956,479.3930327907814,-519.9861681936316
452.3443134276665,476.0687750335196,-522.8596501172389
454.31860199085827,472.7242307633212,-525.753129260503
456.31240854341013,469.3593971334083,-528.6666056080378
458.3257301578576,465.97427129742994,-531.6000791443507
460.35856390663236,462.5688504094622,-534.5535498538428
462.4109068620624,459.143131624008,-537.5270177208089
464.482756096372,455.6971120959974,-540.5204827294373
466.57410868168165,452.2307889807874,-543.5339448638101
468.6849616900081,448.74415943416204,-546.5674041079033
470.81531219326445,445.23722061233235,-549.6208604455861
472.96515726326015,441.7099696719365,-552.6943138606216
475.134493971701,438.1624037700396,-555.7877643366666
477.323319390189,434.59452006413386,-558.9012118572714
479.53163059022273,431.0063157121387,-562.0346564058802
481.75942464319695,427.3977878724005,-565.1880979658308
484.00669862040303,423.7689337036929,-568.3615365203544
486.27344959302854,420.11975036521653,-571.5549720525762
488.5596746321577,416.4502350165993,-574.768404545515
490.86537080877093,412.7603848178963,-578.001833982083
493.19053519374535,409.05019692958973,-581.2552603450863
495.53516485785434,405.319668512589,-584.5286836172247
497.899256871768,401.5687967282307,-587.8221037810916
500.2828083060527,397.79757873827884,-591.1355208191742
502.6858162311715,394.0060117049244,-594.4689347138531
505.10827771748393,390.19409279078576,-597.8223454474027
507.5501898352461,386.36181915890865,-601.195753001991
510.0115496546107,382.509187972766,-604.5891573596797
512.492354245627,378.63619639625796,-608.0025585024242
514.9926006782408,374.7428415937122,-611.4359564120738
517.5122860222947,370.8291207298836,-614.8893510703709
520.0514073475277,366.89503096995435,-618.3627424589522
522.6099617235757,362.94056947953413,-621.8561305593475
525.187946219971,358.96573342465996,-625.3695153529806
527.7853579061427,354.9705199717962,-628.9028968211687
530.4021938514165,350.95492628783467,-632.4562749451233
533.0384511250152,346.9189495400946,-636.0296497059487
535.6941267960578,342.8625868963226,-639.6230210846435
538.3692179335604,338.78583552469297,-643.2363890620998
541.0637216064356,334.68869259380716,-646.8697536191031
543.777634883493,330.57115527269434,-650.523114736333
546.5109548334389,326.433220730811,-654.1964723943624
549.2636785248762,322.2748861380414,-657.8898265736582
552.0358030263052,318.09614866469707,-661.6031772545807
554.8273254061223,313.8970054815172,-665.3365244173839
557.6382427326214,309.6774537596686,-669.0898680422156
560.4685520739927,305.43749067074555,-672.8632081091172
563.3182504983236,301.17711338677,-676.6565445980236
566.1873350735983,296.8963190801914,-680.4698774887638
569.0758028676983,292.59510492388694,-684.30320676106
571.9836509484013,288.2734680911614,-688.1565323945283
574.9108763833826,283.9314057557473,-692.0298543686785
577.857476240214,279.56891509180457,-695.9231726629139
580.8234475863646,275.1859932739211,-699.8364872565317
583.8087874892004,270.78263747711236,-703.7697981287224
586.8134930159844,266.3588448768215,-707.7231052585707
589.8375612338763,261.91461264891944,-711.6964086250546
592.8809892099333,257.4499379697049,-715.6897082070457
595.9437740111094,252.9648180159042,-719.7030039833095
599.0259127042559,248.45924996467164,-723.7362959325052
602.127402356121,243.93323099358915,-727.7895840331854
605.2482400333502,239.3867582806665,-731.8628682637967
608.3884228024856,234.81982900434127,-735.956148602679
611.547947729967,230.23244034347894,-740.0694250280661
614.7268118821311,225.62458947737272,-744.2026975180854
617.9250123252116,220.9962735857438,-748.3559660507582
621.1425461253399,216.34748984874116,-752.529230603999
624.3794103485441,211.67823544694173,-756.7224911556166
627.6356020607495,206.9885075613503,-760.9357476833128
630.9111183277791,202.27830337339964,-765.1690001646834
634.2059562153527,197.5476200649504,-769.4222485772179
637.5201127890875,192.79645481829118,-773.6954928982996
640.8535851144981,188.0248048161386,-777.988733105205
644.206370256996,183.23266724163727,-782.3019691751048
647.5784652818904,178.4200392783597,-786.635201085063
650.9698672543877,173.58691811030647,-790.9884288120376
654.3805732395916,168.73330092190622,-795.3616523328798
657.8105803025031,163.8591848980156,-799.7548716243349
661.2598855080207,158.9645672239193,-804.1680866630417
664.7284859209401,154.04944508533012,-808.6012974255327
668.2163786059547,149.11381566838892,-813.0545038882341
671.7235606276549,144.15767615966465,-817.5277060274657
675.250029050529,139.18102374615444,-822.020903819441
678.7957809389621,134.18385561528348,-826.5340972402671
682.3608133572376,129.16616895490512,-831.067286265945
685.9451233695356,124.12796095330089,-835.6204708723691
689.5487080399341,119.0692287991805,-840.1936510353277
693.1715644324084,113.98996968168183,-844.7868267305025
696.8136896108317,108.890180790371,-849.3999979334693
700.4750806389743,103.76985931524233,-854.0331646196972
704.1557345805043,98.62900244671836,-858.686326764549
707.8556484989872,93.46760737564989,-863.3594843432813
711.5748194578863,88.28567129331603,-868.0526373310445
715.3132445205624,83.08319139142412,-872.7657857028822
719.0709207502738,77.86016486210981,-877.4989294337323
722.8478452101765,72.61658889793705,-882.2520684984257
726.6440149633243,67.35246069189814,-887.0252028716876
730.4594270726684,62.067777437413724,-891.8183325281366