
54.76814502190591,640.1278046468614,55.71454161029732
55.34238420851048,640.6858035667162,55.99309442391545
55.936704193692016,641.2237172733799,56.251646939796174
56.551102057427855,641.741542838419,56.4901991565646
57.18557487958858,642.2392773338263,56.708751072952225
57.840119739938025,642.7169178320202,56.907302687796886
58.514733718133286,643.1744614058449,57.08585400004278
59.20941389372474,643.6119051285708,57.244405008740436
59.92415734615605,644.0292460738941,57.38295571304677
60.658961154764214,644.4264813159369,57.501506112225016
61.413822398779544,644.8036079292474,57.600056205644776
62.188738157325695,645.1606229887997,57.67860599278202
62.983705509419686,645.4975235699939,57.73715547321903
63.79872153397191,645.814306748656,57.7757046466445
64.63378330978614,646.1109696010383,57.794253512853416
65.48888791555957,646.3875092038189,57.79280207174715
66.36403242988281,646.6439226341021,57.771350323333415
67.2592139312399,646.880206969418,57.7298982677263
68.17442949800835,647.0963592877234,57.66844590514621
69.1096762084591,647.2923766674006,57.58699323591993
70.06495114075663,647.4682561872582,57.48554026048058
71.04025137295888,647.6239949265312,57.364086979367656
72.0355739830173,647.7595899648802,57.222633393226985
73.05091604877688,647.8750383823926,57.06117950281075
74.08627464797617,647.9703372595817,56.8797253089775
75.14164685824724,648.0454836773868,56.67827081269212
76.2170297571158,648.1004747171736,56.45681601502585
77.3124204220011,648.1353074607341,56.215360917156296
78.42781593021601,648.1499789902865,55.95390552036741
79.56321335896705,648.1444863884752,55.67244982604949
80.71860978535433,648.118826738371,55.37099383569919
81.89400228637166,648.0729971234708,55.049537550919524
83.08938793890648,648.0069946276981,54.708080973419854
84.30476381973996,647.9208163354023,54.34662410501589
85.54012700554692,647.8144593313594,53.965166947629704
86.79547457289596,647.6879207007719,53.56370950328971
88.07080359824934,647.5411975292683,53.14225177413067
89.3661111579631,647.3742869029039,52.70079376239372
90.68139432828708,647.18718590816,52.23933547042634
92.01665018536485,646.9798916319447,51.757876900682355
93.37187580523378,646.7524011615922,51.25641805572194
94.74706826382506,646.5047115848633,50.73495893821163
96.14222463696369,646.2368199899453,50.19349955092433
97.55734200036854,645.948723465452,49.63203989673926
98.99241742965232,645.6404191004234,49.05057997864201
100.44744800032161,645.3119039843264,48.44911979972454
101.92243078777689,644.9631752070542,47.82765936318514
103.41736286731253,644.5942298589266,47.18619867232846
104.93224131411682,644.20506503069,46.52473773056549
106.46706320327198,643.7956778135172,45.8432765414136
108.02182560975417,643.3660652990078,45.14181510849649
109.59652560843357,642.916224579188,44.420353435544214
111.19116027407426,642.4461527465104,43.678891526393194
112.80572668133438,641.9558468938544,42.917429384986185
114.44022190476606,641.445304114526,42.13596701537231
116.09464301881546,640.914521502258,41.334504421707024
117.76898709782276,640.3634961512097,40.51304160825216
119.46325121602224,639.792225155967,39.67157857937589
121.17743244754222,639.2007056115428,38.81011533955273
122.91152786640512,638.5889346133766,37.928651893363565
124.66553454652748,637.9569092573347,37.02718824549562
126.43944956171994,637.3046266397099,36.10572440074248
128.2332699856873,636.632083857222,35.16426036400407
130.04699289202847,635.9392780070177,34.20279614028669
131.8806153542366,635.2262061866702,33.221331734702964
133.73413444569894,634.4928654941798,32.21986715247189
135.60754723969697,633.7392530279733,31.198402398918805
137.50085080940642,632.9653658869046,30.156937479475403
139.41404222789717,632.1712011702546,29.095472399679732
141.34711856813345,631.3567559777307,28.01400716517619
143.30007690297367,630.5220274094676,26.91254178171552
145.27291430517053,629.6670125660265,25.79107625515483
147.26562784737106,628.7917085483958,24.64961059145757
149.27821460211658,627.8961124579909,23.488144796693547
151.31067164184267,626.9802213966537,22.306678877038916
153.36299603887934,626.0440324666538,21.105212838776183
155.43518486545094,625.0875427706872,19.883746688294213
157.52723519367612,624.110749411877,18.642280432088217
159.639144095568,623.1136494937737,17.380814076759755
161.7709086430341,622.0962401203542,16.099347629016748
163.92252590787623,621.0585183960229,14.797881095673457
166.09399296179078,620.0004814256114,13.476414483650503
168.2853068763685,618.9221263143779,12.134947799974855
170.49646472309468,617.8234501680081,10.773481051779832
172.72746357334898,616.7044500926146,9.39201424630511
174.97830049840567,615.565123194737,7.990547390896708
177.24897256943348,614.4054665813425,6.569080493007006
179.5394768574956,613.2254773598249,5.127613560194729
181.8498104335499,612.0251526380057,3.6661466001249536
184.17997036844866,610.8044895241331,2.18467962056911
186.52995373293885,609.563485126883,0.6832126294049776
188.89975759766196,608.3021365553582,-0.838254365383312
191.28937903315412,607.0204409190886,-2.3797213557052768
193.69881510984604,605.7183953280318,-3.9411883333640825
196.12806289806312,604.3959968925723,-5.522655290056545
198.57711946802536,603.053242723522,-7.12412221737313
201.04598188984744,601.69012993212,-8.74558910679795
203.53464723353872,600.306655630033,-10.387055949708769
206.04311256900328,598.9028169293547,-12.048522737376995
208.57137496603988,597.4786109426061,-13.729989460967694
211.11943149434202,596.0340347827361,-15.431456111539575
213.68727922349797,594.5690855631203,-17.152922680045
216.27491522299067,593.0837603975622,-18.89438915732997
218.88233656219796,591.5780564002922,-20.655855534134158
221.50954031039242,590.0519706859687,-22.43732180109086
224.1565235367414,588.5055003696771,-24.238787948727037
226.8232833103071,586.9386425669303,-26.060253967463296
229.5098167000465,585.351394393669,-27.901719847613894
232.21612077481163,583.743752966261,-29.763185579386736
234.94219260334913,582.1157154015018,-31.644651152883377
237.68802925430066,580.4672788166142,-33.54611655809903
240.45362779620277,578.7984403292488,-35.467581784922544
243.2389852974869,577.1091970574836,-37.40904682313643
246.04409882647946,575.3995461198241,-39.37051166241684
248.86896545140175,573.6694846352034,-41.351976292333575
251.7135822403701,571.9190097229823,-43.3534407023501
254.57794626139577,570.1481185029493,-45.37490488182351
257.462054582385,568.35680809532,-47.41636882000457
260.3659042711391,566.5450756207383,-49.47783250603768
263.28949239535433,564.7129182002752,-51.5592959289609
266.23281602262205,562.8603329554297,-53.66075907770593
269.19587222042867,560.9873170081285,-55.782221941098136
272.1786580561556,559.0938674807255,-57.92368450785652
275.18117059707936,557.179981496003,-60.085146766593745
278.20340691037165,555.2456561771706,-62.26660870581611
281.2453640630993,553.2908886478658,-64.46807031392358
284.3070391222241,551.3156760321538,-66.68953157920977
287.3884291546032,549.3200154545274,-68.93099248986194
290.48953122698884,547.3039040399076,-71.19245303396099
293.61034240602834,545.2673389136428,-73.47391319948149
296.75085975826426,543.2103172015094,-75.77537297429164
299.91108035013445,541.1328360297116,-78.09683234615333
303.091001247972,539.0348925248815,-80.43829130272206
306.2906195180051,536.916483814079,-82.79974983154699
309.50993222635725,534.7776070247918,-85.18120792007095
312.7489364390473,532.6182592849357,-87.5826655556304
316.0076292219894,530.4384377228542,-90.00412272545547
319.2860076409929,528.238139467319,-92.44557941666993
322.5840687617625,526.0173616475295,-94.9070356162912
325.9018096498983,523.776101393113,-97.38849131123035
329.2392273708957,521.5143558341249,-99.88994648829211
332.59631899014545,519.2321221010486,-102.41140113417485
335.9730815729337,516.9293973247956,-104.95285523547062
339.36951218444204,514.6061786367051,-107.51430877866508
342.78560788974744,512.2624631685446,-110.09576175013758
346.2213657538223,509.89824805250964,-112.6972141361611
349.6767828415344,507.5135304212236,-115.31866592290227
353.15185621764715,505.10830740773815,-117.96011709642138
356.64658294681925,502.68257614553295,-120.62156764267239
360.160960093605,500.2363337685158,-123.30301754750288
363.69498472245425,497.7695774110227,-126.00446679665409
367.24865389771224,495.28230420781756,-128.72591537576093
370.8219646836198,492.77451129409275,-131.46736327035194
374.41491414431334,490.2461958054685,-134.2288104658493
378.02749934382496,487.69735487799346,-137.01025694756893
381.65971734608206,485.1279856481444,-139.8117027007203
385.31156521490783,482.5380852528262,-142.63314771040658
388.98304001402107,479.92765082937217,-145.47459196162458
392.67413880703623,477.2966795155437,-148.33603543926478
396.38485865746327,474.6451684495305,-151.21747812811128
400.11519662870796,471.97311476995054,-154.11892001284187
403.8651497840718,469.28051561585016,-157.04036107802796
407.6347151867517,466.56736812670385,-159.98180130813466
411.42388989984056,463.83366944241453,-162.9432406875207
415.2326709863269,461.0794167033134,-165.92467920043845
419.061055509095,458.30460705016014,-168.92611683103394
422.909040530925,455.5092376241426,-171.94755356334687
426.7766231144925,452.69330556687714,-174.9889893813106
430.66380032236924,449.85680802040844,-178.05042426875212
434.5705692170226,446.9997421272097,-181.1318582093921
438.4969268608158,444.1221050301824,-184.23329118684484
442.4428703160078,441.2238938726566,-187.3547231846183
446.4083966447537,438.3051057983908,-190.49615418611413
450.3935029091041,435.3657379515719,-193.65758417462754
454.3981861710057,432.40578747681525,-196.83901313334752
458.42244349230106,429.4252515191649,-200.04044104535663
462.4662719347287,426.4241272240931,-203.2618678936311
466.5296685599229,423.40241173750104,-206.5032936610408
470.61263042941414,420.36010220571814,-209.7647183303493
474.71515460462865,417.2971957755024,-213.0461418842138
478.8372381468887,414.2136895940406,-216.34756430518513
482.9788781174126,411.10958080894795,-219.66898557570784
487.1400715773146,407.9848665682683,-223.01040567812007
491.320815587605,404.83954402047414,-226.37182459465362
495.5211072091902,401.6736103144666,-229.753242307434
499.74094350287254,398.4870625995755,-233.1546587984803
503.98032152935053,395.2798980255592,-236.5760740497054
508.2392383492187,392.0521137426049,-240.01748804291563
512.5176910229677,388.80370690132844,-243.47890075981113
516.8156766109843,385.53467465277436,-246.96031218198564
521.1331921735515,382.2450141484159,-250.4617222909266
525.4702347708482,378.9347225401552,-253.98313106801504
529.8268014629496,375.60379698032284,-257.5245384945257
534.2028893098272,372.25223462167855,-261.08594455162694
538.5984953713487,368.8800326174106,-264.6673492203808
543.0136167072776,365.48718812113617,-268.268752481743
547.4482503772742,362.0736982869012,-271.8901543165628
551.9023934408947,358.6395602691806,-275.53155470558335
556.3760429575916,355.18477122287794,-279.19295362944115
560.8691959867136,351.7093283033258,-282.87435106866656
565.3818495875059,348.21322866628554,-286.5757470036836
569.91400081911,344.6964694679475,-290.29714141480986
574.4656467405633,341.1590478649309,-294.03853428225665
579.0367844108001,337.6009610142839,-297.7999255861289
583.6274108886508,334.0222060734835,-301.5813153064252
588.2375232328421,330.4227802004359,-305.3827034230378
592.8671185019973,326.80268055347597,-309.20408991575266
597.5161937546358,323.16190429136776,-313.0454747642493
602.1847460491734,319.5004485733043,-316.90685794810094
606.8727724439228,315.81831055890757,-320.78823944677447
611.5802699970928,312.11548740822866,-324.6896192396305
616.3072357667886,308.3919762817476,-328.6109973059232
621.053666811012,304.64777434037364,-332.55237362480045
625.8195601876613,300.882878745445,-336.5137481753037
630.6049129545312,297.097286658729,-340.4951209363682
635.4097221693131,293.2909952424221,-344.4964918868228
640.2339848895948,289.4640016591499,-348.51786100538993
645.0776981728608,285.6163030719671,-352.5592282706858
649.940859076492,281.7478966443574,-356.6205936612202
654.8234646577657,277.85877954023397,-360.7019571553966
659.7255119738564,273.94894892393904,-364.8033187315121
664.6469980818349,270.018401960244,-368.9246783677575
669.5879200386684,266.0671358143494,-373.06603604221726
674.5482749012209,262.09514765188516,-377.22739173286953
679.5280597262533,258.1024346389103,-381.4087454175861
684.5272715704231,254.08899394191326,-385.6100970741323
689.5459074902841,250.05482272781163,-389.83144668016723
694.5839645422873,245.9999181639523,-394.07279421324364
699.6414397827801,241.9242774181115,-398.334139650808
704.7183302680069,237.8278976584948,-402.6154829702004
709.8146330541086,233.71077605373705,-406.9168241486544
714.9303451971232,229.57290977290245,-411.2381631632976
720.0654637529851,225.4142959854846,-415.57949999115084
725.219985777526,221.2349318614065,-419.940834609129
730.3939083264738,217.03481457102046,-424.32216699404034
735.5872284554537,212.81394128510826,-428.72349712258693
740.7999432199877,208.5723091748811,-433.14482497136447
746.0320496754944,204.3099154119796,-437.5861505168623
751.2835448772895,200.0267571684739,-442.0474737354634
756.5544258805857,195.72283161686346,-446.52879460344457
761.8446897404923,191.3981359300774,-451.03011309697604
767.1543335120159,187.0526672814742,-455.5514291921218
772.4833542500597,182.68642284484199,-460.0927428648396
777.8317490094242,178.29939979439825,-464.6540540909806
783.1995148448066,173.89159530479017,-469.23536284628995
788.5866488108011,169.46300655109442,-473.8366691064062
793.9931479618991,165.01363070881732,-478.4579728468616
799.419009352489,160.54346495389464,-483.0992740430823
804.8642300368559,156.0525064626919,-487.7605726703878
810.3288070691825,151.5407524120041,-492.44186870399136
815.8127375035482,147.00819997905606,-497.143162119
821.3160183939294,142.45484634150205,-501.86445289041444
826.8386467942,137.88068867742612,-506.6057409931288
832.3806197581308,133.285724165342,-511.36702640193107
837.9419343393896,128.66994998419307,-516.1483090915029
843.5225875915415,124.03336331335242,-520.9495890364195
849.1225765680489,119.37596133262292,-525.7708662111498
854.7418983222711,114.69774122223713,-530.6121405900566
860.3805499074649,109.99870016285738,-535.473412147396
866.0385283767839,105.27883533557576,-540.3546808573178
871.7158307832793,100.53814392191416,-545.2559466938659
877.4124541798994,95.77662310382425,-550.1772096309774
883.1283956194898,90.99427006368755,-555.1184696424831
888.8636521547933,86.19108198431539,-560.0797267021077
894.6182208384499,81.36705604894894,-565.0609807834694
900.3920987229973,76.5221894412592,-570.0622318600801
906.1852828608701,71.65647934534712,-575.0834799053456
911.9977703044004,66.76992294574347,-580.1247248925649
917.8295581058179,61.86251742740897,-585.185966794931