
95.62366775511765,779.6260039600865,119.06426518628734
93.78495346651788,778.9365972255669,118.27196621156226
91.9661386898907,778.2274572037305,117.45966660792851
90.16722051804544,777.4985809925827,116.62736637970553
88.3881960436856,776.7499656905525,115.77506553131916
86.62906235940892,775.981608396493,114.9027640673015
84.88981655770736,775.1935062096815,114.01046199229111
83.17045573096713,774.3856562298192,113.09815931103283
81.47097697146872,773.5580555570315,112.16585602837789
79.79137737138682,772.7107012918677,111.21355214928384
78.13165402279049,771.8435905353014,110.24124767881463
76.49180401764308,770.9567203887301,109.24894262214053
74.87182444780224,770.0500879539755,108.23663698453818
73.27171240501998,769.1236903332837,107.20433077139057
71.69146498094265,768.1775246293244,106.15202398818704
70.13107926711099,767.2115879451918,105.0797166405233
68.59055235496008,766.2258773844045,103.9874087341014
67.06988133581945,765.2203900509049,102.87510027472972
65.569063300913,764.1951230490599,101.74279126832305
64.0880953413591,763.1500734836605,100.59048172090247
62.626974548170544,762.085238459922,99.41817163859548
61.1856980122546,761.0006150834839,98.2258610276359
59.764262824413,759.8962004604101,97.01354989436389
58.362666075341984,758.7719916971886,95.78123824522599
56.98090485563228,757.6279859007319,94.52892608677509
55.618976255769155,756.4641801783766,93.25661342567041
54.27687736613241,755.280571637884,91.96430026867753
52.9546052769964,754.0771573874395,90.65198662266843
51.65215707853005,752.8539345356527,89.31967249462139
50.369529860796874,751.610900191558,87.96735789162106
49.10672071375498,750.348051464614,86.59504282085845
47.8637267272571,749.0653854647036,85.20272728963091
46.6405449910506,747.7628993021344,83.79041130534216
45.43717259477747,746.4405900876383,82.35809487550227
44.2536066279744,745.0984549323716,80.90577800772766
43.089844180072724,743.7364909479152,79.4334607097411
41.9458823403985,742.3546952462742,77.9411429893717
40.82171819817246,740.9530649398787,76.42882485455496
39.7173488425101,739.531597141583,74.8965063133327
38.632771362421614,738.0902889646661,73.3441873738531
37.567982846811994,736.6291375228313,71.77186804437073
36.522980384480974,735.1481399302068,70.17954833324647
35.49776106412309,733.647293301345,68.56722824894756
34.492321974327666,732.1265947512234,66.93490780004758
33.50666020357885,730.5860413952437,65.28258699522651
32.54077284025564,729.0256303492324,63.61026584327064
31.59465697263185,727.4453587294405,61.917944353072635
30.668309688876178,725.845223652544,60.20562253363149
29.761728077052204,724.2252222356432,58.47330039405259
28.874909225118394,722.5853515962632,56.720977943547645
28.007850220928127,720.925608852354,54.94865519143471
27.160548152229712,719.2459911222902,53.156332147138215
26.333000106666397,717.5464955248711,51.34400882018894
25.525203171776383,715.8271191793209,49.511685220224
24.737154434992846,714.0878592052882,47.65936135698689
23.96885098364395,712.3287127228468,45.78703724032743
23.220289904952867,710.5496768524952,43.8947128802018
22.491468286037783,708.7507487151565,41.982388286672546
21.782383213911917,706.931925432179,40.05006346990855
21.093031775483542,705.0932041253354,38.097738440185054
20.42341105755599,703.2345819168236,36.12541320788365
19.773518146827687,701.3560559292663,34.13308778349229
19.143350129892138,699.457623285711,32.120762177605265
18.53290409323797,697.5392811096301,30.08843640092323
17.942177123248936,695.6010265249213,28.03611046425318
17.371166306203932,693.6428566559066,25.963784378508475
16.81986872827701,691.6647686273335,23.87145815470881
16.288281475537406,689.6667595643742,21.759131803980253
15.776401633949526,687.6488265926258,19.626805337555204
15.284226289372995,685.6109668381108,17.474478766772428
14.811752527562657,683.5531774272763,15.30215210307704
14.358977434168589,681.4754554869946,13.109825358020498
13.925898094736118,679.3777981445631,10.89749854326062
13.512511594705842,677.2602025277042,8.66517167056157
13.118815019413637,675.1226657645653,6.412844751793868
12.74480545409068,672.965184983719,4.140517798934382
12.390479983863457,670.787757314163,1.8481908240663332
12.055835693753792,668.5903798853199,-0.46413616062070706
11.740869668678842,666.3730498270379,-2.7964631428308158
11.44557899345113,664.1357642695899,-5.14879011016172
11.169960752778554,661.8785203436743,-7.5211170501047935
10.9140120312644,659.6013151804144,-9.91344395004506
10.677729913407365,657.3041459113589,-12.325770797261194
10.461111483601563,654.9870096684815,-14.758097578925518
10.264153826136548,652.6499035841815,-17.210424282104004
10.086854025197324,650.292824791283,-19.68275089375627
9.929209164864366,647.9157704230357,-22.175077400735592
9.791216329113633,645.5187376131145,-24.68740378978889
9.672872601816582,643.1017234956194,-27.219730047556727
9.574175066740187,640.6647252050758,-29.772056160573328
9.495120807546947,638.2077398764346,-32.34438211526656
9.435706907794913,635.730764645072,-34.936707897957945
9.395930450937694,633.2337966467893,-37.54903349486265
9.375788520324475,630.7168330178133,-40.18135889208949
9.375278199200038,628.1798708947962,-42.83368407564093
9.394396570704767,625.6229074148156,-45.5060090314131
9.433140717874673,623.0459397153745,-48.19833374519576
9.491507723641403,620.4489649344015,-50.91065820267234
9.569494670832263,617.8319802102502,-53.64298238941989
9.667098642170226,615.1949826817001,-56.395306290909154
9.784316720273951,612.5379694879559,-59.16762989250448
9.921145987657797,609.8609377686481,-61.959953179463895
10.07758352673184,607.1638846638323,-64.77227613693908
10.253626419801886,604.4468073139899,-67.60459874997535
10.449271749069494,601.7097028600276,-70.45692100351168
10.664516596631982,598.952568443278,-73.32924288238068
10.899358044482446,596.1754012054989,-76.22156437130865
11.153793174509776,593.3781982888738,-79.13388545491549
11.427819068498675,590.5609568360119,-82.06620611771477
11.721432808129668,587.723673989948,-85.01852634411375
12.034631474979122,584.8663468941423,-87.99084611841329
12.367412150519257,581.9889726924811,-90.98316542480792
12.71977191611817,579.0915485292758,-93.99548424738582
13.09170785303984,576.1740715492638,-97.02780257012884
13.48321704244415,573.236538897608,-100.08012037691245
13.8942965653869,570.2789477198974,-103.15243765150578
14.324943502819831,567.3012951621462,-106.24475437757162
14.775154935590626,564.3035783707945,-109.35707053866642
15.244927944442933,561.2857944927084,-112.48938611824028
15.734259610016386,558.2479406751794,-115.64170109963692
16.243147012846606,555.1900140659251,-118.81401546609375
16.77158723336523,552.1120118130887,-122.00632920074182
17.319577351899927,549.013931065239,-125.21864228660583
17.887114448674396,545.8957689713712,-128.45095470660414
18.474195603808408,542.7575226809058,-131.70326644354873
19.080817897317797,539.5991893436895,-134.97557748014526
19.706978409114488,536.4207661099946,-138.26788779899306
20.352674219006513,533.2222501305193,-141.58019738258508
21.017902406698024,530.0036385563881,-144.91250621330795
21.70266005178931,526.7649285391508,-148.26481427344194
22.406944233776805,523.5061172307835,-151.63712154516097
23.130752032053117,520.2272017836883,-155.02942801053257
23.874080525907026,516.9281793506931,-158.44173365151804
24.636926794523518,513.6090470850517,-161.87403844997223
25.419287916983794,510.26980214044414,-165.32634238764365
26.221160972265277,506.9104416709763,-168.7986454461745
27.042543039241636,503.53096283118003,-172.29094760710066
27.883431196682803,500.13136277601336,-175.8032488518516
28.743822523254984,496.7116386608603,-179.33554916175046
29.623714097520672,493.27178764153086,-182.8878485180141
30.523102997938672,489.8118068742612,-186.4601469017529
31.441986302864102,486.3316935157136,-190.052444293971
32.38036109054843,482.83144472297636,-193.66474067556618
33.33822443913948,479.31105765356403,-197.29703602732985
34.31557342668142,475.77052946541716,-200.94933032994706
35.312405131114815,472.20985731690257,-204.62162356399656
36.328716630276645,468.6290383668132,-208.31391570995075
37.364505001900284,465.0280697743681,-212.02620674817567
38.419767323615545,461.4069486992126,-215.758496658931
39.49450067294869,457.76567230141825,-219.51078542237008
40.58870212732244,454.1042377414829,-223.2830730185399
41.702368764056,450.4226421803305,-227.07535942738113
42.83549766036504,446.72088277931135,-230.8876446287281
43.988085893361784,442.99895670020203,-234.71992860230878
45.16013054005494,439.2568611052053,-238.57221132774478
46.35162867734978,435.4945931569504,-242.4444927845514
47.56257738204811,431.71215001849265,-246.33677295213755
48.79297373084833,427.909528853314,-250.24905180980582
50.042814800345404,424.0867268253225,-254.18132933675247
51.31209766703092,420.2437410988528,-258.1336055120674
52.60081940729306,416.3805688386657,-262.1058803147342
53.90897709741666,412.4972072099485,-266.09815372363005
55.236567813583186,408.59365337831497,-270.1104257175258
56.583588631870775,404.66990450980524,-274.142696275086
57.95003662825425,400.7259577708858,-278.1949653748689
59.33590887860513,396.7618103284498,-282.26723299532625
60.741202458691625,392.7774593498167,-286.3594991148036
62.16591444417869,388.77290200273245,-290.47176371154006
63.61004191062801,384.7481354553696,-294.6040267636685
65.07358193349805,380.7031568763271,-298.75628824921534
66.55653158814401,376.6379634346306,-302.9285481461007
68.05888794981792,372.5525522997321,-307.1208064321384
69.58064809366857,368.44692064151025,-311.3330630850359
71.12180909474161,364.3210656302703,-315.56531808239424
72.68236802797948,360.1749844367441,-319.8175714017083
74.26232196822153,356.0086742320901,-324.08982302036634
75.86166799020393,351.82213218789326,-328.3820729156505
77.48040316855973,347.6153554761653,-332.69432106473647
79.11852457781892,343.38834126934455,-337.02656744469374
80.77602929240835,339.14108674029603,-341.37881203248526
82.45291438665184,334.87358906231145,-345.75105480496774
84.14917693477013,330.58584540910914,-350.1432957388916
85.86481401088092,326.27785295483426,-354.55553481090084
87.5998226889989,321.9496088740586,-358.9877719975332
89.35420004303575,317.60111034178067,-363.4400072752199
91.12794314680012,313.2323545334259,-367.912240620286
92.92104907399772,308.84333862484635,-372.40447200895017
94.73351489823129,304.4340597923209,-376.9167014173247
96.56533769300063,300.00451521255525,-381.44892882141556
98.41651453170257,295.5547020626818,-386.00115419712245
100.28704248763108,291.08461752026005,-390.57337752023864
102.1769186339772,286.5942587632761,-395.16559876645107
104.08614004382906,282.08362297014304,-399.7778179113404
106.01470379017196,277.5527073197007,-404.41003493038085
107.96260694588834,273.0015089912159,-409.06224979894034
109.92984658375778,268.4300251643825,-413.73446249228056
111.91641977645705,263.8382530193211,-418.4266729855567
113.92232359656012,259.22618973657916,-423.1388812538177
115.94755511653815,254.59383249713133,-427.87108727200615
117.99211140875956,249.9411784823791,-432.6232910149583
120.05598954548996,245.26822487415095,-437.395492457404
122.13918659889227,240.57496885470235,-442.1876915739668
124.24169964102661,235.8614076067158,-446.999888339164
126.36352574385046,231.12753831330082,-451.83208272740643
128.50466197921855,226.37335815799398,-456.6842747129987
130.66510541888297,221.5988643247589,-461.5564642701389
132.84485313449312,216.80405399798627,-466.448651372919
135.0439021975957,211.9889243624939,-471.3608359953245
137.2622496796349,207.15347260352664,-476.2930181112347
139.4998926519521,202.2976959067565,-481.2451976944223
141.7568281857863,197.42159145828262,-486.2173747185539
144.03305335227373,192.52515644463128,-491.20954915718966
146.32856522244813,187.6083880527559,-496.22172098378337
148.6433608672407,182.67128347003717,-501.25389017168266
150.97743735747997,177.7138398842828,-506.30605669412864
153.33079176389214,172.7360544837279,-511.3782205242561
155.70342115710073,167.7379244570347,-516.4703816350936
158.09532260762685,162.71944699329262,-521.5825399995633
160.50649318588913,157.6806192820184,-526.714695590481
162.9369299622037,152.62143851315608,-531.8668483805562
165.38663000678423,147.54190187707692,-537.038998342392
167.855590389742,142.4420065645795,-542.2311454484852
170.34380818108585,137.32174976688967,-547.4432896712264
172.85128045072221,132.1811286756607,-552.6754309828996
175.37800426845516,127.02014048297308,-557.9275693556827
177.92397670398637,121.83878238133477,-563.1997047616471
180.48919482691517,116.63705156368103,-568.4918371727581
183.07365570673858,111.41494522337453,-573.8039665608744
185.67735641285122,106.17246055420534,-579.1360928977484
188.30029401454544,100.90959475039097,-584.4882161550263
190.94246558101133,95.6263450065763,-589.8603363042479
193.60386818133668,90.3227085178337,-595.2524533168466
196.284498884507,84.99868247966302,-600.6645671641496
198.98435475940556,79.65426408799152,-606.0966778173778
201.70343287481342,74.28945053917403,-611.5487852476455
204.4417302994094,68.90423902999281,-617.0208894259607
207.1992441017701,63.49862675765768,-622.5129903232255