
51.207733222465286,855.0787976644823,-273.67818968347405
51.18304002100508,854.2131530583863,-274.391339453706
51.17821992953091,853.3275106044101,-275.1244877648385
51.19327003120609,852.4218674044102,-275.8776346129728
51.21073545520806,851.4962214090841,-276.6307799941131
51.21367614698535,850.5505739381906,-277.3639239042632
51.2034139920581,849.5849270208427,-278.07706633952455
51.1818676815889,848.5992824500025,-278.7702072961051
51.15151449673537,847.5936416969852,-279.443346770319
51.11525639750431,846.5680058386741,-280.09648475858677
51.07621666122505,845.5223755098091,-280.72962125743527
51.03751500231446,844.4567508871887,-281.34275626349785
50.98966926370274,843.3711323080338,-281.94932948913197
50.92166455063745,842.265522176839,-282.5590607487463
50.83349794661789,841.1399234338645,-283.1640691585077
50.72516653525055,839.9943390197959,-283.7564439929469
50.596667400249174,838.8287718757445,-284.33062641388676
50.44799762543473,837.6432249432463,-284.8848073228921
50.27915429473545,836.4377011642632,-285.41898671701597
50.090134492186834,835.212203481182,-285.933164593418
49.88093627421913,833.9867348367792,-286.44734094935507
49.65156158651965,832.7812981738316,-286.9815157820842
49.40201334717042,831.5958964347255,-287.53568908876485
49.13229447436076,830.430532561422,-288.1098608664502
48.84240788638724,829.285209495456,-288.7033347066766
48.53235650165367,828.1599301779372,-289.312655940152
48.202143238671106,827.0546975495498,-289.9322534748479
47.85177101605779,825.9695145505519,-290.5564310927963
47.50124274637632,824.9042565606213,-291.17145628488566
47.1705612137353,823.8566590992741,-291.76647992866407
46.85972869358317,822.8227925960311,-292.3415020209674
46.568746941263235,821.7994658247898,-292.896522558738
46.297617301588346,820.7842170137397,-293.43154153902447
46.04634081832485,819.7754342754084,-293.9465589589819
45.814918475929154,818.7746013528263,-294.44157481587155
45.60335180319872,817.7873592449746,-294.91658910706116
45.39517951103092,816.7987313579628,-295.391601830016
45.17039958712938,815.7901349564843,-295.88661298220126
44.925472115661535,814.7674287700061,-296.39401721478526
44.66039569187358,813.7382692394896,-296.8939345383157
44.3751695928736,812.7054344505395,-297.3739702963425
44.06979338050811,811.6700518593223,-297.83400447307616
43.744266665065844,810.6317003218645,-298.2740370660703
43.39858890450067,809.5888131053846,-298.69406807298515
43.052759956763786,808.5531851490821,-299.11409749157826
42.72678211868951,807.5376061820127,-299.55412531960724
42.42065830887357,806.5420733088159,-300.0141515547323
42.134391445806116,805.5665836337055,-300.4941761945071
41.86534005490567,804.6111343890251,-300.9941992363791
41.609855491776145,803.6757233698778,-301.51276799138026
41.367057113704526,802.7493770220428,-302.048724718068
41.1364174155102,801.8120935149059,-302.6004250602033
40.90146166756635,800.8615612233916,-303.16902675353754
40.64636808993044,799.9173064118055,-303.7490826081027
40.371138862565076,798.9926143687084,-304.32901840135423
40.07779917470398,798.0879638357342,-304.9037453295418
39.7719541776999,797.2033570832945,-305.4700722081894
39.458133132908294,796.3387955409081,-306.02730024349717
39.13768114800289,795.4926093333065,-306.57676960693806
38.81156745998784,794.6617004531906,-307.1200495013505
38.48220870199954,793.8296180791342,-307.66601037600714
38.15111949307839,792.9794614290737,-308.2257596050523
37.81737545292724,792.1093532452267,-308.8038519597918
37.479775333672414,791.2192940021058,-309.4019426724414
37.137349868261296,790.309284338686,-310.0200317398207
36.78956159363475,789.3799680040444,-310.658119158643
36.43609876606848,788.433199912755,-311.3162049255152
36.076606796896996,787.4711349156543,-311.9942890369379
35.72392057484521,786.4919191698413,-312.67237148931423
35.39109065608471,785.492753412898,-313.33045227904734
35.07811412552299,784.4736347491319,-313.9685314026378
34.784988067962004,783.4345602832756,-314.5866088566926
34.51170956809815,782.3755271204867,-315.1846846379251
34.25827571052226,781.2965323663482,-315.762758743155
34.024683579719664,780.1975731268682,-316.32083116930835
33.810930260070165,779.07864650848,-316.8589019134176
33.59701283585695,777.9397505903298,-317.3769709726215
33.36292839136407,776.7808873411385,-317.8750383441652
33.10867401097396,775.6020597023398,-318.35310402540017
32.83424677917629,774.4032706157926,-318.8111680137843
32.53964378056803,773.1845230237811,-319.2492303068818
32.22486209985341,771.9458198690145,-319.6672909023633
31.88989882184398,770.6871640946273,-320.0653497980056
31.53475103145859,769.4085586441792,-320.44340699169214
31.17941581371457,768.1100054893673,-320.82146248140367
30.84389025363025,766.7915027131643,-321.219516265121
30.528171436127472,765.4530474266808,-321.63756834072746
30.232256446022763,764.0946367414522,-322.075618706
29.95614236802734,762.7162677694391,-322.5336673586093
29.69982628674713,761.3179376230274,-323.0117142961197
29.463305286682775,759.8996434150283,-323.5097595159891
29.246576452229668,758.4613822586779,-324.02780301556913
29.029636867686804,757.0031522399252,-324.54584479211394
28.792483617354314,755.524955334294,-325.0438848428777
28.53511378563094,754.0267944900212,-325.52192316521194
28.257524457022935,752.5086726557685,-325.9799597565748
27.95971271614407,750.970592780623,-326.4179946145306
27.64167564771565,749.4125578140968,-326.83602773675005
27.30341033656652,747.8345707061272,-327.23405912101026
26.944913867633105,746.2366344070771,-327.6120887651947
26.586184298237974,744.638750895411,-327.97011666729315
26.247223574854722,743.0609182604437,-328.3081428254017
25.92803461614811,741.5031336188121,-328.626167237723
25.628620340677774,739.9653940867278,-328.9241899025659
25.34898366689819,738.4476967799765,-329.2022108183456
25.08912751315867,736.9500388139181,-329.4602299835837
24.849054797703335,735.4724173034874,-329.69824739690824
24.628768438671116,734.0148293631931,-329.9162630570536
24.428271354095724,732.5772721071189,-330.11427696286034
24.247566461905638,731.1597426489221,-330.29228911327556
24.086656679924094,729.7622381018352,-330.45029950735267
23.945544925869065,728.3847555786648,-330.58830814425147
23.82423411735325,727.027292191792,-330.7063150232381
23.72272717188405,725.6898450531725,-330.804320143685
23.64102700686356,724.3724112743363,-330.88232350507104
23.579136539588553,723.0749879663882,-330.9403251069814
23.530350645108662,721.7975725661148,-330.99832494909884
23.48144657450535,720.5401641311562,-331.0763230311061
23.42401884818383,719.302763404154,-331.1743193525883
23.355873762371623,718.0853718267181,-331.29231391302454
23.27664066289771,716.8879909947184,-331.43030671178724
23.186215269284254,715.7106225335564,-331.5882977481426
23.084523965080056,714.553268080978,-331.7662870212506
22.971494750371786,713.4159292852696,-331.9642745301647
22.862696114384413,712.2786070448929,-332.1634098156953
22.773730515179956,711.1212992257568,-332.34601340768273
22.704595036369163,709.9440029355623,-332.51425541824176
22.655286761457344,708.7467152824354,-332.6697759154848
22.625802773844367,707.5294333749276,-332.8134532111724
22.616140156824688,706.2921543220158,-332.9453578926522
22.626295993587366,705.0348752331022,-333.06465678737885
22.653498864028208,703.7575933526035,-333.16946322746713
22.697745851140233,702.4603063291289,-333.2564124166764
22.76180254101369,701.143011407946,-333.3233598337857
22.845666016445627,699.8057057001587,-333.3703054784389
22.949333360127767,698.4483863172964,-333.3972493503866
23.072801654646526,697.071050371314,-333.4041914494853
23.21606798248303,695.6736949745917,-333.3911317756983
23.379129426013126,694.2563172399357,-333.35807032909486
23.561983067507395,692.8189142805771,-333.30500710985086
23.744626961427485,691.3814841824251,-333.25178517968686
23.907063051385926,689.9640289205383,-333.2172610824184
24.04929425338128,688.5665514418733,-333.1991400498967
24.17132348351955,687.1890546929612,-333.1945562146046
24.273153658014166,685.831541619908,-333.20029347873617
24.35478769318597,684.4940151683942,-333.21311432728965
24.41622850546319,683.176478283675,-333.2300342968641
24.457479011381448,681.8789339105804,-333.2482836914928
24.478542127583715,680.6013849935147,-333.27651477912696
24.47942077082031,679.3438344764572,-333.3247440945365
24.46011785794889,678.1062853029616,-333.39297163746505
24.42063630593443,676.8887404161562,-333.48119740754964
24.360979031849197,675.691202758744,-333.58942140432123
24.281148952872748,674.5136752730024,-333.71764362720427
24.181148986291916,673.3561609007833,-333.865864075517
24.060982049500776,672.2186625835134,-334.03408274847123
23.920650516310545,671.0899995301806,-334.2022996451813
23.760154405816934,669.9552870597453,-334.3505147647616
23.579492475624026,668.810872364789,-334.47872810642394
23.378663167754127,667.6538241137001,-334.5869396694866
23.157664240837153,666.4789847283062,-334.6751494533741
22.916492885073172,665.2841790450539,-334.7433574576174
22.655146184882298,664.0694100061659,-334.7915636818538
22.37362122479193,662.8346805542898,-334.81976812582695
22.091915089427903,661.579992660211,-334.8279707893869
21.830024863417016,660.3053444059906,-334.81617167249
21.587947631289552,659.010732901827,-334.78437077519897
21.36568047747045,657.6961552583442,-334.732568097683
21.163220486279293,656.3616085865913,-334.66076364021745
20.980564741930355,655.0070899980423,-334.56895740318424
20.817710328532588,653.632596604597,-334.4571493870715
20.674654330089645,652.2381255185801,-334.3253395924738
20.551394802787357,650.8436738527064,-334.173528020092
20.447933691856043,649.4692387196903,-334.00171467073346
20.364273914708196,648.1148172318565,-333.80989954531174
20.300418388651,646.7804065011038,-333.5980826448468
20.256370030886345,645.466003638906,-333.366263970465
20.232131758510782,644.1716057563111,-333.11444352339913
20.22770648851553,642.8972099639418,-332.84262130498814
20.243097137786446,641.6428133719953,-332.5507973166775
20.278306623104015,640.4084130902437,-332.2486747560635
20.333337518036867,639.1869485111995,-331.93854443056824
20.388190675910884,637.9642073757465,-331.6113387735428
20.442865645838868,636.741878706174,-331.2693607237568
20.500753873942415,635.5212057190813,-330.91342970288923
20.561855162387424,634.3007290646264,-330.54317543495137
20.623066925482192,633.0792771623695,-330.15927242237717
20.684388721493946,631.8579758200497,-329.76344532951117
20.752006620786553,630.650960230534,-329.37356461037746
20.811609909009146,629.4639353447728,-329.0036821397732
20.86209628095925,628.2969024233864,-328.65379791966546
20.9030643229773,627.14986283096,-328.3239119519146
20.934488244680352,626.0228179610136,-328.01402423827494
20.95659672608446,624.9157691915448,-327.72413478039414
20.969846095990153,623.8287178506745,-327.45424357981386
20.974947853113434,622.7616651819577,-327.2043506379692
20.977622277864125,621.7095749907817,-326.974455956189
20.978941615085382,620.6672439000505,-326.7645595356957
20.97375329027682,619.6343984900166,-326.5746613776055
20.960937520252376,618.6108260953246,-326.4047614829281
20.940305065559123,617.5963215212589,-326.254859852567
20.91190314392577,616.590690330291,-326.12495648731937
20.875835880619054,615.5937475524777,-326.01505138787587
20.832217982127666,614.6053162354456,-325.92514455482103
20.792580517986824,613.6111004954869,-325.8552359886329
20.769441848325872,612.5968893586787,-325.8053256896832
20.7650001558003,611.5626802610881,-325.77541365823726
20.78040650382602,610.5084703639022,-325.76549989445425
20.815657975458773,609.4342567726338,-325.7755843983869
20.87075165364879,608.3400365932208,-325.8056671699815
20.945684621240773,607.2258069320268,-325.8557482090782
21.040453960973938,606.0915648958405,-325.92582751541056
21.15505772776946,604.9573075918412,-326.01011296672135
21.28949786559281,603.8430321272077,-326.10396774177127
21.443777290591427,602.7487356087292,-326.208920564731
21.617898918807242,601.6744151427697,-326.3250977525434
21.811865666176686,600.6200678352677,-326.4515765612707
22.025680448530654,599.5856907917366,-326.5867706140508
22.259346181594502,598.5712811172644,-326.72879709432783
22.512865780988026,597.5768359165143,-326.8757820556344
22.76624118994687,596.5823532660463,-327.0347944535607
22.999470462557678,595.5678351315713,-327.2138051124531
23.212550680717907,594.5332844514774,-327.4128140313597
23.40547892643217,593.4787041645782,-327.6318212092222
23.578252281812233,592.4040972101128,-327.87082664487605
23.730867829077038,591.3094665277463,-328.12983033705035
23.863322650552718,590.1948150575688,-328.4088322843678
23.975613828672603,589.0601457400962,-328.70783248534485
24.08773941825584,587.925460543947,-329.0078173065792
24.21970136327221,586.8107575485898,-329.28915948627633
24.371502579882332,585.7160338608161,-329.55087265476124
24.543145984141315,584.6412865869921,-329.7925840708505
24.73463449199877,583.5865128330587,-330.01429373325897
24.94597101929877,582.5517097045314,-330.2160016408075
25.17715848177985,581.5368743065007,-330.39770779242366
25.42819979507498,580.5420037436318,-330.5594121871411
25.679096902432992,579.5470960924873,-330.7211148240911
25.909847857953693,578.5321533187802,-330.90281570240506
26.120449743547734,577.4971783609006,-331.10451482111665
26.310899641232897,576.4421741576647,-331.32621217915334
26.48119463313413,575.3671436483138,-331.56790777533627
26.63133180148355,574.2720897725151,-331.8296016083802
26.76130822862047,573.157015470361,-332.1112936768935
26.871120996991408,572.0219236823697,-332.4129839793784
26.960768161437542,570.8868173494493,-332.72904805639683
27.03025166605705,569.771699412508,-333.0540436007057
27.079574427342784,568.6765728120641,-333.3883354329644
27.108739361894788,567.6014404882105,-333.73228981478474
27.117749386420307,566.546305380615,-334.08627501091996
27.106607417733755,565.5111704285196,-334.45066124920874
27.075316372756706,564.496038570741,-334.8258199342684
27.02387916851788,563.5009127456708,-335.21212205771803
26.952297749865682,562.5057958913102,-335.5940875798211
26.860570172605865,561.4906909456606,-335.95605131739353
26.74869352036387,560.4556008471133,-336.29801326851043
26.616664876872274,559.4005285344847,-336.61997343135346
26.464481325970826,558.3254769470168,-336.9319524486325
26.292140151210372,557.2345548869869,-337.2528273843388
26.09963958631097,556.1349905284189,-337.59257759233526
25.89020383166853,555.0320790483934,-337.95232600515624
25.683833122624517,553.9385965536932,-338.3120726208976
25.497304806993196,552.8651427098376,-338.6518174376552
25.315069295235144,551.8117153788128,-338.9818544485215
25.123134178430508,550.7783153707793,-339.31190577345274
24.92200597410573,549.7649439999616,-339.64243712228716
24.711084746179463,548.7716026874218,-339.97451769044466
24.490408096339984,547.7982928375945,-340.3087138867006
24.25970559667593,546.8450159065421,-340.6457079712215
24.03399438932218,545.9117726194089,-340.9741738251816
23.828148919052847,544.9985608020966,-341.28263786600206
23.642171620461564,544.095434750885,-341.5711000920427
23.476062733165914,543.1870713957836,-341.8395605017695
23.32982083187704,542.2652977103885,-342.088019093755
23.203443595257344,541.3254368586464,-342.316475866678
23.096928200000143,540.3655988787013,-342.5249308193236
23.0102717300958,539.3857749851143,-342.7133839505833
22.92347126915164,538.3859632540978,-342.9018352594463
22.816524061414025,537.3694699879812,-343.11028474490143
22.689428462984193,536.3492540034299,-343.3387324058404
22.542185105116797,535.3398570897118,-343.5871782410484
22.374796122316848,534.3478884453947,-343.85562224920426
22.187264242339246,533.375507821052,-344.14406442888054
21.980001959153835,532.4231559957065,-344.4525047785434
21.755762181187112,531.4908356930875,-344.7809432965528
21.51413822909714,530.5785492951686,-345.113712419638
21.25815703264169,529.6862993237777,-345.4391797812848
20.993680381501655,528.8140873070824,-345.76192602162615
20.720611961748958,527.9619144845718,-346.0829241965732
20.438552818109603,527.1297821375701,-346.4031084203051
20.14706033280935,526.3176916093461,-346.7235755834758
19.845685459882393,525.5256443085194,-347.0455809741736
19.53399575480722,524.7528927448633,-347.3705151011255
19.208245186335205,523.9929053692266,-347.7072754765853
18.866239441823488,523.2390061838053,-348.0590781801418
18.51046029973249,522.4892140650873,-348.4152027976745
18.14255212663694,521.7417373028587,-348.76447829677335
17.763068245072482,520.9957551401343,-349.0976250878395
17.371945381888793,520.2514648399151,-349.4107700225692
16.968916794610887,519.509592572947,-349.7039130992972
16.55356839407405,518.7708645056903,-349.9770543164648
16.134075565332022,518.0264062129671,-350.2301936726194
15.71864129454099,517.2663730413661,-350.4633311664151
15.306736896882338,516.4894696198924,-350.6764667966121
14.897706907506786,515.6944353434673,-350.869600562077
14.4907895875202,514.8800550741281,-351.0427324617828
14.085152205698021,514.0457340471203,-351.1958624948089
13.67997395335335,513.1914721365239,-351.32899066034105
13.274520594443901,512.3172693301285,-351.4421169576713
12.85869345582973,511.4231261756357,-351.53524138619815
12.422734663757572,510.50904513466475,-351.60836394542633
11.966641303683332,509.57502914349135,-351.66148463496705
11.490410461169986,508.6210811388162,-351.6946034545378
10.99403922188759,507.64720405776484,-351.70772040396247
10.477524671613297,506.65340083788817,-351.7008354831714
9.940863896231374,505.6396744171619,-351.67394869220107
9.384053981733219,504.60602773398676,-351.6270600311945
8.827092986495948,503.57246275486557,-351.5801695003922
8.289982858047255,502.5589775571511,-351.5532771000346
7.7727265161055765,501.56556924551796,-351.5463828302648
7.27532688028378,500.5922349242153,-351.55948669111933
6.7977868700891415,499.6389716970662,-351.59258868252857
6.340109404923332,498.70577666746823,-351.6452692715408
5.902297404082403,497.7926469383929,-351.7163183100188
5.48435378675677,496.8995796123862,-351.80428700035935
5.086281472031199,496.0265717915683,-351.89038548996075
4.708083378884786,495.1736205776335,-351.95648210837504
4.349481014066438,494.3407230855314,-352.0025768552507
4.005472987647026,493.52787671410897,-352.02866973034264
3.6671607233422425,492.7350799970108,-352.0347607335121
3.3269278466038954,491.96233267688353,-352.0208498647267
2.978611743040454,491.2096355006231,-351.98693712406043
2.6173571236659505,490.4769900155447,-351.93302251169354
2.2443308763031045,489.76439815555574,-351.8791060279039
1.8619626051300058,489.0718613589845,-351.8451876729694
1.4685988455285752,488.3993811109383,-351.83126744707045
1.0627332391097917,487.7469591263909,-351.83734535028094
0.642971791842692,487.11384206151786,-351.8634213825686
0.2081366990496641,486.49815647114104,-351.9094955437948
-0.24256510401689704,485.89811547657143,-351.9755678337145
-0.7095748513303812,485.31263485080854,-352.0616382519764
-1.1748571334843996,484.74426051319404,-352.16770679812277
-1.6202208645298402,484.19595258134126,-352.2937734715896
-2.0456631252361306,483.6677081500538,-352.4398382717065
-2.453713632166291,483.15952443683193,-352.6059011976968
-2.853674898603682,482.67139948049544,-352.79196224867746
-3.2534566952116735,482.20333281499717,-352.99802142365905
-3.6554827858308596,481.75532458733664,-353.2240787215459
-4.062852380948927,481.3273753379804,-353.4701341411358
-4.472558465090356,480.9054509576598,-353.71760320561145
-4.878534767307755,480.4746430633453,-353.9485534853049
-5.278997945789983,480.03373599464464,-354.16414972813294
-5.673212177951933,479.5823075418106,-354.3653722629391
-6.060949157680104,479.12033815080645,-354.5531485149912
-6.442236818319124,478.64803203797345,-354.72840082654443
-6.817237297174104,478.16572843425837,-354.8920553908573
-7.186184638837123,477.67385203827075,-355.0450339704794
-7.562207094398032,477.1673308725261,-355.2029026704329
-7.958304997609256,476.64086601096574,-355.38076948156703
-8.374481263226848,476.094460381668,-355.578634402936
-8.802348323954963,475.52811650523836,-355.7964974334877
-9.227475114875853,474.94183497731456,-356.0343585720635
-9.640493525509918,474.3356146490923,-356.2922178173987
-10.03623988317277,473.7094533419241,-356.570075168122
-10.412478609657631,473.06334833878475,-356.867930622756
-10.77419795238589,472.4108999952961,-357.17220549896905
-11.126012476381378,471.75845682730693,-357.47232564530077
-11.46677881270781,471.0956526352809,-357.7722145105044
-11.795940641170478,470.4182375618624,-358.07280430295333
-12.113307373179088,469.7245638669452,-358.3737777479094
-12.419024566679287,469.01394802522776,-358.6742711868941
-12.713508522471804,468.2863179775137,-358.97308627193354
-12.997336279778024,467.54208066234986,-359.2688244705986
-13.285941342619774,466.79806710970814,-359.5647434618505
-13.588677974092723,466.068518024281,-359.8598480580257
-13.898271125487126,465.3506773215015,-360.14771994786923
-14.212665380563086,464.6441581412923,-360.4261901375703
-14.531156677274426,463.9493855868611,-360.69401188244643
-14.85361012929868,463.2671759968371,-360.95023725121473
-15.180168858314039,462.59854928195927,-361.194010516271
-15.51113464631125,461.94461666428964,-361.42451802428087
-15.834442655001741,461.28833821513115,-361.6381937225369
-16.137848085024835,460.6121054668577,-361.8318674977714
-16.421353851629483,459.9159155170278,-362.00753918682886
-16.6849627852177,459.2015129459219,-362.1700372079815
-16.92867726271284,458.47298265955965,-362.3251058635892
-17.15249898973073,457.7353643026388,-362.47874697815735
-17.356428864450443,456.9948191761091,-362.6374411798334
-17.540466857201608,456.257344297827,-362.80945652416244
-17.724612898363016,455.51268572921316,-362.99613241338164
-17.92886928203367,454.748055483474,-363.1915464159857
-18.133309767695174,453.96345552493364,-363.3871253774435
-18.323771030436873,453.1588842231284,-363.5805847877725
-18.50401182450081,452.3343400022457,-363.7767211146766
-18.67337351193145,451.4898212421794,-363.9786889207768
-18.833061674972654,450.6253264803779,-364.19048501638724
-18.98344757442122,449.74085431719897,-364.41595659791267
-19.13950477795974,448.8364041488246,-364.65193845963057
-19.315695651382356,447.9119782084623,-364.89660175907744
-19.512023110614493,446.9675794326818,-365.1541643837826
-19.728490071474493,446.0032107584782,-365.41824483308864
-19.965099449673612,445.01887512327176,-365.6720061214413
-20.22185416081599,444.0145754649081,-365.90576546532236
-20.49875712039865,442.9903147216579,-366.1195228634888
-20.79581124381147,441.94609583221705,-366.3132783148038
-21.111711150134145,440.88192167210474,-366.4870318182372
-21.446221816622046,439.79779491489205,-366.640783372865
-21.800654454561755,438.69371839067963,-366.77453297786957
-22.175249916858025,437.56969502829685,-366.8882806325398
-22.57001111838125,436.4257277685653,-366.9820263362708
-22.98494097389459,435.26181955273194,-367.05577008856403
-23.420042398053972,434.07797332246855,-367.1095118890274
-23.875318305408037,432.87419201987217,-367.14325173737507
-24.350770638110717,431.6704785874294,-367.15698963342766
-24.846397449058887,430.4868359676263,-367.15072557711215
-25.362195818754696,429.3232671025589,-367.1244595684618
-25.898162827593033,428.17977493389725,-367.07819160761636
-26.45429555586154,427.05636240288567,-367.01192169482175
-27.030591083740614,425.95303245034256,-366.9256498304304
-27.627046491303457,424.8697880166605,-366.81937601490114
-28.243658858516053,423.80663204180627,-366.693100248799
-28.880426237524652,422.74356746535625,-366.5468225327955
-29.53735056951809,421.66059722688624,-366.38054286766845
-30.214434767865466,420.55772426636145,-366.1942612543021
-30.911681745828673,419.43495152417216,-365.98797769368696
-31.629094416562392,418.29228194113335,-365.76169218691996
-32.36667569311407,417.129718458485,-365.5154047352044
-33.124428488423895,415.94726401789177,-365.24911533985
-33.902355715324816,414.7449215614433,-364.96282400227267
-34.68046028655135,413.5226930593664,-364.65653072399476
-35.438745114837076,412.2805765931632,-364.33023550664507
-36.1772131130121,411.0185692724729,-363.9839383519586
-36.895867194011906,409.7366682073598,-363.61763926177696
-37.594710270877336,408.43487050831277,-363.23133823804784
-38.27374525675458,407.1131732862456,-362.82503528282547
-38.93297506489516,405.7715736524972,-362.3987303982704
-39.57240260865591,404.41006871883104,-361.9524235866495
-40.192029829211535,403.04865559740017,-361.48611485033604
-40.79185477869224,401.7073314003572,-360.9998041918096
-41.3718745370461,400.38609323946423,-360.49349161365615
-41.932086184326494,399.0849382260576,-359.96717711856815
-42.47248680069215,397.8038634710477,-359.4208607093442
-42.99307346640714,396.5428660849191,-358.8545423888894
-43.49384326184087,395.30194317773066,-358.2682221602152
-43.97479326746816,394.0810918591153,-357.6619000264394
-44.435921536156634,392.86030923831566,-357.05557599077724
-44.877230010029116,391.6195924245741,-356.469250056444
-45.298721603601244,390.3589385275224,-355.9029222265576
-45.70039923149404,389.07834465721766,-355.3565925041294
-46.08226580843388,387.7778079241417,-354.81026089207353
-46.44432424925251,386.45732543920184,-354.2439273933039
-46.78657746888698,385.11689431373037,-353.65759201083205
-47.10902838237968,383.75651165948454,-353.05125474777583
-47.41167990487827,382.37617458864696,-352.4249156073594
-47.69453495163573,380.97588021382535,-351.7785745929135
-47.957596438010285,379.5556256480525,-351.112231707875
-48.200867279465406,378.11540800478656,-350.4258869557873
-48.42434941928238,376.6752243978753,-349.7195403403
-48.628040911697944,375.2550719411664,-348.99319186516914
-48.81193883876663,373.8549477481174,-348.2468415342571
-48.97604028264823,372.4748489317602,-347.48048935153264
-49.12034232560779,371.11477260470133,-346.6941353210709
-49.244842050015656,369.77471587912163,-345.88777944705333
-49.34953653834746,368.4546758667765,-345.0614217337678
-49.43442287318416,367.15464967899584,-344.21506218560853
-49.49949910949949,365.85463442671954,-343.3687008070672
-49.544767191522276,364.53462722088744,-342.54233760263554
-49.57023003587415,363.1946251728293,-341.73597257670775
-49.575890559282016,361.8346253943002,-340.94960573357173
-49.56175167857811,360.45462499748055,-340.18323707740905
-49.52781631069994,359.05462109497637,-339.43686661229486
-49.47408725709656,357.6369885683313,-338.7104943421981
-49.400566609065315,356.20920124602605,-338.0041202709812
-49.30725474207507,354.78887847313507,-337.3134303555426
-49.19414934857132,353.38854064801126,-336.63480049696415
-49.06124751229318,352.00818488369237,-335.9663482325392
-48.90854631708504,350.64780829279084,-335.3011603821361
-48.736042846896574,349.30740798749383,-334.6300924447491
-48.543734185782746,347.9869810795632,-333.94491843603896
-48.331617417903836,346.6865246803355,-333.2420976196376
-48.09968962752547,345.4060359007221,-332.5226233197469
-47.847948833497284,344.126289579324,-331.8053772979207
-47.57639683049775,342.8272828266464,-331.1081295116927
-47.28503649902444,341.50823502548883,-330.4308799647706
-46.973870757489,340.16914328715563,-329.7736286607557
-46.64290252440839,338.810004723377,-329.136375603143
-46.29213471840489,337.4308164463086,-328.5191207953211
-45.92157025820604,336.0315755685319,-327.9218642405723
-45.53121206264467,334.612279203054,-327.3446059420725
-45.12106305065887,333.1729244633077,-326.78734590289133
-44.69112614129194,331.7135084631515,-326.25008412599203
-44.24140425369242,330.2340283168697,-325.73282061423157
-43.771900307114066,328.7344811391722,-325.2355553703605
-43.28261722091581,327.2148640451948,-324.758288397023
-42.77355791456178,325.67517415049906,-324.30101969675707
-42.24472530762123,324.11540857107224,-323.8637492719942
-41.696122319768605,322.5355644233275,-323.44647712505963
-41.14775089848714,320.9556397963558,-323.02920325818104
-40.61960910210909,319.3956366683982,-322.5919276735862
-40.11169401658055,317.8555579895939,-322.1346503736004
-39.624002727740056,316.33540670965675,-321.6573713606551
-39.15653232131861,314.8351857778759,-321.1600906372883
-38.709279882939676,313.3548981431153,-320.6428082061444
-38.28224249811922,311.89454675381387,-320.105524069974
-37.875417252265706,310.4541345579855,-319.54823823163423
-37.46880123068899,309.03366353093156,-318.9909506940796
-37.0423915186978,307.6331317583785,-318.4536614602645
-36.596185201697274,306.25253635334036,-317.93637053304616
-36.13017936519782,304.89187442840597,-317.43907791517523
-35.644371094815114,303.5511430957392,-316.96178360929616
-35.138757476270136,302.23033946707886,-316.5044876179469
-34.61333559538919,300.9294606537388,-316.0671899435592
-34.06810253810391,299.6485037666077,-315.6498905884584
-33.5230553904424,298.3874668884369,-315.23258955487233
-32.99819123843181,297.1463519907024,-314.7952868450289
-32.49350716800079,295.9251620167427,-314.33798246125355
-32.0090002649707,294.7238999094713,-313.860676405978
-31.544667615055612,293.54256861137657,-313.3633686817403
-31.100506303862307,292.38117106452205,-312.846059291185
-30.67651341689031,291.23971021054604,-312.3087482370628
-30.272686039531894,290.11818899066185,-311.7514355222309
-29.86902222936842,288.99660937340576,-311.19412114964405
-29.445523933130136,287.85496943816446,-310.6568051222569
-29.002194069931345,286.6932662924276,-310.1394874429267
-28.539035558991802,285.5114970441105,-309.6421681144042
-28.056051319636705,284.30965880155435,-309.1648471393341
-27.553244271296673,283.08774867352594,-308.70752452025437
-27.030617333507738,281.8457637692179,-308.270200259597
-26.488173425911324,280.5837011982488,-307.85287435968746
-25.925915468254235,279.3015580706628,-307.43554682275374
-25.343846380388634,277.99933149693004,-306.9982176510238
-24.74196908227203,276.6770185879465,-306.5408868468233
-24.12028649396726,275.33461645503405,-306.06355441258404
-23.47880153564249,273.97212220994027,-305.5662203508443
-22.817517127571172,272.58953296483884,-305.0488846642486
-22.136436190132052,271.18684583232925,-304.5115473555479
-21.435561643809137,269.7640579254369,-303.9542084275996
-20.734896409182834,268.32116732990056,-303.39686788335854
-20.05444340683243,266.8581760210349,-302.8595257257795
-19.394205557238596,265.3750869468678,-302.34218195771984
-18.75418578077451,263.871903055853,-301.8448365819305
-18.134386997705843,262.3486272968703,-301.3674896010562
-17.53481212819073,260.8052626192253,-300.9101410176353
-16.95546409227977,259.24181197264954,-300.4727908340996
-16.396345809916006,257.6582783073004,-300.05543905277494
-15.857460200934906,256.0546645737611,-299.6580856758805
-15.338810185064347,254.4309737230407,-299.2807307055292
-14.840398681924608,252.78720870657406,-298.92337414372776
-14.362228611028344,251.12337247622185,-298.58601599237636
-13.90430289178058,249.4394679842705,-298.26865625326894
-13.466624443478684,247.73549818343224,-297.9712949280931
-13.049196185312367,246.01146602684506,-297.69393201842996
-12.652021036363648,244.2673744680726,-297.4365675257546
-12.255100943328275,242.52322548878146,-297.18251303019343
-11.838433963750871,240.79901718148864,-296.9117685331063
-11.402017182984759,239.09474666603418,-296.62102245718376
-10.94584768648828,237.41041106183297,-296.31027480397194
-10.472298402871855,235.746007603375,-295.97952557512315
-9.986743180179037,234.10153413261344,-295.62877477239624
-9.493559700288412,232.4769892572,-295.2580223976563
-8.994610496957403,230.872372022153,-294.8672684528749
-8.503137189049461,229.2676822538472,-294.4765129401209
-8.031899513359068,227.6429222831209,-294.1057558614634
-7.580900389254386,225.99809506141466,-293.75499721887394
-7.150142735995952,224.33320354059475,-293.4242370142177
-6.739629472736669,222.64825067295328,-293.11347524925344
-6.349363518521792,220.94323941120803,-292.8227119256337
-5.979347792288907,219.21817270850246,-292.55194704490464
-5.629585212867919,217.4730535184058,-292.301180608506
-5.280077726702458,215.72788382259006,-292.0504126177802
-4.910823391085025,214.0026617135777,-291.7796430740695
-4.521819291116825,212.29738431121416,-291.48887197881373
-4.1130625120040785,210.61204873491968,-291.1780993335591
-3.6845501390580466,208.94665210368942,-290.8473251399582
-3.2362792576950397,207.30119153609343,-290.4965493997699
-2.768246953436435,205.6756641502768,-290.12577211485944
-2.2804503119086923,204.07006706395947,-289.7349932871985
-1.7928873911219498,202.46439836675933,-289.3442129188562
-1.3255601382348714,200.8386600374443,-288.9734310119017
-0.8784714725948213,199.19285502746015,-288.6226475683066
-0.45162431344154447,197.52698628867842,-288.2918625899362
-0.045021579907150666,195.84105677339636,-287.9810760785495
0.3413338089839014,194.13506943433694,-287.69028803579914
0.7074389343148193,192.40902722464887,-287.4194984632314
1.0532909819536147,190.66508631140366,-287.1687073622861
1.3788874519073633,188.90324964855563,-286.91791473430584
1.6883819585947395,187.1213667748796,-286.64712058063304
2.0012544583693295,185.319438889739,-286.3563249027077
2.3284452261359094,183.49746422360752,-286.045527702076
2.666539718385363,181.65544106742033,-285.7147289803908
3.0162287286917167,179.79336775019758,-285.36392873941105
3.377281772567874,177.91124260574517,-284.99312698100215
3.749711543833816,176.00906397370312,-284.6023237071359
4.117672411744792,174.10683096695095,-284.2115189198815
4.465357372316541,172.22454577422528,-283.83846407089413
4.792769225443817,170.35984335429606,-283.47739946615343
5.099910058820617,168.50517843638067,-283.1202348060692
5.3867805380511715,166.64920798947924,-282.7563924014673
5.653379635288744,164.78077588752583,-282.37621110621535
5.899705006943278,162.8939636965889,-281.9760283094216
6.125862108653249,160.9881865769481,-281.5558440132141
6.351849149431132,159.08308186860089,-281.1156582198271
6.597559901114225,157.19794276335108,-280.65547093160137
6.862089755149792,155.33276642853733,-280.175282150984
7.134024665328643,153.4875507184576,-279.6750918805284
7.401411119498219,151.6622956450868,-279.15490012289433
7.662617118701535,149.85700202139816,-278.61470688084796
7.917470332173311,148.0716707662112,-278.05451215726185
8.166038144758112,146.30630280207293,-277.4743159551148
8.401361697633888,144.54089938136588,-276.874118277492
8.616426451708168,142.75546311760618,-276.25391912758516
8.811229827277863,140.9569558717744,-275.61371850869216
8.985771013326382,139.16088363162407,-274.95351642421724
9.140051360608819,137.37912359877586,-274.2733128776711
9.274073339647682,135.61617569527718,-273.5731078726708
9.387839809867083,133.8732097226941,-272.8529014129397
9.481353687524392,132.1502286349405,-272.1126935023075
9.567790822557322,130.44723474511107,-271.3724561848778
9.658578123520487,128.7642278893232,-270.6520020790191
9.750537163716242,127.10120767260516,-269.9509862407476
9.841149754706414,125.45817411605142,-269.2688989882749
9.92855825150147,123.83512755919632,-268.60497748686464
10.011488192417223,122.23206856874461,-267.9583141739772
10.089136063058726,120.6489978614298,-267.32799224969165
10.161049446165892,119.0859162441572,-266.7131482758928
10.239906659900653,117.54282394435012,-266.10845403357774
10.33854044514795,116.01971870165826,-265.49929706011
10.456953718245623,114.51659763159216,-264.8730581303713
10.589784053288511,113.03345811006973,-264.22681779216475
10.729090770549895,111.57029868125474,-263.5605760489268
10.872105899731357,110.12711866044387,-262.87433290420023
11.018916121487766,108.7039175118707,-262.16808836163415
11.170493422573337,107.30069462128678,-261.4418424249841
11.314700550382916,105.91744984974659,-260.6955950981118
11.4387075789061,104.55418551964762,-259.92934638498565
11.542517424345803,103.21090457682266,-259.1430962896801
11.626133003012336,101.88760996667918,-258.336844816376
11.689556651820931,100.57238424027663,-257.5126791819224
11.732787996999344,99.24523034246081,-256.68094246072747
11.75582451424034,97.89807161225377,-255.85602829200377
11.758663286559093,96.53091099514484,-255.0475936101033
11.76130236935676,95.16375046472588,-254.23915757197352
11.783743707185332,93.81658810543902,-253.41072018192227
11.82599010280818,92.48707646270793,-252.5683338063173
11.888043628614431,91.16722467949114,-251.73109654075503
11.96990485379603,89.84538596707532,-250.91295602771618
12.066497812557717,88.50954565186056,-250.11481418042538
12.17200678086557,87.15369058107697,-249.33667100312675
12.285428423587303,85.77781953912523,-248.57852649995814
12.392573894458666,84.40193207460362,-247.8205165888087
12.479520356645319,83.04603045663127,-247.04527881214995
12.546270726547244,81.71011763088188,-246.25777685532304
12.592827920671823,80.39419654260382,-245.46274513136896
12.61919485563381,79.09827013662007,-244.66429824612555
12.625374448155325,77.82234135732828,-243.8657150582073
12.611369615065836,76.56641314870068,-243.06948521495647
12.577183273302142,75.33048845428408,-242.27730652458055
12.54281833989949,74.11456924491246,-241.47961657712685
12.528277731894086,72.91865360184457,-240.66972340792225
12.533564366225576,71.7427386336263,-239.85372923584555
12.558681159728177,70.58682144837816,-239.03659392126693
12.603631029130653,69.45089915379523,-238.22079931700878
12.666846657711975,68.33496893348315,-237.4015874952251
12.744162068186075,67.23902840229803,-236.57041706508852
12.832552204784118,66.1630757772063,-235.7214294704593
12.916188877719517,65.10711023331272,-234.85854916767823
12.979673208983087,64.07113396116173,-233.98848919119223
13.023008115099572,63.05514989962096,-233.1116807942925
13.046196512700863,62.059160987132664,-232.22724597852152
13.049241318525981,61.083170161713745,-231.33317531006847
13.032145449421064,60.127180360955705,-230.4259693496813
12.994911822339347,59.19119452202464,-229.5010977467327