
76.2469673076587,903.9668352562827,-7.825498116314285
75.69616745195927,903.315499778439,-8.47040302236699
75.14527333076896,902.6642451239803,-9.095307883386734
74.61428687017636,902.0326290219322,-9.700212696050556
74.103210787046,901.4182378841112,-10.285117457141837
73.61204731452347,900.8174722355882,-10.850022163550317
73.14079820650302,900.2273221511622,-11.394926812272086
72.68946481330366,899.6452539512871,-11.919831400409583
72.25804814807087,899.0691619710007,-12.4247359251716
71.8465489669453,898.4977672015542,-12.909640383873278
71.43496732581242,897.9185881762319,-13.385025833005871
71.0033009009739,897.319470641837,-13.85934609884939
70.55154677786281,896.7004175278097,-14.328380089520385
70.07970204201905,896.061431764015,-14.788474798833734
69.58776377908936,895.4025162807428,-15.23670965015592
69.07572907482731,894.7236740087085,-15.669603685981071
68.54359501509336,894.0249078790519,-16.08381750848566
67.99135868585482,893.3062208233383,-16.478031245472547
67.43420877186922,892.5711811933247,-16.87224489483662
66.88767914939501,891.8233611194362,-17.286458454472765
66.35238485962607,891.0627753960212,-17.720671922178376
65.82881955910237,890.2894460718431,-18.1748852956445
65.3173943813424,889.5034059371152,-18.649098572455834
64.81846307755931,888.7047025237044,-19.14331175009072
64.33233463812864,887.893402066858,-19.657524825921158
63.85927603453437,887.0695929823218,-20.191737797212788
63.402754053440354,886.2495880292952,-20.725950661133773
62.96611495495343,885.4496482070018,-21.240163414852262
62.54936165825778,884.6697706154471,-21.73437605563391
62.15249708243183,883.909952354211,-22.20858858085071
61.77552414644826,883.1701905224475,-22.662800987981008
61.41844576917397,882.450482218885,-23.09701327460951
61.081264869370074,881.7508245418263,-23.511225438427264
60.763984365691876,881.0712145891483,-23.90765150082079
60.44660717669771,880.41165043059,-24.286291459682065
60.10913622094645,879.7721340246144,-24.644931289408543
59.75157441709494,879.152668301546,-24.983570988093142
59.37392468390686,878.5532561912839,-25.302210553935122
58.9761899402527,877.9739006233017,-25.600849985240103
58.55837310510977,877.4146045266468,-25.879489280420053
58.12047709756217,876.8753708299413,-26.138128437993295
57.66250483680076,876.3562024613813,-26.376767456584496
57.184458269835694,875.8371023487728,-26.595406334924686
56.68633545463415,875.2980734199213,-26.79404507185124
56.16813347698258,874.7391186030218,-26.972683666307883
55.62984942277424,874.1602408266946,-27.131322117344695
55.07148037800915,873.5614430199847,-27.269960424118107
54.49302342879413,872.9427281123624,-27.388598585890904
53.89447566134285,872.3040990337225,-27.487236602032223
53.27583416197578,871.6455587143853,-27.565874472017548
52.65709698939883,870.9871091127727,-27.62451219542872
52.0582660914682,870.3487482981565,-27.663149771953933
51.479344388230516,869.7304733671306,-27.681787201387724
50.920334799626566,869.1322814158631,-27.680424483630986
50.38124024549124,868.5541695400963,-27.65906161869097
49.862063645553526,867.9961348351466,-27.617698606681273
49.3628079194365,867.4581743959044,-27.556335447821848
48.88347598665731,866.9402853168347,-27.47497214243899
48.42406979433971,866.4224646920118,-27.39360869095649
47.984587400351735,865.8847096155098,-27.33224509379815
47.56502589016803,865.3270171817925,-27.290881351290263
47.1653823491573,864.7493844857486,-27.26951746365279
46.78565386258236,864.1518086226919,-27.26815343099933
46.425837515600094,863.5342866883614,-27.28678925333714
46.08593039326153,862.8968157789212,-27.325424930567124
45.76592958051181,862.2393929909605,-27.384060462483827
45.447168809232195,861.5620163288008,-27.46269584877546
45.114398803483326,860.8646872603026,-27.56133108902387
44.7744398560246,860.147407331008,-27.679966182704565
44.433154946116474,859.4101771388296,-27.81860112918669
44.09460961726674,858.6529965600008,-27.977235927733048
43.761420400212934,857.8758649896329,-28.15587057750009
43.43522117872239,857.0787815180815,-28.354505077537915
43.11702827899992,856.2617450461277,-28.57313942679028
42.8129736735678,855.4247540889626,-28.791773624103442
42.52879622650538,854.5678060265598,-28.990407668323666
42.26449302246146,853.6908979601852,-29.169041558394703
42.02006114597916,852.7940269915301,-29.32767529336666
41.79549768149594,851.8771902227106,-29.46630887239599
41.590799713343586,850.9403847562683,-29.58494229474551
41.40596432574827,849.9836076951697,-29.68357555978437
41.24098860283054,849.006856142807,-29.76220866698809
41.07777172585502,848.0301280828273,-29.82084161593853
40.89750353318667,847.073425053013,-29.85947440632391
40.698869393895144,846.1367496386933,-29.878107037938793
40.480712378640014,845.2201046039661,-29.8767395106841
40.24245182924154,844.3234928512726,-29.855371824567108
39.98406261817472,843.4469173150891,-29.814003979701436
39.70554766367588,842.5903809308294,-29.75263597630706
39.40690988408838,841.7538866334818,-29.67126781471031
39.09440684797574,840.9374370535431,-29.56989949534386
38.773730652326336,840.1410336323112,-29.44853101874675
38.443712249155475,839.3646776460366,-29.307162385564357
38.10308641819545,838.6083705481374,-29.145793596548422
37.750464896174705,837.8721139852178,-28.964424652557025
37.38431284777248,837.155909816777,-28.76305555455461
37.00292792293903,836.4597601381276,-28.541686303611968
36.604419951271126,835.7836673063082,-28.30031690090624
36.206805290137645,835.1208685925152,-28.049793817595265
35.829095080125356,834.4658746389848,-27.803518389767845
35.47129062541772,833.8209466589859,-27.56680885031385
35.13339351379032,833.1876791194359,-27.34544537093011
34.81540550157341,832.5667205565255,-27.143263251330247
34.517328337763814,831.957185622139,-26.96108098738576
34.23916351073439,831.3564422085067,-26.798898580065416
33.980912046509445,830.7610194472978,-26.656716030231628
33.730535612995894,830.1722605071002,-26.53453333864046
33.47587341085604,829.5917424641323,-26.432350505941628
33.21697305865979,829.0168308772284,-26.35016753267849
32.954263448159296,828.4456193739408,-26.28798441928806
32.68826121683787,827.8767174704171,-26.245801166100996
32.41944693709202,827.3091032215619,-26.223617773341616
32.14822422467524,826.742021135263,-26.22143424112788
31.874915434734245,826.1749105270023,-26.239250569471398
31.59059281838046,825.5976866302899,-26.257066758286296
31.286185066485864,825.0005056646778,-26.25488280748669
30.961689263806836,824.3833705596575,-26.232698717084205
30.617102495206574,823.7462842451454,-26.190514487196797
30.252421845655103,823.0892496514832,-26.128330118048787
29.867644400229313,822.4122697094376,-26.04614560997084
29.46276724411295,821.7153473502007,-25.943960963399977
29.03778746259664,820.9984855053892,-25.821776178879574
28.611843406478208,820.2816861765167,-25.699591257050493
28.202632045172688,819.5849477133836,-25.597406198553593
27.807479089772816,818.9082678758402,-25.515221003932247
27.42410983320558,818.2516447839674,-25.453035673623486
27.050646067968916,817.6150768612663,-25.410850207957978
26.685690375692452,816.9985627715669,-25.38866460716005
26.328423255059306,816.4021013412562,-25.38647887134767
25.97857302766375,815.8256914746648,-25.404293000532466
25.642382431206155,815.2561182253428,-25.44210699461971
25.326108620317424,814.6783138577135,-25.49992085340832
25.028894590744038,814.0885594500119,-25.57773457659087
24.748134594782393,813.4841689715831,-25.675548163753586
24.480661052860704,812.8644528733322,-25.793361614376334
24.223946178720897,812.230029645275,-25.931174927832632
23.976028293809698,811.5819880499434,-26.088988103389653
23.735395221784284,810.9215506946838,-26.266801140208216
23.49539331514447,810.2452436994622,-26.44461403735166
23.245956033706733,809.5489722959126,-26.60242679388331
22.97971266027215,808.8327384164347,-26.74023940896399
22.693363740088976,808.0965448328126,-26.858051881860874
22.386906357817562,807.3403944775142,-26.955864211947492
22.060337598225182,806.5642902834331,-27.033676398703715
21.713654546186056,805.7682351838879,-27.09148844171578
21.346854286681364,804.9522321126219,-27.129300340676263
20.979933904790396,804.1162830315168,-27.167112095375234
20.63289048559308,803.260386013729,-27.22492370560277
20.30572111407251,802.3845381605531,-27.30273517105145
19.998422875106108,801.4887365737086,-27.40054649130751
19.710992853465612,800.5729783553402,-27.51835766585083
19.443428133817125,799.6372606080176,-27.65616869405494
19.195725815592,798.6818863295872,-27.81397957518703
18.967883079994802,797.7076191906914,-27.99179030840793
18.759897175310396,796.7141504002952,-28.16960089278098
18.571765223048615,795.700710495395,-28.327411327369532
18.403484307347536,794.667296580641,-28.465221611334414
18.255051512239678,793.613905761109,-28.583031743942815
18.126463921652007,792.5405351422996,-28.680841724568275
18.017718619405972,791.4471818301392,-28.758651552690687
17.9288126892175,790.3338429309792,-28.816461227896284
17.859743214697037,789.2005155515965,-28.854270749877667
17.810507279349526,788.047196799193,-28.87208011843378
17.781101966574457,786.8738837813966,-28.86988933346992
17.771524359665868,785.6805736062598,-28.847698394997735
17.781771541812365,784.4672633822612,-28.80550730313523
17.811840596097127,783.2339502183044,-28.743316058106757
17.861728605497934,781.9806312237184,-28.661124660243026
17.931432652887178,780.707303508258,-28.558933109981083
18.020949821031877,779.4139641821029,-28.436741407864346
18.115360873246505,778.120611081018,-28.314549554533713
18.20003601685503,776.8472449276651,-28.21235755063008
18.275653569956834,775.5938670950305,-28.13016539669686
18.34314690708058,774.360478839703,-28.067973093171112
18.403819058407095,773.1470812568451,-28.02578064038355
18.459502085906788,771.9536752152218,-28.003588038558533
18.512725181779537,770.7802612674362,-28.001395287814073
18.56663439600473,769.6264521020216,-28.019202388161826
18.631647098164986,768.4722470304083,-28.057009339507104
18.71649030551845,767.2980310310331,-28.11481614164887
18.821161100751638,766.1038012119661,-28.192622794279732
18.945656566445624,764.8895546817027,-28.290429296985945
19.085291160261253,763.655288776807,-28.40823564924742
19.233018747891485,762.4010018595984,-28.546041850437717
19.385764337276505,761.1266930140879,-28.70384789982404
19.542507000602733,759.8323615927255,-28.88165379656725
19.69099890092512,758.5258554079596,-29.05972420438056
19.819299873502366,757.2071768240006,-29.21805912232594
19.94643126134781,755.8684800758974,-29.356393884911583
20.08602571172114,754.5097637467202,-29.47472849140189
20.23511070348052,753.1310264253449,-29.57306294116761
20.394923451302162,751.7322665499817,-29.651397233685845
20.56475960810717,750.3134826476694,-29.709731368540044
20.744840399158264,748.8746732226826,-29.748065345420017
20.919811032784143,747.4358375397582,-29.77628936187144
21.07457361247178,746.0169778122093,-29.80093604866175
21.209131054260546,744.6180969870293,-29.815288895843835
21.323486274297252,743.2391980107855,-29.81281527242385
21.417642188836137,741.8802838296203,-29.790341490481484
21.491601714238843,740.5413573892508,-29.74786755013624
21.54536776697442,739.2224216349684,-29.68539345161398
21.578943263619283,737.9234795116397,-29.60291919524691
21.612331120848363,736.644532991418,-29.500444781473586
21.66553425533758,735.3855801568817,-29.37797021083893
21.738555583666354,734.1466181178964,-29.235495483994207
21.831398022308715,732.9276439839022,-29.073020601697024
21.944064487633295,731.7286548639139,-28.89054556481136
22.076557844887045,730.5485984595176,-28.688450438317986
22.228880806162707,729.3874718788999,-28.479922626249344
22.401036236496356,728.2463216368477,-28.28458206569498
22.593027051834873,727.1251448407193,-28.109241354726976
22.80485616801966,726.0239385974476,-27.953900494277708
23.03652650078664,724.9427000135405,-27.816981840825765
23.288040965766214,723.8814261950805,-27.696149589207312
23.559402478483268,722.8401142477248,-27.589801701682106
23.85061395435715,721.8187612767057,-27.496654445448307
24.161678308701656,720.8173643868299,-27.416215197672287
24.492598456725013,719.8359206824795,-27.348665646136745
24.84337634124242,718.8544272676461,-27.277678097268907
25.214010015813706,717.8528812463223,-27.186690403359417
25.604496561605682,716.8312797228906,-27.075702564892104
26.014833059679592,715.7896198021592,-26.944714582457152
26.44501659099112,714.7278985893622,-26.793726456751095
26.895044236390415,713.646113190159,-26.622738188576825
27.364913076622106,712.5442607106353,-26.431749778843578
27.85462019232531,711.4223382573022,-26.220761228566946
28.34416266404252,710.2803439093841,-25.989772538868873
28.813537572317106,709.1182796356809,-25.738783710977653
29.26274199779081,707.9361483777059,-25.467794746227934
29.691773021212637,706.733953077398,-25.17680564606071
30.10062772343887,705.5116966771219,-24.865816412023335
30.489303185433066,704.2693821196681,-24.53482704576951
30.857796488266104,703.0070123482526,-24.18383754905929
31.20610471311617,701.7245903065173,-23.81284792375908
31.53422591355623,700.4421189384942,-23.429819790261565
31.842162032416372,699.1796011882158,-23.041369200367132
32.12991598492145,697.9370399993246,-22.644544198440062
32.39749068640366,696.7144383150381,-22.235794809766347
32.64488905230247,695.5117990781486,-21.810995862952637
32.87211399816465,694.329125231023,-21.367081287318356
33.07916843964425,693.1664197156032,-20.90316659807234
33.26605529250258,692.0236854734059,-20.419251797681472
33.45277650031187,690.8809244732703,-19.93533688871014
33.65235064819927,689.7181351341886,-19.471421873722722
33.856112737003414,688.5353163422652,-19.027506755186113
34.06349548339176,687.3324675961657,-18.603591535460854
34.27507508383606,686.1095882855386,-18.199676216801134
34.49079803794001,684.8666778271834,-17.8157608013548
34.71094468041011,683.6037355795123,-17.451845291163334
34.935552488950066,682.3207609055903,-17.10792968816188
35.152419231884465,681.0377537361294,-16.774831078257325
35.349100873999014,679.7747164101112,-16.438197351410885
35.52560033111017,678.5316518711812,-16.0872114253434
35.68247995498589,677.308563035363,-15.71622541374017
35.8280437266187,676.1054523331137,-15.325239318573932
35.96785011696123,674.9223207681257,-14.914253141923773
36.100349707824435,673.759169361601,-14.483266885975135
36.22601115032451,672.6159991255233,-14.032280553019811
36.35808856227987,671.491417615845,-13.581294145447083
36.51000307546677,670.3692161386143,-13.150307665646231
36.68175341447572,669.2307846058862,-12.739321115909052
36.87333684595201,668.0723265782581,-12.348334498420986
37.084750452014546,666.8938391634225,-11.977347815261126
37.31599131467679,665.6953194694978,-11.626361068402215
37.567056515846794,664.4767646050279,-11.295374259710641
37.83794313732717,663.2381716789824,-10.984387390946447
38.10864923311144,661.9995387730083,-10.69340046376332
38.35917674634387,660.7808678579026,-10.422413479708599
38.58952859255458,659.5821618763601,-10.171426440223273
38.799707687380995,658.4034237706504,-9.94043934664198
38.989716946567796,657.2446564826179,-9.729452200193004
39.159559285966935,656.1058629536815,-9.538465001998283
39.309237621537584,654.987046124835,-9.367477753073398
39.438754869346155,653.8882089366471,-9.216490454327586
39.54811394556626,652.8093543292607,-9.085503106563728
39.637317766478695,651.750485242394,-8.974515710478357
39.706369248471454,650.7116046153394,-8.883528266661655
39.756608447168716,649.69271532196,-8.812540775597451
39.788037306878216,648.6738200407165,-8.741553237672091
39.799316743728895,647.6349216450819,-8.650565653271915
39.79044384079845,646.5760230739237,-8.539578022880754
39.76141568127175,645.4971272665346,-8.417453275236948
39.715230344075465,644.3982370167412,-8.302174767457764
39.658624025443885,643.2793543535031,-8.204879571999182
39.596897203130965,642.1404803573141,-8.127584332901849
39.53228282333356,640.981615590387,-8.070289050576788
39.47647414868918,639.8144665969171,-8.012993725337532
39.4404964058857,638.6563589030093,-7.935698357497614
39.42435158919108,637.5155828922802,-7.844076501886015
39.42804238532822,636.3927441625066,-7.753003187593575
39.4515711793455,635.2851552946554,-7.676804860677763
39.49202649230652,634.1903008826715,-7.620606492931266
39.53240304261075,633.1008586666983,-7.584408084652924
39.56590194096329,632.0145678378094,-7.568209636035221
39.60552629443303,630.9214336978206,-7.552011147173158
39.655014599956566,629.808293011717,-7.515812618161734
39.71364561384014,628.6751444717336,-7.459614049193434
39.78182356202547,627.5219866641191,-7.3834154405670995
39.85932242042667,626.348818248555,-7.28721679268792
39.94635473063915,625.1556378252579,-7.171018106067437
40.042910671689405,623.9424440240446,-7.034819381323542
40.149121102866346,622.7092354303471,-6.878620619180482
40.2548598114402,621.4560111412926,-6.722421820459987
40.34680112370182,620.1827723528888,-6.58622298598379
40.420017467341545,618.8895214853701,-6.470024116476137
40.47304438488618,617.5762614119606,-6.37382521255492
40.505878959191435,616.2429950773618,-6.297626274731684
40.51851827322037,614.8897254267008,-6.241427303411619
40.51095941004347,613.51645540553,-6.205228298893568
40.483199452838576,612.1231879598271,-6.1890292613700195
40.455236457169576,610.7299250636726,-6.172830190935976
40.4470722503357,609.354249559806,-6.136631087686439
40.45870901747043,607.990766938475,-6.0804319518139005
40.49014833618369,606.6383240698747,-6.0042327836172005
40.54139214023437,605.3017442000117,-5.908033583501534
40.61244306291521,603.9845899243996,-5.791834351978444
40.703303993219876,602.6874238419584,-5.655635089665827
40.81397775508255,601.4083414653487,-5.5080298798780385
40.92446592271848,600.1273408771427,-5.349018723399978
41.01476691294072,598.8356729151641,-5.170007538487086
41.08488058938959,597.5531564034407,-4.970996326091265
41.134809314875156,596.2904470178951,-4.751985087270766
41.164555997043365,595.0477318223301,-4.512973823190194
41.17412351491037,593.8242385161873,-4.253962535120505
41.16351443685214,592.6159036822676,-3.9749512244390037
41.13355097271281,591.4149045827229,-3.6759398926293487
41.10423319702786,590.205309388043,-3.376928541272686
41.09473820776872,588.975717023615,-3.0979171719501624
41.105063088123565,587.7261245986346,-2.8389057861454354
41.13520492117516,586.4565292227229,-2.599894385235812
41.1851607899009,585.1669280059265,-2.380882970492248
41.254893035771154,583.8573180604063,-2.1818715430793487
41.34202949983936,582.5276966189949,-2.0028601040553675
41.442167617069096,581.1780614709959,-1.843848654372208
41.55767371177896,579.8084107056369,-1.684837194884284
41.69297925560483,578.4187416506669,-1.5058257264460104
41.848081330964895,577.0090514186854,-1.3068142500092905
42.02297702017205,575.5793371227172,-1.0878027666323784
42.21766340543396,574.1295958762129,-0.8487912774798791
42.43213756885304,572.6598247930483,-0.5897797838227494
42.66639659242648,571.1700209875249,-0.3107682870382967
42.92043755804628,569.6601815743701,-0.011756788610179536
43.17425810751907,568.1418240940521,0.2900868851340218
43.4078580263552,566.6244882296999,0.5898626008889856
43.62123710790886,565.1027620362544,0.904738181798209
43.82565567486273,563.5679916196103,1.239613757887576
44.03761610969413,562.0140723779749,1.594489327376368
44.26196088766264,560.4404968427259,1.9693648883775146
44.49807312495752,558.8483161364311,2.3642404388975953
44.74530267726668,557.238885579696,2.779115976836838
45.00775724448469,555.6311504931534,3.1939914999979826
45.289979508196936,554.043375687963,3.5888670061837686
45.59197238376503,552.4755582809298,3.9637424932944243
45.91373878644542,550.9276953884336,4.318617959336529
46.25528163138944,549.3997841264288,4.653493402423014
46.616603833643225,547.891821610445,4.96836882077316
46.99770830814776,546.4038049555866,5.263244212712602
47.39859796973882,544.9357312765325,5.538119576673322
47.799274760868414,543.46759865986,5.811430160514102
48.17973673483989,541.979409081296,6.103175962772734
48.5399809727678,540.4711654892454,6.414921732568537
48.880004555874194,538.9428708325388,6.746667468243788
49.199804565488655,537.3945280604321,7.098413168034409
49.503656718548264,535.826139914604,7.470158830069976
49.803243108195055,534.2377079450898,7.861904452373709
50.110047083535235,532.6292318557806,8.27365003286248
50.43238071444605,531.0007099916846,8.705395569346813
50.774476179280725,529.3521396763482,9.157141059530874
51.13633055935782,527.6835180278567,9.628886501012483
51.51794093589084,525.9948421647213,10.120631891283109
51.91930438998821,524.2861092058786,10.632377227727869
52.34041800265335,522.557316270691,11.16412250762553
52.78127885478462,520.8084604789468,11.715867728148508
53.241884027175395,519.03953895086,12.287612886362869
53.722231572801505,517.2705488070347,12.879357979228327
54.222323433683556,515.5214871680757,13.491103003598246
54.742162524024614,513.792351154198,14.122847956219637
55.281751757922734,512.0831378851913,14.774592833733164
55.84109404937094,510.39384448042085,15.446337632673139
56.420192312257235,508.7244680588267,16.13808234946752
57.019049460364556,507.0750057389239,16.84982698043792
57.637668407370775,505.4454546388026,17.581571521799603
58.2560510945701,503.81581284845083,18.33331596966147
58.85419557410822,502.166082347007,19.105060320026084
59.43209892594215,500.4962660862873,19.89680456878965
59.98975823013653,498.80636701853376,20.70854871174203
60.52717056686365,497.09638809641433,21.540292744566727
61.04433301640346,495.3663322730228,22.3920366628409
61.541242659143606,493.6162025018787,23.263780462035356
62.0178965755794,491.84600173692735,24.155524137514547
62.474291846313896,490.0557329325399,25.067267684536578
62.922296788853735,488.24539846640056,25.999011098253206
63.375118729796164,486.41499834307325,26.950754373709838
63.834613179063616,484.56453170480336,27.922497505845527
64.30153968330387,482.6939975163462,28.914240489492972
64.77626115049354,480.80339466440074,29.925983319378528
65.25896217769672,478.89272199725315,30.957725990122203
65.74973966466762,476.96197834335277,32.009468496237645
66.23443143597547,475.0311632116659,33.081210832132165
66.69884412112408,473.1202788698386,34.1729529921067
67.14298063450624,471.2293282752235,35.284694970355865
67.56684389062255,469.3583143847481,36.416436760967905
67.97043680408143,467.5072401549149,37.56817835792472
68.35376228959906,465.6761085418012,38.73991975510188
68.71682326199944,463.86492250105954,39.93166094626858
69.05962263621429,462.07368498791686,41.14340192508766
69.40216316882501,460.2991386775092,42.355444864460914
69.764447099191,458.5404202736869,43.54789906619484
70.14647699963072,456.8004434117024,44.72069224497209
70.54825541377268,455.0746635092779,45.87371508631353
70.96978366016454,453.3525421741432,47.00673768372789
71.41106156822387,451.6249331457524,48.11976003119026
71.8720878126951,449.88456373506773,49.21278212278209
72.35286009949745,448.12597753368374,50.28580395269117
72.83337657153669,446.3673207474818,51.358825515202795
73.29363917084139,444.62859535823947,52.45184680460225
73.73365081182642,442.90980431963214,53.56486781507733
74.1534144090143,441.2109505849102,54.69788854070949
74.55293287703526,439.5320371068989,55.850908975473835
74.93220913062716,437.87306683799835,57.02392911323911
75.29124608463549,436.2340427301837,58.21694894776772
75.6300466540134,434.6149677350049,59.429968472715714
75.96861375381275,433.0158438312993,60.6629876816328
76.32695029908666,431.43666910832945,61.916006567962334
76.68505870638982,429.8671893160646,63.18902512504132
77.03956046540395,428.3068189772522,64.48204334610041
77.39045749671568,426.757954412392,65.79506122426392
77.73879285478952,425.2211835515029,67.1280787525498
78.08456873270323,423.6973672003194,68.48109592386966
78.4255825685379,422.1865066978036,69.85411273102875
78.76183612372526,420.67886091465357,71.24712916672598
79.07787088334054,419.17443204812713,72.66014522355393
79.37368894897885,417.6899585643747,74.09316089399879
79.6492932359295,416.2254434116494,75.54617617044042
79.9046866595893,414.78088953777905,77.01919104515234
80.13987213546248,413.3562998901663,78.51220551030173
80.35485257916078,411.95167741578877,80.02419931716614
80.54963090640332,410.56702506119854,81.54915466143014
80.74367498784467,409.1823448262343,83.06809177577681
80.9513376351807,407.77763517391594,84.56910960323569
81.16391638744942,406.3528947896811,86.0559093668262
81.37556468156484,404.9081234152942,87.5267180445744
81.58164971291404,403.4433215213866,88.977834397658
81.77725310104714,401.95849027393734,90.40895027760605
81.95750425609727,400.45363156199505,91.82006567680853
82.11880461052594,398.9287479127074,93.21118058776173
82.25988339337013,397.403842213462,94.6022950030595
82.3807425484545,395.89891741332934,96.01340891529561
82.48138499199872,394.41397646099045,97.44452231696641
82.56181364032996,392.94902230470086,98.89563520046188
82.62203140988285,391.50405789229075,100.36674755806564
82.6620412171995,390.079086171165,101.85785938195497
82.68184597892949,388.6741100883031,103.3689706642008
82.68144861182982,387.28913259025927,104.90008139676773
82.68085203275608,385.92415565087464,106.43119157152285
82.7000591585649,384.57917735441544,107.94230118033325
82.73907290601647,383.2541948124349,109.43341021516353
82.79789619176567,381.94920513606087,110.90451866808465
82.87653193236203,380.6642054359959,112.3556265312739
82.97498304424973,379.39919282251714,113.78673379701495
83.09325244376755,378.1541644054764,115.1978404576978
83.23134304714895,376.9291172943003,116.58894650581881
83.37866720816655,375.7040491128317,117.96353601763167
83.52540268994724,374.4589595067397,119.32899329964542
83.67310515715367,373.19384844892346,120.69308563185008
83.82336038194144,371.908715682964,122.06349021660432
83.97775752390379,370.6035607205113,123.447654835333
84.13785518879419,369.2783828432605,124.85051795723605
84.30512870940186,367.93318111080066,126.2733804152309
84.48091395123855,366.56795437722445,127.71624220175141
84.67116964879993,365.2027010809614,129.16541399714995
84.88122890327118,363.854592493266,130.6075234149003
85.11109350505464,362.5117817652508,132.04550451416466
85.36076311076745,361.1602557912526,133.4836142023871
85.63023584000935,359.79239225695954,134.92419353225975
85.91950903263407,358.40502459147297,136.36823710500093
86.22857979632815,356.9976132937773,137.8160832591746
86.55744521258578,355.5701554767459,139.26772571428893
86.89781771616924,354.12264865643067,140.7112403011959
87.24211326434232,352.65509192611944,142.13475413987211
87.5913907452094,351.1674846280556,143.53826722274803
87.94615651000338,349.6598259936958,144.92177954236038
88.30658869194491,348.1321152066826,146.28529109135224
88.67267707569286,346.58435143971406,147.62880186247307
89.04431028105823,345.01653387517405,148.95231184857872
89.42133125945904,343.4286617155507,150.2558210426313
89.79088831356403,341.8407348039708,151.5593294376905
90.14021666640889,340.2727554701823,152.88283702681596
90.4693192329984,338.72472666418946,154.2263438029699
90.77819892844485,337.19665133557135,155.58984975900808
91.0668586679681,335.688532433482,156.97335488768005
91.33530136689551,334.2003729066502,158.37685918162893
91.58352994066193,332.7321757033796,159.8003626333915
91.81154730480974,331.2839437715485,161.24386523539818
92.03935540269245,329.83567908635814,162.68736697998196
92.28695228851495,328.36737973386016,164.1108678594758
92.54884452013053,326.8794420571483,165.51436786631015
92.81562686434187,325.373490031257,166.89963335425765
93.0822729207731,323.8516645881478,168.26797784782707
93.3472107006313,322.3156659304958,169.61789561388224
93.60964101424557,320.7669045906524,170.94807311336987
93.86902446346976,319.20643120281824,172.25824970384082
94.13667186324852,317.6502952765438,173.56842537831926
94.42409526858555,316.1141188736767,174.88749440836068
94.73129726301575,314.5910739879427,176.19545678695968
95.0582789233585,313.07064205149936,177.48341822863875
95.40504015782766,311.54668087688384,178.7513787265491
95.7715800826563,310.0139354451134,179.99933827394824
96.15789698015008,308.4661100274209,181.2272968642001
96.56398828156692,306.89896955714795,182.43525449077498
96.98918405889285,305.3317684518883,183.64321114724058
97.43308607743995,303.784503977209,184.8711668271647
97.8963619903649,302.25717335938424,186.1191215240176
98.37941488906827,300.7497737339031,187.38707523116324
98.88225096657605,299.26230221589697,188.67502794185918
99.40487313707672,297.794755919913,189.9829796492567
99.94728431465352,296.34713196007306,191.31093034640062
100.50948741328446,294.91942745007435,192.65888002622958
101.09148473621525,293.4990788738433,194.02682868157572
101.69327631990834,292.0771395569353,195.41477630516496
102.31486249985758,290.6614699719345,196.82272288961676
102.95624484140407,289.2610110194116,198.2506684274443
103.61742602964472,287.88045708196194,199.69861291105443
104.29840897792597,286.5198052718475,201.1665563327476
104.999196599489,285.17905270090534,202.65449868471796
105.71979180746966,283.8581964805479,204.1624399590533
106.46019751489848,282.5572337217626,205.6703801477439
107.22041663470063,281.276161535112,207.1583192427801
108.00045207969593,280.0149770307339,208.62625723624967
108.80030676259884,278.77367731834124,210.0741941203468
109.61998359601839,277.5522595072223,211.50212988737198
110.45948549245826,276.3507207062404,212.91006452973213
111.31881536431666,275.1690580238342,214.29799803994044
112.1979761238864,274.0072685680177,215.66593041061648
113.09696971106737,272.8453494464154,217.0250330152396
114.01579417650426,271.6632977666527,218.38667048395246
114.95444659844881,270.4611106367455,219.75124236734325
115.91292405504737,269.23878516513594,221.11917358610552
116.89122362434087,267.99631846069224,222.4909126855735
117.88934238426481,266.7337076327088,223.86692952901998
118.90727741264932,265.4509497909061,225.24771272177958
119.94502578721915,264.148042045431,226.6337667933768
120.98258555788999,262.8449824791084,228.0325836325904
121.99995866372832,261.56177306391385,229.4513992592196
122.99714801618651,260.29841674372113,230.89021366571987
123.9741565268243,259.0549164619794,232.34902684444015
124.93098710730871,257.8312751617132,233.82783878762316
125.86764266941408,256.62749578552246,235.3266494874052
126.784126125022,255.44358127558232,236.8454589358163
127.68044038612136,254.2795345736434,238.38426712478014
128.55658739252084,253.11535862106692,239.92307404612282
129.4125651949866,251.93105635921486,241.44187969167055
130.24837087210463,250.72663072983983,242.94068405334698
131.06400150256812,249.50208467512044,244.41948712318217
131.85945416517762,248.25742113766145,245.8782888933125
132.63472593884092,246.99264306049355,247.31708935598067
133.38981390257314,245.70775338707347,248.73588850353582
134.12471513549673,244.40275506128395,250.1346863284334
134.85942768912005,243.09765005511085,251.51348282323525
135.61395350410228,241.81243645139077,252.8722779806095
136.38829549329353,240.5471113602835,254.21107179333072
137.1824565694385,239.30167189152408,255.52986425427977
137.99643964517654,238.0761151544227,256.82865535644396
138.83024763304152,236.87043825786472,258.10744509291686
139.68388344546202,235.68463831031085,259.36623345689844
140.55734999476107,234.51871241979697,260.605020441695
141.43065019316518,233.37265866622172,261.8438060407104
142.2837869529017,232.24647901820873,263.1025902473484
143.11676318629634,231.14017641624437,264.38137305491546
143.92958180578205,230.05375380039024,265.6801544566115
144.72224572389896,228.9872141102832,266.9989344455302
145.49475785329437,227.9405602851353,268.3377130146589
146.24712110672272,226.91379526373382,269.69649015687855
146.9793383970456,225.9069219844412,271.07526586496374
147.71141166493544,224.8999424129431,272.4740401315828
148.46333896191564,223.87285462577591,273.8928129492977
149.23511736712547,222.82565572757917,275.331584310564
150.02674395959863,221.75834282341842,276.79035420773096
150.83821581826325,220.67091301878514,278.2691226330415
151.66953002194197,219.5633634195969,279.7678895786322
152.52068364935192,218.4356911321973,281.28665503653326
153.39167377910474,217.28789326335595,282.82541899866857
154.26249748971537,216.11996789255602,284.36418145686457
155.11315185969974,214.93191698885653,285.88294240294766
155.9436339676721,213.72374349403,287.3817018288417
156.753940892354,212.49545035027504,288.860459726577
157.54406971257427,211.24704050021626,290.31921608829015
158.31401750726903,209.97851688690426,291.75797090622416
159.06378135548167,208.68988245381576,293.17672417272837
159.79335833636299,207.3811401448534,294.5754758802585
160.5027455291711,206.05229290434576,295.9542260213766
161.19194001327148,204.70334367704749,297.3129745887511
161.86093886813697,203.3342954081391,298.6517215751568
162.5097391733478,201.94515104322704,299.97046697347474
163.13833800859163,200.53591352834374,301.2692107766925
163.74673245366347,199.10658580994746,302.54795297790395
164.33491958846585,197.65717083492237,303.8066935703093
164.90289649300874,196.1876715505785,305.04543254721506
165.45066024740956,194.69809090465174,306.2841699020254
165.97820793189322,193.18843184530382,307.54290562814435
166.4855366267921,191.65869732112228,308.82163971887854
166.9726434125462,190.10889028112047,310.12037216742823
167.43952536970292,188.53901367473753,311.4391029668874
167.88617957891725,186.9490704518384,312.77783211024354
168.3126031209518,185.3390635627137,314.13655959037794
168.7187930766767,183.7089959580799,315.5152854000654
169.10474652706964,182.05887058907913,316.91400953197456
169.47046055321601,180.38869040727926,318.33273197866765
169.81593223630878,178.6984583646738,319.7714527326005
170.14115865764856,176.988177413682,321.2301717861226
170.4461368986436,175.25785050714876,322.7088891314771
170.73086404080985,173.50748059834464,324.207604760801
170.99533716577093,171.7370706409658,325.7263186661247
171.23955335525815,169.94662358913405,327.26503083937234
171.4826951616831,168.13614146470715,328.8037412723706
171.74165922208937,166.30562267033844,330.3224499569462
172.01136323820438,164.4550652567331,331.8211568850233
172.28687125874436,162.58446803337412,333.29986204863246
172.56470535165056,160.69383042694963,334.7585654399106
172.84262768952667,158.78315227200133,336.19726705110105
173.1190408105761,156.8524336771167,337.6159668745533
173.39262179677252,154.90167496057924,339.0146649027234
173.6610878030394,152.95087667687827,340.4133611281648
173.92356732129153,151.02003969485878,341.83205554343107
174.18134839654198,149.1091647868784,343.2707481409781
174.43527191883032,147.21825257278886,344.7294389131557
174.68590932326066,145.34730357103288,346.20812785220716
174.9336662696556,143.49631822974214,347.70681495026946
175.17884334964626,141.66529694608278,349.2255001993733
175.42166832849205,139.85424007894053,350.76418359144293
175.67323618993808,138.04314742719038,352.3228651182963
175.94454125729288,136.21201664669601,353.9015447716451
176.23558061225145,134.36084485913466,355.50022254309454
176.54635133640386,132.4896291866091,357.1188984241436
176.87685051123523,130.59836675164786,358.7575724061849
177.2270752181258,128.68705467720494,360.41624448050476
177.5970225383509,126.75569008666018,362.094914638283
177.986689553081,124.804270103819,363.79358287059324
178.3960743156691,122.8527918528771,365.4922491684116
178.8251787685132,120.9212524580305,367.17091352271416
179.27400582619384,119.00964904308556,368.82957592457456
179.74255840318668,117.11797873142362,370.4682363651728
180.23083941386247,115.24623864600095,372.08689483579514
180.7388517724871,113.39442590934878,373.68555132783433
181.2665983932215,111.56253764357334,375.26420583278946
181.81408189376882,109.74447497708621,376.8228583422658
182.37364369001932,107.94023540367459,378.3815088479665
182.94236329999046,106.15591366940848,379.9601573415943
183.52790395016956,104.39150783577334,381.5588038147547
184.1331916538218,102.64701516511451,383.17744825894687
184.7582293245909,100.92243277724769,384.81609066556354
185.40301987601552,99.21775779156366,386.4747310258911
186.06756622152923,97.53298732702828,388.15336933110973
186.75187127446063,95.86811850218255,389.8520055722931
187.43593794804207,94.22314940743001,391.57063974040864
188.09976915550715,92.59808202189909,393.30927182631746
188.7433678101883,90.99291929658078,395.06790182077424
189.3667368255254,89.40766418204119,396.8465297144274
189.96987911506608,87.8423196284215,398.64515549781896
190.55279759246534,86.29688858543798,400.46377916138465
191.11549517148583,84.77137400238193,402.30240069545385
191.65797476599772,83.2657788281197,404.1610200902496
192.18023926749834,81.77964358967627,406.01963733589747
192.6822915001515,80.31297123507784,407.858252422523
193.16413435566955,78.86622713335188,409.6768653403492
193.62577074835258,77.43941423168444,411.4754760797056
194.06720359260817,76.03253547683649,413.2540846310279
194.48843580295127,74.64559381514397,415.01269098485835
194.8894702381111,73.27744246660578,416.75129513184544
195.2703094251372,71.92470867960222,418.46989706274394
195.63095556654406,70.58854512522666,420.1684967684152
195.9714114131688,69.27233044543709,421.8470942398268
196.29167988006336,67.97606758463647,423.5056894680527
196.59176388238703,66.69975948680258,425.1442824442733
196.87166633540645,65.44340909548805,426.7628731597752
197.1313901544955,64.20701935382034,428.3614616059515
197.37093825513546,62.99059320450172,429.9400477743016
197.59031355291478,61.79413358980923,431.4986316564313
197.79774481267728,60.617643051700185,433.0551617332339
198.00016032611757,59.46112259535041,434.6282907016168