
7.783367358692739,982.0807314258337,221.44288156226295
6.162094850712464,982.0920025670625,220.41651255425893
4.52082556057024,982.1235116179583,219.41014237416942
2.859562413855934,982.1752614947011,218.42377102734585
1.1783083362657267,982.2472551130437,217.4573985190333
-0.5229337463978958,982.3394953883126,216.51102485437048
-2.2441609082261604,982.4519852354072,215.5846500383898
-3.9853702232040225,982.5847275688004,214.67827407601735
-5.746558765210182,982.7377253025384,213.79189697207278
-7.527723608017096,982.9109813502405,212.92551873126948
-9.328861825290998,983.1044986250993,212.07913935821446
-11.149970490591913,983.3182800398804,211.25275885740834
-12.99104667737367,983.552328506923,210.4463772332455
-14.852087458983924,983.8066469381391,209.65999449001387
-16.73308990866416,984.0812382450142,208.89361063189511
-18.63405109954972,984.3761053386066,208.14722566296453
-20.55496810466981,984.6912511295479,207.42083958719104
-22.495837996947536,985.0266785280428,206.71445240843724
-24.456657849199882,985.3823904438691,206.0280641304594
-26.437424734137757,985.7583897863776,205.3616747569074
-28.438135724366003,986.1546794644923,204.71528429132482
-30.458787892383402,986.5712623867103,204.08889273714888
-32.4993783105827,987.0081414611013,203.48250009771044
-34.559904051250626,987.4653195953088,202.89610637623403
-36.64036218656789,987.9427996965485,202.32971157583782
-38.74074978860923,988.4405846716096,201.78331569953366
-40.86106392934338,988.958677426854,201.25691875022704
-43.001301680633134,989.4970808682168,200.75052073071708
-45.16146011423534,990.0557979012059,200.2641216436966
-47.34153630180091,990.6348314309022,199.79772149175204
-49.54152731487484,991.2341843619594,199.3513202773635
-51.761430224896245,991.8538595986041,198.92491800290477
-54.00124210319834,992.493860044636,198.51851467064324
-56.260960021008465,993.1541886034274,198.13211028274
-58.54058104944814,993.8348481779236,197.7657048412498
-60.840102259533026,994.5358416706426,197.41929834812098
-63.159520722172964,995.2571719836754,197.0928908051956
-65.498833508172,995.9988420186858,196.78648221420931
-67.85803768822838,996.7608546769102,196.5000725767915
-70.23713033293458,997.5432128591578,196.23366189446514
-72.63610851277734,998.3459194658109,195.98725016864688
-75.05496929813762,999.1689773968241,195.76083740064706
-77.49370975929068,1000.0123895517249,195.5544235916696
-79.95232696640605,1000.8761588296136,195.36800874281215
-82.43081798954758,1001.7602881291631,195.20159285506597
-84.92917989867344,1002.6647803486189,195.055175929316
-87.44740976363612,1003.5896383857995,194.92875796634078
-89.98550465418245,1004.5348651380956,194.8223389668126
-92.54346163995369,1005.5004635024708,194.7359189312973
-95.12127779048541,1006.4864363754614,194.66949786025444
-97.71895017520762,1007.492786653176,194.62307575403722
-100.33647586344475,1008.519517231296,194.59665261289248
-102.9738519244156,1009.5666310050756,194.59022843696073
-105.63107542723348,1010.634130869341,194.60380322627614
-108.30814344090614,1011.7220197184912,194.63737698076653
-111.00505303433577,1012.830300446498,194.69094970025338
-113.7218012763191,1013.9589759469053,194.76452138445177
-116.45838523554734,1015.1080491128298,194.85809203297055
-119.21480198060624,1016.2775228369605,194.97166164531208
-121.99104857997608,1017.467400011559,195.10523022087247
-124.7871221020317,1018.6776835284592,195.25879775894148
-127.60301961504248,1019.9083762790674,195.4323642587025
-130.43873818717245,1021.1594811543627,195.62592971923257
-133.29427488648014,1022.4310010448961,195.83949413950242
-136.16962678091878,1023.7229388407912,196.07305751837637
-139.0647909383362,1025.0352974317443,196.32661985461246
-141.9797644264749,1026.3680797070233,196.60018114686235
-144.91454431297203,1027.7212885554693,196.89374139367138
-147.86912766535937,1029.0949268654952,197.20730059347852
-150.84351155106347,1030.4889975250862,197.54085874461637
-153.83769303740553,1031.9035034218,197.89441584531124
-156.85166919160156,1033.3384474427667,198.26797189368307
-159.88543708076222,1034.793832474688,198.66152688774548
-162.93899377189294,1036.2696614038389,199.0750808254057
-166.01233633189398,1037.7659371160657,199.50863370446464
-169.1054618275603,1039.2826624967875,199.96218552261683
-172.21836732558177,1040.819840430995,200.43573627745053
-175.35104989254296,1042.377473803252,200.92928596644757
-178.50350659492338,1043.955565497694,201.4428345869835
-181.67573449909733,1045.5541183980279,201.9763821363275
-184.867730671334,1047.173135387534,202.52992861164236
-188.07949217779742,1048.812619349064,203.1034740099846
-191.3110160845466,1050.4725731650421,203.69701832830438
-194.56229945753535,1052.1529997174644,204.31056156344545
-197.83333936261252,1053.8539018878987,204.94410371214528
-201.12413286552183,1055.5752825574855,205.59764477103502
-204.434677031902,1057.317144606937,206.27118473663938
-207.7649689272867,1059.0794909165377,206.96472360537678
-211.1150056171046,1060.8623243661436,207.6782613735593
-214.48478416667936,1062.6656478351833,208.41179803739266
-217.8743016412297,1064.4894642026572,209.16533359297622
-221.2835551058693,1066.3337763471377,209.93886803630306
-224.712541625607,1068.1985871467687,210.73240136325984
-228.16125826534662,1070.0838994792666,211.5459335696269
-231.6297020898871,1071.9897162219197,212.37946465107825
-235.11787016392248,1073.9160402515877,213.23299460318154
-238.62575955204193,1075.862874444703,214.10652342139807
-242.15336731872972,1077.8302216772693,215.00005110108282
-245.70069052836527,1079.8180848248624,215.9135776374844
-249.2677262452232,1081.8264667626295,216.8471030257451
-252.85447153347326,1083.8553703652901,217.80062726090082
-256.4609234571804,1085.9047985071356,218.77415033788117
-260.0870790803048,1087.9747540620292,219.76767225150937
-263.7329354667019,1090.0652399034054,220.7811929965023
-267.3984896801223,1092.176258904271,221.81471256747056
-271.0837387842119,1094.3078139372044,222.8682309589183
-274.78867984251184,1096.4599078743554,223.9417481652434
-278.51330991845856,1098.632543587446,225.03526418073739
-282.2576260753838,1100.8257239477696,226.14877899958543
-286.02162537651475,1103.0394518261917,227.28229261586634
-289.8053048849737,1105.2737300931492,228.4358050235526
-293.60866166377843,1107.5285616186507,229.60931621651036
-297.43169277584207,1109.8039492722762,230.8028261884994
-301.2743952839731,1112.0998959231779,232.01633493317317
-305.13676625087544,1114.416404440079,233.24984244407875
-309.01880273914844,1116.753477691275,234.5033487146569
-312.9205018112867,1119.1111185446323,235.7768537382421
-316.8418605296805,1121.4893298675893,237.07035750806233
-320.7828759566155,1123.888114527156,238.38386001723936
-324.7435451542728,1126.3074753899136,239.71736125878857
-328.72386518472894,1128.747415322015,241.070861225619
-332.72383310995605,1131.207937189185,242.44435991053334
-336.74344599182183,1133.6890438567193,243.8378573062279
-340.78270089208934,1136.1907381894853,245.25135340529272
-344.8415948724174,1138.713023051922,246.68484820021143
-348.9201249943602,1141.2559013080397,248.13834168336138
-353.0182883193676,1143.8193758214204,249.61183384701351
-357.13608190878523,1146.4034494552168,251.10532468333247
-361.273502823854,1149.008125072154,252.61881418437653
-365.43054812571074,1151.633405534528,254.15230234209764
-369.60721487538774,1154.279293704206,255.70578914834138
-373.80350013381303,1156.9457924426272,257.279274594847
-378.01940096181033,1159.6329046108015,258.8727586732474
-382.25491442009906,1162.3406330693101,260.48624137506914
-386.5100375692943,1165.068980678306,262.1197226917325
-390.7847674699069,1167.8179502975133,263.7732026145513
-395.0791011823434,1170.5875447862275,265.44668113473307
-399.3930357669061,1173.3777670033148,267.140158243379
-403.72656828379314,1176.1886198072136,268.85363393148396
-408.0796957930983,1179.020106055933,270.5871081899364
-412.4524153548114,1181.872228607053,272.3405810095185
-416.8447240288179,1184.7449903177258,274.1140523809061
-421.2566188748991,1187.6383940446733,275.9075222946687
-425.6880969527323,1190.5524426441903,277.72099074126936
-430.1391553218904,1193.4871389721413,279.5544577110649
-434.6097910418424,1196.4424858839632,281.40792319430574
-439.1000011719531,1199.4184862346626,283.281387181136
-443.6097827714833,1202.4151428788189,285.17484966159344
-448.1391328995896,1205.432458670581,287.08831062560944
-452.68804861532465,1208.47043646367,289.02177006300906
-457.256526977637,1211.529079111378,290.97522796351103
-461.8445650453712,1214.6083894665674,292.9486843167278
-466.4521598772678,1217.7083703816722,294.94213911216536
-471.0793085319633,1220.8290247086975,296.9555923392234
-475.72600806799034,1223.9703552992191,298.9890439871953
-480.39225554377737,1227.1323650043842,301.04249404526803
-485.07804801764917,1230.3150566749105,303.11594250252233
-489.7833825478265,1233.518433161087,305.2093893479325
-494.508256192426,1236.7424973127736,307.3228345703664
-499.2526660094607,1239.987251979401,309.4562781585858
-504.01660905683957,1243.252700009971,311.609720101246
-508.8000823923678,1246.5388442530564,313.783160386896
-513.6030830737467,1249.8456875568004,315.97659900397827
-518.4256081585737,1253.1732327689176,318.1900359408292
-523.2676547043424,1256.5214827366933,320.4234711856787
-528.1292197684427,1259.8904403069835,322.6769047266503
-533.0103004081606,1263.2801083262154,324.95033655176127
-537.9108936806783,1266.6904896403864,327.24376664892253
-542.8309966430744,1270.1215870950655,329.5571950059387
-547.7706063523237,1273.5734035353917,331.8906216105079
-552.729719865297,1277.0459418060752,334.244046450222
-557.708334238762,1280.5392047513972,336.6174695125667
-562.706446529382,1284.053195215209,339.01089078492106
-567.7240537937171,1287.587916040933,341.4243102545579
-572.7611530882235,1291.1433700715622,343.8577279086438
-577.8177414692539,1294.7195601496608,346.31114373423895
-582.8938159930572,1298.3164891173626,348.78455771829715
-587.9893737157787,1301.9341598163735,351.2779698476659
-593.1044116934605,1305.5725750879687,353.7913801090863
-598.2389269820405,1309.2317377729948,356.32478848919317
-603.3929166373534,1312.9116507118688,358.87819497451505
-608.5663777151303,1316.6123167445783,361.451599551474
-613.7593072709986,1320.3337387106815,364.0450022063858
-618.9717023604824,1324.0759194493073,366.6584029254599
-624.2035600390021,1327.838861799155,369.2918016947994
-629.4548773618748,1331.6225685984946,371.94519850040115
-634.7256513843139,1335.4270426851665,374.61859332815544
-640.0158791614294,1339.2522868965816,377.31198616384637
-645.3255577482281,1343.0983040697213,380.0253769931517
-650.654684199613,1346.9650970411376,382.75876580164294
-656.0032555703841,1350.852668646953,385.512152574785
-661.3712689152376,1354.7610217228603,388.28553729793657
-666.7587212887663,1358.6901591041228,391.07891995635015
-672.1656097454601,1362.6400836255743,393.8923005351717
-677.5919313397051,1366.610798121619,396.725679019441
-683.0376831257842,1370.6023054262312,399.5790553940913
-688.502862157877,1374.614608372956,402.45242964394976
-693.9874654900598,1378.6477097949085,405.3458017537369
-699.4914901763055,1382.7016125247744,408.25917170806713
-705.0149332704841,1386.77631939481,411.1925394914485
-710.557791826362,1390.871833236841,414.1459050882826
-716.1200628976021,1394.9881568822645,417.1192684828647
-721.7017435377647,1399.1252931620472,420.1126296593839
-727.3028308003065,1403.283244906726,423.12598860192287
-732.9233217385812,1407.4620149464085,426.15934529445775
-738.5632134058391,1411.6616061107727,429.2126997208586
-744.2225028552275,1415.8820212290661,432.28605186488903
-749.9011871397904,1420.1232631301068,435.37940171020637
-755.5992633124689,1424.3853346422832,438.49274924036143
-761.3167284261008,1428.6682385935537,441.626094438799
-767.0535795334207,1432.9719778114472,444.7794372888572
-772.8098136870605,1437.2965551230623,447.95277777376805
-778.5854279395486,1441.6419733550679,451.14611587665706
-784.3804193433107,1446.0082353337032,454.3594515805435
-790.1947849506691,1450.3953438847773,457.5927848683404
-796.0285218138436,1454.8033018336696,460.8461157228542
-801.8816269849503,1459.2321120053293,464.11944412678525
-807.7540975160028,1463.681777224276,467.41277006272736
-813.6459304589117,1468.152300314599,470.72609351316817
-819.5571228654844,1472.643684099958,474.0594144604888
-825.4876717874255,1477.1559314035821,477.41273288696425
-831.4375742763367,1481.6890450482713,480.786048774763
-837.4068273837169,1486.2430278563947,484.1793621059473
-843.3954281609616,1490.8178826498922,487.59267286247297
-849.4033736593641,1495.413612250273,491.0259810261896
-855.4306609301143,1500.0302194786163,494.47928657884034
-861.4772870242996,1504.6677071555719,497.9525895020621
-867.5432489929043,1509.3260781013587,501.4458897773854
-873.62854388681,1514.0053351357658,504.9591873862344
-879.7331687567955,1518.7054810781524,508.49248230992697
-885.8571206535368,1523.4265187474473,512.0457745296746
-892.0003966276071,1528.1684509621493,515.6190640265826
-898.1629937294769,1532.931280540327,519.2123507816497
-904.344909009514,1537.7150102996186,522.8256347757683
-910.5461395179834,1542.5196430572325,526.4589159897248
-916.7666823050473,1547.3451816299469,530.1121944041988
-923.0065344207654,1552.191628834109,533.7854699997639
-929.2656929150946,1557.0589874856366,537.4787427568872
-935.5441548378892,1561.9472604000173,541.1920126559297
-941.8419172389007,1566.8564503923078,544.9252796771458
-948.1589771677782,1571.7865602771349,548.6785438006835
-954.495331674068,1576.737592868695,552.4518050065849
-960.8509778072138,1581.7095509807543,556.2450632747853
-967.2259126165568,1586.7024374266489,560.0583185851139
-973.6201331513357,1591.716255019284,563.8915709172933
-980.0336364606866,1596.7510065711347,567.7448202509402
-986.466419593643,1601.8066948942458,571.6180665655647
-992.9184795991358,1606.8833228002318,575.5113098405707
-999.3898135259936,1611.9808931002763,579.4245500552555
-1005.8804184229425,1617.099408605133,583.3577871888103
-1012.3902913386058,1622.2388721251255,587.31102122032
-1018.9194293215047,1627.3992864701459,591.2842521287629
-1025.4678294200578,1632.5806544496563,595.2774798930111
-1032.0354886825814,1637.7829788726888,599.2907044918306
-1038.6224041572893,1643.0062625478445,603.3239259038809
-1045.2285728922927,1648.2505082832943,607.3771441077148
-1051.8539919356008,1653.5157188867781,611.4503590817794
-1058.4986583351201,1658.8018971656059,615.543570804415
-1065.1625691386548,1664.1090459266568,619.6567792538559
-1071.8457213939073,1669.4371679763792,623.7899844082297
-1078.548112148477,1674.7862661207912,627.9431862455579
-1085.269738449861,1680.1563431654802,632.1163847437556
-1092.0105973454547,1685.547401915603,636.3095798806316
-1098.7706858825509,1690.9594451758858,640.5227716338886
-1105.55000110834,1696.3924757506238,644.7559599811225
-1112.3485400699105,1701.8464964436826,649.0091448998231
-1119.1662998142483,1707.3215100584957,653.2823263673739
-1126.0032773882374,1712.817519398067,657.575504361052
-1132.8594698386592,1718.334527264969,661.8886788580282
-1139.7348742121935,1723.8725364613438,666.2218498353669
-1146.6294875554174,1729.431549788903,670.5750172700264
-1153.5433069148062,1735.0115700489273,674.9481811388583
-1160.476329336733,1740.6126000422662,679.3413414186083
-1167.4285518674687,1746.234642569339,683.7544980859154
-1174.3999715531822,1751.8777004301342,688.1876511173124
-1181.3905854399404,1757.541776424209,692.6408004892257
-1188.400390573708,1763.2268733506903,697.1139461779755
-1195.4293840003472,1768.932994008274,701.6070881597757
-1202.4775627656193,1774.6601411952247,706.1202264107337
-1209.5449239151824,1780.408317709377,710.6533609068507
-1216.6314644945933,1786.1775263481338,715.2064916240215
-1223.7371815493063,1791.9677699084677,719.7796185380345
-1230.8620721246746,1797.77905118692,724.3727416245719
-1238.0061332659486,1803.6113729796014,728.9858608592094
-1245.169362018277,1809.4647380821914,733.6189762174168
-1252.3517554267069,1815.3391492899389,738.272087674557
-1259.5533105361828,1821.2346093976612,742.9451952058869
-1266.774024391548,1827.1511211997454,747.6382987865569
-1274.0138940375434,1833.0886874901469,752.3513983916114
-1281.2729165188084,1839.0473110623905,757.0844939959882
-1288.5510888798804,1845.0269947095696,761.8375855745186
-1295.848408165195,1851.0277412243474,766.6106731019279
-1303.1648714190862,1857.0495533989551,771.4037565528349
-1310.500475685786,1863.0924340251934,776.2168359017522
-1317.855218009424,1869.1563858944314,781.0499111230861
-1325.2290954340292,1875.2414117976077,785.9029821911362
-1332.622105003528,1881.3475145252294,790.7760490800962
-1340.0342437617458,1887.4746968673724,795.6691117640532
-1347.4655087524054,1893.6229616136818,800.5821702169883
-1354.9158970191284,1899.7923115533715,805.5152244127759
-1362.385405605435,1905.9827494752237,810.4682743251841
-1369.8740315547427,1912.19427816759,815.4413199278749
-1377.3817719103683,1918.426900418391,820.434361194404
-1384.908623715527,1924.680619015115,825.4473980982204
-1392.4545840133314,1930.9554367448202,830.4804306126672
-1400.0196498467938,1937.2513563941327,835.5334587109809
-1407.6038182588236,1943.568380749248,840.6064823662916
-1415.2070862922296,1949.9065125959298,845.6995015516235
-1422.829450989719,1956.265754719511,850.8125162398941
-1430.4709093938964,1962.6461099048931,855.9455264039145
-1438.131458547266,1969.0475809365457,861.0985320163899
-1445.8110954922302,1975.470170598508,866.2715330499187
-1453.5098172710896,1981.913881674387,871.4645294769933
-1461.2276209260435,1988.3787169473587,876.6775212699997
-1468.96450349919,1994.8646792001678,881.9105084012175
-1476.7204620325251,2001.371771215127,887.1634908428199
-1484.4954935679439,2007.8999957741187,892.436468566874
-1492.28959514724,2014.4493556585928,897.7294415453405
-1500.1027638121056,2021.0198536495684,903.0424097500736
-1507.9349966041314,2027.611492527633,908.3753731528215
-1515.7862905648064,2034.2242750729424,913.7283317252256
-1523.656642735519,2040.8582040652213,919.1012854388215
-1531.5460501575556,2047.5132822837627,924.4942342650381
-1539.4545098721017,2054.189512507428,929.9071781751982
-1547.3820189202413,2060.886897514647,935.340117140518
-1555.328574342957,2067.605440083418,940.7930511321078
-1563.2941731811304,2074.345142991309,946.2659801209713
-1571.2788124755416,2081.1060090154538,951.7589040780058
-1579.2824892668696,2087.888040932556,957.2718229740024
-1587.305200595692,2094.691241518889,962.8047367796457
-1595.3469435024854,2101.5156135502925,968.3576454655145
-1603.4077150276248,2108.3611598021753,973.9305490020805
-1611.4875122113845,2115.2278830495147,979.5234473597098
-1619.5863320939372,2122.115786066856,985.1363405086618
-1627.704171715355,2129.024871628313,990.7692284190896
-1635.8410281156082,2135.9551425075683,996.42211106104
-1643.9968983345664,2142.906601477872,1002.0949884044535
-1652.1717794119982,2149.8792513120425,1007.7878604191643
-1660.3656683875706,2156.8730947824674,1013.5007270749002
-1668.57856230085,2163.8881346611015,1019.2335883412827
-1676.810458191302,2170.924373719469,1024.986444187827
-1685.0613530982898,2177.9818147286605,1030.759294583942
-1693.3312440610773,2185.060460459337,1036.5521394989303
-1701.6201281188262,2192.1603136817253,1042.3649789019883
-1709.9280023105975,2199.2813771656224,1048.1978127622058
-1718.2548636753515,2206.423653680393,1054.0506410485661
-1726.6007092519474,2213.587145994969,1059.923463729947
-1734.9655360791432,2220.7718568778514,1065.816280775119
-1743.3493411955963,2227.977789097109,1071.7290921527467
-1751.752121639863,2235.2049454203784,1077.6618978313886
-1760.1738744503984,2242.4533286148653,1083.614697779497
-1768.6145966655577,2249.7229414473422,1089.587491965417
-1777.074285323594,2257.01378668415,1095.5802803573883
-1785.5529374626606,2264.3258670911982,1101.5930629235438
-1794.0505501208092,2271.659185433964,1107.6258396319104
-1802.5671203359911,2279.0137444774923,1113.678610450408
-1811.1026451460564,2286.389546986397,1119.751375346851
-1819.657121588755,2293.7865957248587,1125.8441342889473
-1828.2305467017354,2301.204893456626,1131.956887244298
-1836.8229175225458,2308.644442945017,1138.0896341803987
-1845.4342310886336,2316.1052469529163,1144.2423750646374
-1854.064484437345,2323.587308242777,1150.4151098642972
-1862.7136746059261,2331.09062957662,1156.607838546554
-1871.381798631522,2338.615213716034,1162.8205610784778
-1880.0688535511772,2346.1610634221756,1169.0532774270318
-1888.774836401835,2353.728181455769,1175.3059875590736
-1897.4997442203392,2361.316570577107,1181.578691441354
-1906.2435740434319,2368.92623354605,1187.8713890405174
-1915.0063229077552,2376.5571731220257,1194.184080323102
-1923.7879878498507,2384.20939206403,1200.5167652555401
-1932.5885659061585,2391.8828931306266,1206.8694438041568
-1941.4080541130188,2399.577679079947,1213.2421159351718
-1950.2464495066715,2407.29375266969,1219.6347816146977
-1959.1037491232555,2415.0311166571228,1226.0474408087414
-1967.9799499988092,2422.7897737990797,1232.4800934832033
-1976.8750491692706,2430.5697268519634,1238.9327396038773
-1985.7890436704774,2438.370978571744,1245.405379136451
-1994.7219305381664,2446.193531713959,1251.8980120465062
-2003.6737068079742,2454.037389033714,1258.4106382995174
-2012.6443695154371,2461.902553285682,1264.9432578608535
-2021.6339156959907,2469.7890272241043,1271.4958706957773
-2030.6423423849703,2477.6968136027886,1278.0684767694447
-2039.6696466176106,2485.625915175111,1284.6610760469057
-2048.715825429046,2493.5763346940153,1291.2736684931035
-2057.7808758543115,2501.5480749120125,1297.9062540728753
-2066.86479492834,2509.5411385811813,1304.5588327509524
-2075.9675796859656,2517.5555284531683,1311.231404491959
-2085.0892271619205,2525.5912472791874,1317.9239692604133
-2094.229734390838,2533.64829781002,1324.6365270207273
-2103.389098407251,2541.7266827960143,1331.3690777372067
-2112.567316245591,2549.8264049870877,1338.1216213740506
-2121.7643849401907,2557.9474671327234,1344.8941578953522
-2130.980301525282,2566.089871981973,1351.6866872650983
-2140.2150630349956,2574.253622283455,1358.4992094471688
-2149.4686665033632,2582.4387207853565,1365.3317244053383
-2158.741108964316,2590.64517023543,1372.184232103274
-2168.0323874516857,2598.8729733809973,1379.0567325045376
-2177.3424989992022,2607.122132968947,1385.9492255725843
-2186.6714406404963,2615.3926517457344,1392.8617112707627
-2196.0192094090985,2623.6845324573833,1399.7941895623153
-2205.385802338439,2631.997777849484,1406.7466604103784
-2214.771216461849,2640.3323906671944,1413.7191237779818
-2224.1754488125575,2648.6883736552404,1420.711579628049
-2233.598496423696,2657.065729557914,1427.7240279233974
-2243.0403563282935,2665.464461119075,1434.7564686267378
-2252.50102555928,2673.8845710821506,1441.8089017006748
-2261.980501149487,2682.3260621901354,1448.881327107707
-2271.478780131643,2690.788937185591,1455.9737448102258
-2280.9958595383787,2699.273198810646,1463.0861547705172
-2290.5317364022244,2707.7788498069967,1470.2185569507608
-2300.08640775561,2716.3058929159065,1477.3709513130293
-2309.6598706308655,2724.854330878206,1484.5433378192897
-2319.2521220602216,2733.4241664342926,1491.7357164314026
-2328.863159075808,2742.015402324131,1498.9480871111218
-2338.492978709656,2750.6280412872543,1506.1804498200952
-2348.1415779936956,2759.2620860627603,1513.4328045198645
-2357.8089539597577,2767.9175393893165,1520.7051511718648
-2367.4951036395732,2776.5944040051554,1527.997489737425
-2377.2000240647735,2785.2926826480775,1535.3098201777677
-2386.923712266889,2794.012378055451,1542.6421424540092
-2396.666165277352,2802.7534929642097,1549.9944565271596
-2406.4273801274935,2811.516030110856,1557.3667623581223
-2416.207353848546,2820.2999922314575,1564.7590599076948
-2426.006083471641,2829.1053820616507,1572.171349136568
-2435.8235660278115,2837.9322023366385,1579.6036300053272
-2445.65979854799,2846.78045579119,1587.0559024744505
-2455.5147780630086,2855.6501451596423,1594.5281665043099
-2465.388501603602,2864.541273175899,1602.0204220551714
-2475.280966200403,2873.45384257343,1609.5326690871943
-2485.1921688839457,2882.3878560852736,1617.0649075604322
-2495.1221066846642,2891.3433164440344,1624.6171374348316
-2505.0707766328937,2900.320226381883,1632.1893586702336
-2515.038175758869,2909.3185886305578,1639.7815712263723
-2525.0243010927256,2918.338405921364,1647.3937750628756
-2535.0291496645,2927.3796809851738,1655.0259701392654
-2545.052718504128,2936.4424165524256,1662.678156414957
-2555.095004641446,2945.526615353125,1670.3503338492592
-2565.156005106192,2954.632280116845,1678.042502401375
-2575.2357169280035,2963.759413572724,1685.754662030401
-2585.3341371364186,2972.9080184494687,1693.4868126953274
-2595.451262760876,2982.0780974753516,1701.238954355038
-2605.5870908307156,2991.269653378212,1709.01108696831
-2615.7416183751766,3000.4826888854564,1716.8032104938152
-2625.9148424233995,3009.717206724058,1724.6153248901182
-2636.1067600044257,3018.9732096205566,1732.447430115678
-2646.3173681471967,3028.2507003010583,1740.2995261288468
-2656.5466638805547,3037.5496814912362,1748.1716128878707
-2666.7946442332423,3046.87015591633,1756.0636903508891
-2677.061306233903,3056.212126301147,1763.975758475936
-2687.3466469110813,3065.5755953700586,1771.907817220938
-2697.650663293222,3074.9605658470064,1779.8598665437166
-2707.9733524086705,3084.367040455496,1787.8319064019859
-2718.3147112856727,3093.7950219186,1795.8239367533542
-2728.674736952376,3103.244512958958,1803.8359575553238
-2739.053426436828,3112.715516298776,1811.8679687652898
-2749.450776766977,3122.208034659827,1819.9199703405418
-2759.866784970672,3131.7220707634497,1827.9919622382629
-2770.3014480756638,3141.25762733055,1836.08394441553
-2780.754763109602,3150.8147070816,1844.1959168293129
-2791.226727100039,3160.3933127366386,1852.3278794364765
-2801.7173370744276,3169.9934470152707,1860.4798321937783
-2812.22659006012,3179.615112636668,1868.6517750578698
-2822.7544830843713,3189.258312319569,1876.8437079852965
-2833.301013174336,3198.923048782278,1885.0556309324973
-2843.86617735707,3208.6093247426656,1893.2875438558046
-2854.44997265953,3218.3171429181693,1901.5394467114452
-2865.0523961085746,3228.0465060257934,1909.8113394555387
-2875.673444730962,3237.797416782107,1918.1032220440993
-2886.3131155533515,3247.5698779032477,1926.415094433034
-2896.971405602305,3257.363892104918,1934.7469565781444
-2907.6483119042828,3267.1794621023864,1943.0988084351252
-2918.343831485648,3277.0165906104894,1951.4706499595648
-2929.0579613726645,3286.875280343628,1959.8624811069458
-2939.790698591497,3296.755534015771,1968.2743018326441
-2950.542040168211,3306.657354340453,1976.7061120919293
-2961.311983128773,3316.5807440307735,1985.157911839965
-2972.1005244990515,3326.5257057994004,1993.629701031808
-2982.9076613048155,3336.4922423585667,2002.1214796224092
-2993.733390571735,3346.480356420071,2010.6332475666131
-3004.5777093253814,3356.49005069528,2019.1650048191582
-3015.440614591227,3366.5213278951246,2027.7167513346762
-3026.3221033946456,3376.5741907301035,2036.2884870676926
-3037.2221727609117,3386.6486419102803,2044.8802119726267
-3048.1408197152014,3396.7446841452856,2053.491926003792
-3059.0780412825916,3406.862320144315,2062.1236291153946
-3070.0338344880615,3417.0015526161324,2070.7753212615357
-3081.00819635649,3427.162384269065,2079.447002396209
-3092.001123912658,3437.3448178110084,2088.1386724733024
-3103.0126141812484,3447.548855949423,2096.8503314465975
-3114.042664186844,3457.7745013913354,2105.58197926977
-3125.09127095393,3468.0217568433395,2114.333615896388
-3136.1584315068917,3478.290625011594,2123.105241279915
-3147.2441428700176,3488.581108601823,2131.896855373707
-3158.348402067496,3498.8932103193183,2140.7084581310137
-3169.4712061234172,3509.2269328689363,2149.54004950498
-3180.612552061773,3519.5822789551003,2158.3916294486426
-3191.772436906456,3529.959251281799,2167.2631979149332
-3202.95085768126,3540.3578525525872,2176.154754856677
-3214.1478114098823,3550.778085470586,2185.066300226592
-3225.363295115919,3561.2199527384823,2193.997833977291
-3236.5973058228687,3571.683457058528,2202.9493560612796
-3247.8498405541327,3582.1686011325414,2211.920866430958
-3259.1208963330123,3592.6753876619077,2220.91236503862
-3270.4104701827105,3603.203819347577,2229.9238518364523
-3281.718559126332,3613.753898890065,2238.955326776536
-3293.045160186883,3624.325628989454,2248.006789810846
-3304.3902703872723,3634.919012345391,2257.07824089125
-3315.753886750308,3645.5340516570905,2266.1696799695105
-3327.1360062987023,3656.170749623331,2275.2811069972836
-3338.5366260550672,3666.8291089424583,2284.412521926118
-3349.955743041917,3677.5091323123825,2293.563924707458
-3361.393354281667,3688.210822430581,2302.73531529264
-3372.8494567966363,3698.934181994096,2311.926693632894
-3384.3240476090427,3709.679213699535,2321.138059679345
-3395.817123741008,3720.4459202430726,2330.369413383011
-3407.3286822145546,3731.2343043204473,2339.6207546948035
-3418.8587200516067,3742.0443686269646,2348.8920835655285
-3430.4072342739905,3752.8761158574957,2358.1833999458854
-3441.9742219034338,3763.7295487064766,2367.4947037864663
-3453.559679961566,3774.6046698679097,2376.8259950377583
-3465.1636054699184,3785.501482035362,2386.1772736501416
-3476.7859954499245,3796.419987901968,2395.5485395738906
-3488.4268469229196,3807.360190160425,2404.9397927591726
-3500.08615691014,3818.3220915029992,2414.3510331560497
-3511.7639224327245,3829.3056946215193,2423.7822607144763
-3523.4601405117137,3840.3110022073815,2433.2334753843024
-3535.17480816805,3851.3380169515467,2442.70467711527
-3546.9079224225775,3862.3867415445416,2452.195865857015
-3558.6594802960426,3873.4571786764577,2461.707041559069
-3570.4294788090933,3884.549331036954,2471.2382041708543
-3582.2179149822796,3895.663201315252,2480.7893536416886
-3594.024785836054,3906.798792200141,2490.360489920784
-3605.85008839077,3917.956106379975,2499.951612957245
-3617.693819666684,3929.1351465426733,2509.5627227000705
-3629.5559766839533,3940.335915375721,2519.1938190981527
-3641.4365564626387,3951.558415566168,2528.8449021002775
-3653.335556022702,3962.8026498006307,2538.515971655125
-3665.252972384007,3974.068620765289,2548.2070277112693
-3677.1888025663206,3985.3563311458897,2557.9180702171766
-3689.1430435893103,3996.6657836277445,2567.6490991212086
-3701.115692472547,4007.9969808957308,2577.40011437162
-3713.1067462355027,4019.3499256342902,2587.171115916559
-3725.1162018975524,4030.724620527431,2596.962103704068
-3737.1440564779723,4042.121068258726,2606.7730776820827
-3749.1903069959417,4053.5392715113135,2616.6040377984327
-3761.2549504705416,4064.979232967897,2626.4549840008417
-3773.3379839207555,4076.4409553107453,2636.3259162369263
-3785.439404365469,4087.924441221692,2646.216834454198
-3797.5592088234694,4099.429693382137,2656.1277386000606
-3809.6973943134467,4110.956714473044,2666.058628621813
-3821.8539578539935,4122.505507174941,2676.009504466647
-3834.028896463604,4134.076074167926,2685.9803660816474
-3846.2222071606748,4145.668418131657,2695.9712134137944
-3858.4338869635053,4157.28254174536,2705.982046409961
-3870.6639328902966,4168.918447687824,2716.012865016914
-3882.912341959153,4180.576138637404,2726.063669181314
-3895.17911118808,4192.255617272023,2736.134458849715
-3907.464237594986,4203.956886269165,2746.2252339685656
-3919.767718197683,4215.67994830588,2756.3359944842073
-3932.0895500138827,4227.424806058785,2766.4667403428757
-3944.429730061202,4239.1914622040595,2776.6174714907
-3956.7882553571585,4250.979919417448,2786.788187873703
-3969.165122919173,4262.790180374264,2796.9788894378016
-3981.560329764568,4274.622247749382,2807.1895761288056
-3993.9738729105693,4286.476124217243,2817.42024789242
-4006.405749374305,4298.351812451851,2827.670904674242
-4018.8559561728052,4310.249315126779,2837.9415464197637
-4031.3244903230034,4322.168634915162,2848.2321730743697
-4043.8113488417353,4334.109774489701,2858.5427845833397
-4056.316528745738,4346.072736522659,2868.8733808918464
-4068.840027051653,4358.0575236858695,2879.223961944956
-4081.3818407760236,4370.064138650727,2889.5945276876287
-4093.9419669352956,4382.092584088191,2899.9850780647184
-4106.520402545818,4394.142862668786,2910.395613020973
-4119.117144623841,4406.214977062602,2920.8261325010344
-4131.73219018552,4418.308929939295,2931.276636449437
-4144.36553624691,4430.4247239680835,2941.74712481061
-4157.01717982397,4442.5623618177515,2952.237597528876
-4169.687117932563,4454.721846156648,2962.7480545484514
-4182.375347588453,4466.903179652688,2973.2784958134457
-4195.081865807308,4479.106364973349,2983.8289212678637
-4207.806669604696,4491.331404785675,2994.3993308556023
-4220.549755996092,4503.5783017562735,3004.9897245204534
-4233.311121996871,4515.84705855132,3015.600102206101
-4246.090764622311,4528.1376778365475,3026.2304638561245
-4258.888680887594,4540.450162277261,3036.8808094139963
-4271.7048678078045,4552.784514538329,3047.5511388230825
-4284.539322397928,4565.14073728418,3058.2414520266434
-4297.392041672854,4577.518833178812,3068.951748967833
-4310.263022647377,4589.918804885785,3079.682029589698
-4323.152262336192,4602.340655068225,3090.4322938351793
-4336.059757753896,4614.784386388821,3101.202541647112
-4348.985505914991,4627.250001509829,3111.992772968225
-4361.929503833883,4639.737503093068,3122.802987741141
-4374.891748524878,4652.246893799922,3133.6331859083753
-4387.872237002185,4664.778176291338,3144.483367412338
-4400.870966279919,4677.331353227831,3155.353532195333
-4413.887933372096,4689.906427269477,3166.2436801995577
-4426.923135292635,4702.503401075918,3177.1538113671027
-4439.976569055359,4715.122277306362,3188.083925639953
-4453.048231673992,4727.763058619577,3199.0340229599874
-4466.1381201621625,4740.425747673901,3210.004103268978
-4479.246231533402,4753.110347127233,3220.9941665085903
-4492.372562801147,4765.816859637037,3232.004212620385
-4505.5171109787325,4778.545287860342,3243.0342415458144
-4518.679873079401,4791.295634453741,3254.084253226227
-4531.860846116296,4804.0679020733905,3265.1542476028626
-4545.060027102465,4816.862093375014,3276.2442246168566
-4558.277413050858,4829.678211013897,3287.3541842092372
-4571.513000974329,4842.516257644891,3298.484126320927
-4584.766787885634,4855.376235922409,3309.6340508927415
-4598.038770797432,4868.258148500432,3320.8039578653907
-4611.3289467222885,4881.161998032503,3331.9938471794776
-4624.6373126726685,4894.08778717173,3343.2037187755
-4637.963865660942,4907.035518570785,3354.433572593848
-4651.308602699383,4920.005194881904,3365.6834085748064
-4664.671520800167,4932.996818756888,3376.953226658554
-4678.052616975372,4946.010392847103,3388.2430267851623
-4691.451888236983,4959.045919803476,3399.5528088945985
-4704.869331596886,4972.103402276502,3410.882572926721
-4718.30494406687,4985.182842916238,3422.2323188212836
-4731.758722658629,4998.284244372306,3433.6020465179336
-4745.230664383759,5011.407609293891,3444.9917559562114
-4758.720766253761,5024.552940329744,3456.401447075552
-4772.229025280037,5037.720240128179,3467.8311198152837
-4785.755438473893,5050.909511337074,3479.2807741146285
-4799.300002846541,5064.120756603872,3490.7504099127023
-4812.862715409095,5077.353978575578,3502.2400271485144
-4826.44357317257,5090.6091798987645,3513.7496257609687
-4840.042573147888,5103.886363219566,3525.279205688862
-4853.659712345874,5117.185531183681,3536.828766870885
-4867.294987777255,5130.506686436372,3548.3983092456224
-4880.948396452663,5143.849831622464,3559.9878327515526
-4894.619935382631,5157.214969386351,3571.5973373270476
-4908.3096015776,5170.602102371987,3583.2268229103734
-4922.017392047912,5184.011233222889,3594.8762894396896
-4935.743303803812,5197.442364582142,3606.545736853049
-4949.487333855448,5210.89549909239,3618.2351650883993
-4963.249479212875,5224.370639395846,3629.9445740835813
-4977.029736886048,5237.867788134285,3641.6739637763294
-4990.82810388483,5251.386947949043,3653.423334104272
-5004.644577218983,5264.928121481025,3665.192685004931
-5018.479153898175,5278.491311370696,3676.9820164157222
-5032.331830931978,5292.076520258087,3688.7913282739555
-5046.202605329868,5305.683750782791,3700.620620516834
-5060.091474101223,5319.313005583967,3712.4698930814557
-5073.998434255326,5332.964287300337,3724.3391459048103
-5087.923482801364,5346.637598570185,3736.2283789237827
-5101.866616748428,5360.332942031361,3748.137592075151
-5115.827833105511,5374.050320321278,3760.066785295588
-5129.807128881512,5387.789736076914,3772.0159585216593
-5143.804501085233,5401.551191934808,3783.9851116898244
-5157.819946725379,5415.3346905310655,3795.974244736437
-5171.853462810561,5429.140234501354,3807.983357597744
-5185.905046349292,5442.967826480906,3820.0124502098865
-5199.97469434999,5456.817469104517,3832.061522508899
-5214.062403820978,5470.689165006546,3844.13057443071
-5228.168171770479,5484.582916820917,3856.2196059111416
-5242.291995206622,5498.498727181115,3868.3286168859095
-5256.433871137443,5512.436598720191,3880.457607290624
-5270.593796570879,5526.396534070759,3892.6065770607875
-5284.77176851477,5540.378535864997,3904.775526131798
-5298.967783976863,5554.3826067346445,3916.964454438946
-5313.181839964807,5568.408749311008,3929.173361917417
-5327.413933486157,5582.456966224954,3941.402248502289
-5341.664061548368,5596.527260106916,3953.6511141285337
-5355.932221158804,5610.619633586889,3965.9199587310177
-5370.218409324731,5624.734089294431,3978.208782244501
-5384.522623053317,5638.870629858667,3990.517584603637
-5398.844859351639,5653.02925790828,4002.8463657429725
-5413.185115226674,5667.20997607152,4015.1951255969484
-5427.543387685303,5681.4127869762015,4027.5638640999005
-5441.919673734316,5695.6376932497005,4039.9525811860562
-5456.313970380402,5709.884697518956,4052.361276789539
-5470.726274630157,5724.153802410472,4064.789950844364
-5485.15658349008,5738.445010550316,4077.2386032844415
-5499.604893966575,5752.758324564116,4089.7072340435757
-5514.07120306595,5767.093747077068,4102.195843055463
-5528.555507794417,5781.451280713926,4114.704430253695
-5543.057805158093,5795.830928099013,4127.232995571757
-5557.578092162999,5810.232691856212,4139.781538943027
-5572.11636581506,5824.656574608969,4152.350060300778
-5586.6726231201055,5839.102578980295,4164.938559578176
-5601.24686108387,5853.570707592765,4177.54703670828
-5615.839076711991,5868.060963068514,4190.175491624045
-5630.449267010013,5882.573348029243,4202.823924258319
-5645.077428983381,5897.1078650962145,4215.492334543841
-5659.723559637448,5911.664516890257,4228.180722413249
-5674.387655977469,5926.24330603176,4240.88908779907
-5689.069715008606,5940.844235140676,4253.617430633726
-5703.769733735923,5955.467306836521,4266.365750849535
-5718.48770916439,5970.112523738376,4279.134048378706
-5733.223638298881,5984.779888464884,4291.922323153343
-5747.977518144174,5999.469403634249,4304.730575105445
-5762.749345704953,6014.181071864242,4317.558804166901
-5777.539117985805,6028.914895772195,4330.407010269498
-5792.346831991224,6043.670877975003,4343.275193344914
-5807.172484725604,6058.449021089126,4356.163353324723
-5822.016073193247,6073.249327730585,4369.071490140392
-5836.877594398361,6088.071800514964,4381.999603723279
-5851.757045345055,6102.916442057411,4394.947694004639
-5866.6544230373465,6117.783254972637,4407.91576091562
-5881.569724479154,6132.672241874917,4420.903804387263
-5896.502946674302,6147.583405378086,4433.911824350505
-5911.454086626521,6162.516748095546,4446.939820736174
-5926.423141339444,6177.472272640259,4459.987793474993
-5941.41010781661,6192.449981624751,4473.055742497579
-5956.414983061464,6207.449877661111,4486.143667734442
-5971.437764077354,6222.471963360991,4499.251569115986
-5986.478447867532,6237.516241335607,4512.3794465725105
-6001.537031435157,6252.582714195736,4525.527300034206
-6016.613511783292,6267.671384551719,4538.695129431158
-6031.707885914904,6282.782255013459,4551.882934693347
-6046.820150832866,6297.915328190423,4565.090715750644
-6061.950303539955,6313.070606691641,4578.318472532818
-6077.098341038854,6328.248093125704,4591.566204969529
-6092.26426033215,6343.4477901007685,4604.8339129903325
-6107.448058422335,6358.669700224552,4618.121596524675
-6122.649732311806,6373.913826104335,4631.429255501899
-6137.8692790028645,6389.180170346963,4644.756889851241
-6153.106695497718,6404.46873555884,4658.10449950183
-6168.361978798478,6419.779524345937,4671.47208438269
-6183.635125907162,6435.1125393137845,4684.859644422737
-6198.92613382569,6450.46778306748,4698.267179550783
-6214.234999555892,6465.845258211678,4711.694689695532
-6229.5617200994975,6481.2449673506,4725.142174785584
-6244.906292458144,6496.666913088029,4738.6096347494295
-6260.268713633374,6512.1110980273115,4752.097069515456
-6275.648980626635,6527.577524771355,4765.604479011941
-6291.04709043928,6543.06619592263,4779.131863167061
-6306.463040072564,6558.577114083171,4792.679221908882
-6321.896826527651,6574.110281854575,4806.246555165365
-6337.348446805609,6589.665701838,4819.833862864365
-6352.817897907409,6605.243376634168,4833.44114493363
-6368.305176833931,6620.843308843363,4847.068401300805
-6383.810280585958,6636.465501065431,4860.715631893424
-6399.333206164179,6652.109955899784,4874.382836638919
-6414.873950569185,6667.776675945392,4888.070015464612
-6430.432510801477,6683.465663800788,4901.777168297722
-6446.00888386146,6699.176922064073,4915.50429506536
-6461.6030667494415,6714.910453332903,4929.25139569453
-6477.215056465637,6730.666260204502,4943.018470112134
-6492.844850010166,6746.444345275653,4956.805518244963
-6508.492444383055,6762.244711142705,4970.612540019704
-6524.157836584235,6778.067360401566,4984.439535362937
-6539.841023613541,6793.912295647708,4998.286504201137
-6555.5420024707155,6809.779519476166,5012.153446460671
-6571.260770155404,6825.669034481537,5026.040362067802
-6586.99732366716,6841.580843257981,5039.947250948684
-6602.751660005441,6857.514948399217,5053.874113029367
-6618.523776169611,6873.471352498531,5067.820948235795
-6634.313669158936,6889.450058148769,5081.787756493804
-6650.1213359725925,6905.45106794234,5095.774537729126
-6665.9467736096585,6921.474384471215,5109.7812918673835
-6681.78997906912,6937.520010326926,5123.808018834096
-6697.650949349868,6953.587948100571,5137.854718554677
-6713.529681450697,6969.6782003828075,5151.92139095443
-6729.42617237031,6985.790769763856,5166.008035958555
-6745.340419107313,7001.925658833498,5180.114653492147
-6761.272418660221,7018.082870181079,5194.241243480193
-6777.222168027451,7034.262406395506,5208.387805847573
-6793.189664207326,7050.4642700652485,5222.554340519063
-6809.174904198077,7066.688463778338,5236.740847419331
-6825.177884997839,7082.934990122368,5250.9473264729395
-6841.198603604653,7099.203851684495,5265.173777604346
-6857.237057016465,7115.495051051436,5279.420200737899
-6873.293242231129,7131.808590809474,5293.6865957978425
-6889.3671562464015,7148.144473544448,5307.972962708315
-6905.4587960599465,7164.502701841765,5322.279301393348
-6921.5681586693345,7180.88327828639,5336.605611776866
-6937.69524107204,7197.286205462853,5350.951893782688
-6953.840040265443,7213.711485955245,5365.318147334528
-6970.002553246833,7230.159122347219,5379.704372355992
-6986.1827770134005,7246.62911722199,5394.11056877058
-7002.380708562245,7263.121473162334,5408.536736501688
-7018.596344890369,7279.636192750591,5422.982875472602
-7034.829682994686,7296.173278568664,5437.448985606506
-7051.080719872009,7312.732733198013,5451.935066826473
-7067.349452519061,7329.314559219665,5466.441119055475
-7083.635877932469,7345.918759214208,5480.967142216374
-7099.939993108768,7362.545335761789,5495.513136231927
-7116.261795044398,7379.194291442121,5510.079101024786
-7132.601280735704,7395.865628834475,5524.665036517494
-7148.958447178937,7412.559350517688,5539.27094263249
-7165.333291370254,7429.275459070155,5553.8968192921075
-7181.72581030572,7446.0139570698375,5568.542666418572
-7198.136000981305,7462.774847094254,5583.208483934003
-7214.563860392883,7479.558131720488,5597.894271760415
-7231.009385536237,7496.363813525184,5612.600029819714
-7247.472573407053,7513.1918950845475,5627.325758033703
-7263.953421000926,7530.042378974348,5642.071456324076
-7280.451925313356,7546.915267769914,5656.8371246124225
-7296.968083339748,7563.810564046138,5671.622762820226
-7313.5018920754155,7580.728270377474,5686.428370868862
-7330.053348515576,7597.668389337936,5701.2539486796
-7346.622449655354,7614.630923501102,5716.099496173607
-7363.2091924897795,7631.615875440111,5730.965013271938
-7379.8135740137905,7648.6232477276635,5745.850499895547
-7396.435591222229,7665.653042936022,5760.755955965279
-7413.075241109845,7682.705263637009,5775.681381401872
-7429.732520671293,7699.779912402011,5790.626776125961
-7446.407426901135,7716.876991801977,5805.592140058074
-7463.09995679384,7733.996504407415,5820.577473118629
-7479.81010734378,7751.138452788396,5835.582775227943
-7496.5378755452375,7768.302839514551,5850.6080463062235
-7513.283258392399,7785.489667155076,5865.653286273573
-7530.046252879358,7802.698938278725,5880.718495049988
-7546.826856000113,7819.930655453816,5895.8036725553575
-7563.625064748571,7837.184821248227,5910.908818709466
-7580.440876118544,7854.4614382294,5926.033933431991
-7597.27428710375,7871.760508964337,5941.1790166425035
-7614.125294697815,7889.082036019599,5956.344068260469
-7630.993895894269,7906.426021961313,5971.529088205247
-7647.8800876865525,7923.792469355166,5986.734076396089
-7664.7838670680085,7941.181380766405,6001.959032752144
-7681.705231031888,7958.592758759839,6017.20395719245
-7698.644176571348,7976.02660589984,6032.468849635941
-7715.6007006794525,7993.482924750341,6047.753710001448
-7732.574800349172,8010.961717874836,6063.0585382076915
-7749.566472573384,8028.4629878363785,6078.383334173286
-7766.575714344872,8045.986737197587,6093.728097816743
-7783.602522656325,8063.532968520639,6109.092829056464
-7800.646894500342,8081.101684367274,6124.477527810748
-7817.708826869424,8098.692887298795,6139.882193997785
-7834.788316755982,8116.306579876061,6155.306827535661
-7851.885361152333,8133.942764659498,6170.751428342353
-7868.999957050699,8151.60144420909,6186.215996335735
-7886.132101443211,8169.282621084384,6201.700531433573
-7903.281791321905,8186.986297844489,6217.205033553526
-7920.449023678724,8204.712477048073,6232.72950261315
-7937.633795505518,8222.461161253366,6248.27393852989
-7954.836103794044,8240.23235301816,6263.83834122109
-7972.055945535966,8258.026054899809,6279.422710603984
-7989.293317722854,8275.842269455223,6295.027046595703
-8006.548217346185,8293.68099924088,6310.651349113269
-8023.820641397343,8311.542246812818,6326.295618073599
-8041.110586867618,8329.426014726632,6341.959853393504
-8058.418050748207,8347.332305537482,6357.644054989688
-8075.743030030216,8365.26112180009,6373.34822277875
-8093.085521704655,8383.212466068733,6389.072356677182
-8110.445522762441,8401.186340897257,6404.81645660137
-8127.823030194401,8419.182748839066,6420.580522467594
-8145.218040991266,8437.201692447123,6436.364554192028
-8162.630552143675,8455.243174273954,6452.168551690739
-8180.060560642173,8473.307196871647,6467.992514879689
-8197.508063477215,8491.39376279185,6483.836443674733
-8214.973057639158,8509.50287458577,6499.70033799162
-8232.455540118268,8527.63453480418,6515.584197745992
-8249.955507904722,8545.78874599741,6531.4880228533875
-8267.472957988597,8563.96551071535,6547.411813229236
-8285.007887359883,8582.164831507456,6563.355568788862
-8302.560293008473,8600.386710922743,6579.319289447483
-8320.130171924171,8618.631151509784,6595.302975120213
-8337.717521096685,8636.898155816716,6611.306625722056
-8355.322337515632,8655.187726391236,6627.330241167912
-8372.944618170535,8673.4998657806,6643.373821372576
-8390.584360050823,8691.834576531634,6659.437366250733
-8408.241560145832,8710.191861190711,6675.520875716967
-8425.916215444808,8728.571722303774,6691.624349685751
-8443.608322936903,8746.974162416323,6707.747788071456
-8461.317879611177,8765.399184073425,6723.891190788342
-8479.044882456596,8783.846789819701,6740.054557750568
-8496.78932846203,8802.316982199336,6756.237888872183
-8514.551214616262,8820.809763756075,6772.441184067132
-8532.330537907981,8839.325137033224,6788.664443249252
-8550.127295325781,8857.86310457365,6804.907666332277
-8567.941483858165,8876.42366891978,6821.17085322983
-8585.773100493543,8895.006832613604,6837.454003855433
-8603.62214222023,8913.612598196669,6853.757118122499
-8621.488606026453,8932.240968210086,6870.080195944335
-8639.37248890034,8950.891945194526,6886.423237234142
-8657.273787829936,8969.56553169022,6902.786241905015
-8675.192499803183,8988.26173023696,6919.169209869943
-8693.128621807937,9006.9805433741,6935.572141041809
-8711.082150831959,9025.721973640553,6951.995035333389
-8729.053083862917,9044.486023574793,6968.437892657353
-8747.041417888388,9063.272695714855,6984.900712926265
-8765.047149895856,9082.081992598336,7001.3834960525855
-8783.070276872711,9100.913916762393,7017.886241948664
-8801.110795806255,9119.76847074374,7034.4089505267475
-8819.16870368369,9138.645657078654,7050.951621698975
-8837.24399749213,9157.545478302975,7067.51425537738
-8855.3366742186,9176.467936952102,7084.096851473891
-8873.446730850028,9195.413035560992,7100.699409900327
-8891.574164373249,9214.380776664166,7117.321930568403
-8909.718971775006,9233.371162795705,7133.96441338973
-8927.881150041952,9252.38419648925,7150.62685827581
-8946.060696160646,9271.419880278003,7167.309265138039
-8964.257607117555,9290.478216694723,7184.011633887709
-8982.471879899054,9309.559208271732,7200.733964436001
-9000.703511491425,9328.662857540918,7217.476256693994
-9018.952498880859,9347.78916703372,7234.238510572663
-9037.218839053454,9366.938139281141,7251.020725982871
-9055.502528995214,9386.10977681375,7267.822902835379
-9073.803565692051,9405.304082161667,7284.64504104084
-9092.121946129788,9424.52105785458,7301.4871405098
-9110.457667294155,9443.760706421732,7318.349201152702
-9128.810726170785,9463.02303039193,7335.231222879881
-9147.181119745224,9482.308032293542,7352.133205601565
-9165.568845002925,9501.61571465449,7369.055149227878
-9183.973898929247,9520.946080002264,7385.997053668836
-9202.396278509457,9540.299130863912,7402.95891883435
-9220.835980728732,9559.674869766039,7419.940744634223
-9239.293002572156,9579.073299234813,7436.9425309781545
-9257.767341024719,9598.494421795964,7453.964277775736
-9276.25899307132,9617.93823997478,7471.005984936454
-9294.767955696767,9637.404756296106,7488.067652369688
-9313.294225885775,9656.893973284357,7505.149279984712
-9331.837800622969,9676.405893463498,7522.250867690693
-9350.398676892879,9695.94051935706,7539.372415396692
-9368.976851679945,9715.497853488132,7556.513923011666
-9387.572321968511,9735.077898379364,7573.675390444462
-9406.185084742836,9754.680656552966,7590.856817603824
-9424.815136987083,9774.306130530707,7608.0582043983895
-9443.462475685323,9793.954322833919,7625.279550736687
-9462.127097821534,9813.62523598349,7642.520856527144
-9480.809000379604,9833.318872499873,7659.782121678078
-9499.50818034333,9853.035234903076,7677.0633460977
-9518.224634696415,9872.774325712671,7694.364529694116
-9536.958360422468,9892.536147447792,7711.685672375327
-9555.709354505014,9912.320702627125,7729.026774049228
-9574.477613927478,9932.127993768923,7746.387834623605
-9593.263135673198,9951.958023390998,7763.768854006141
-9612.06591672542,9971.81079401072,7781.1698321044105
-9630.885954067293,9991.68630814502,7798.590768825882
-9649.72324468188,10011.584568310387,7816.03166407792
-9668.577785552152,10031.505577022876,7833.492517767782
-9687.449573660984,10051.449336798096,7850.9733298026185
-9706.338605991163,10071.415850151217,7868.474100089475
-9725.244879525382,10091.405119596971,7885.994828535288
-9744.168391246247,10111.41714764965,7903.535515046893
-9763.109138136266,10131.451936823105,7921.096159531015
-9782.067117177858,10151.509489630746,7938.676761894273
-9801.042325353354,10171.58980858554,7956.277322043184
-9820.034759644986,10191.692896200024,7973.897839884153
-9839.044417034902,10211.818754986283,7991.538315323484
-9858.071294505151,10231.96738745597,8009.198748267373
-9877.115389037695,10252.138796120296,8026.879138621909
-9896.176697614406,10272.332983490029,8044.579486293075
-9915.25521721706,10292.549952075498,8062.299791186751
-9934.350944827345,10312.789704386596,8080.040053208705
-9953.463877426857,10333.052242932768,8097.800272264604
-9972.594011997096,10353.337570223028,8115.580448260007
-9991.741345519478,10373.64568876594,8133.380581100366
-10010.905874975322,10393.976601069635,8151.200670691029
-10030.087597345857,10414.3303096418,8169.040716937236
-10049.28650961222,10434.706816989687,8186.9007197441215
-10068.50260875546,10455.1061256201,8204.780679016714
-10087.73589175653,10475.528238039406,8222.680594659936
-10106.986355596295,10495.973156753535,8240.600466578606
-10126.253997255526,10516.440884267973,8258.540294677432
-10145.538813714904,10536.931423087768,8276.500078861018
-10164.840801955019,10557.444775717524,8294.479819033862
-10184.15995895637,10577.980944661407,8312.479515100355
-10203.496281699365,10598.539932423142,8330.499166964782
-10222.849767164316,10619.121741506015,8348.538774531326
-10242.220412331451,10639.72637441287,8366.598337704056
-10261.608214180902,10660.353833646113,8384.677856386941
-10281.013169692711,10681.004121707705,8402.777330483845
-10300.435275846829,10701.677241099173,8420.89675989852
-10319.874529623114,10722.373194321595,8439.036144534615
-10339.330928001336,10743.091983875618,8457.195484295675
-10358.804467961172,10763.833612261442,8475.374779085136
-10378.295146482209,10784.598081978827,8493.574028806326
-10397.80296054394,10805.385395527097,8511.793233362474
-10417.327907125771,10826.195555405131,8530.032392656696
-10436.869983207012,10847.02856411137,8548.291506592002
-10456.429185766887,10867.884424143811,8566.570575071302
-10476.005511784524,10888.763138000013,8584.869597997395
-10495.598958238965,10909.664708177097,8603.188575272974
-10515.209522109159,10930.589137171737,8621.527506800627
-10534.83720037396,10951.53642748017,8639.886392482837
-10554.481990012138,10972.506581598196,8658.265232221976
-10574.143888002367,10993.499602021167,8676.664025920318
-10593.82289132323,11014.515491244001,8695.082773480026
-10613.518996953224,11035.55425176117,8713.521474803154
-10633.23220187075,11056.61588606671,8731.980129791657
-10652.962503054117,11077.70039665421,8750.458738347375
-10672.709897481549,11098.807786016827,8768.957300372052
-10692.474382131175,11119.93805664727,8787.47581576732
-10712.255953981034,11141.091211037812,8806.014284434706
-10732.054610009074,11162.26725168028,8824.57270627563
-10751.870347193153,11183.466181066064,8843.151081191407
-10771.703162511036,11204.688001686116,8861.749409083242
-10791.553052940397,11225.93271603094,8880.36768985224
-10811.420015458823,11247.200326590606,8899.0059233994
-10831.30404704381,11268.490835854738,8917.664109625608
-10851.20514467276,11289.804246312524,8936.34224843165
-10871.123305322983,11311.140560452706,8955.040339718205
-10891.058525971703,11332.49978076359,8973.758383385843
-10911.01080359605,11353.881909733038,8992.49637933503
-10930.980135173064,11375.28694984847,9011.254327466128
-10950.966517679697,11396.71490359687,9030.032227679387
-10970.969948092807,11418.165773464778,9048.830079874957
-10990.990423389161,11439.639561938291,9067.647883952879
-11011.02794054544,11461.136271503068,9086.485639813087
-11031.082496538227,11482.655904644329,9105.343347355412
-11051.154088344021,11504.198463846848,9124.221006479578
-11071.242712939227,11525.763951594961,9143.1186170852