
229.84220388620815,982.2255405585275,-170.36042177805555
228.86617322348596,981.5651889137731,-170.6769827156153
227.8700513729023,980.9249810814886,-170.9735427455999
226.85384125661645,980.3049199916221,-171.25010186643237
225.81754579689445,979.7050085736961,-171.5066600766421
224.76116791610923,979.1252497568063,-171.74321737486486
223.68471053674045,978.5656464696226,-171.95977375984268
222.58817658137454,978.0262016403885,-172.15632923042403
221.47156897270472,977.5069181969213,-172.33288378556372
220.33489063353093,977.007799066612,-172.48943742432294
219.17814448675986,976.5288471764255,-172.6259901458692
218.00133345540488,976.0700654529002,-172.74254194947633
216.80446046258606,975.631456822148,-172.83909283452462
215.5875284315302,975.2130242098549,-172.91564280050062
214.35054028557067,974.8147705412804,-172.97219184699728
213.0934989481476,974.4366987412575,-173.00873997371386
211.8164073428077,974.0788117341931,-173.02528718045608
210.51926839320427,973.7411124440674,-173.02183346713588
209.20208502309728,973.4236037944345,-172.99837883377168
207.86486015635322,973.1262887084218,-172.95492328048817
206.50759671694522,972.8491701087306,-172.89146680751645
205.1302976289529,972.5922509176354,-172.80800941519394
203.73296581656243,972.3555340569844,-172.70455110396443
202.31560420406655,972.1390224481994,-172.58109187437807
200.87821571586448,971.9427190122755,-172.43763172709137
199.42080327646195,971.7666266697814,-172.27417066286716
197.94336981047113,971.6107483408596,-172.09070868257467
196.44591824261067,971.4750869452254,-171.88724578718947
194.9284514977057,971.3596454021679,-171.66378197779346
193.39097250068775,971.2644266305497,-171.42031725557496
191.83348417659477,971.1894335488067,-171.1568516218286
190.25598945057112,971.1346690749482,-170.87338507795533
188.65849124786757,971.100136126557,-170.56991762546255
187.0409924938412,971.0858376207891,-170.24644926596395
185.40349611395547,971.0917764743738,-169.90298000117957
183.74600503378016,971.1179556036138,-169.53950983293583
182.06852217899143,971.1643779243855,-169.15603876316555
180.3710504753717,971.2310463521379,-168.75256679390782
178.6535928488097,971.3179638018938,-168.32909392730812
176.91615222530044,971.4251331882491,-167.88562016561826
175.15873153094515,971.5525574253729,-167.42214551119648
173.38133369195137,971.7002394270079,-166.93866996650732
171.5839616346328,971.8681821064694,-166.4351935341217
169.7666182854094,972.0563883766464,-165.91171621671688
167.92930657080734,972.2648611500009,-165.36823801707646
166.07202941745894,972.4936033385682,-164.80475893809043
164.19478975210268,972.7426178539565,-164.2212789827551
162.29759050158324,973.0119076073476,-163.6177981541732
160.38043459285137,973.301475509496,-162.99431645555373
158.44332495296402,973.6113244707295,-162.3508338902121
156.48626450908415,973.941457400949,-161.68735046157008
154.50925618848092,974.2918772096285,-161.00386617315576
152.51230291852946,974.662586805815,-160.3003810286036
150.495407626711,975.0535890981286,-159.57689503165443
148.45857324061282,975.4648869947623,-158.8334081861554
146.40180268792824,975.8964834034825,-158.06992049606006
144.32509889645658,976.3483812316283,-157.2864319654283
142.22846479410313,976.8205833861118,-156.4829425984264
140.1119033088792,977.3130927734181,-155.6594523993269
137.97541736890201,977.8259122996055,-154.81596137250878
135.8190099023948,978.3590448703048,-153.95246952245733
133.64268383768672,978.9124933907202,-153.06897685376424
131.4464421032128,979.4862607656285,-152.1654833711275
129.230287627514,980.0803498993794,-151.24198907935153
126.99422333923718,980.6947636958955,-150.298493983347
124.73825216713506,981.3295050586726,-149.33499808813102
122.4623770400662,981.984576890779,-148.35150139882705
120.16660088699503,982.6599820948558,-147.3480039206649
117.85092663699179,983.3557235731172,-146.32450565898066
115.51535721923253,984.0718042273501,-145.2810066192169
113.15989556299907,984.808226958914,-144.21750680692244
110.78454459767904,985.5649946687415,-143.13400622775254
108.38930725276585,986.3421102573378,-142.03050488746874
105.9741864578586,987.1395766247807,-140.90700279193896
103.53918514266216,987.957396670721,-139.7634999471375
101.08430623698712,988.795573294382,-138.599996359145
98.60955267074974,989.65410939456,-137.41649203414843
96.11492737397198,990.5330078696235,-136.21298697844117
93.60043327678149,991.4322716175141,-134.98948119842288
91.06607330941154,992.3519035357459,-133.74597470059965
88.51185040220103,993.2919065214056,-132.4824674915839
85.93776748559455,994.2522834711525,-131.1989595780944
83.34382749014223,995.2330372812186,-129.89545096695622
80.73003334649981,996.2341708474084,-128.5719416651009
78.0963879854286,997.2556870650992,-127.22843167956624
75.4428943377955,998.2975888292406,-125.86492101749643
72.7695553345729,999.3598790343547,-124.481409686142
70.07637390683877,1000.4425605745364,-123.07789769285988
67.36335298577657,1001.5456363434531,-121.65438504511329
64.63049550267527,1002.6691092343443,-120.21087175047184
61.87780438892931,1003.8129821400225,-118.74735781661148
59.105282576038604,1004.9772579528724,-117.26384325131455
56.31293299560849,1006.1619395648511,-115.76032806246971
53.50075857934979,1007.3670298674882,-114.23681225807198
50.668762259078704,1008.5925317518859,-112.69329584622272
47.816946966716856,1009.8384481087185,-111.12977883512968
44.945315634291255,1011.104781828233,-109.54626123310695
42.05387119393428,1012.3915358002484,-107.94274304857495
39.14261657788366,1013.6987129141567,-106.3192242900605
36.21155471848248,1015.0263160589213,-104.67570496619673
33.260688548179154,1016.3743481230789,-103.01218508572315
30.290020999527393,1017.7428119947378,-101.32866465748559
27.299555005186207,1019.131710561579,-99.62514369043629
24.289293497919886,1020.5410467108557,-97.90162219363381
21.25923941059798,1021.9708233293932,-96.15810017624307
18.2093956761953,1023.4210433035892,-94.39457764753533
15.139765227791877,1024.8917095194136,-92.61105461688823
12.050350998572961,1026.3828248624086,-90.80753109378573
8.941155921829006,1027.8943922176886,-88.98400708781817
5.81218293095565,1029.4264144699403,-87.14048260868226
2.6634349594537006,1030.978894503422,-85.276957666181
-0.5050850590708764,1032.5518352019646,-83.39343227022383
-3.6933741909069813,1034.1452394489716,-81.48990643082647
-6.901429502238386,1035.759110127418,-79.56638015811102
-10.12924805914376,1037.3934501198507,-77.62285346230593
-13.376826927596678,1039.0482623083892,-75.65932635374601
-16.644163173465635,1040.7235495747252,-73.67579884287244
-19.931253862514072,1042.419314800122,-71.6722709402327
-23.23809606040038,1044.1355608654155,-69.64874265648069
-26.56468683267792,1045.8722906510131,-67.60521400237661
-29.911023244795043,1047.6295070368944,-65.54168498878705
-33.27710236209509,1049.407212902611,-63.45815562668493
-36.66292124981644,1051.2054111272867,-61.35462592714952
-40.06847697309249,1053.024104589617,-59.23109590136646
-43.49376659695167,1054.8632961678697,-57.08756556062772
-46.93878718631752,1056.7229887398842,-54.92403491633166
-50.40353580600861,1058.603185183072,-52.74050397998295
-53.88800952073864,1060.5038883744162,-50.536972763192644
-57.392205395116406,1062.4251011904723,-48.313441277678145
-60.91612049364582,1064.3668265073677,-46.069909535263186
-64.45975188072595,1066.329067200801,-43.80637754787788
-68.02309662065103,1068.3118261460434,-41.52284532755868
-71.60615177761045,1070.3151062179372,-39.21931288644838
-75.2089144156888,1072.3389102908975,-36.89578023679614
-78.83138159886586,1074.3832412389104,-34.552247390957476
-82.47355039101664,1076.4481019355342,-32.18871436139424
-86.1354178559114,1078.5334952538988,-29.805181160674653
-89.81698105721561,1080.6394240667057,-27.401647801473278
-93.51823705849006,1082.7658912462286,-24.978114296571032
-97.23918292319077,1084.9128996643126,-22.534580658855187
-100.97981571466909,1087.0804521923744,-20.071046901319363
-104.7401324961717,1089.2685517014029,-17.58751303706353
-108.52013033084057,1091.477201061958,-15.083979079294018
-112.31980628171303,1093.706403144172,-12.5604450413235
-116.13915741172177,1095.9561608177487,-10.016910936571003
-119.97818078369488,1098.226476951963,-7.453376778561909
-123.8368734603558,1100.5173544156617,-4.869842580927946
-127.71523250432341,1102.8287960772636,-2.2663083574071963
-131.613254978112,1105.1608048047588,0.35722587815590745
-135.53093794413127,1107.5133834657088,3.0007601118105804
-139.46827846468645,1109.8865349272469,5.664294329499688
-143.42527360197815,1112.2802620560778,8.347828517059744
-147.40192041810252,1114.6945677184779,11.051362660220912
-151.39821597505122,1117.129454780295,13.774896744607004
-155.41415733471138,1119.5849261069484,16.51843075573548
-159.44974155886572,1122.0609845634292,19.281964679017452
-163.50496570919248,1124.5576330142994,22.06549849975768
-167.57982684726542,1127.0748743236932,24.869032203154575
-171.67432203455397,1129.6127113553152,27.692565774300192
-175.7884483324231,1132.1711469724426,30.536099198180246
-179.92220280213334,1134.750184037923,33.39963245967409
-184.07558250484095,1137.3498254141762,36.28316554355473
-188.24858450159775,1139.9700739631928,39.18669843448883
-192.44120585335128,1142.610932546535,42.110231117036705
-196.65344362094473,1145.2724040253363,45.0537635756523
-200.88529486511695,1147.954491260302,48.01729579468322
-205.1367566465025,1150.6571971117075,51.00082775837073
-209.40782602563175,1153.3805244394011,54.00435945084975
-213.69850006293066,1156.1244761028013,57.02789085614882
-218.00877581872106,1158.889054960898,60.071421958190165
-222.3386503532205,1161.6742638722528,63.134952740789636
-226.68812072654222,1164.4801056949982,66.21848318765674
-231.05718399869545,1167.306583286838,69.32201328239465
-235.44583722958515,1170.1536995050476,72.44554300850018
-239.854077479012,1173.0214572064726,75.58907234936378
-244.2819018066727,1175.909859247531,78.75260128826956
-248.7293072721597,1178.8189084842109,81.93612980839531
-253.19629093496135,1181.748607772072,85.13965789281242
-257.6828498544619,1184.6989599662456,88.36318552448597
-262.1889810899415,1187.6699679214335,91.60671268627468
-266.71468170057625,1190.661634491909,94.87023936093091
-271.2599487454382,1193.6739625315158,98.1537655311007
-275.8247792834952,1196.7069548936695,101.4572911793237
-280.40917037361135,1199.7606144313565,104.78081628803326
-285.01311907454647,1202.8349439971344,108.12434083955635
-289.6366224449565,1205.929946443131,111.4878648161136
-294.2796775433934,1209.0456246210463,114.87138819981926
-298.94228142830514,1212.1819813821503,118.27491097268131
-303.62443115803575,1215.3390195772847,121.69843311660131
-308.32612379082536,1218.516742056862,125.1419546133745
-313.04735638481014,1221.7151516708657,128.60547544468977
-317.7881259980223,1224.9342512688497,132.08899559212966
-322.54842968839023,1228.1740436999394,135.59251503717036
-327.3282645137384,1231.4345318128308,139.1160337611817
-332.12762753178754,1234.7157184557911,142.65955174542725
-336.94651580015443,1238.017606476658,146.22306897106412
-341.784926376352,1241.3401987228408,149.80658541914312
-346.6428563177895,1244.6834980413187,153.41010107060868
-351.5203026817722,1248.0475072786423,157.0336159062989
-356.4172625255017,1251.432229280933,160.6771299069456
-361.3337329060759,1254.8376668938824,164.34064305317418
-366.26971088048884,1258.263822962754,168.0241553255037
-371.22519350563084,1261.710700332381,171.72766670434694
-376.20017783828854,1265.1783018471683,175.4511771700102
-381.1946609351449,1268.6666303510906,179.19468670269356
-386.20863985277913,1272.1756886876942,182.9581952824907
-391.2421116476668,1275.7054797000953,186.74170288938896
-396.29507337617986,1279.2560062309815,190.54520950326935
-401.36752209458655,1282.827271122611,194.36871510390648
-406.45945485905156,1286.419277216812,198.2122196709687
-411.5708687256359,1290.032027354984,202.07572318401793
-416.701760750297,1293.665524378097,205.95922562250982
-421.8521279888888,1297.3197711266916,209.8627269657936
-427.02196749716165,1300.994770440879,213.7862271931122
-432.21127633076225,1304.6905251603407,217.72972628360222
-437.4200515452339,1308.4070381243296,221.69322421629386
-442.64829019601626,1312.1443121716682,225.676720970111
-447.8959893384456,1315.9023501407503,229.68021652387125
-453.1631460277547,1319.6811548695396,233.70371085628574
-458.44975731907283,1323.4807291955708,237.74720394595934
-463.7558202674258,1327.301075955949,241.81069577139058
-469.081331927736,1331.1421979873496,245.89418631097163
-474.4262893548225,1335.0040981260188,249.99767554298828
-479.7906896034008,1338.8867792077729,254.12116344562003
-485.17452972808303,1342.7902440679986,258.26464999693997
-490.5778067833781,1346.7144955416534,262.4281351749149
-496.00051782369144,1350.659536463265,266.61161895740537
-501.44265990332514,1354.6253696669319,270.81510132216533
-506.90423007647803,1358.6119979863222,275.0385822468426
-512.3852253972456,1362.6194242546746,279.2820617089786
-517.88564291962,1366.647651304799,283.54553968600834
-523.4054796974901,1370.6966819690742,287.82901615526066
-528.9447327846416,1374.7665190794507,292.13249109395787
-534.503399234757,1378.8571654674486,296.455964479216
-540.0814761014153,1382.9686239641583,300.7994362880448
-545.6789604380925,1387.1008974002402,305.16290649734754
-551.2958492981613,1391.253988605926,309.5463750839213
-556.9321397348914,1395.4279004110167,313.94984202445676
-562.5878288014491,1399.6226356448838,318.3733072955382
-568.2629135508977,1403.838197136469,322.8167708736437
-573.9573910361972,1408.0745877142842,327.28023273514475
-579.6712583102046,1412.3318102064118,331.76369285630676
-585.4045124256738,1416.6098674405039,336.26715121328874
-591.1571504352557,1420.9087622437828,340.7906077821432
-596.9291693914979,1425.2284974430413,345.33406253881645
-602.7205663468451,1429.5690758646422,349.89751545914845
-608.531338353639,1433.930500334518,354.4809665188728
-614.3614824641179,1438.312773678172,359.0844156936167
-620.2109957304176,1442.7158987206772,363.7078629589011
-626.0798752045706,1447.1398782866763,368.3513082901406
-631.9681179385066,1451.5847152003828,373.0147516626434
-637.875720984052,1456.0504122855798,377.6981930516113
-643.8026813929307,1460.5369723656202,382.40163243214
-649.7489962167633,1465.0443982634274,387.1250697792186
-655.7146625070677,1469.5726928014947,391.86850506773004
-661.6996773152588,1474.121858801885,396.6319382724508
-667.7040376926486,1478.6918990862318,401.4153693680511
-673.7277406904464,1483.2828164757377,406.21879832909474
-679.7707833597583,1487.8946137911762,411.0422251300393
-685.8331627515879,1492.52729385289,415.8856497452359
-691.9148759168357,1497.1808594807917,420.74907214892943
-698.0159199062998,1501.8553134943643,425.6324923152583
-704.136291770675,1506.5506587126604,430.5359102182547
-710.2759885605537,1511.2668979543023,435.4593258318444
-716.4350073264255,1516.0040340374821,440.40273912984696
-722.613345118677,1520.7620697799623,445.36615008597545
-728.8109989875921,1525.5410079990745,450.34955867383667
-735.0279659833525,1530.3408515117205,455.35296486693113
-741.2642431560364,1535.161603134372,460.3763686386529
-747.51982755562,1540.00326568307,465.4197699622897
-753.7947162319765,1544.8658419734256,470.48316881102306
-760.0889062348765,1549.7493348206197,475.56656515792804
-766.402394613988,1554.6537470394023,480.6699589759735
-772.7351784188764,1559.5790814440943,485.79335023802173
-779.0872546990045,1564.525340848585,490.9367389168289
-785.4586205037323,1569.4925280663342,496.10012498504483
-791.8492728823175,1574.480645910371,501.2835084152128
-798.259208883915,1579.4896971932944,506.48688917977
-804.6884255575775,1584.5196847272728,511.7102672510471
-811.1369199522547,1589.5706113240442,516.9536426012686
-817.6046891167945,1594.6424797949164,522.2170152025525
-824.0917300999414,1599.7352929507667,527.5003850269105
-830.5980399503383,1604.849053602042,532.8037520462482
-837.1236157165248,1609.9837645587586,538.1271162323643
-843.6684544469388,1615.1394286305026,543.4704775569518
-850.2325531899153,1620.3160486264294,548.833835991597
-856.8159089936869,1625.5136273552641,554.21719150778
-863.4185189063842,1630.7321676253011,559.6205440768744
-870.040379976035,1635.9716722444045,565.0438936701477
-876.6814892505648,1641.2321440200078,570.487240258761
-883.341843777797,1646.5135857591138,575.9505838137688
-890.0214406054523,1651.8160002682948,581.4339243061198
-896.7202767811494,1657.1393903536928,586.9372617066558
-903.4383493524044,1662.4837588210187,592.4605959861126
-910.1756553666314,1667.8491084755533,598.0039271151195
-916.932191871142,1673.2354421221462,603.5672550641996
-923.7079559131457,1678.6427625652168,609.1505798037695
-930.5029445397497,1684.071072608754,614.7539013041395
-937.3171547979589,1689.520375056316,620.377219535514
-944.150583734676,1694.9906727110294,626.0205344679904
-951.0032283967017,1700.4819683755916,631.6838460715601
-957.8750858307343,1705.9942648522679,637.3671543161083
-964.7661530833698,1711.5275649428938,643.0704591714136
-971.6764272011025,1717.0818714488737,648.7937606071484
-978.6059052303241,1722.6571871711812,654.5370585928787
-985.5545842173246,1728.2535149103594,660.3003530980642
-992.5224612082917,1733.8708574665202,666.0836440920582
-999.509533249311,1739.5092176393448,671.8869315441079
-1006.5157973863659,1745.168598228084,677.7102154233539
-1013.541250665338,1750.8490020315573,683.5534956988307
-1020.5858901320067,1756.5504318481537,689.4167723394662
-1027.6497128320495,1762.272890475831,695.3000453140821
-1034.7327158110418,1768.0163807121164,701.2033145913939
-1041.834896114457,1773.7809053541062,707.1265801400106
-1048.9562507876667,1779.5664671984655,713.0698419284348
-1056.0967768759401,1785.3730690414288,719.0330999250631
-1063.2564714244447,1791.2007136787997,725.0163540981855
-1070.4353314782466,1797.0494039059504,731.0196044159857
-1077.6333540823089,1802.9191425178224,737.042850846541
-1084.850536281494,1808.8099323089264,743.0860933578226
-1092.0868751205614,1814.7217760733422,749.1493319176951
-1099.3423676441694,1820.6546766047181,755.232566493917
-1106.6170108968738,1826.6086366962716,761.3357970541404
-1113.9108019231294,1832.5836591407895,767.4590235659109
-1121.2237377672886,1838.5797467306268,773.6022459966681
-1128.5558154736023,1844.596902257708,779.7654643137449
-1135.907032086219,1850.6351285135268,785.9486784843682
-1143.2773846491862,1856.6944282891448,792.1518884756584
-1150.6668702064492,1862.774804375193,798.3750942546295
-1158.075485801852,1868.876259561872,804.6182957881894
-1165.5032284791364,1874.9987966389504,810.8814930431394
-1172.9500952819426,1881.1424183957654,817.1646859861746
-1180.416083253809,1887.3071276212238,823.4678745838839
-1187.9011894381724,1893.492927103801,829.79105880275
-1195.4054108783685,1899.699819631541,836.1342386091486
-1202.9287446176306,1905.9278079920566,842.4974139693497
-1210.471187699091,1912.1768949725295,848.8805848495167
-1218.0327371657795,1918.4470833597102,855.2837512157068
-1225.613390060625,1924.7383759399177,861.7069130338708
-1233.2131434264547,1931.0507754990397,868.1500702698532
-1240.8319943059942,1937.384284822533,874.6132228893922
-1248.4699397418672,1943.7389066954229,881.0963708581195
-1256.1269767765966,1950.114643902303,887.5995141415608
-1263.8031024526033,1956.5114992273363,894.1226527051352
-1271.4983138122066,1962.9294754542539,900.6657865141556
-1279.2126078976246,1969.3685753663556,907.2289155338284
-1286.945981750974,1975.82880174651,913.812039729254
-1294.6984324142693,1982.3101573771542,920.4151590654261
-1302.4699569294244,1988.812645040294,927.0382735072325
-1310.2605523382515,1995.3362675175035,933.6813830194542
-1318.0702156824616,2001.8810275899257,940.3444875667661
-1325.8989440036637,2008.4469280382718,947.0275871137369
-1333.746734343366,2015.033971642822,953.7306816248289
-1341.6135837429747,2021.6421611834244,960.4537710643979
-1349.4994892437958,2028.2714994394962,967.1968553966936
-1357.4044478870328,2034.921989190023,973.9599345858594
-1365.3284567137882,2041.5936332135582,980.7430085959321
-1373.2715127650636,2048.2864342882244,987.5460773908424
-1381.233613081759,2055.0003951917124,994.3691409344144
-1389.2147547046732,2061.7355187012818,1001.2121991903664
-1397.2149346745036,2068.4918075937594,1008.07525212231
-1405.2341500318466,2075.2692646455416,1014.9582996937504
-1413.2723978171973,2082.0678926325936,1021.8613418680868
-1421.3296750709496,2088.887694330447,1028.7843786086119
-1429.405978833396,2095.728672514204,1035.727409878512
-1437.5013061447278,2102.5908299585335,1042.690435640867
-1445.6156540450359,2109.4741694376735,1049.6734558586509
-1453.7490195743092,2116.37869372543,1056.6764704947311
-1461.9013997724355,2123.3044055951773,1063.6994795118685
-1470.072791679202,2130.251307819858,1070.742482872718
-1478.2631923342947,2137.2194031719837,1077.8054805398283
-1486.4725987772981,2144.208694423633,1084.888472475641
-1494.7010080476962,2151.219184346454,1091.9914586424923
-1502.9484171848715,2158.2508757116616,1099.1144390026113
-1511.2148232281056,2165.3037712900405,1106.2574135181217
-1519.5002232165791,2172.3778738519422,1113.42038215104
-1527.8046141893717,2179.4731861672867,1120.603344863277
-1536.127993185462,2186.589711005563,1127.8063016166366
-1544.4703572437274,2193.7274511358273,1135.0292523728167
-1552.8317034029453,2200.886409326705,1142.272197093409
-1561.2120287017908,2208.066588346388,1149.5351357398988
-1569.6113301788391,2215.2679909626377,1156.818068273665
-1578.029604872564,2222.490619942783,1164.1209946559802
-1586.4668498213387,2229.7344780537205,1171.4439148480105
-1594.923062063435,2236.9995680619163,1178.7868288108164
-1603.3982386370246,2244.285892733403,1186.149736505351
-1611.8923765801776,2251.5934548337823,1193.532637892462
-1620.405472930864,2258.922257128223,1200.93553293289
-1628.9375247269525,2266.272302381462,1208.3584215872704
-1637.488529006211,2273.643593357805,1215.8013038161312
-1646.0584828063068,2281.036132821125,1223.2641795798943
-1654.6473831648066,2288.4499235348635,1230.7470488388758
-1663.255227119176,2295.8849682620294,1238.2499115532848
-1671.8820117067798,2303.3412697651997,1245.7727676832246
-1680.5277339648826,2310.818830806519,1253.3156171886922
-1689.1923909306477,2318.3176541477005,1260.8784600295778
-1697.8759796411382,2325.8377425500253,1268.4612961656658
-1706.5784971333164,2333.379098774341,1276.0641255566338
-1715.2999404440436,2340.941725581065,1283.6869481620536
-1724.0403066100807,2348.5256257301808,1291.3297639413902
-1732.7995926680885,2356.130801981241,1298.9925728540027
-1741.577795654626,2363.7572570933653,1306.6753748591436
-1750.374912606153,2371.4049938252415,1314.3781699159592
-1759.1909405590275,2379.0740149351254,1322.1009579834897
-1768.0258765495078,2386.7643231808397,1329.8437390206684
-1776.8797176137512,2394.475921319776,1337.6065129863227
-1785.7524607878145,2402.2088121088923,1345.389279839174
-1794.6441031076542,2409.9629983047153,1353.1920395378365
-1803.5546416091263,2417.7384826633393,1361.014792040819
-1812.4840733279862,2425.535267940426,1368.8575373065235
-1821.4323952998884,2433.353356891205,1376.7202752932455
-1830.3996045603878,2441.1927522704736,1384.6030059591749
-1839.3856981449385,2449.0534568325966,1392.5057292623947
-1848.390673088894,2456.9354733315067,1400.4284451608817
-1857.4145264275073,2464.838804520704,1408.3711536125065
-1866.4572551959316,2472.763453153256,1416.3338545750332
-1875.5188564292193,2480.7094219817973,1424.3165480061198
-1884.5993271623227,2488.676713758532,1432.319233863318
-1893.698664430093,2496.6653312352305,1440.341912104073
-1902.8168652672823,2504.67527716323,1448.3845826857237
-1911.9539267085413,2512.7065542934365,1456.4472455655027
-1921.1098457884211,2520.7591653763225,1464.5299007005367
-1930.2846195413722,2528.8331131619293,1472.6325480478454
-1939.478245001745,2536.9284003998646,1480.7551875643428
-1948.6907192037897,2545.0450298393034,1488.897819206836
-1957.922039181656,2553.1830042289894,1497.0604429320263
-1967.1722019693932,2561.342326317232,1505.2430586965086
-1976.441204600951,2569.5229988519104,1513.445666456771
-1985.729044110179,2577.725024580469,1521.6682661691964
-1995.0357175308259,2585.94840624992,1529.9108577900602
-2004.3612218965407,2594.1931466068445,1538.173441275532
-2013.705554240872,2602.4592483973893,1546.4560165816752
-2023.068711597269,2610.746714367269,1554.7585836644466
-2032.4506909990798,2619.0555472617657,1563.081142479697
-2041.8514894795533,2627.38574982573,1571.4236929831707
-2051.2711040718373,2635.737324803577,1579.7862351305057
-2060.7095318089805,2644.1102749392917,1588.1687688772338
-2070.166769723932,2652.5046029764253,1596.5712941787804
-2079.642814849539,2660.920311658096,1604.9938109904647
-2089.13766421855,2669.35740372699,1613.4363192674994
-2098.6513148636136,2677.81588192536,1621.898818964991
-2108.183763817278,2686.2957489950268,1630.38131003794
-2117.7350081119916,2694.7970076773777,1638.88379244124
-2127.3050447801033,2703.3196607133673,1647.4062661296784
-2136.893870853861,2711.8637108435173,1655.948731057937
-2146.5014833654127,2720.4291608079175,1664.5111871805905
-2156.127879346808,2729.016013346223,1673.0936344521074
-2165.773055829996,2737.624271197658,1681.6960728268502
-2175.4370098468244,2746.2539371010125,1690.3185022590753
-2185.119738429043,2754.9050137946447,1698.9609227029323
-2194.8212386083014,2763.5775040164785,1707.6233341124644
-2204.5415074161483,2772.2714105040063,1716.305736441609
-2214.280541884034,2780.9867359942864,1725.0081296441967
-2224.0383390433076,2789.723483223945,1733.7305136739526
-2233.81489592522,2798.481654929175,1742.4728884844944
-2243.610209560921,2807.2612538457365,1751.2352540293343
-2253.424276981461,2816.062282708956,1760.017610261878
-2263.2570952177907,2824.8847442537276,1768.8199571354246
-2273.108661300762,2833.728641214512,1777.6422946031676
-2282.978972261126,2842.5939763253373,1786.4846226181933
-2292.868025129534,2851.4807523197983,1795.3469411334822
-2302.775816936539,2860.3889719310564,1804.2292501019085
-2312.702344712593,2869.318637891841,1813.1315494762403
-2322.6476054880486,2878.269752934447,1822.053839209139
-2332.6115962931594,2887.242319790737,1830.9961192531596
-2342.5943141580788,2896.23634119214,1839.9583895607514
-2352.5957561128607,2905.2518198696534,1848.9406500842567
-2362.6159191874594,2914.2887585538388,1857.9429007759122
-2372.654800411731,2923.347159974827,1866.9651415878477
-2382.7123968154297,2932.427026862314,1876.0073724720874
-2392.788705428212,2941.528361945564,1885.0695933805482
-2402.8837232796336,2950.651167953407,1894.1518042650414
-2412.997447399152,2959.7954476142395,1903.254005077272
-2423.129874816124,2968.9612036560266,1912.3761957688382
-2433.281002559808,2978.1484388062972,1921.5183762912327
-2443.450827659362,2987.3571557921496,1930.6805465958412
-2453.6393471438455,2996.5873573402478,1939.8627066339434
-2463.8465580422185,3005.8390461768226,1949.0648563567127
-2474.072457383341,3015.1122250276712,1958.286995715216
-2484.317042195974,3024.4068966181576,1967.5291246604147
-2494.5803095087786,3033.7230636732124,1976.7912431431628
-2504.8622563503172,3043.0607289173336,1986.0733511142084
-2515.162879749053,3052.419895074584,1995.3754485241936
-2525.482176733349,3061.8005648685953,2004.697535323654
-2535.82014433147,3071.202741022564,2014.0396114630187
-2546.176779571581,3080.6264262592545,2023.401676892611
-2556.552079481747,3090.071623300997,2032.7837315626475
-2566.946041089935,3099.5383348696887,2042.1857754232385
-2577.3586614240126,3109.0265636867925,2051.607808424388
-2587.7899375117468,3118.5363124733385,2061.0498305159945
-2598.239866380807,3128.067583949923,2070.5118416478485
-2608.708445058763,3137.6203808367095,2079.9938417696367
-2619.195670573085,3147.1947058534274,2089.4958308309365
-2629.701539951144,3156.7905617193724,2099.0178087812214
-2640.226050220212,3166.407951153407,2108.5597755698577
-2650.7691984074627,3176.04687687396,2118.1217311461055
-2661.3309815399703,3185.707341599027,2127.703675459118
-2671.911396644709,3195.3893480461697,2137.3056084579434
-2682.5104407485546,3205.0928989325157,2146.927530091523
-2693.1281108782837,3214.81799697476,2156.569440308691
-2703.764404060574,3224.564644889163,2166.2313390581767
-2714.4193173220046,3234.332845391552,2175.9132262886023
-2725.0928476890545,3244.1226011973204,2185.6151019484837
-2735.7849921881048,3253.933915021428,2195.3369659862306
-2746.495747845436,3263.766789578402,2205.078818350147
-2757.225111687232,3273.6212275823336,2214.840658988429
-2767.973080739576,3283.4972317468823,2224.6224878491685
-2778.739652028453,3293.394804785273,2234.4243048803496
-2789.5248225797486,3303.313949410297,2244.2461100298506
-2800.32858941925,3313.254668334311,2254.0879032454436
-2811.150949572645,3323.21696426924,2263.9496844747946
-2821.9919000655227,3333.2008399265737,2273.8314536654625
-2832.851437923374,3343.2062980173678,2283.7332107649013
-2843.7295601715896,3353.2333412522444,2293.654955720457
-2854.626263835463,3363.2819723413922,2303.596688479371
-2865.5415459401875,3373.3521939945663,2313.558408988777
-2876.4754035108585,3383.4440089210866,2323.5401171957033
-2887.427833572472,3393.557419829841,2333.541813047071
-2898.398833149926,3403.6924294292817,2343.5634964896963
-2909.388399268019,3413.8490404274285,2353.605167470288
-2920.396528951451,3424.027255531866,2363.666825935449
-2931.423219224823,3434.227077449746,2373.7484718316764
-2942.4684671126383,3444.4485088877855,2383.85010510536
-2953.532269639301,3454.6915525522677,2393.9717257027833
-2964.6146238291158,3464.956211149042,2404.113333570125
-2975.7155267062894,3475.2424873835234,2414.2749286534563
-2986.8349752949302,3485.550383960694,2424.456510898742
-2997.972966619048,3495.879903585101,2434.6580802518415
-3009.1294977025523,3506.2310489608576,2444.879636658507
-3020.3045655692563,3516.6038227916433,2455.121180064385
-3031.498167242873,3526.998227780703,2465.382710415016
-3042.7102997470183,3537.414266630848,2475.664227655833
-3053.940960105208,3547.851942044455,2485.965731732164
-3065.190145340861,3558.3112567234666,2496.2872225892297
-3076.457852477296,3568.7922133693924,2506.6287001721453
-3087.7440785377344,3579.294814683307,2516.9901644259194
-3099.048820545299,3589.8190633658505,2527.371615295455
-3110.3720755230133,3600.36496211723,2537.773052725547
-3121.7138404938037,3610.9325136372163,2548.1944766608863
-3133.074112480497,3621.521720625148,2558.635887046056
-3144.452888505822,3632.1325857799297,2569.097283825533
-3155.850165592409,3642.7651118000304,2579.5786669436884
-3167.2659407627907,3653.419301383485,2590.080036344787
-3178.7002110394,3664.095157227895,2600.601391972987
-3190.1529734445726,3674.792682030427,2611.1427337723408
-3201.624225000545,3685.5118784878136,2621.704061686794
-3213.113962729456,3696.252749296353,2632.285375660186
-3224.622183653347,3707.0152971519087,2642.8866756362513
-3236.148884794159,3717.7995247499107,2653.5079615586155
-3247.694063173736,3728.6054347853546,2664.1492333707997
-3259.257715813824,3739.4330299528006,2674.8104910162187
-3270.8398397360697,3750.282312946376,2685.491734438181
-3282.440431962023,3761.1532864597725,2696.1929635798883
-3294.0594895131344,3772.045953186248,2706.9141783844357
-3305.6970094107564,3782.9603158186255,2717.655378794813
-3317.352988676144,3793.8963770492946,2728.416564753903
-3329.027424330453,3804.854139570209,2739.1977362044827
-3340.7203133947423,3815.8336060728893,2749.9988930892227
-3352.4316528899712,3826.8347792484215,2760.8200353506872
-3364.1614398370025,3837.8576617874555,2771.6611629313343
-3375.9096712565993,3848.9022563802087,2782.5222757735155
-3387.676344169428,3859.968565716463,2793.403373819476
-3399.461455596056,3871.0565924855664,2804.3044570113557
-3411.2650025569537,3882.166339376431,2815.225525291187
-3423.086982072492,3893.2978090775364,2826.1665786008966
-3434.927391162945,3904.451004276926,2837.127616882305
-3446.7862268484882,3915.625927662209,2848.108640077126
-3458.6634861491993,3926.8225819205604,2859.109648126968
-3470.559166085058,3938.0409697387204,2870.130640973332
-3482.4732636759463,3949.2810938029943,2881.1716185576133
-3494.4057759416473,3960.5429567992533,2892.2325808211017
-3506.3566999018476,3971.826561412933,2903.313527704979
-3518.326032576135,3983.1319103290357,2914.414459150322
-3530.313770984,3994.459006232128,2925.5353750981003
-3542.319912144834,4005.807851806342,2936.6762754891793
-3554.3444530779316,4017.178449735375,2947.837160264315
-3566.38739080249,4028.5708027024903,2959.01802936416
-3578.448722337607,4039.9849133905154,2970.218882729259
-3590.528444702284,4051.4207844818443,2981.439720300051
-3602.6265549154245,4062.8784186584344,2992.680542016868
-3614.743049995833,4074.3578186018103,3003.941347819937
-3626.8779269622178,4085.858986993061,3015.222137649378
-3639.031182833188,4097.38192651284,3026.522911445205
-3651.202814627256,4108.926639841368,3037.843669147325
-3663.3928193628362,4120.493129658427,3049.184410695539
-3675.6011940582453,4132.081398643369,3060.545136029543
-3687.827935731702,4143.691449475107,3071.9258450889247
-3700.073041401328,4155.323284832122,3083.3265378131673
-3712.3365080851468,4166.976907392459,3094.747214141647
-3724.6183328010843,4178.652319833728,3106.187874013633
-3736.918512566969,4190.349524833104,3117.6485173682895
-3749.2370444005323,4202.068525067326,3129.129144144674
-3761.573925319407,4213.8093232127,3140.6297542817374
-3773.9291523411284,4225.5719219450975,3152.150347718325
-3786.302722483135,4237.356323939953,3163.6909243931755
-3798.694632762767,4249.162531872266,3175.2514842449204
-3811.1048801972674,4260.990548416604,3186.832027212087
-3823.533461803782,4272.840376247095,3198.432553233094
-3835.9803745993586,4284.712018037436,3210.053062246255
-3848.4456156009483,4296.605476460886,3221.6935541897783
-3860.9291818254037,4308.520754190271,3233.3540290017645
-3873.4310702894804,4320.45785389798,3245.034486620208
-3885.951278009837,4332.416778255969,3256.734926982998
-3898.489802003034,4344.397529935757,3268.4553500279158
-3911.0466392855346,4356.400111608429,3280.195755692638
-3923.621786873705,4368.424525944635,3291.956143914735
-3936.215241783814,4380.47077561459,3303.7365146316697
-3948.8270010320325,4392.538863288072,3315.536867780799
-3961.457061634435,4404.628791634425,3327.3572032993748
-3974.105420606998,4416.74056332256,3339.1975211245413
-3986.7720749656005,4428.874181020949,3351.0578211933366
-3999.457021726025,4441.029647397631,3362.9381034426933
-4012.1602579039554,4453.206965120209,3374.838367809438
-4024.8817805149806,4465.406136855851,3386.7586142302894
-4037.6215865745903,4477.62716527129,3398.698842641861
-4050.379673098177,4489.870053032823,3410.659052980661
-4063.156037101038,4502.134802806313,3422.6392451830893
-4075.9506755983703,4514.4214172571865,3434.6394191854406
-4088.763585605276,4526.729899050435,3446.659574923904
-4101.59476413676,4539.0602508506145,3458.699712334561
-4114.444208207729,4551.412475321847,3470.759831353388
-4127.311914832993,4563.786575127817,3482.8399319162545
-4140.197881027266,4576.182552931774,3494.940013958924
-4153.102103805162,4588.600411396534,3507.0600774170534
-4166.024580181201,4601.0401531844755,3519.2001222261943
-4178.965307169803,4613.501780957543,3531.3601483217903
-4191.9242817852955,4625.985297377244,3543.5401556391807
-4204.901501041904,4638.490705104653,3555.7401441135976
-4217.896961953761,4651.018006800407,3567.960113680166
-4230.910661534898,4663.567205124708,3580.2000642739067
-4243.942596799253,4676.138302737323,3592.4599958297326
-4256.992764760665,4688.731302297582,3604.739908282451
-4270.061162432876,4701.346206464382,3617.039801566762
-4283.147786829533,4713.983017896182,3629.3596756172615
-4296.252634964186,4726.6417392510075,3641.699530368437
-4309.3757038502845,4739.322373186447,3654.0593657546715
-4322.516990501184,4752.024922359654,3666.43918171024
-4335.676491930145,4764.749389427346,3678.8389781693127
-4348.854205150326,4777.495777045805,3691.2587550659528
-4362.050127174793,4790.264087870878,3703.698512334118
-4375.264255016512,4803.0543245579765,3716.1582499076585
-4388.4965856883555,4815.866489762075,3728.6379677203195
-4401.747116203098,4828.700586137712,3741.137665705739
-4415.015843573415,4841.556616338993,3753.65734379745
-4428.302764811888,4854.434583019586,3766.197001928877
-4441.607876931,4867.334488832724,3778.756640033341
-4454.931176943138,4880.256336431204,3791.336258044055
-4468.272661860594,4893.200128467386,3803.935855894126
-4481.63232869556,4906.165867593196,3816.5554335165552
-4495.010174460134,4919.153556460124,3829.1949908442375
-4508.406196166316,4932.163197719223,3841.854527809961
-4521.820390826008,4945.194794021111,3854.534044346408
-4535.25275545102,4958.248348015973,3867.2335403861543
-4548.703287053059,4971.323862353552,3879.9530158616703
-4562.171982643741,4984.421339683159,3892.692470705319
-4575.658839234582,4997.54078265367,3905.4519048493576
-4589.163853837003,5010.682193913524,3918.2313182259372
-4602.687023462329,5023.845576110724,3931.030710767103
-4616.228345121786,5037.030931892837,3943.850082404793
-4629.787815826507,5050.238263906994,3956.68943307084
-4643.365432587524,5063.46757479989,3969.54876269697
-4656.961192415777,5076.718867217785,3982.4280712148025
-4670.575092322107,5089.992143806503,3995.327358555851
-4684.207129317258,5103.287407211431,4008.246624651523
-4697.857300411878,5116.60466007752,4021.1858694331195
-4711.525602616521,5129.943905049286,4034.145092831836
-4725.212032941641,5143.3051447708085,4047.1242947787605
-4738.916588397599,5156.688381885732,4060.123475204876
-4752.639265994659,5170.093619037263,4073.1426340410576
-4766.380062742985,5183.5208588681735,4086.181771218076
-4780.138975652647,5196.970104020799,4099.240886666595
-4793.916001733622,5210.441357137039,4112.319980317172
-4807.711137995785,5223.934620858356,4125.419052100257
-4821.524381448918,5237.449897825777,4138.538101946197
-4835.3557291027055,5250.987190679895,4151.677129785228
-4849.205177966737,5264.5465020608635,4164.836135547486
-4863.072725050505,5278.127834608402,4178.015119162996
-4876.958367363405,5291.731190961792,4191.214080561676
-4890.862101914739,5305.356573759881,4204.433019673343
-4904.783925713708,5319.0039856410785,4217.671936427702
-4918.723835769421,5332.67342924336,4230.930830754355
-4932.6818290908905,5346.364907204264,4244.209702582798
-4946.65790268703,5360.078422160889,4257.508551842419
-4960.6520535666605,5373.813976749903,4270.827378462502
-4974.664278738503,5387.571573607535,4284.166182372222
-4988.694575211184,5401.351215369578,4297.5249635006485
-5002.742939993237,5415.152904671389,4310.903721776748
-5016.809370093095,5428.976644147887,4324.302457129376
-5030.893862519098,5442.8224364335565,4337.721169487286
-5044.996414279487,5456.690284162446,4351.15985877912
-5059.117022382409,5470.580189968166,4364.618524933421
-5073.255683835915,5484.492156483893,4378.097167878619
-5087.41239564796,5498.426186342364,4391.595787543041
-5101.587154826401,5512.382282175883,4405.114383854909
-5115.779958379003,5526.360446616315,4418.652956742336
-5129.990803313431,5540.36068229509,4432.21150613333
-5144.219686637256,5554.3829918432,4445.790031955792
-5158.466605357953,5568.427377891204,4459.388534137518
-5172.7315564829005,5582.49384306922,4473.007012606198
-5187.014537019381,5596.582390006933,4486.645467289415
-5201.315543974583,5610.69302133359,4500.303898114645
-5215.6345743555985,5624.825739678002,4513.982305009258
-5229.971625169421,5638.980547668543,4527.680687900519
-5244.3266934229505,5653.157447933151,4541.399046715587
-5258.699776122992,5667.356443099327,4555.1373813815135
-5273.090870276253,5681.577535794137,4568.895691825243
-5287.4999728893445,5695.820728644207,4582.673977973616
-5301.927080968785,5710.08602427573,4596.472239753366
-5316.372191520994,5724.373425314461,4610.290477091119
-5330.835301552297,5738.682934385719,4624.128689913396
-5345.316408068923,5753.014554114385,4637.986878146611
-5359.815508077006,5767.368287124904,4651.865041717074
-5374.332598582583,5781.744136041285,4665.763180550985
-5388.867676591597,5796.142103487099,4679.681294574442
-5403.420739109895,5810.562192085482,4693.619383713433
-5417.991783143228,5825.004404459133,4707.577447893844
-5432.58080569725,5839.4687432303135,4721.55548704145
-5447.187803777521,5853.955211020848,4735.553501081922
-5461.812774389507,5868.4638104521255,4749.571489940826
-5476.455714538575,5882.994544145097,4763.60945354362
-5491.116621229999,5897.5474147202785,4777.667391815655
-5505.795491468955,5912.122424797747,4791.745304682179
-5520.4923222605275,5926.719576997145,4805.8431920683315
-5535.207110609701,5941.338873937676,4819.961053899146
-5549.939853521367,5955.980318238108,4834.098890099549
-5564.690548000321,5970.643912516773,4848.256700594364
-5579.459191051263,5985.329659391564,4862.434485308305
-5594.245779678797,6000.037561479939,4876.63224416598
-5609.050310887433,6014.767621398917,4890.849977091894
-5623.872781681585,6029.519841765084,4905.087684010442
-5638.713189065572,6044.294225194583,4919.3453648459135
-5653.571530043615,6059.090774303128,4933.623019522493
-5668.447801619843,6073.909491705987,4947.920647964259
-5683.342000798288,6088.750380018,4962.238250095183
-5698.254124582887,6103.613441853564,4976.57582583913
-5713.184169977481,6118.498679826641,4990.933375119859
-5728.132133985818,6133.406096550756,5005.3108978610235
-5743.098013611547,6148.335694638998,5019.7083939861695
-5758.081805858225,6163.287476704017,5034.125863418738
-5773.083507729313,6178.261445358026,5048.563306082064
-5788.103116228176,6193.257603212804,5063.020721899374
-5803.140628358084,6208.275952879689,5077.49811079379
-5818.196041122212,6223.3164969695845,5091.99547268833
-5833.269351523639,6238.379238092957,5106.512807505902
-5848.36055656535,6253.464178859835,5121.050115169309
-5863.469653250234,6268.571321879808,5135.607395601248
-5878.596638581086,6283.700669762033,5150.184648724311
-5893.741509560605,6298.852225115226,5164.781874460982
-5908.904263191394,6314.025990547669,5179.3990727336395
-5924.084896475963,6329.2219686672015,5194.036243464555
-5939.2834064167255,6344.440162081232,5208.693386575896
-5954.499790016001,6359.680573396729,5223.370501989721
-5969.734044276011,6374.943205220224,5238.067589627984
-5984.986166198887,6390.2280601578095,5252.784649412532
-6000.256152786661,6405.535140815145,5267.521681265109
-6015.544001041272,6420.864449797448,5282.278685107347
-6030.849707964565,6436.2159897095025,5297.055660860776
-6046.173270558287,6451.589763155653,5311.852608446818
-6061.514685824092,6466.985772739808,5326.669527786789
-6076.87395076354,6482.404021065438,5341.506418801901
-6092.251062378094,6497.8445107355765,5356.363281413258
-6107.646017669123,6513.307244352819,5371.2401155418565
-6123.058813637901,6528.792224519325,5386.1369211085885
-6138.489447285608,6544.299453836815,5401.0536980342395
-6153.937915613327,6559.828934906574,5415.990446239489
-6169.40421562205,6575.380670329449,5430.94716564491
-6184.888344312671,6590.954662705846,5445.923856170969
-6200.390298685989,6606.550914635741,5460.920517738027
-6215.910075742711,6622.169428718666,5475.937150266339
-6231.447672483446,6637.810207553718,5490.973753676052
-6247.003085908709,6653.473253739558,5506.030327887209
-6262.5763130189225,6669.158569874406,5521.106872819745
-6278.167350814412,6684.866158556048,5536.20338839349
-6293.776196295409,6700.596022381831,5551.319874528168
-6309.40284646205,6716.3481639486645,5566.456331143396
-6325.047298314377,6732.122585853021,5581.612758158684
-6340.709548852338,6747.919290690934,5596.7891554934395
-6356.389595075786,6763.738281058001,5611.985523066958
-6372.0874339844795,6779.579559549382,5627.201860798435
-6387.803062578081,6795.443128759798,5642.438168606954
-6403.536477856161,6811.328991283534,5657.694446411497
-6419.287676818191,6827.237149714437,5672.970694130937
-6435.056656463555,6843.167606645914,5688.2669116840425
-6450.843413791534,6859.120364670939,5703.583098989475
-6466.647945801321,6875.095426382045,5718.9192559657895
-6482.470249492012,6891.092794371328,5734.275382531435
-6498.310321862609,6907.112471230445,5749.651478604755
-6514.168159912019,6923.154459550619,5765.047544103985
-6530.043760639054,6939.218761922632,5780.463578947258
-6545.937121042433,6955.30538093683,5795.8995830525955
-6561.8482381207805,6971.41431918312,5811.355556337918
-6577.777108872625,6987.545579250972,5826.831498721036
-6593.723730296402,7003.699163729419,5842.327410119656
-6609.688099390452,7019.875075207054,5857.843290451378
-6625.670213153022,7036.073316272034,5873.379139633696
-6641.6700685822625,7052.29388951208,5888.934957583995
-6657.687662676232,7068.536797514471,5904.510744219558
-6673.722992432894,7084.802042866051,5920.106499457559
-6689.776054850116,7101.089628153225,5935.722223215068
-6705.846846925675,7117.399555961961,5951.357915409047
-6721.935365657249,7133.731828877788,5967.013575956352
-6738.041608042426,7150.086449485798,5982.689204773733
-6754.165571078696,7166.4634203706455,5998.384801777835
-6770.307251763458,7182.862744116545,6014.1003668851945
-6786.466647094016,7199.284423307277,6029.835900012244
-6802.643754067577,7215.72846052618,6045.591401075308
-6818.8385696812575,7232.194858356157,6061.366869990607
-6835.051090932078,7248.683619379672,6077.162306674253
-6851.281314816966,7265.19474617875,6092.977711042255
-6867.529238332753,7281.728241334982,6108.813083010511
-6883.794858476179,7298.284107429517,6124.668422494818
-6900.078172243886,7314.862347043066,6140.543729410862
-6916.379176632427,7331.462962755904,6156.439003674228
-6932.697868638255,7348.0859571478695,6172.354245200389
-6949.034245257736,7364.731332798358,6188.2894539047165
-6965.388303487135,7381.399092286332,6204.244629702474
-6981.760040322628,7398.089238190311,6220.21977250882
-6998.149452760294,7414.801773088381,6236.2148822388035
-7014.556537796119,7431.536699558186,6252.229958807372
-7030.981292425996,7448.294020176935,6268.265002129363
-7047.423713645722,7465.073737521398,6284.32001211951
-7063.883798451002,7481.875854167905,6300.394988692438
-7080.361543837446,7498.70037269235,6316.4899317626705
-7096.856946800572,7515.547295670189,6332.604841244619
-7113.3700043358,7532.4166256764365,6348.739717052593
-7129.90071343846,7549.308365285673,6364.894559100794
-7146.449071103786,7566.222517072039,6381.069367303318
-7163.015074326919,7583.159083609236,6397.264141574155
-7179.598720102907,7600.11806747053,6413.478881827186
-7196.200005426702,7617.099471228744,6429.713587976192
-7212.818927293163,7634.103297456267,6445.968259934841
-7229.455482697057,7651.129548725047,6462.242897616699
-7246.109668633057,7668.178227606598,6478.537500935226
-7262.781482095739,7685.24933667199,6494.852069803773
-7279.470920079589,7702.342878491857,6511.186604135587
-7296.177979578995,7719.458855636396,6527.541103843808
-7312.902657588256,7736.597270675364,6543.915568841469
-7329.644951101576,7753.75812617808,6560.3099990415
-7346.404857113064,7770.9414247134255,6576.724394356722
-7363.182372616736,7788.147168849842,6593.15875469985
-7379.977494606513,7805.375361155335,6609.613079983494
-7396.7902200762255,7822.626004197468,6626.087370120157
-7413.620546019607,7839.899100543371,6642.581625022236
-7430.4684694303,7857.19465275973,6659.095844602022
-7447.333987301852,7874.512663412796,6675.6300287716995
-7464.217096627719,7891.853135068382,6692.184177443347
-7481.11779440126,7909.216070291859,6708.758290528937
-7498.036077615743,7926.601471648165,6725.352367940336
-7514.9719432643415,7944.009341701793,6741.966409589305
-7531.925388340135,7961.439683016803,6758.6004153874965
-7548.896409836112,7978.892498156813,6775.254385246459
-7565.885004745165,7996.367789685005,6791.928319077633
-7582.891170060094,8013.8655601641185,6808.622216792356
-7599.914902773606,8031.385812156459,6825.336078301856
-7616.956199878313,8048.92854822389,6842.0699035172565
-7634.015058366735,8066.493770927839,6858.823692349574
-7651.091475231298,8084.081482829293,6875.59744470972
-7668.185447464337,8101.691686488801,6892.391160508499
-7685.296972058089,8119.324384466473,6909.204839656609
-7702.426046004701,8136.979579321981,6926.038482064643
-7719.572666296226,8154.657273614558,6942.8920876430875
-7736.7368299246245,8172.357469902999,6959.765656302321
-7753.9185338817615,8190.0801707456585,6976.6591879526195
-7771.1177751594105,8207.825378700452,6993.572682504149
-7788.334550749251,8225.593096324861,7010.506139866972
-7805.568857642871,8243.383326175923,7027.459559951043
-7822.820692831761,8261.196070810238,7044.432942666212
-7840.0900533073245,8279.031332783969,7061.4262879222215
-7857.376936060866,8296.889114652839,7078.439595628709
-7874.681338083599,8314.76941897213,7095.472865695206
-7892.003256366646,8332.67224829669,7112.526098031137
-7909.342687901034,8350.597605180927,7129.5992925458195
-7926.699629677696,8368.545492178804,7146.692449148466
-7944.074078687474,8386.515911843853,7163.805567748183
-7961.466031921116,8404.508866729164,7180.938648253971
-7978.8754863692775,8422.524359387386,7198.091690574724
-7996.30243902252,8440.562392370734,7215.264694619229
-8013.746886871312,8458.622968230979,7232.457660296169
-8031.208826906031,8476.706089519457,7249.670587514118
-8048.688256116959,8494.811758787064,7266.903476181546
-8066.185171494285,8512.939978584254,7284.156326206816
-8083.699570028107,8531.090751461046,7301.429137498184
-8101.231448708428,8549.264079967019,7318.721909963803
-8118.7808045251595,8567.459966651311,7336.034643511716
-8136.3476344681185,8585.678414062624,7353.367338049863
-8153.931935527032,8603.91942474922,7370.719993486076
-8171.533704691531,8622.183001258918,7388.092609728081
-8189.152938951155,8640.469146139105,7405.485186683499
-8206.78963529535,8658.777861936724,7422.897724259843
-8224.44379071347,8677.10915119828,7440.330222364521
-8242.115402194779,8695.463016469841,7457.782680904836
-8259.804466728441,8713.839460297033,7475.255099787982
-8277.51098130353,8732.238485225042,7492.747478921048
-8295.234942909032,8750.660093798619,7510.25981821102
-8312.976348533834,8769.104288562074,7527.7921175647725
-8330.735195166733,8787.571072059276,7545.344376889078
-8348.511479796434,8806.060446833659,7562.916596090601
-8366.305199411549,8824.572415428212,7580.5087750759
-8384.116351000595,8843.10698038549,7598.120913751429
-8401.944931551998,8861.664144247607,7615.753012023533
-8419.790938054091,8880.243909556237,7633.405069798453
-8437.654367495117,8898.846278852616,7651.077086982323
-8455.535216863222,8917.471254677537,7668.7690634811715
-8473.433483146462,8936.11883957136,7686.4809992009195
-8491.3491633328,8954.789036074002,7704.212894047385
-8509.282254410104,8973.48184672494,7721.964747926275
-8527.232753366152,8992.197274063215,7739.736560743194
-8545.20065718863,9010.935320627425,7757.528332403641
-8563.185962865131,9029.695988955731,7775.340062813005
-8581.188667383154,9048.479281585853,7793.171751876573
-8599.208767730106,9067.285201055072,7811.023399499522
-8617.246260893302,9086.113749900233,7828.895005586927
-8635.301143859964,9104.964930657738,7846.786570043754
-8653.373413617224,9123.83874586355,7864.698092774864
-8671.463067152117,9142.735198053191,7882.629573685011
-8689.570101451589,9161.65428976175,7900.581012678843
-8707.69451350249,9180.596023523867,7918.552409660902
-8725.836300291585,9199.560401873752,7936.543764535626
-8743.995458805537,9218.54742734517,7954.555077207344
-8762.171986030924,9237.557102471446,7972.586347580279
-8780.36587895423,9256.58942978547,7990.6375755585495
-8798.577134561843,9275.644411819687,8008.708761046168
-8816.805749840063,9294.722051106106,8026.799903947038
-8835.051721775097,9313.822350176295,8044.911004164961
-8853.315047353055,9332.945311561385,8063.042061603629
-8871.595723559964,9352.090937792065,8081.19307616663
-8889.893747381748,9371.259231398586,8099.364047757444
-8908.209115804246,9390.450194910756,8117.554976279445
-8926.541825813203,9409.663830857948,8135.765861635905
-8944.89187439427,9428.900141769092,8153.996703729984
-8963.259258533011,9448.15913017268,8172.247502464738
-8981.64397521489,9467.440798596763,8190.51825774312
-9000.046021425285,9486.745149568955,8208.808969467973
-9018.46539414948,9506.072185616427,8227.119637542033
-9036.902090372665,9525.421909265913,8245.450261867934
-9055.35610707994,9544.794323043707,8263.800842348204
-9073.827441256315,9564.18942947566,8282.171378885261
-9092.316089886703,9583.607231087188,8300.561871381418
-9110.822049955927,9603.047730403263,8318.972319738885
-9129.345318448719,9622.510929948421,8337.40272385976
-9147.88589234972,9641.996832246756,8355.853083646038
-9166.443768643472,9661.505439821922,8374.323398999612
-9185.018944314435,9681.036755197136,8392.813669822262
-9203.611416346972,9700.59078089517,8411.323896015667
-9222.22118172535,9720.167519438364,8429.854077481396
-9240.848237433753,9739.766973348611,8448.404214120914
-9259.492580456266,9759.389145147366,8466.974305835582
-9278.154207776885,9779.034037355646,8485.564352526651
-9296.833116379514,9798.701652494026,8504.174354095268
-9315.529303247962,9818.391993082641,8522.804310442472
-9334.242765365952,9838.10506164119,8541.4542214692
-9352.973499717109,9857.840860688928,8560.124087076276
-9371.721503284973,9877.59939274467,8578.813907164424
-9390.486773052984,9897.380660326795,8597.52368163426
-9409.269306004495,9917.184665953238,8616.253410386294
-9428.069099122768,9937.011412141497,8635.003093320931
-9446.88614939097,9956.860901408627,8653.772730338465
-9465.720453792179,9976.733136271245,8672.56232133909
-9484.572009309382,9996.628119245524,8691.371866222891
-9503.440812925472,10016.545852847206,8710.201364889846
-9522.326861623249,10036.486339591585,8729.05081723983
-9541.230152385424,10056.449581993518,8747.920223172609
-9560.150682194615,10076.435582567421,8766.809582587843
-9579.088448033348,10096.44434382727,8785.718895385087
-9598.04344688406,10116.475868286601,8804.648161463792
-9617.015675729093,10136.530158458512,8823.5973807233
-9636.005131550699,10156.607216855658,8842.566553062847
-9655.011811331038,10176.707045990253,8861.555678381563
-9674.03571205218,10196.829648374076,8880.564756578471
-9693.076830696102,10216.97502651846,8899.593787552492
-9712.135164244688,10237.1431829343,8918.642771202438
-9731.210709679734,10257.334120132055,8937.711707427012
-9750.30346398294,10277.547840621735,8956.800596124815
-9769.413424135919,10297.78434691292,8975.909437194341
-9788.54058712019,10318.043641514741,8995.038230533979
-9807.684949917179,10338.325726935895,9014.18697604201
-9826.846509508225,10358.630605684633,9033.35567361661
-9846.025262874571,10378.958280268771,9052.544323155847
-9865.221206997372,10399.308753195683,9071.752924557684
-9884.43433885769,10419.6820269723,9090.98147771998
-9903.664655436496,10440.078104105116,9110.229982540486
-9922.91215371467,10460.496987100187,9129.498438916848
-9942.176830672997,10480.93867846312,9148.786846746601
-9961.458683292178,10501.403180699092,9168.095205927182
-9980.757708552816,10521.890496312832,9187.423516355915
-10000.073903435423,10542.400627808633,9206.771777930022
-10019.407264920426,10562.933577690344,9226.139990546617
-10038.757789988154,10583.489348461377,9245.528154102709
-10058.125475618848,10604.067942624702,9264.9362684952
-10077.510318792656,10624.669362682847,9284.364333620886
-10096.912316489637,10645.293611137904,9303.812349376458
-10116.331465689758,10665.940690491521,9323.2803156585
-10135.767763372894,10686.610603244906,9342.768232363489
-10155.221206518829,10707.303351898827,9362.276099387798
-10174.691792107255,10728.018938953612,9381.803916627694
-10194.179517117773,10748.757366909147,9401.351683979336
-10213.684378529893,10769.518638264879,9420.919401338777
-10233.206373323039,10790.302755519813,9440.507068601963
-10252.745498476535,10811.109721172517,9460.114685664737