
301.14260994558316,593.996172052334,-39.917208059466624
301.54993693475774,594.876505767509,-39.42583021035131
301.9773985791233,595.7767786086315,-38.95445215157816
302.42499779326914,596.696987638988,-38.50307388565376
302.89273749167745,597.6371299214403,-38.07169541497834
303.38062058872333,598.5972025184246,-37.660316741845776
303.8886499986748,599.5772024919526,-37.268937868443594
304.41682863569264,600.5771269036105,-36.89755879685297
304.9651594138306,601.5969728145599,-36.546179529048736
305.53364524703517,602.636737285537,-36.21480006689937
306.1222890491458,603.6964173768537,-35.903420412167
306.7310937338947,604.7760101483962,-35.6120405665074
307.3600622149067,605.8755126596261,-35.34066053147001
308.00919740569964,606.9949219695801,-35.08928030849789
308.67850221968405,608.13423513687,-34.85789989892778
309.3679795701632,609.2934492196827,-34.64651930399006
310.077632370333,610.47256127578,-34.455138524808746
310.8074635332822,611.6715683624991,-34.28375756240152
311.5574759719923,612.8904675367523,-34.132376417679716
312.3276725993373,614.129255855027,-34.0009950914483
313.118056328084,615.3879303733859,-33.889613584405915
313.9286300708918,616.6664881474667,-33.798231897144824
314.7593967403128,617.9649262324824,-33.72685003015096
315.6103592487916,619.2832416832215,-33.6754679838039
316.4815205086656,620.6214315540474,-33.64408575837687
317.3728834321646,621.9794928988987,-33.63270335403674
318.2844509314111,623.3574227712897,-33.64132077084405
319.2162259184201,624.7552182243097,-33.669938008752965
320.16821130509913,626.1728763106235,-33.71855506761132
321.14041000324835,627.6103940824709,-33.78717194716058
322.1328249245603,629.0677685916671,-33.87578864703588
323.1454589806201,630.5449968896031,-33.984405166765995
324.1783150829054,632.0420760272449,-34.113021505773354
325.2313961427862,633.5590030551338,-34.261637663374024
326.304705071525,635.0957750233868,-34.43025363877774
327.3982447802768,636.652388981696,-34.618869431087866
328.5120181800889,638.2288419793293,-34.827485039301436
329.64602818190116,639.82513106513,-35.056100462309125
330.8002776965457,641.4412532875165,-35.30471569889526
331.97476963474713,643.0772056944829,-35.573330747737806
333.1695069071223,644.732985333599,-35.861945607408394
334.38449242418045,646.4085892520097,-36.1705602763723
335.6197290963231,648.1040144964359,-36.499174752988445
336.87521983384426,649.8192581131735,-36.847789035509415
338.1509675469301,651.5543171480946,-37.216403122081424
339.44697514565894,653.3091886466464,-37.60501701074435
340.7632455400017,655.0838696538518,-38.01363069943172
342.0997816398213,656.8783572143094,-38.44224418597071
343.45658635487297,658.6926483721934,-38.89085746808213
344.8336625948041,660.5267401712536,-39.35947054338048
346.2310132691544,662.3806296548154,-39.84808340937387
347.64864128735564,664.25431386578,-40.35669606346407
349.0865495587319,666.1477898466242,-40.885308502946515
350.5447409924994,668.0610546394005,-41.433920725010275
352.0232184977664,669.9941052857372,-42.002532726738075
353.5219849835333,671.9469388268383,-42.591144505106286
355.0410433586927,673.9195523034836,-43.199756056984945
356.5803965320293,675.9119427560283,-43.82836737913772
358.14004741221976,677.924107224404,-44.47697846822194
359.7199989078329,679.9560427481176,-45.145589320788574
361.3202539273296,682.007746366252,-45.83419993328226
362.94081537906266,684.0792151174661,-46.54281030204126
364.58168617127706,686.1704460399942,-47.271420423297506
366.24286921210967,688.281436171647,-48.02003029317658
367.9243674095894,690.4121825498106,-48.7886399076977
369.6261836716372,692.5626822114473,-49.57724926277375
371.3483209060658,694.732932193095,-50.38585835421125
373.09078202058,696.9229295308681,-51.21446717771038
374.8535699227765,699.1326712604563,-52.06307572886498
376.6366875201439,701.3621544171255,-52.931684003162516
378.4401377200627,703.6113760357176,-53.82029199598412
380.2639234298053,705.8803331506506,-54.72889970260457
382.1080475565359,708.1690227959182,-55.6575071181923
383.9725130073106,710.4774420050903,-56.606114237809386
385.8573226890774,712.8055878113131,-57.57472105641156
387.76247950867605,715.1534572473083,-58.5633275688482
389.68798637283805,717.5210473453741,-59.57193376986235
391.63384618818674,719.9083551373845,-60.600539654090674
393.60006186123724,722.3153776547899,-61.649145216063516
395.58663629839646,724.7421119286165,-62.71775045020486
397.593572405963,727.1885549894668,-63.80635535083234
399.6208730901272,729.6547038675193,-64.91495991215724
401.668541256971,732.1405555925289,-66.0435641282845
403.73657981246834,734.6461071938267,-67.19216799321269
405.8249916624845,737.1713557003195,-68.36077150083406
407.9337797127765,739.7162981404908,-69.5493746449345
410.06294686899327,742.2809315424001,-70.75797741919355
412.212496036675,744.8652529336833,-71.98657981718439
414.38243012125383,747.4692593415524,-73.23518183237387
416.57275202805323,750.0929477927957,-74.50378345812248
418.7834646622884,752.7363153137778,-75.79238468768436
421.01457092906605,755.3993589304398,-77.10098551420731
423.2660737333846,758.0820756682988,-78.42958593073277
425.53797598013375,760.7844625524484,-79.77818593019583
427.8302805740949,763.5065166075585,-81.14678550542526
430.142990419941,766.2482348578754,-82.53538464914342
432.47610842223634,769.0096143272218,-83.94398335396639
434.82963748543676,771.7906520389967,-85.37258161240386
437.2035805138897,774.5913450161755,-86.8211794168592
439.59794041183375,777.4116902813103,-88.28977675962939
442.0127200833992,780.2516848565292,-89.77837363290509
444.44792243260764,783.1113257635374,-91.28697002877061
446.90355036337206,785.9906100236159,-92.8155659392039
449.37960677949684,788.8895346576226,-94.3641613560766
451.87609458467773,791.8080966859915,-95.93275627115392
454.3930166825019,794.7462931287337,-97.52135067609481
456.9303759764478,797.7041210054366,-99.12994456245183
459.4881753698852,800.6815773352639,-100.75853792167118
462.06641776607523,803.6786591369562,-102.40713074509273
464.66510606817025,806.6953634288305,-104.07572302395
467.2842431792139,809.7316872287806,-105.76431474937019
469.92383200214107,812.7876275542767,-107.47290591237409
472.583875439778,815.8631814223656,-109.20149650387617
475.2643763948421,818.9583458496711,-110.95008651468459
477.9653377699419,822.0731178523934,-112.7186759355011
480.68676246757735,825.2074944463093,-114.50726475692115
483.42865339013935,828.3614726467724,-116.3158529694338
486.1910134399101,831.5350494687132,-118.14444056342181
488.97384551906293,834.7282219266386,-119.99302752916155
491.7771525296624,837.9409870346326,-121.86161385682307
494.60093737366395,841.1733418063556,-123.75019953647006
497.44520295291437,844.425283255045,-125.65878455805986
500.3099521691514,847.696808393515,-127.58736891144346
503.195187924004,850.9879142341564,-129.5359525863655
506.100913118992,854.2985977889372,-131.50453557246433
509.02713065552643,857.6288560694019,-133.49311785927188
511.9738434349093,860.9786860866719,-135.50169943621376
514.9410543583336,864.3480848514458,-137.5302802926092
517.9287663268834,867.7370493739987,-139.57886041767114
520.9369822415338,871.1455766641826,-141.64743980050613
523.9657050031504,874.5736637314268,-143.7360184301144
527.0149375124905,878.0213075847372,-145.84459629538983
530.0846826702019,881.4885052326968,-147.97317338511994
533.1749433768234,884.9752536834652,-150.12174968798587
536.2857225327846,888.4815499447798,-152.2903251925625
539.417023038406,892.0073910239541,-154.4788998873183
542.5688477938993,895.5527739278793,-156.6874737606154
545.7411996993668,899.1176956630233,-158.91604680070958
548.9340816548016,902.702153235431,-161.1646189957503
552.1474965600878,906.3061436507245,-163.43319033378063
555.3814473150001,909.9296639141031,-165.72176080273735
558.6359368192042,913.5727110303429,-168.03033039045084
561.9109679722565,917.2352820037974,-170.3588990846452
565.206543673604,920.9173738383968,-172.70746687293808
568.5226668225848,924.6189835376488,-175.0760337428409
571.8593403184276,928.3401081046384,-177.46459968175864
575.2165670602517,932.0807445420274,-179.87316467699
578.5943499470671,935.8408898520549,-182.3017287157273
581.9926918777747,939.6205410365375,-184.7502917850565
585.411595751166,943.4196950968685,-187.21885387195726
588.8510644659232,947.2383490340189,-189.70741496330285
592.311100920619,951.0764998485367,-192.2159750458602
595.7917080137166,954.9341445405473,-194.74453410628996
599.2928886435702,958.8112801097533,-197.29309213114635
602.8146457084245,962.7079035554347,-199.86164910687728
606.3569821064144,966.6240118764485,-202.4502050198243
609.9199007355659,970.5596020712297,-205.05875985622262
613.5034044937952,974.51467113779,-207.68731360220113
617.1074962789091,978.4892160737187,-210.33586624378233
620.7321789886053,982.4832338761826,-213.00441776688243
624.3774555204712,986.4967215419257,-215.6929681573112
628.0433287719857,990.5296760672694,-218.40151740077224
631.7298016405173,994.5820944481129,-221.13006548286262
635.4368770233253,998.6539736799324,-223.87861238907314
639.1645578175596,1002.7453107577818,-226.64715810478828
642.9128469202603,1006.8561026762924,-229.43570261528612
646.6817472283581,1010.9863464296732,-232.24424590573844
650.4712616386738,1015.1360390117103,-235.07278796121068
654.281393047919,1019.3051774157676,-237.92132876666187
658.1121443526953,1023.4937586347866,-240.78986830694478
661.9635184494949,1027.701779661286,-243.67840656680576
665.8355182347002,1031.9292374873626,-246.5869435308849
669.7281466045839,1036.1761291046905,-249.51547918371585
673.6414064553092,1040.4424515045214,-252.46401350972602
677.5753006829293,1044.7282016776846,-255.43254649323637
681.5298321833878,1049.033376614587,-258.4210781184616
685.5050038525188,1053.3579733052136,-261.42960836951
689.5008185860464,1057.7019887391264,-264.45813723038356
693.517279279585,1062.0654199054652,-267.506664684978
697.5543888286389,1066.4482637929482,-270.5751907170825
701.6121501286032,1070.8505173898707,-273.66371531038004
705.6905660747626,1075.2721776841056,-276.77223844844724
709.7896395622925,1079.713241663104,-279.90076011475435
713.909373486258,1084.1737063138949,-283.0492802926653
718.0497707416146,1088.653568623084,-286.2177989654376
722.2108342232077,1093.1528255768562,-289.40631611622257
726.3925668257732,1097.671474160973,-292.61483172806504
730.5949714439367,1102.209511360775,-295.8433457839036
734.818050972214,1106.7669341611795,-299.09185826657045
739.0618083050109,1111.3437395466822,-302.36036915879146
743.3262463366234,1115.9399245013565,-305.6488784431861
747.6113679612375,1120.5554860088537,-308.95738610226755
751.9171760729292,1125.1904210524033,-312.2858921184427
756.2436735656644,1129.8447266148125,-315.63439647401196
760.5908633332989,1134.5183996784665,-319.0028991511695
764.9587482695788,1139.2114372253284,-322.3914001320032
769.3473312681399,1143.9238362369395,-325.79989939849446
773.756615222508,1148.6555936944185,-329.2283969325184
778.1866030260989,1153.4067065784627,-332.67689271584385
782.6372975722181,1158.1771718693471,-336.14538673013317
787.1087017540613,1162.966986546925,-339.6338789569425
791.6008184647136,1167.7761475906277,-343.14236937772165
796.1136505971506,1172.6046519794643,-346.6708579738139
800.647201044237,1177.4524966920221,-350.2193447264564
805.2014726987281,1182.319678706467,-353.7878296167799
809.7764684532685,1187.206195000542,-357.3763126258088
814.3721912003928,1192.1120425515692,-360.9847937344611
818.9886438325252,1197.0372183364484,-364.61327292354855
823.6258292419799,1201.9817193316578,-368.26175017377653
828.2837503209606,1206.9455425132535,-371.930225465744
832.9624099615611,1211.92868485687,-375.6186987799437
837.6618110557646,1216.93114333772,-379.32717009676196
842.381956495444,1221.9529149305943,-383.0556393964788
847.1228491723622,1226.9939966098618,-386.8041066592678
851.8844919781714,1232.0543853494703,-390.5725718651963
856.6668878044137,1237.1340781229453,-394.3610349942254
861.4700395425209,1242.233071903391,-398.1694960262097
866.2939500838141,1247.351363663489,-401.99795494089744
871.1386223195043,1252.488950375501,-405.84641171793066
876.0040591406921,1257.6458290112648,-409.7148663368449
880.8902634383676,1262.8219965421986,-413.60331877706955
885.7972381034103,1268.0174499392979,-417.51176901792746
890.7249860265897,1273.2321861731364,-421.4402170386353
895.6735100985644,1278.466202213867,-425.38866281830326
900.6428132098827,1283.7194950312205,-429.3571063359354
905.6328982509823,1288.9920615945061,-433.3455475704292
910.6437681121906,1294.283898872612,-437.35398650057596
915.6754256837244,1299.5950038340045,-441.3824231050605
920.7278738556897,1304.925373446728,-445.4308573624615
925.8011155180824,1310.2750046784058,-449.4992892512512
930.8951535607874,1315.6438944962401,-453.5877187497954
936.0099908735793,1321.032039867011,-457.6961458363537
941.1456303461222,1326.4394377570775,-461.82457048907935
946.3020748679692,1331.866085132377,-465.9729926860192
951.4793273285629,1337.3119789584257,-470.1414124051138
956.6773906172355,1342.7771162003185,-474.3298296241973
961.896267623208,1348.2614938227282,-478.5382443209977
967.1359612355914,1353.765108789907,-482.76665647313644
972.3964743433854,1359.2879580656852,-487.0150660581287
977.6778098354796,1364.8300386134722,-491.2834730533834
982.9799706006523,1370.3913473962562,-495.571877436203
988.3029595275714,1375.9718813766035,-499.88027918378367
993.6467795047939,1381.5716375166596,-504.2086782732153
999.0114334207661,1387.1906127781485,-508.55707468148137
1004.3969241638235,1392.828804122373,-512.925468385459
1009.8032546221908,1398.4862085102145,-517.3138593619191
1015.2304276839818,1404.1628229021337,-521.7222475875261
1020.6784462371996,1409.8586442581698,-526.1506330388382
1026.1473131697364,1415.5736695379405,-530.5990156923073
1031.6370313693735,1421.3078957006426,-535.0673955242787
1037.1476037237815,1427.0613197050518,-539.5557725109917
1042.6790331205198,1432.8339385095228,-544.064146628579
1048.231322447037,1438.625749071989,-548.5925178530672
1053.8044745906711,1444.4367483499625,-553.1408861603765
1059.3984924386486,1450.2669333005347,-557.7092515263205
1065.0133788780856,1456.1163008803755,-562.2976139266068
1070.6491367959868,1461.9848480457342,-566.9059733368365
1076.3057690792461,1467.8725717524385,-571.5343297325044
1081.9832786146465,1473.7794689558955,-576.1826830889989
1087.6816682888596,1479.7055366110912,-580.8510333816024
1093.4009409884463,1485.6507716725907,-585.5393805854903
1099.1410995998567,1491.6151710945378,-590.2477246757325
1104.9021470094292,1497.5987318306557,-594.9760656272917
1110.6840861033916,1503.6014508342464,-599.724403415025
1116.4869197678604,1509.6233250581913,-604.4927380136827
1122.3106508888409,1515.6643514549505,-609.2810693979089
1128.1552823522277,1521.7245269765635,-614.0893975422416
1134.0208170438038,1527.8038485746488,-618.9177224211121
1139.9072578492412,1533.9023132004038,-623.7660440088455
1145.8146076541009,1540.0199178046055,-628.6343622796606
1151.7428693438326,1546.1566593376097,-633.52267720767
1157.6920458037748,1552.3125347493517,-638.4309887668796
1163.6621399191545,1558.4875409893455,-643.3592969311894
1169.653154575088,1564.681675006685,-648.3076016743927
1175.6650926565799,1570.894933750043,-653.2759029701766
1181.697957048524,1577.1273141676713,-658.2642007921221
1187.7517506357021,1583.3788132074012,-663.2724951137035
1193.8264763027855,1589.6494278166435,-668.300785908289
1199.9221369343338,1595.939154942388,-673.3490731491403
1206.0387354147954,1602.247991531204,-678.4173568094129
1212.176274628507,1608.57593452924,-683.505636862156
1218.3347574596944,1614.9229808822238,-688.6139132803124
1224.514186792472,1621.2891275354625,-693.7421860367185
1230.7145655108425,1627.674371433843,-698.8904551041045
1236.9358964986973,1634.0787095218311,-704.058720455094
1243.1781826398167,1640.5021387434724,-709.2469820622047
1249.4414268178693,1646.9446560423917,-714.4552398978476
1255.725631916412,1653.406258361793,-719.6834939343275
1262.0308008188908,1659.8869426444608,-724.9317441438432
1268.35693640864,1666.3867058327578,-730.1999904984864
1274.704041568882,1672.9055448686267,-735.4882329702432
1281.0721191827286,1679.44345669359,-740.7964715309929
1287.4611721331792,1686.000438248749,-746.1247061525088
1293.871203303122,1692.5764864747857,-751.4729368064576
1300.3022155753338,1699.1715983119607,-756.8411634644
1306.7542118324793,1705.7857707001142,-762.22938609779
1313.2271949571127,1712.4190005786666,-767.6376046779754
1319.7211678316753,1719.0712848866171,-773.065819176198
1326.2361333384974,1725.7426205625454,-778.5140295635928
1332.7720943597978,1732.4330045446104,-783.9822358111885
1339.3290537776836,1739.1424337705505,-789.4704378899078
1345.90701447415,1745.8709051776839,-794.9786357705667
1352.5059793310804,1752.6184157029088,-800.5068294238752
1359.1259512302474,1759.3849622827024,-806.0550188204369
1365.7669330533108,1766.1705418531224,-811.6232039307489
1372.4289276818192,1772.9751513498059,-817.2113847252022
1379.1119379972097,1779.7987877079695,-822.8195611740811
1385.815966880807,1786.6414478624101,-828.447733247564
1392.5410172138247,1793.503128747504,-834.0959009157227
1399.287091877364,1800.3838272972073,-839.764064148523
1406.054193752415,1807.2835404450561,-845.4522229158239
1412.8423257198551,1814.2022651241664,-851.1603771873783
1419.651490660451,1821.1399982672335,-856.8885269328331
1426.4816914548562,1828.0967368065335,-862.6366721217282
1433.3329309836136,1835.0724776739216,-868.4048127234977
1440.2052121271536,1842.067217800833,-874.1929487074691
1447.0985377657948,1849.0809541182834,-880.0010800428638
1454.0129107797436,1856.1136835568677,-885.8292066987966
1460.9483340490954,1863.1654030467612,-891.6773286442763
1467.9048104538324,1870.2361095177193,-897.545445848205
1474.8823428738258,1877.3257998990766,-903.4335582793788
1481.8809341888343,1884.4344711197487,-909.3416659064874
1488.900587278505,1891.5621201082304,-915.2697686981139
1495.9413050223732,1898.7087437925968,-921.2178666227355
1503.0030902998612,1905.8743391005034,-927.1859596487229
1510.0859459902804,1913.0589029591856,-933.1740477443402
1517.1898749728293,1920.2624322954584,-939.1821308777456
1524.314880126595,1927.4849240357173,-945.2102090169909
1531.460964330552,1934.726375105938,-951.2582821300213
1538.6281304635631,1941.986782431676,-957.3263501846758
1545.8163814043787,1949.266142938067,-963.4144131486872
1553.0257200316373,1956.5644535498277,-969.522470989682
1560.2561492238651,1963.8817111912538,-975.6505236751801
1567.5076718594764,1971.2179127862216,-981.7985711725954
1574.7802908167732,1978.5730552581879,-987.9666134492353
1582.074008973945,1985.9471355301894,-994.1546504723009
1589.3888292090694,1993.3401505248432,-1000.3626822088868
1596.724754400112,2000.7520971643469,-1006.5907086259816
1604.0817874249258,2008.1829723704775,-1012.8387296904675
1611.459931161252,2015.6327730645935,-1019.1067453691203
1618.8591884867187,2023.1014961676328,-1025.3947556286093
1626.2795622788428,2030.5891386001138,-1031.702760435498
1633.7210554150283,2038.0956972821355,-1038.030759756243
1641.1836707725668,2045.6211691333772,-1044.3787535571948
1648.6674112286378,2053.1655510730984,-1050.7467418045978
1656.1722796603085,2060.728840020139,-1057.1347244645897
1663.6982789445337,2068.3110328929197,-1063.5427015032021
1671.245411958156,2075.912126609441,-1069.9706728863605
1678.8136815779048,2083.5321180872847,-1076.4186385798832
1686.4030906803985,2091.171004243612,-1082.8865985494833
1694.013642142142,2098.828781995165,-1089.374552760767
1701.6453388395282,2106.505448258267,-1095.8825011792342
1709.2981836488375,2114.20099994882,-1102.4104437702786
1716.9721794462375,2121.9154339823094,-1108.9583804991873
1724.6673291077839,2129.648747273798,-1115.5263113311416
1732.3836355094195,2137.4009367379317,-1122.1142362312162
1740.1211015269748,2145.1719992889352,-1128.722155164379
1747.879730036168,2152.961931840615,-1135.3500680954926
1755.6595239126045,2160.770731306357,-1141.9979749893123
1763.4604860317768,2168.598394599129,-1148.6658758104875
1771.2826192690652,2176.4449186314782,-1155.3537705235615
1779.1259264997377,2184.310300315534,-1162.061659092971
1786.9904105989494,2192.1945365630045,-1168.7895414830466
1794.8760744417427,2200.0976242851802,-1175.5374176580121
1802.7829209030474,2208.0195603929315,-1182.3052875819853
1810.710952857681,2215.9603417967096,-1189.093151218978
1818.6601731803478,2223.9199654065465,-1195.901008532895
1826.63058474564,2231.898428132055,-1202.7288594875356
1834.6221904280367,2239.8957268824283,-1209.576704046592
1842.6349931019042,2247.9118585664414,-1216.4445421736507
1850.6689956414966,2255.946820092449,-1223.3323738321913
1858.724200920955,2264.000608368387,-1230.2401989855875
1866.8006118143076,2272.0732203017724,-1237.1680175971064
1874.8982311954699,2280.1646527997023,-1244.1158296299093
1883.017061938245,2288.2749027688556,-1251.0836350470506
1891.1571069163228,2296.403967115492,-1258.0714338114788
1899.3183690032804,2304.5518427454513,-1265.0792258860356
1907.5008510725822,2312.7185265641547,-1272.1070112334571
1915.7045559975797,2320.904015476604,-1279.1547898163724
1923.929486651512,2329.1083063873825,-1286.2225615973048
1932.1756459075043,2337.3313962006546,-1293.3103265386708
1940.44303663857,2345.5732818201654,-1300.418084602781
1948.7316617176089,2353.8339601492403,-1307.5458357518391
1957.0415240174082,2362.113428090787,-1314.6935799479434
1965.372626410642,2370.4116825472925,-1321.8613171530849
1973.7249717698717,2378.728720420827,-1329.0490473291493
1982.0985629675454,2387.06453861304,-1336.2567704379153
1990.4934028759985,2395.419134025163,-1343.4844864410552
1998.9094943674531,2403.7925035580083,-1350.7321953001353
2007.346840314019,2412.1846441119696,-1357.999896976616
2015.805443587692,2420.5955525870213,-1365.2875914318504
2024.2853070603555,2429.025225882719,-1372.595278627086
2032.7864336037799,2437.4736608982,-1379.9229585234634
2041.3088260896222,2445.940854532182,-1387.2706310820176
2049.852487389426,2454.4268036829644,-1394.638296263677
2058.4174203746234,2462.9315052484276,-1402.0259540292636
2067.003627916531,2471.4549561260333,-1409.4336043394933
2075.611112886354,2479.9971532128247,-1416.8612471549752
2084.239878155184,2488.558093405426,-1424.3088824362126
2092.889926594,2497.137773600043,-1431.776510143602
2101.561261073666,2505.736190692462,-1439.2641302374343
2110.253884464935,2514.353341578051,-1446.7717426778936
2118.967799638445,2522.98922315176,-1454.2993474250577
2127.7030094647225,2531.64383230812,-1461.846944438898
2136.4595168141796,2540.3171659412424,-1469.4145336792799
2145.2373245571152,2549.0092209448208,-1477.0021151059623
2154.0364355637153,2557.7199942121306,-1484.6096886785979
2162.8568527040525,2566.4494826360283,-1492.237254356733
2171.698578848086,2575.1976831089514,-1499.8848120998077
2180.561616865662,2583.964592522919,-1507.5523618671555
2189.445969626513,2592.7502077695317,-1515.2399036180036
2198.351640000258,2601.5545257399713,-1522.9474373114735
2207.278630856403,2610.3775433250025,-1530.67496290658
2216.226945064341,2619.2192574149694,-1538.4224803622312
2225.1965854933514,2628.0796648998,-1546.1899896372295
2234.187555012599,2636.958762669001,-1553.9774906902705
2243.199856491137,2645.856547611663,-1561.7849834799445
2252.233492797904,2654.773016616457,-1569.6124679647337
2261.2884668017255,2663.708166571637,-1577.459944103016
2270.3647813713137,2672.6619943650367,-1585.3274118530612
2279.4624393752665,2681.634496884072,-1593.2148711730342
2288.58144368207,2690.6256710157413,-1601.1223220209927
2297.721797160095,2699.635513646624,-1609.0497643548883
2306.8835026775996,2708.664021662881,-1616.9971981325668
2316.066563102728,2717.711191950256,-1624.9646233117671
2325.270981303512,2726.7770213940726,-1632.952039850122
2334.4967601478684,2735.8615068792374,-1640.9594477051578
2343.743902503601,2744.9646452902384,-1648.986846834295
2353.0124112383996,2754.086433511146,-1657.034237194847
2362.3022892198414,2763.2268684256114,-1665.101618744022
2371.613539315389,2772.385946916868,-1673.1889914389208
2380.9461643923914,2781.5636658677304,-1681.2963552365386
2390.3001673180843,2790.7600221605962,-1689.423710093764
2399.6755509595896,2799.9750126774443,-1697.5710559673792
2409.0723181839153,2809.208634299835,-1705.7383928140603
2418.4904718579564,2818.4608839089115,-1713.9257205903773
2427.9300148484936,2827.7317583853974,-1722.1330392527934
2437.390950022194,2837.0212546096,-1730.3603487576659
2446.8732802456107,2846.329369461407,-1738.6076490612454
2456.377008385183,2855.656099820289,-1746.8749401196767
2465.9021373072374,2865.0014425652976,-1755.162221888998
2475.448669877985,2874.3653945750675,-1763.4694943251409
2485.0166089635245,2883.7479527278147,-1771.7967573839314
2494.60595742984,2893.149113901338,-1780.144011021089
2504.216718142802,2902.568874973016,-1788.5112551922264
2513.848893968167,2912.0072328198125,-1796.8984898528502
2523.5024877715778,2921.4641843182717,-1805.305714958361
2533.177502418563,2930.9397263445194,-1813.7329304640532
2542.873940774538,2940.433855774264,-1822.180136325114
2552.5918057048034,2949.946569482797,-1830.6473324966255
2562.3311000745466,2959.47786434499,-1839.1345189335627
2572.09182674884,2969.027737235298,-1847.6416955907946
2581.8739885926434,2978.596185027758,-1856.1688624230837
2591.6775884708018,2988.18320459599,-1864.7160193850866
2601.502629248046,2997.7887928131945,-1873.283166431353
2611.349113788994,3007.4129465521555,-1881.8703035163269
2621.217044958148,3017.0556626852385,-1890.4774305943456
2631.106425619898,3026.7169380843916,-1899.1045476196405
2641.017258638518,3036.3967696211453,-1907.751654546336
2650.9495468781693,3046.095154166612,-1916.418751328451
2660.903293202899,3055.8120885914864,-1925.1058379198976
2670.8785004766396,3065.547569766046,-1933.8129142744817
2680.87517156321,3075.30159456015,-1942.5399803459031
2690.8933093263145,3085.0741598432405,-1951.287036087755
2700.9329166295433,3094.865262484341,-1960.0540814535245
2710.9939963363727,3104.674899352059,-1968.8411163965925
2721.0765513101646,3114.503067314583,-1977.6481408702332
2731.1805844141672,3124.349763239684,-1986.475154827615
2741.306098511514,3134.214983994716,-1995.3221582217998
2751.453096465224,3144.0987264466153,-2004.189151005743
2761.621581138203,3154.0009874619004,-2013.0761331322942
2771.8115553932407,3163.921763906673,-2021.9831045541962
2782.023022093015,3173.861052646616,-2030.9100652240857
2792.255984100087,3183.818850546996,-2039.857015094493
2802.5104442769057,3193.7951544726616,-2048.8239541178423
2812.786405485804,3203.7899612880437,-2057.8108822464515
2823.083870589002,3213.8032678571562,-2066.817799432532
2833.402842448604,3223.8350710435957,-2075.8447056281893
2843.7433239266015,3233.885367710541,-2084.891600785422
2854.10531788487,3243.954154720753,-2093.9584848561226
2864.488827185172,3254.041428936577,-2103.045357792078
2874.893854689154,3264.1471872199395,-2112.1522195449684
2885.32040325835,3274.2714264323495,-2121.279070066367
2895.7684757541774,3284.414143434899,-2130.425909307741
2906.2380750379416,3294.575335088263,-2139.5927372204524
2916.729203970832,3304.7549982526994,-2148.7795537557554
2927.241865413923,3314.9531297880476,-2157.9863588647995
2937.776062228176,3325.1697265537314,-2167.213152498626
2948.331797274437,3335.404785408756,-2176.459934608172
2958.909073413438,3345.6583032117105,-2185.7267051442664
2969.5078935057954,3355.930276820766,-2195.0134640576325
2980.1282604120124,3366.220703093676,-2204.3202112988884
2990.7701769924765,3376.5295788877784,-2213.646946818544
3001.4336461074613,3386.856901059992,-2222.993670567005
3012.1186706171256,3397.20266646682,-2232.360382494569
3022.8252533815134,3407.566871964348,-2241.7470825514274
3033.553397260554,3417.9495144082443,-2251.153770687667
3044.303105114063,3428.35059065376,-2260.5804468532665
3055.0743798017397,3438.7700975557295,-2270.0271109980995
3065.86722418317,3449.2080319685697,-2279.4937630719323
3076.6816411178243,3459.664390746281,-2288.9804030244263
3087.517633465059,3470.1391707424464,-2298.4870308051354
3098.375204084116,3480.632368810232,-2308.013646363507
3109.254355834121,3491.143981802387,-2317.560249648884
3120.1550915740863,3501.6740065712434,-2327.1268406105014
3131.077414162909,3512.222439968716,-2336.713419197488
3142.0213264593713,3522.789278846304,-2346.3199853588667
3152.9868313221405,3533.374520055088,-2355.946539043554
3163.9739316097694,3543.9781604457326,-2365.59308020036
3174.9826301806957,3554.600196868485,-2375.2596087779893
3186.012929893243,3565.2406261731758,-2384.946124725039
3197.064833605619,3575.8994452092193,-2394.6526279900013
3208.1383441759167,3586.576650825612,-2404.379118521261
3219.2334644621146,3597.272239870934,-2414.1255962670966
3230.3501973220764,3607.9862091933487,-2423.892061175681
3241.4885456135507,3618.7185556406025,-2433.6785131950805
3252.6485121941705,3629.4692760600255,-2443.484952273255
3263.8300999214543,3640.23836729853,-2453.311378358059
3275.0333116528063,3651.0258262026127,-2463.1577913972383
3286.258150245515,3661.831649618353,-2473.0241913384352
3297.5046185567544,3672.655834391414,-2482.9105781291846
3308.7727194435824,3683.4983773670415,-2492.8169517169154
3320.062455762943,3694.3592753900643,-2502.743312048949
3331.3738303716646,3705.238525304896,-2512.689659072502
3342.7068461264607,3716.1361239555326,-2522.655992734684
3354.06150588393,3727.0520681855537,-2532.6423129824984
3365.437812500555,3737.9863548381218,-2542.648619762843
3376.835768832705,3748.9389807559833,-2552.674913022508
3388.2553777366325,3759.909942781468,-2562.7211927081785
3399.6966420684753,3770.8992377564896,-2572.787458766433
3411.1595646842566,3781.9068625225436,-2582.8737111437426
3422.644148439884,3792.932813920711,-2592.979949786474
3434.1503961911494,3803.977088791655,-2603.106174640887
3445.6783107937304,3815.0396839756236,-2613.252385653134
3457.2278951031894,3826.120596312446,-2623.4185827692622
3468.7991519749726,3837.2198226415376,-2633.604765935213
3480.3920842644116,3848.3373598018957,-2643.8109350968202
3492.006694826723,3859.4732046321014,-2654.0370901998117
3503.6429865170076,3870.62735397032,-2664.2832311898096
3515.300962190251,3881.7998046543003,-2674.54935801233
3526.980624701324,3892.9905535213734,-2684.8354706127816
3538.6819769049816,3904.199597408456,-2695.141568936468
3550.4050216558635,3915.4269331520472,-2705.4676529285857
3562.1497618084936,3926.6725575882306,-2715.8137225342252
3573.9162002172816,3937.9364675526726,-2726.1797776983703
3585.704339736521,3949.218659880624,-2736.5658183658998
3597.51418322039,3960.519131406919,-2746.9718444815844
3609.3457335229514,3971.8378789659755,-2757.3978559900897
3621.198993498153,3983.1748993917954,-2767.843852835975
3633.073965999826,3994.530189517964,-2778.3098349636944
3644.9706538816877,4005.903746177651,-2788.795802317593
3656.889059997339,4017.2955662036097,-2799.301754841911
3668.829187200265,4028.7056464281773,-2809.8276924807833
3680.791038343836,4040.133983683274,-2820.373615178237
3692.7746162813073,4051.580574800405,-2830.9395228781937
3704.7799238658167,4063.045416610659,-2841.525415524469
3716.8069639503883,4074.528505944708,-2852.1312930607714
3728.8557393879296,4086.029839632809,-2862.7571554307037
3740.926253031233,4097.5494145048015,-2873.4030025777624
3753.0185077329756,4109.087227390111,-2884.068834445338
3765.132506345719,4120.643275117745,-2894.7546509767135
3777.2682517219073,4132.217554516296,-2905.4604521150673
3789.425746713871,4143.810062413941,-2916.1862378034702
3801.6049941738243,4155.420795638438,-2926.9320079848876
3813.805996953866,4167.0497510171335,-2937.697762602178
3826.0287579059786,4178.696925376956,-2948.4835015980943
3838.27327988203,4190.362315544416,-2959.289224915283
3850.5395657337704,4202.0459183456105,-2970.114932496283
3862.8276183128364,4213.747730606221,-2980.9606242835284
3875.137440470748,4225.467749151511,-2991.826300219347
3887.469035058909,4237.205970806332,-3002.7119602459597
3899.8224049286073,4248.962392395114,-3013.617604305482
3912.197552931016,4260.737010741875,-3024.5432323399223
3924.5944819171923,4272.529822670217,-3035.488844291183
3937.0131947380764,4284.340825003325,-3046.45444010106
3949.4536942444947,4296.17001456397,-3057.4400197112427
3961.9159832871555,4308.017388174504,-3068.4455830633156
3974.400064716652,4319.882942656866,-3079.4711300987556
3986.9059413834625,4331.766674832579,-3090.5166607589335
3999.4336161379483,4343.66858152275,-3101.5821749851143
4011.9830918303555,4355.58865954807,-3112.6676727184567
4024.5543713108136,4367.526905728813,-3123.773153900013
4037.1474574293366,4379.48331688484,-3134.898618470729
4049.762353035822,4391.457889835595,-3146.044066371445
4062.3990609800517,4403.450621400107,-3157.2094975428936
4075.0575841116924,4415.4615083969875,-3168.394911925702
4087.737925280294,4427.4905476444355,-3179.6003094603925
4100.44008733529,4439.537735960233,-3190.8256900873785
4113.164073125998,4451.603070161744,-3202.071053746969
4125.90988550162,4463.68654706592,-3213.3364003793663
4138.677527311243,4475.7881634892965,-3224.621729924666
4151.467001403835,4487.907916247993,-3235.9270423228577
4164.2783106282495,4500.045802157712,-3247.252337513825
4177.111457833225,4512.2018180337445,-3258.5976154373443
4189.966445867384,4524.3759606909625,-3269.9628760330875
4202.84327757923,4536.568226943824,-3281.348119240619
4215.741955817152,4548.778613606371,-3292.7533449993966
4228.662483429424,4561.007117492231,-3304.178553248773
4241.604863264202,4573.253735414614,-3315.6237439279935
4254.569098169527,4585.518464186317,-3327.088916976198
4267.555190993324,4597.801300619721,-3338.57407233242
4280.563144583399,4610.102241526791,-3350.0792099355867
4293.592961787444,4622.421283719076,-3361.6043297245183
4306.644645453037,4634.758424007713,-3373.1494316379294
4319.718198427636,4647.11365920342,-3384.7145156144293
4332.813623558583,4659.486986116502,-3396.2995815925187
4345.930923693106,4671.878401556846,-3407.9046295105945
4359.070101678315,4684.287902333928,-3419.529659306945
4372.231160361203,4696.715485256806,-3431.174670919755
4385.41410258865,4709.161147134122,-3442.8396642871007
4398.618931207416,4721.624884774105,-3454.524639346953
4411.845649064146,4734.106694984568,-3466.2295960371757
4425.094259005367,4746.606574572909,-3477.9545342955275
4438.364763877494,4759.12452034611,-3489.699454059661
4451.65716652682,4771.660529110739,-3501.4643552671214
4464.971469799526,4784.214597672948,-3513.2492378553484
4478.3076765416745,4796.786722838475,-3525.0541017616756
4491.665789599212,4809.376901412641,-3536.8789469233293
4505.045811817969,4821.9851302003535,-3548.7237732774306
4518.4477460436565,4834.6114060061045,-3560.5885807609943
4531.871595121873,4847.255725633972,-3572.473369310928
4545.317361898098,4859.918085887618,-3584.378138864034
4558.785049217697,4872.598483570289,-3596.3028893570086
4572.274659925915,4885.296915484818,-3608.2476207264403
4585.786196867884,4898.01337843362,-3620.212332908813
4599.319662888618,4910.7478692187,-3632.1970258405036
4612.875060833013,4923.500384641643,-3644.201699457783
4626.45239354585,4936.270921503623,-3656.2263536968153
4640.0516638717945,4949.059476605397,-3668.270988493659
4653.672874655394,4961.866046747309,-3680.335603784266
4667.316028741077,4974.690628729286,-3692.420199504482
4680.981128973161,4987.53321935084,-3704.524775590047
4694.6681781958405,5000.39381541107,-3716.649331976593
4708.377179253198,5013.27241370866,-3728.7938685996487
4722.1081349891965,5026.169011041877,-3740.958385394634
4735.861048247684,5039.083604208577,-3753.1428822968637
4749.63592187239,5052.016190006198,-3765.3473592415457
4763.432758706929,5064.966765231764,-3777.5718161637824
4777.251561594798,5077.935326681885,-3789.8162529985693
4791.092333379376,5090.9218711527565,-3802.0806696807963
4804.955076903927,5103.926395440159,-3814.365066145246
4818.839795011598,5116.948896339457,-3826.6694423265963
4832.746490545417,5129.989370645601,-3838.993798159417
4846.675166348298,5143.047815153131,-3851.3381335781737
4860.625825263038,5156.124226656164,-3863.7024485172246
4874.598470132313,5169.21860194841,-3876.0867429108216
4888.5931037986875,5182.330937823161,-3888.491016693111
4902.609729104605,5195.461231073295,-3900.9152697981312
4916.648348892396,5208.609478491275,-3913.3595021598167
4930.708966004269,5221.775676869151,-3925.823713711994
4944.79158328232,5234.959822998557,-3938.3079043883845
4958.896203568525,5248.161913670712,-3950.8120741226026
4973.022829704746,5261.381945676423,-3963.3362228481565
4987.171464532725,5274.619915806081,-3975.8803504984485
5001.342110894087,5287.875820849661,-3988.4444570067744
5015.534771630344,5301.149657596727,-4001.028542306324
5029.749449582885,5314.441422836425,-4013.6326063301817
5043.986147592987,5327.751113357489,-4026.256649011323
5058.244868501808,5341.0787259482395,-4038.9006702826205
5072.525615150387,5354.424257396579,-4051.5646700768375
5086.82839037965,5367.787704489999,-4064.2486483266334
5101.153197030402,5381.169064015575,-4076.95260496456
5115.500037943333,5394.568332759968,-4089.6765399230635
5129.868915959016,5407.985507509427,-4102.420453134484
5144.259833917905,5421.420585049786,-4115.184344531055
5158.672794660338,5434.87356216646,-4127.968214044903
5173.107801026535,5448.344435644457,-4140.77206160805
5187.5648558566,5461.833202268366,-4153.59588715241
5202.043961990519,5475.339858822364,-4166.439690609793
5216.545122268162,5488.864402090211,-4179.3034719119
5231.06833952928,5502.406828855258,-4192.187230990327
5245.613616613507,5515.967135900437,-4205.090967776566
5260.180956360359,5529.5453200082675,-4218.014682201999
5274.7703616092385,5543.141377960856,-4230.958374197903
5289.381835199426,5556.755306539892,-4243.92204369545
5304.0153799700865,5570.387102526654,-4256.905690625706
5318.670998760269,5584.036762702005,-4269.909314919628
5333.348694408902,5597.704283846395,-4282.932916508069
5348.048469754798,5611.389662739858,-4295.976495321776
5362.770327636655,5625.092896162016,-4309.040051291389
5377.514270893049,5638.813980892075,-4322.1235843474415
5392.280302362442,5652.55291370883,-4335.227094420361
5407.068424883177,5666.3096913906575,-4348.350581440469
5421.878641293478,5680.084310715524,-4361.49404533798
5436.710954431454,5693.876768460982,-4374.657486043004
5451.565367135097,5707.687061404169,-4387.840903485543
5466.4418822422795,5721.515186321807,-4401.044297595495
5481.340502590756,5735.361139990206,-4414.2676683026475
5496.261231018166,5749.2249191852625,-4427.5110155366865
5511.20407036203,5763.106520682458,-4440.77433922719
5526.16902345975,5777.005941256861,-4454.057639303627
5541.156093148612,5790.923177683124,-4467.360915695365
5556.165282265784,5804.8582267354905,-4480.684168331664
5571.196593648317,5818.8110851877855,-4494.027397141676
5586.250030133141,5832.781749813422,-4507.390602054447
5601.325594557073,5846.7702173853995,-4520.773782998918
5616.423289756809,5860.776484676304,-4534.176939903923
5631.543118568929,5874.800548458306,-4547.60007269819
5646.685083829894,5888.8424055031655,-4561.0431813103405
5661.849188376051,5902.902052582226,-4574.506265668891
5677.035435043623,5916.979486466418,-4587.989325702249
5692.2438266687195,5931.074703926259,-4601.492361338718
5707.474366087333,5945.187701731852,-4615.015372506497
5722.727056135335,5959.318476652888,-4628.558359133675
5738.001899648481,5973.4670254586445,-4642.121321148237
5753.298899462409,5987.633344917982,-4655.704258478061
5768.618058412639,6001.81743179935,-4669.307171050918
5783.959379334572,6016.019282870785,-4682.930058794476
5799.322865063493,6030.23889489991,-4696.572921636293
5814.708518434568,6044.476264653931,-4710.235759503823
5830.116342282845,6058.731388899646,-4723.918572324413
5845.5463394432545,6073.004264403436,-4737.621360025303
5860.998512750608,6087.294887931269,-4751.344122533628
5876.472865039601,6101.6032562487,-4765.086859776417
5891.969399144809,6115.92936612087,-4778.849571680593
5907.488117900693,6130.2732143125095,-4792.63225817297
5923.029024141592,6144.63479758793,-4806.434919180259
5938.592120701729,6159.014112711035,-4820.2575546290645
5954.177410415209,6173.411156445311,-4834.100164445882
5969.784896116019,6187.825925553834,-4847.9627485571045
5985.414580638027,6202.2584167992645,-4861.845306889016
6001.066466814984,6216.7086269438505,-4875.747839367795
6016.7405574805225,6231.176552749428,-4889.670345919514
6032.436855468156,6245.662190977418,-4903.612826470141
6048.155363611282,6260.165538388827,-4917.575280945534
6063.89608474318,6274.686591744254,-4931.557709271448
6079.659021697008,6289.225347803877,-4945.560111373531
6095.44417730581,6303.781803327468,-4959.582487177324
6111.251554402507,6318.35595507438,-4973.624836608262
6127.081155819908,6332.947799803556,-4987.687159591674
6142.932984390699,6347.557334273526,-5001.7694560527825
6158.807042947449,6362.184555242406,-5015.871725916705
6174.70333432261,6376.829459467898,-5029.993969108452
6190.621861348515,6391.492043707293,-5044.136185552928
6206.562626857378,6406.172304717467,-5058.298375174929
6222.525633681296,6420.870239254885,-5072.480537899149
6238.510884652247,6435.5858440755965,-5086.682673650173
6254.518382602091,6450.31911593524,-5100.904782352479
6270.548130362569,6465.070051589039,-5115.146863930442
6286.600130765306,6479.838647791808,-5129.408918308328
6302.6743866418055,6494.624901297944,-5143.690945410298
6318.770900823454,6509.428808861433,-5157.992945160407
6334.88967614152,6524.250367235848,-5172.314917482602
6351.030715427153,6539.0895731743485,-5186.656862300727
6367.1940215113855,6553.946423429682,-5201.018779538517
6383.37959722513,6568.820914754184,-5215.400669119602
6399.587445399182,6583.713043899775,-5229.802530967505
6415.817568864217,6598.622807617962,-5244.224365005643
6432.069970450792,6613.550202659843,-5258.666171157328
6448.344652989348,6628.495225776101,-5273.127949345765
6464.641619310204,6643.457873717004,-5287.609699494052
6480.960872243564,6658.438143232411,-5302.111421525182
6497.30241461951,6673.436031071766,-5316.63311536204
6513.666249268009,6688.451533984101,-5331.174780927409
6530.052379018906,6703.484648718035,-5345.736418143961
6546.460806701932,6718.535372021775,-5360.318026934264
6562.891535146694,6733.603700643115,-5374.919607220779
6579.344567182684,6748.6896313294355,-5389.541158925862
6595.819905639274,6763.793160827704,-5404.182681971762
6612.317553345719,6778.914285884478,-5418.8441762806215
6628.837513131153,6794.053003245899,-5433.525641774478
6645.379787824593,6809.209309657699,-5448.227078375261
6661.944380254938,6824.383201865196,-5462.948486004796
6678.531293250965,6839.574676613293,-5477.6898645848
6695.140529641336,6854.783730646486,-5492.451214036885
6711.772092254591,6870.010360708854,-5507.232534282557
6728.425983919156,6885.254563544065,-5522.033825243217
6745.102207463334,6900.516335895373,-5536.855086840156
6761.80076571531,6915.7956745056235,-5551.696318994563
6778.521661503152,6931.092576117245,-5566.557521627517
6795.264897654807,6946.407037472255,-5581.438694659994
6812.030476998106,6961.7390553122605,-5596.339838012863
6828.818402360757,6977.088626378454,-5611.260951606885
6845.6286765703535,6992.455747411615,-5626.202035362718
6862.461302454368,7007.8404151521145,-5641.163089200911
6879.316282840153,7023.242626339907,-5656.144113041907
6896.193620554944,7038.662377714535,-5671.145106806044
6913.093318425857,7054.099666015131,-5686.166070413555
6930.015379279892,7069.554487980415,-5701.207003784562
6946.959805943925,7085.026840348692,-5716.267906839088
6963.926601244716,7100.5167198578565,-5731.348779497043
6980.915768008905,7116.024123245392,-5746.449621678235
6997.927309063014,7131.549047248367,-5761.570433302364
7014.961227233445,7147.09148860344,-5776.711214289025
7032.017525346483,7162.651444046856,-5791.871964557704
7049.096206228291,7178.22891031445,-5807.052684027784
7066.197272704914,7193.823884141641,-5822.253372618542
7083.32072760228,7209.43636226344,-5837.474030249146
7100.466573746196,7225.066341414442,-5852.71465683866
7117.6348139623515,7240.7138183288325,-5867.975252306041
7134.825451076314,7256.378789740384,-5883.255816570139
7152.0384879135345,7272.0612523824575,-5898.556349549701
7169.273927299343,7287.761202988002,-5913.876851163364
7186.531772058953,7303.478638289553,-5929.217321329661
7203.812025017456,7319.213555019235,-5944.577759967017
7221.114688999826,7334.965949908761,-5959.958166993754
7238.439766830919,7350.735819689431,-5975.358542328085
7255.787261335469,7366.523161092134,-5990.778885888117
7273.157175338092,7382.327970847346,-6006.219197591851
7290.549511663286,7398.15024568513,-6021.679477357185
7307.964273135426,7413.989982335142,-6037.159725101906
7325.401462578772,7429.84717752662,-6052.659940743696
7342.861082817464,7445.721827988395,-6068.180124200135
7360.343136675521,7461.613930448882,-6083.720275388691
7377.8476269768435,7477.523481636087,-6099.28039422673
7395.374556545213,7493.450478277604,-6114.860480631509
7412.923928204291,7509.3949171006125,-6130.46053452018
7430.4957447776205,7525.356794831885,-6146.08055580979
7448.090009088625,7541.336108197777,-6161.720544417278
7465.7067239606085,7557.332853924236,-6177.380500259477
7483.345892216755,7573.3470287367945,-6193.060423253115
7501.007516680129,7589.378629360577,-6208.760313314813
7518.691600173677,7605.427652520294,-6224.4801703610865
7536.398145520226,7621.494094940244,-6240.219994308344
7554.127155542481,7637.577953344316,-6255.979785072888
7571.87863306303,7653.679224455983,-6271.759542570914
7589.652580904341,7669.797904998311,-6287.559266718514
7607.4490018887645,7685.933991693953,-6303.378957431672
7625.267898838527,7702.08748126515,-6319.218614626265
7643.109274575738,7718.258370433731,-6335.078238218065
7660.973131922387,7734.446655921113,-6350.957828122738
7678.859473700346,7750.652334448304,-6366.857384255843
7696.768302731365,7766.875402735897,-6382.776906532833
7714.699621837075,7783.115857504076,-6398.716394869056
7732.653433838987,7799.373695472613,-6414.675849179752
7750.629741558494,7815.6489133608675,-6430.655269380056
7768.6285478168675,7831.941507887787,-6446.654655384998
7786.649855435261,7848.251475771912,-6462.674007109497
7804.693667234707,7864.578813731366,-6478.713324468373
7822.75998603612,7880.9235184838635,-6494.772607376333
7840.848814660292,7897.285586746708,-6510.851855747984
7858.960155927897,7913.665015236791,-6526.951069497822
7877.094012659491,7930.061800670593,-6543.070248540238
7895.250387675508,7946.475939764182,-6559.2093927895185
7913.429283796262,7962.907429233216,-6575.368502159842
7931.630703841948,7979.356265792942,-6591.547576565282
7949.854650632642,7995.822446158194,-6607.746615919806
7968.101126988299,8012.305967043396,-6623.965620137273
7986.3701357287555,8028.80682516256,-6640.204589131438
8004.661679673727,8045.325017229288,-6656.4635228159505
8022.9757616428105,8061.8605399567705,-6672.742421104353
8041.31238445548,8078.413390057784,-6689.04128391008
8059.671550931094,8094.983564244698,-6705.360111146463
8078.053263888888,8111.571059229468,-6721.698902726725
8096.457526147978,8128.175871723639,-6738.057658563983
8114.884340527361,8144.7979984383455,-6754.436378571249
8133.333709845914,8161.43743608431,-6770.835062661429
8151.805636922395,8178.094181371845,-6787.253710747321
8170.300124575439,8194.76823101085,-6803.692322741618
8188.817175623564,8211.459581710817,-6820.150898556908
8207.356792885166,8228.168230180821,-6836.6294381056705
8225.918979178523,8244.894173129534,-6853.127941300279
8244.503737321791,8261.63740726521,-6869.646408053005
8263.111070133007,8278.397929295696,-6886.184838276008
8281.74098043009,8295.175735928424,-6902.743231881345
8300.393471030833,8311.97082387042,-6919.3215887809665
8319.068544752914,8328.783189828297,-6935.919908886714
8337.76620441389,8345.612830508253,-6952.538192110328
8356.486452831201,8362.459742616082,-6969.176438363437
8375.229292822158,8379.323922857164,-6985.834647557568
8393.994727203959,8396.205367936467,-7002.51281960414
8412.78275879368,8413.10407455855,-7019.210954414464
8431.59339040828,8430.02003942756,-7035.9290518997495
8450.426624864589,8446.953259247233,-7052.667111971095
8469.282464979327,8463.903730720895,-7069.425134539497
8488.160913569089,8480.87145055146,-7086.203119515842
8507.061973450349,8497.856415441434,-7103.0010668109135
8525.985647439462,8514.85862209291,-7119.818976335387
8544.931938352662,8531.87806720757,-7136.656847999832
8563.900849006064,8548.914747486686,-7153.514681714712
8582.892382215663,8565.96865963112,-7170.3924773903855
8601.906540797334,8583.039800341323,-7187.290234937103
8620.943327566829,8600.128166317334,-7204.207954265011
8640.00274533978,8617.233754258781,-7221.145635284147
8659.084796931702,8634.356560864884,-7238.103277904445
8678.189485157985,8651.496582834452,-7255.080882035732
8697.316812833904,8668.65381686588,-7272.078447587729
8716.466782774609,8685.828259657157,-7289.095974470049
8735.639397795132,8703.019907905858,-7306.133462592202
8754.834660710383,8720.22875830915,-7323.190911863589
8774.052574335154,8737.454807563787,-7340.268322193506
8793.293141484113,8754.698052366113,-7357.365693491144
8812.55636497181,8771.958489412063,-7374.483025665587
8831.842247612676,8789.236115397161,-7391.620318625811
8851.150792221017,8806.530927016522,-7408.777572280689
8870.482001611022,8823.842920964846,-7425.954786538986
8889.835878596761,8841.172093936426,-7443.1519613093615
8909.212425992178,8858.518442625145,-7460.369096500367
8928.611646611102,8875.881963724474,-7477.606192020451
8948.033543267235,8893.262653927475,-7494.863247777955
8967.478118774166,8910.660509926798,-7512.140263681112
8986.945375945359,8928.075528414684,-7529.437239638051
9006.435317594158,8945.50770608296,-7546.754175556796
9025.947946533786,8962.957039623052,-7564.091071345261
9045.483265577346,8980.423525725964,-7581.447926911257
9065.041277537819,8997.9071610823,-7598.824742162488
9084.62198522807,9015.407942382244,-7616.221517006552
9104.225391460837,9032.92586631558,-7633.638251350941
9123.85149904874,9050.460929571673,-7651.07494510304
9143.50031080428,9068.013128839484,-7668.531598170128
9163.171829539837,9085.582460807562,-7686.008210459379
9182.866058067666,9103.168922164043,-7703.504781877861
9202.582999199905,9120.772509596656,-7721.021312332534
9222.322655748572,9138.393219792719,-7738.557801730252
9242.085030525559,9156.031049439138,-7756.114249977766
9261.870126342645,9173.685995222413,-7773.690656981717
9281.677946011481,9191.358053828631,-7791.287022648643
9301.508492343602,9209.04722194347,-7808.903346884972
9321.36176815042,9226.753496252199,-7826.53962959703
9341.237776243226,9244.476873439673,-7844.195870691035
9361.13651943319,9262.21735019034,-7861.8720700731
9381.058000531364,9279.974923188238,-7879.568227649228
9401.002222348674,9297.749589116995,-7897.28434332532
9420.96918769593,9315.541344659827,-7915.020417007171
9440.958899383817,9333.350186499543,-7932.776448600467
9460.971360222904,9351.176111318542,-7950.55243801079
9481.006573023633,9369.01911579881,-7968.348385143615
9501.06454059633,9386.879196621927,-7986.164289904311
9521.145265751195,9404.75635046906,-8004.000152198141
9541.248751298312,9422.650574020967,-8021.855971930262
9561.375000047641,9440.561863957997,-8039.731749005725
9581.524014809023,9458.49021696009,-8057.627483329474
9601.695798392178,9476.435629706772,-8075.543174806347
9621.890353606703,9494.398098877164,-8093.478823341078
9642.107683262073,9512.377621149975,-8111.434428838293
9662.347790167645,9530.374193203506,-8129.40999120251
9682.610677132654,9548.387811715646,-8147.405510338145
9702.896346966214,9566.418473363876,-8165.420986149506
9723.204802477314,9584.466174825266,-8183.456418540793
9743.536046474826,9602.530912776476,-8201.511807416102
9763.890081767504,9620.61268389376,-8219.587152679424
9784.266911163972,9638.711484852956,-8237.68245423464
9804.666537472738,9656.827312329498,-8255.79771198553
9825.088963502189,9674.96016299841,-8273.932925835763
9845.53419206059,9693.110033534302,-8292.088095688905
9866.002225956085,9711.276920611379,-8310.263221448417
9886.493067996696,9729.460820903434,-8328.458303017647
9907.006720990325,9747.661731083854,-8346.673340299847
9927.54318774475,9765.87964782561,-8364.908333198153
9948.102471067632,9784.114567801269,-8383.163281615602
9968.684573766508,9802.366487682986,-8401.438185455121
9989.289498648792,9820.63540414251,-8419.733044619534
10009.917248521779,9838.921313851175,-8438.047859011556
10030.567826192642,9857.224213479909,-8456.382628533796
10051.241234468433,9875.544099699231,-8474.737353088758
10071.937476156085,9893.880969179248,-8493.112032578842
10092.656554062403,9912.234818589663,-8511.506666906338
10113.398470994078,9930.605644599762,-8529.921255973431
10134.163229757673,9948.993443878428,-8548.355799682202
10154.950833159633,9967.398213094131,-8566.810297934624
10175.761284006283,9985.819948914936,-8585.284750632563
10196.594585103823,10004.258648008494,-8603.779157677782
10217.450739258335,10022.714307042048,-8622.293518971934
10238.329749275776,10041.186922682433,-8640.827834416568
10259.231617961983,10059.676491596072,-8659.382103913129
10280.156348122671,10078.183010448984,-8677.956327362952
10301.103942563435,10096.706475906773,-8696.550504667268
10322.07440408975,10115.246884634638,-8715.1646357272
10343.067735506962,10133.80423329737,-8733.798720443769
10364.083939620303,10152.378518559344,-8752.452758717884
10385.12301923488,10170.969737084533,-8771.126750450354
10406.184977155677,10189.577885536495,-8789.820695541877
10427.269816187561,10208.202960578385,-8808.534593893051
10448.377539135274,10226.844958872944,-8827.268445404361
10469.508148803438,10245.503877082507,-8846.022249976186
10490.661647996547,10264.179711869,-8864.796007508805
10511.838039518983,10282.872459893935,-8883.589717902387
10533.037326175001,10301.582117818423,-8902.403381056994
10554.259510768736,10320.30868230316,-8921.236996872585
10575.504596104198,10339.052150008436,-8940.090565249011
10596.772584985278,10357.81251759413,-8958.964086086018
10618.063480215746,10376.589781719711,-8977.857559283244
10639.377284599246,10395.383939044244,-8996.770984740222
10660.714000939306,10414.194986226383,-9015.704362356379
10682.073632039328,10433.022919924371,-9034.657692031034
10703.456180702595,10451.867736796044,-9053.630973663405
10724.861649732264,10470.729433498827,-9072.624207152598
10746.290041931374,10489.60800668974,-9091.637392397615
10767.74136010284,10508.50345302539,-9110.670529297355
10789.215607049457,10527.41576916198,-9129.723617750606
10810.712785573893,10546.3449517553,-9148.796657656054
10832.232898478702,10565.290997460734,-9167.889648912274
10853.77594856631,10584.253902933255,-9187.002591417742
10875.341938639025,10603.233664827429,-9206.135485070821
10896.93087149903,10622.230279797412,-9225.288329769772
10918.542749948387,10641.243744496953,-9244.461125412749
10940.177576789036,10660.27405557939,-9263.653871897799
10961.835354822793,10679.321209697657,-9282.866569122863
10983.516086851356,10698.385203504273,-9302.099216985778
11005.2197756763,10717.466033651352,-9321.35181538427
11026.946424099075,10736.5636967906,-9340.624364215966
11048.696034921011,10755.678189573311,-9359.916863378383
11070.468610943317,10774.809508650376,-9379.22931276893
11092.264154967075,10793.957650672273,-9398.561712284913
11114.082669793252,10813.122612289075,-9417.914061823532
11135.924158222688,10832.304390150442,-9437.286361281878
11157.7886230561,10851.502980905629,-9456.678610556939
11179.676067094086,10870.71838120348,-9476.090809545596
11201.586493137123,10889.950587692432,-9495.522958144622