
-378.42636038151187,623.9514127903321,157.1936824729351
-378.8453956907054,623.1648675843015,156.40431827559055
-379.2845502927629,622.398384958852,155.63267007871076
-379.74382126848684,621.6519678480311,154.87886884877076
-380.2232056985726,620.9256191854604,154.143058514492
-380.7227006636088,620.219341904336,153.42540733559306
-381.242303244077,619.5331389374281,152.72611636569476
-381.78201052035183,618.867013217081,152.04542544997665
-382.34181957270107,618.2209676752133,151.38361721058084
-382.9217274812856,617.5950052433178,150.74101937262216
-383.52173132615934,616.9891288524615,150.11800575314666
-384.1418281872694,616.4033414332853,149.51488308669116
-384.7820151444562,615.8376459160044,148.93175962517338
-385.442289277453,615.292045230408,148.36863537169413
-386.1226476658866,614.7665423058596,147.82551032924783
-386.8230873892766,614.2611400712966,147.30238450072258
-387.5436055270363,613.7758414552304,146.79925788890014
-388.2841991584718,613.3106493857467,146.3161304964559
-389.0448653627827,612.865566790505,145.85300232595893
-389.82560121906175,612.4405965967388,145.40987337987193
-390.6264038062951,612.0357417312558,144.98674366055127
-391.44727020336205,611.6510051204376,144.58361317024696
-392.2881974890353,611.2863896902396,144.20048191110268
-393.14918274198084,610.9418983661914,143.83734988515573
-394.030223040758,610.6175340733963,143.49421709433707
-394.9313154638195,610.3132997365318,143.1710835404714
-395.8524570895113,610.029198279849,142.8679492252769
-396.79364499607294,609.7652326271731,142.58481415036556
-397.7548762616373,609.5214057019031,142.32167831724297
-398.73614796423067,609.2977204270119,142.07854172730836
-399.73745718177264,609.0941797250462,141.8554043818546
-400.75880099207643,608.9107865181263,141.6522662820683
-401.8001764728487,608.747543727947,141.46912742902958
-402.8615807016895,608.6044542757761,141.30598782371231
-403.94301075609246,608.4815210824556,141.16284746698403
-405.0444637134447,608.3787470684014,141.03970635960584
-406.1659366510268,608.2961351536026,140.9365645022326
-407.3074266460131,608.2336882576226,140.85342189541277
-408.46893077547116,608.1914092995981,140.79027853958843
-409.6504461163624,608.16930119824,140.74713443509538
-410.8519697455416,608.1673668718322,140.72398958216303
-412.0734987397574,608.1856092382329,140.72084398091445
-413.3150301756518,608.2240312148738,140.73769763136636
-414.5765611297607,608.2826357187598,140.77455053342916
-415.8580886785134,608.36142566647,140.83140268690687
-417.15960989823304,608.460403974157,140.90825409149718
-418.4811218651364,608.5795735575466,141.00510474679143
-419.82262165533393,608.7189373319386,141.1219546522746
-421.18410634482973,608.8784982122062,141.25880380732536
-422.5655730095218,609.0582591127961,141.41565221121598
-423.9670187252018,609.2582229477288,141.5924998631124
-425.38844056755505,609.4783926305979,141.78934676207427
-426.82983561216076,609.7187710745708,142.0061929070548
-428.29120093449194,609.9793611923883,142.24303829690095
-429.7725336099154,610.2601658963647,142.49988293035324
-431.27383071369167,610.5611880983877,142.7767268060459
-432.79508932097525,610.8824307099185,143.07356992250678
-434.3363065068144,611.2238966419915,143.3904122781574
-435.8974793461514,611.5855888052149,143.72725387131297
-437.47860491382215,611.96751010977,144.08409470018228
-439.0796802845567,612.3696634654118,144.46093476286782
-440.7007025329788,612.7920517814681,144.85777405736573
-442.3416687336064,613.2346779668405,145.2746125815658
-444.00257596085123,613.6975449300038,145.71145033325146
-445.6834212890189,614.1806555790062,146.1682873100998
-447.38420179230917,614.684012821469,146.64512350968155
-449.1049145448157,615.207619564587,147.14195892946114
-450.84555662052617,615.7514787151282,147.6587935667966
-452.60612509332236,616.3155931794337,148.19562741893964
-454.38661703697994,616.8999658634181,148.7524604830356
-456.1870295251688,617.5045996725689,149.32929275612355
-458.00735963145274,618.1294975119473,149.9261242351361
-459.8476044292898,618.7746622861871,150.5429549168996
-461.70776099203204,619.4400968994956,151.17978479813397
-463.58782639292565,620.1258042556534,151.83661387545285
-465.4877977051109,620.831787258014,152.51344214536354
-467.4076720016223,621.5580488095039,153.21026960426695
-469.34744635538846,622.3045918126232,153.9270962484577
-471.30711783923226,623.0714191694448,154.66392207412397
-473.28668352587067,623.8585337816144,155.42074707734767
-475.2861404879149,624.6659385503513,156.19757125410436
-477.3054857978705,625.4936363764475,156.9943946002632
-479.3447165281371,626.3416301602683,157.81121711158707
-481.40382975100863,627.2099228017518,158.64803878373246
-483.48282253867336,628.0985172004091,159.50485961224956
-485.58169196321376,629.0074162553245,160.38167959258215
-487.70043509660667,629.9366228651552,161.27849872006766
-489.8390490107233,630.8861399281312,162.19531698993725
-491.997530777329,631.8559703420557,163.13213439731567
-494.17587746808374,632.8461170043045,164.08895093722137
-496.37408615454166,633.8565828118266,165.0657666045664
-498.5921539081514,634.8873706611437,166.0625813941565
-500.83007780025576,635.9384834483506,167.07939530069106
-503.0878549020923,637.0099240691147,168.1162083187631
-505.36548228479273,638.1016954186766,169.17302044285933
-507.66295701938344,639.2138003918494,170.24983166736007
-509.9802761767851,640.3462418830192,171.34664198653934
-512.3174368278129,641.4990227861449,172.46345139456477
-514.6744360431766,642.6721459947581,173.60025988549768
-517.0512708934803,643.8656144019633,174.75706745329305
-519.4479384492226,645.0794309004376,175.93387409179948
-521.8644357807971,646.313598382431,177.13067979475923
-524.3007599584914,647.5681197397661,178.34748455580822
-526.7569080524879,648.8429978638384,179.58428836847602
-529.2328771328637,650.1382356456159,180.84109122618588
-531.7286642695902,651.4538359756393,182.11789312225469
-534.2442665325339,652.7898017440223,183.41469404989294
-536.7796809914553,654.1461358404507,184.73149400220487
-539.3349047160099,655.5228411541833,186.06829297218832
-541.909934775748,656.9199205740515,187.42509095273476
-544.5047682401142,658.3373769884591,188.80188793662938
-547.1194021784482,659.7752132853828,190.19868391655098
-549.7538336599841,661.2334323523717,191.61547888507198
-552.4080597538509,662.7120370765473,193.05227283465854
-555.0820775290724,664.2110303446041,194.5090657576704
-557.7758840545669,665.7304150428087,195.98585764636104
-560.4894763991475,667.2701940570004,197.48264849287747
-563.2228516315224,668.8303702725908,198.99943828926047
-565.9760068202944,670.4109465745644,200.5362270274444
-568.748939033961,672.0119258474778,202.09301469925734
-571.5416453409148,673.6333109754601,203.66980129642099
-574.3541228094429,675.275104842213,205.26658681055065
-577.1863685077276,676.9373103310104,206.88337123315537
-580.0383795038459,678.619930324699,208.52015455563782
-582.9101528657699,680.3229677056974,210.1769367692943
-585.8016856613663,682.0464253559968,211.85371786531476
-588.7129749583969,683.7903061571608,213.55049783478285
-591.6440178245185,685.5546129903254,215.26727666867583
-594.5948113272829,687.3393487361988,217.00405435786467
-597.5653525341365,689.1445162750615,218.76083089311396
-600.5556385124213,690.9701184867663,220.53760626508193
-603.5656663293737,692.8161582507385,222.33438046432047
-606.5954330521255,694.6826384459754,224.15115348127514
-609.6449357477034,696.5695619510467,225.98792530628518
-612.7141714830291,698.4769316440943,227.84469592958345
-615.8031373249195,700.4047504028322,229.72146534129647
-618.9118303400866,702.3530211045469,231.6182335314444
-622.0402475951374,704.3217466260968,233.53500048994107
-625.188386156574,706.3109298439126,235.471766206594
-628.3562430907937,708.3205736339974,237.4285306711043
-631.5438154640889,710.3506808719259,239.4052938730668
-634.7511003426472,712.4012544328455,241.40205580196994
-637.9780947925515,714.4722971914751,243.41881644719584
-641.2247958797797,716.5638120221065,245.45557579802025
-644.4912006702048,718.6758017986028,247.51233384361262
-647.7773062295953,720.8082693943996,249.589090573036
-651.0831096236149,722.9612176825045,251.68584597524716
-654.4086079178222,725.1346495354973,253.80260003909646
-657.7537981776718,727.3285678255293,255.93935275332794
-661.1186774685128,729.5429754243243,258.09610410657933
-664.5032428555901,731.7778752031778,260.272854087382
-667.9074914040438,734.0332700329576,262.4696026841609
-671.3314201789091,736.3091627841031,264.6863498852348
-674.7750262451169,738.605556326626,266.9230956788159
-678.2383066674934,740.9224535301096,269.1798400530103
-681.7212585107599,743.2598572637094,271.4565829958176
-685.2238788395333,745.6177703961525,273.7533244951311
-688.7461647183261,747.9961957957382,276.07006453873777
-692.2881132115459,750.3951363303377,278.4068031143181
-695.8497213834958,752.8145948673936,280.76354020944655
-699.4309862983745,755.2545742739208,283.14027581159087
-703.0319050202761,757.7150774165058,285.53700990811274
-706.6524746131902,760.1961071613069,287.9537424862674
-710.2926921410019,762.6976663740543,290.39047353320376
-713.9525546674919,765.21975792005,292.8472030359643
-717.6320592563362,767.7623846641677,295.32393098148526
-721.3312029711067,770.3255494708528,297.8206573565965
-725.0499828752704,772.9092552041226,300.33738214802156
-728.7883960321905,775.5135047275659,302.8741053423776
-732.5464395051251,778.1383009043433,305.43082692617554
-736.3241103572286,780.7836465971873,308.00754688581975
-740.1214056515506,783.4495446684017,310.6042652076085
-743.9383224510364,786.1359979798623,313.2209818777335
-747.774857818527,788.843009393016,315.8576968822802
-751.6310088167592,791.5705817688821,318.51441020722785
-755.5067725083652,794.318717968051,321.1911218384492
-759.4021459558733,797.0874208506849,323.88783176171063
-763.3171262217072,799.8766932765174,326.6045399626723
-767.2517103681865,802.6865381048538,329.34124642688795
-771.2058954575265,805.5169581945709,332.097951139805
-775.1796785518382,808.367956404117,334.87465408676445
-779.1730567131284,811.239535591512,337.67135525300114
-783.1860270033001,814.1316986143473,340.4880546236434
-787.2185864841515,817.0444483297858,343.3247521837133
-791.270732217377,819.977787594562,346.1814479181266
-795.342461264567,822.9317192649816,349.05814181169256
-799.4337706872071,825.9062461969216,351.95483384911427
-803.5446575466794,828.9013712458311,354.8715240149884
-807.6751189042619,831.9170972667299,357.8082122938053
-811.8251518211281,834.9534271142097,360.764898669949
-815.9947533583477,838.0103636424333,363.74158312769714
-820.1839205768863,841.087909705135,366.73826565122107
-824.3926505376056,844.1860681556203,369.7549462245857
-828.620940301263,847.3048418467663,372.7916248317497
-832.8687869285119,850.4442336310212,375.8483014565653
-837.136187479902,853.6042463604045,378.92497608277864
-841.4231390158787,856.7848828865074,382.0216486940292
-845.7296385967837,859.9861460604917,385.13831927385024
-850.0556832828546,863.2080387330909,388.2749878056688
-854.401270134225,866.4505637546098,391.43165427280536
-858.7663962109249,869.7137239749242,394.6083186584743
-863.15105857288,872.9975222434813,397.8049809457834
-867.5552542799122,876.3019614092993,401.0216411177344
-871.9789803917399,879.6270443209679,404.25829915722244
-876.4222339679771,882.9727738266475,407.5149550470364
-880.8850120681345,886.3391527740702,410.79160876985884
-885.3673117516186,889.7261840105388,414.088260308266
-889.869130077732,893.1338703829275,417.40490964472775
-894.390464105674,896.5622147376816,420.7415567616077
-898.9313108945397,900.0112199208174,424.0982016411629
-903.4916675033206,903.4808887779222,427.47484426554433
-908.0715309909045,906.9712241541546,430.87148461679647
-912.6708984160754,910.482228894244,434.28812267685754
-917.2897668375134,914.013905842491,437.7247584275594
-921.9281333137953,917.5662578427672,441.1813918506274
-926.5859949033941,921.1392877385151,444.65802292768086
-931.2633486646787,924.7329983727484,448.1546516402326
-935.9601916559149,928.3473925880514,451.6712779696891
-940.6765209352645,931.9824732265799,455.20790189735044
-945.4123335607862,935.6382431300602,458.7645234044105
-950.1676265904345,939.3147051397898,462.3411424719567
-954.9423970820604,943.0118620966368,465.93775908097024
-959.7366420934117,946.7297168410406,469.55437321232586
-964.5503586821324,950.4682722130112,473.19098484679205
-969.3835439057627,954.2275310521296,476.8475939650309
-974.23619482174,958.0074961975475,480.52420054759824
-979.1083084873975,961.8081704879877,484.22080457494354
-983.9998819599651,965.6295567617436,487.93740602740985
-988.9109122965693,969.4716578566795,491.67400488523396
-993.8413965542333,973.3344766102305,495.4306011285463
-998.7913317898763,977.2180158594025,499.20719473737097
-1003.7607150603147,981.122278440772,503.00378569162575
-1008.7495434222612,985.0472671904865,506.8203739711221
-1013.7578139323251,988.9929849442641,510.656959555565
-1018.7855236470123,992.9594345373935,514.5135424245532
-1023.8326696227251,996.9466188047343,518.3901225575792
-1028.899248915763,1000.9545405807168,522.286699934029
-1033.9852585823219,1004.9832026993417,526.2032745331825
-1039.090695678494,1009.0326079941808,530.139846334213
-1044.2155572602692,1013.1027592983762,534.0964153161875
-1049.3598403835326,1017.1936594446407,538.0729814580668
-1054.5235421040677,1021.3053112652577,542.0695447387054
-1059.7066594775533,1025.4377175920813,546.0861051368512
-1064.909189559566,1029.590881256536,550.1226626311459
-1070.1311294055781,1033.7648050896173,554.1792172001251
-1075.3724760709601,1037.9594919218907,558.2557688222176
-1080.633226610978,1042.1749445834926,562.3523174757463
-1085.9133780807954,1046.4111659041298,566.4688631389274
-1091.2129275354723,1050.6681587130793,570.6054057898713
-1096.531872029966,1054.9459258391894,574.7619454065813
-1101.8702086191304,1059.244470110878,578.9384819669549
-1107.2279343577159,1063.563794356134,583.1350154487833
-1112.6050463003703,1067.9039014025166,587.3515458297511
-1118.0015415016385,1072.2647940771556,591.5880730874367
-1123.4174170159617,1076.646475206751,595.844597199312
-1128.8526698976784,1081.0489476175726,600.121118142743
-1134.3072972010243,1085.4722141354619,604.4176358949887
-1139.7812959801315,1089.9162775858301,608.7341504332024
-1145.2746632890296,1094.3811407936587,613.0706617344309
-1150.787396181645,1098.8668065834995,617.4271697756144
-1156.3194917118008,1103.3732777794748,621.8036745335869
-1161.8709469332177,1107.9005572052772,626.200175985076
-1167.4417588995132,1112.4486476841696,630.6166741067033
-1173.0319246642018,1117.017552038985,635.0531688749836
-1178.6414412806953,1121.607273092127,639.5096602663259
-1184.2703058023026,1126.2178136655689,643.9861482570324
-1189.9185152822292,1130.8491765808549,648.4826328232991
-1195.5860667735785,1135.501364659099,652.9991139412158
-1201.2729573293502,1140.1743807209855,657.5355915867658
-1206.979184002442,1144.8682275867689,662.0920657358262
-1212.7047438456484,1149.5829080762742,666.6685363641676
-1218.4496339116608,1154.318425008896,671.2650034474544
-1224.2138512530685,1159.074781203599,675.8814669612448
-1229.9973929223572,1163.851979478919,680.5179268809902
-1235.8002559719107,1168.6500226529608,685.1743831820362
-1241.6224374540095,1173.4689135434,689.8508358396218
-1247.4639344208315,1178.3086549674817,694.5472848288797
-1253.3247439244517,1183.1692497420217,699.2637301248363
-1259.2048630168429,1188.0507006834057,704.0001717024118
-1265.1042887498747,1192.953010607589,708.7566095364195
-1271.0230181753145,1197.8761823300974,713.5330436015672
-1276.9610483448268,1202.8202186660267,718.3294738724558
-1282.9183763099734,1207.7851224300423,723.1459003235799
-1288.8949991222132,1212.7708964363799,727.9823229293281
-1294.8909138329034,1217.7775434988453,732.8387416639823
-1300.9061174932976,1222.805066430814,737.7151565017184
-1306.940607154548,1227.8534680452315,742.6115674166057
-1312.9943798677027,1232.922751154613,747.5279743826072
-1319.0674326837088,1238.012918571044,752.4643773735799
-1325.1597626534099,1243.12397310618,757.4207763632738
-1331.2713668275474,1248.2559175712456,762.3971713253334
-1337.40224225676,1253.4087547770362,767.3935622332963
-1343.5523859915843,1258.5824875339165,772.4099490605938
-1349.7217950824543,1263.777118651821,777.4463317805512
-1355.9104665797015,1268.9926509402542,782.5027103663871
-1362.118397533555,1274.2290872082904,787.579084791214
-1368.3455849941413,1279.4864302645738,792.675455028038
-1374.592026011485,1284.7646829173182,797.7918210497588
-1380.8577176355075,1290.063847974307,802.92818282917
-1387.1426569160287,1295.3839282428937,808.0845403389587
-1393.4468409027656,1300.7249265300015,813.2608935517056
-1399.770266645333,1306.086845642123,818.4572424398852
-1406.1129311932439,1311.4696883853208,823.6735869758658
-1412.474831595908,1316.8734575652268,828.9099271319088
-1418.8559649026333,1322.298155987043,834.16626288017
-1425.2563281626256,1327.7437864555409,839.4425941926986
-1431.6759184249881,1333.2103517750616,844.7389210414373
-1438.114732738722,1338.697854749516,850.0552433982225
-1444.5727681527264,1344.2062981823844,855.3915612347845
-1451.050021715798,1349.7356848767165,860.7478745227471
-1457.546490476631,1355.286017635132,866.1241832336278
-1464.0621714838182,1360.8572992598204,871.5204873388379
-1470.5970617858495,1366.4495325525397,876.9367868096822
-1477.1511584311131,1372.0627203146184,882.3730816173592
-1483.7244584678947,1377.6968653469544,887.8293717329611
-1490.3169589443783,1383.3519704500145,893.305657127474
-1496.9286569086455,1389.0280384238358,898.8019377717771
-1503.559549408676,1394.7250720680242,904.3182136366439
-1510.2096334923474,1400.4430741817555,909.8544846927412
-1516.8789062074352,1406.1820475637746,915.4107509106295
-1523.5673646016128,1411.9419950123963,920.9870122607632
-1530.2750057224514,1417.7229193255043,926.5832687134903
-1537.0018266174206,1423.5248233005523,932.1995202390522
-1543.747824333888,1429.3477097345626,937.8357668075843
-1550.512995919119,1435.1915814241274,943.4920083891155
-1557.297338420277,1441.0564411654084,949.1682449535685
-1564.1008488844234,1446.9422917541362,954.8644764707597
-1570.9235243585183,1452.8491359856107,960.5807029103988
-1577.7653618894192,1458.7769766547017,966.3169242420896
-1584.6263585238817,1464.7258165558476,972.0731404353295
-1591.50651130856,1470.6956584830566,977.8493514595095
-1598.4058172900063,1476.686505229906,983.6455572839142
-1605.3242735146705,1482.6983595895424,989.461757877722
-1612.2618770289014,1488.7312243546814,995.297953210005
-1619.2186248789455,1494.785102317608,1001.1541432497288
-1626.1945141109475,1500.8599962701765,1007.0303279657529
-1633.1895417709502,1506.9559090038101,1012.9265073268305
-1640.2037049048952,1513.0728433095016,1018.8426813016081
-1647.2370005586217,1519.2108019778127,1024.7788498586262
-1654.2894257778676,1525.369787798874,1030.735012966319
-1661.360977608269,1531.549803562386,1036.711170593014
-1668.45165309536,1537.7508520576175,1042.707322706933
-1675.5614492845734,1543.9729360734068,1048.723469276191
-1682.6903632212402,1550.216058398161,1054.759610268797
-1689.8383919505895,1556.480221819857,1060.815745652653
-1697.005532517749,1562.7654291260399,1066.8918753955556
-1704.1917819677449,1569.0716831038242,1072.9879994651947
-1711.3971373455013,1575.3989865398937,1079.1041178291534
-1718.6215956958413,1581.7473422205007,1085.2402304549094
-1725.8651540634858,1588.1167529314669,1091.3963373098334
-1733.1278094930547,1594.5072214581826,1097.5724383611898
-1740.4095590290663,1600.9187505856075,1103.7685335761373
-1747.7103997159368,1607.35134309827,1109.9846229217274
-1755.0303285979815,1613.8050017802677,1116.2207063649057
-1762.3693427194137,1620.2797294152667,1122.476783872512
-1769.7274391243457,1626.7755287865023,1128.7528554112787
-1777.104614856788,1633.2924026767787,1135.0489209478328
-1784.5008669606498,1639.830353868469,1141.3649804486943
-1791.916192479739,1646.389385143515,1147.7010338802775
-1799.3505884577617,1652.9694992834272,1154.05708120889
-1806.8040519383226,1659.5706990692856,1160.4331224007333
-1814.2765799649255,1666.1929872817384,1166.8291574219022
-1821.7681695809722,1672.8363667010028,1173.2451862383857
-1829.2788178297637,1679.5008401068646,1179.6812088160661
-1836.8085217544992,1686.186410278679,1186.1372251207194
-1844.3572783982768,1692.8930799953691,1192.6132351180158
-1851.9250848040933,1699.6208520354276,1199.1092387735184
-1859.5119380148442,1706.3697291769154,1205.6252360526844
-1867.1178350733237,1713.1397141974621,1212.1612269208647
-1874.7427730222246,1719.9308098742665,1218.7172113433037
-1882.3867489041386,1726.7430189840954,1225.2931892851395
-1890.0497597615563,1733.5763443032845,1231.8891607114042
-1897.7318026368666,1740.4307886077386,1238.5051255870235
-1905.4328745723576,1747.3063546729306,1245.1410838768163
-1913.1529726102162,1754.2030452739025,1251.7970355454959
-1920.892093792528,1761.1208631852644,1258.4729805576687
-1928.6502351612774,1768.0598111811955,1265.168918877835
-1936.4273937583475,1775.0198920354433,1271.8848504703888
-1944.2235666255212,1782.0011085213239,1278.620775299618
-1952.0387508044792,1789.003463411722,1285.3766933297036
-1959.8729433368014,1796.0269594790905,1292.1526045247208
-1967.726141263967,1803.0715994954514,1298.9485088486385
-1975.5983416273536,1810.1373862323953,1305.764406265319
-1983.489541468238,1817.2243224610804,1312.6002967385182
-1991.3997378277963,1824.3324109522343,1319.456180231886
-1999.328927747103,1831.4616544761527,1326.332056708966
-2007.2771082671322,1838.6120558026998,1333.2279261331955
-2015.2442764287564,1845.783617701308,1340.143788467905
-2023.2304292727476,1852.9763429409784,1347.0796436763192
-2031.2355638397767,1860.1902342902806,1354.035491721556
-2039.2596771704132,1867.4252945173523,1361.0113325666275
-2047.3027663051266,1874.6815263898998,1368.0071661744394
-2055.364828284285,1881.9589326751975,1375.0229925077908
-2063.445860148155,1889.2575161400887,1382.0588115293751
-2071.5458589369036,1896.5772795509845,1389.1146232017786
-2079.6648216905965,1903.9182256738643,1396.1904274874817
-2087.802745449198,1911.280357274276,1403.2862243488585
-2095.959627252572,1918.663677117336,1410.4020137481766
-2104.1354641404814,1926.0681879677286,1417.5377956475975
-2112.3302531525883,1933.4938925897065,1424.6935700091763
-2120.5439913284545,1940.940793747091,1431.8693367948617
-2128.7766757075406,1948.408894203271,1439.0650959664963
-2137.0283033292067,1955.8981967212042,1446.2808474858161
-2145.298871232711,1963.4087040634158,1453.516591314451
-2153.588376457213,1970.940418992,1460.7723274139248
-2161.8968160417708,1978.4933442686188,1468.0480557456542
-2170.22418702534,1986.067482654502,1475.3437762709505
-2178.5704864467784,1993.6628369104485,1482.6594889510181
-2186.935711344841,2001.279409796824,1489.9951937469557
-2195.3198587581833,2008.9172040735634,1497.350890619755
-2203.72292572536,2016.5762225001695,1504.7265795303017
-2212.1449092848247,2024.256467835713,1512.1222604393754
-2220.5858064749305,2031.9579428388324,1519.5379333076487
-2229.0456143339306,2039.680650267735,1526.9735980956889
-2237.524329899977,2047.4245928801954,1534.4292547639561
-2246.0219502111217,2055.1897734335566,1541.9049032728046
-2254.5384723053157,2062.9761946847293,1549.4005435824824
-2263.073893220409,2070.7838593901924,1556.9161756531305
-2271.6282099941527,2078.6127703059933,1564.4517994447845
-2280.2014196641953,2086.462930187747,1572.0074149173734
-2288.793519268087,2094.334341790636,1579.5830220307196
-2297.4045058432757,2102.2270078694105,1587.1786207445396
-2306.0343764271106,2110.1409311783905,1594.794211018443
-2314.6831280568385,2118.0761144714616,1602.429792811934
-2323.3507577696078,2126.0325605020785,1610.0853660844098
-2332.037262602465,2134.010272023264,1617.7609307951614
-2340.742639592357,2142.0092517876083,1625.4564869033734
-2349.4668857761303,2150.0295025472697,1633.1720343681245
-2358.2099981905308,2158.0710270539735,1640.907573148387
-2366.971973872204,2166.133828059014,1648.6631032030264
-2375.7528098576954,2174.2179083132523,1656.4386244908026
-2384.5525031834504,2182.323270567118,1664.2341369703686
-2393.371050885814,2190.4499175706082,1672.0496406002715
-2402.20845000103,2198.5978520732883,1679.8851353389518
-2411.064697565243,2206.7670768242906,1687.740621144744
-2419.9397906144973,2214.9575945723154,1695.616097975876
-2428.8337261847364,2223.169408065631,1703.5115657904696
-2437.746501311805,2231.4025200520737,1711.4270245465402
-2446.6781130314453,2239.656933279046,1719.362474201997
-2455.6285583793015,2247.9326504935198,1727.3179147146425
-2464.597834390917,2256.2296744420337,1735.2933460421734
-2473.585938101734,2264.548007870694,1743.2887681421803
-2482.592866547096,2272.8876535251757,1751.3041809721465
-2491.618616762246,2281.2486141507197,1759.3395844894499
-2500.6631857823263,2289.6308924921354,1767.3949786513617
-2509.7265706423796,2298.0344912938003,1775.4703634150474
-2518.808768377349,2306.459413299659,1783.565738737565
-2527.909776022077,2314.9056612532227,1791.6811045758675
-2537.029590611306,2323.3732378975715,1799.8164608868008
-2546.1682091796783,2331.862145975352,1807.9718076271045
-2555.325628761737,2340.3723882287804,1816.1471447534122
-2564.5018463919246,2348.9039673996376,1824.3424722222512
-2573.6968591045834,2357.4568862292736,1832.5577899900422
-2582.910663933956,2366.0311474586056,1840.7930980131002
-2592.143257914186,2374.626753828118,1849.0483962476333
-2601.394638079316,2383.243708077863,1857.3236846497434
-2610.664801463288,2391.88201294746,1865.6189631754262
-2619.953745099946,2400.5416711760963,1873.9342317805713
-2629.261466023033,2409.2226855025256,1882.2694904209616
-2638.587961266192,2417.9250586650696,1890.6247390522742
-2647.933227862967,2426.6487934016172,1898.9999776300795
-2657.297262846802,2435.393892449625,1907.3952061098414
-2666.6800632510403,2444.160358546117,1915.8104244469182
-2676.0816261089262,2452.9481944276845,1924.2456325965616
-2685.5019484536047,2461.757402830485,1932.7008305139166
-2694.9410273181197,2470.5879864902445,1941.1760181540224
-2704.398859735416,2479.4399481422556,1949.6711954718116
-2713.8754427383387,2488.3132905213793,1958.186362422111
-2723.370773359634,2497.2080163620426,1966.7215189596404
-2732.8848486319466,2506.1241283982404,1975.276665039014
-2742.417665587823,2515.0616293635344,1983.851800614739
-2751.96922125971,2524.020521991054,1992.4469256412167
-2761.5395126799544,2533.000809013495,2001.062040072742
-2771.1285368808026,2542.002493163122,2009.697143863504
-2780.7362908944024,2551.025577171765,2018.3522369675843
-2790.362771752802,2560.0700637708214,2027.0273193389598
-2800.0079764879497,2569.1359556912566,2035.7223909314998
-2809.671902131694,2578.223255663603,2044.4374516989678
-2819.354545715784,2587.3319664179594,2053.1725015950215
-2829.0559042718696,2596.4620906839923,2061.927540573211
-2838.7759748315016,2605.613631190935,2070.7025685869817
-2848.51475442613,2614.786590667588,2079.4975855896714
-2858.2722400871057,2623.9809718423185,2088.312591534512
-2868.0484288456814,2633.1967774430614,2097.14758637463
-2877.8433177330085,2642.4340101973175,2106.002570063044
-2887.6569037801405,2651.692672832156,2114.8775425526674
-2897.4891840180303,2660.972768074213,2123.7725037963073
-2907.340155477532,2670.27429864969,2132.6874537466642
-2917.2098151894,2679.5972672843573,2141.622392356332
-2927.0981601842905,2688.9416767035505,2150.5773195777992
-2937.005187492758,2698.3075296321736,2159.5522353634474
-2946.93089414526,2707.6948287946966,2168.547139665551
-2956.8752771721533,2717.1035769151567,2177.562032436281
-2966.8383336036954,2726.533776717158,2186.5969136276985
-2976.8200604700455,2735.9854309238717,2195.651783191761
-2986.8204548012627,2745.4585422580353,2204.726641080318
-2996.839513627307,2754.953113441954,2213.8214872451144
-3006.8772339780394,2764.469147197499,2222.936321637788
-3016.9336128832215,2774.006646246108,2232.071144209869
-3027.008647372515,2783.5656133087873,2241.225954912783
-3037.102334475484,2793.146051106108,2250.400753697849
-3047.2146712215917,2802.7479623582094,2259.5955405162795
-3057.345654640203,2812.371349784796,2268.8103153191805
-3067.495281760584,2822.016216105141,2278.0450780575525
-3077.663549611901,2831.682564038083,2287.2998286822885
-3087.8504552232207,2841.3703963020275,2296.574567144176
-3098.055995623512,2851.0797156149465,2305.869293393896
-3108.280167841644,2860.8105246943796,2315.1840073820235
-3118.5229689063867,2870.5628262574323,2324.518709059027
-3128.784395846411,2880.336623020777,2333.873398375269
-3139.064445690289,2890.131917700653,2343.248075281005
-3149.363115466494,2899.9487130128655,2352.642739726385
-3159.6804022033994,2909.787011672787,2362.057391661452
-3170.0163029292803,2919.6468163953564,2371.492031036143
-3180.370814672313,2929.528129895079,2380.9466578002894
-3190.7439344605737,2939.430954886027,2390.421271903615
-3201.135659322041,2949.3552940818386,2399.9158732957385
-3211.5459862845946,2959.3011501957194,2409.4304619261716
-3221.974912376014,2969.2685259404407,2418.96503774432
-3232.4224346239803,2979.257424028341,2428.5196006994834
-3242.8885500560764,2989.2678471713252,2438.0941507408543
-3253.3732556997857,2999.2997980808636,2447.6886878175205
-3263.876548582493,3009.3532794679945,2457.3032118784613
-3274.3984257314837,3019.428294043322,2466.9377228725516
-3284.9388841739456,3029.524844517016,2476.5922207485596
-3295.4979209369662,3039.642933598814,2486.2667054551466
-3306.075533047535,3049.782563998019,2495.961176940868
-3316.6717175325425,3059.943738423501,2505.675635154173
-3327.2864714187813,3070.1264595836965,2515.410080043405
-3337.9197917329443,3080.3307301866075,2525.1645115568
-3348.5716755016256,3090.556552939803,2534.9389296424883
-3359.2421197513213,3100.8039305504185,2544.733334248494
-3369.931121508428,3111.072865725155,2554.547725322735
-3380.6386777992448,3121.363361170281,2564.3821028130224
-3391.36478564997,3131.6754195916305,2574.2364666670614
-3402.109442086706,3142.0090436946034,2584.1108168324513
-3412.8726441354547,3152.364236184167,2594.005153256684
-3423.6543888221195,3162.7409997648547,2603.9194758871467
-3434.454673172506,3173.139337140765,2613.853784671119
-3445.27349421232,3183.5592510155634,2623.8080795557744
-3456.110848967171,3194.0007440924815,2633.782360488181
-3466.9667344625677,3204.4638190743176,2643.7766274152996
-3477.841147723921,3214.9484786634353,2653.790880283985
-3488.7340857765425,3225.454725561765,2663.8251190409865
-3499.6455456456474,3235.982562470803,2673.879343632946
-3510.5755243563503,3246.5319920916118,2683.9535540064
-3521.5240189336687,3257.1030171248203,2694.047750107778
-3532.49102640252,3267.695640270623,2704.1619318834037
-3543.4765437877254,3278.3098642287805,2714.2960992794942
-3554.4805681140056,3288.94569169862,2724.4502522421612
-3565.5030964059847,3299.6031253790347,2734.6243907174085
-3576.5441256881873,3310.2821679684835,2744.8185146511355
-3587.603652985039,3320.982822164991,2755.0326239891333
-3598.681675320868,3331.705090666149,2765.2667186770886
-3609.7781897199047,3342.448976169114,2775.5207986605815
-3620.89319320628,3353.21448137061,2785.7948638850844
-3632.026682804027,3364.0016089669257,2796.088914295965
-3643.1786555370804,3374.810361653916,2806.402949838484
-3654.3491084292773,3385.640742127002,2816.7369704577955
-3665.538038504355,3396.49275308117,2827.0909760989484
-3676.745442785954,3407.366397210974,2837.4649667068843
-3687.9713182976157,3418.261677210532,2847.858942226439
-3699.2156620627834,3429.1785957735297,2858.2729026023426
-3710.478471104803,3440.117155593217,2868.7068477792172
-3721.759742446921,3451.07735936241,2879.160777701581
-3733.0594731122865,3462.0592097734916,2889.634692313844
-3744.3776601239506,3473.0627095184095,2900.1285915603103
-3755.714300504865,3484.087861288678,2910.6424753851784
-3767.069391277885,3495.1346677753772,2921.1763437325403
-3778.4429294657666,3506.2031316691523,2931.730196546381
-3789.8349120911685,3517.293255660214,2942.304033770581
-3801.24533617665,3528.4050424383404,2952.8978553489123
-3812.6741987446744,3539.538494692874,2963.5116612250417
-3824.1214968176055,3550.6936151127234,2974.14545134253
-3835.5872274177086,3561.870406386363,2984.7992256448315
-3847.0713875671527,3573.068871201833,2995.472984075294
-3858.573974288007,3584.2890122467393,3006.1667265771594
-3870.094984602244,3595.530832208253,3016.880453093563
-3881.634415531738,3606.7943337731112,3027.6141635675344
-3893.1922640982643,3618.079519627617,3038.3678579419957
-3904.7685273235015,3629.386392457639,3049.1415361597647
-3916.36320222903,3640.7149549486103,3059.935198163551
-3927.9762858363324,3652.065209785531,3070.7488438959585
-3939.6077751667926,3663.437159652966,3081.5824732994856
-3951.2576672416976,3674.8308072350464,3092.436086316524
-3962.9259590822357,3686.246155215469,3103.3096828893586
-3974.6126477094986,3697.6832062774956,3114.2032629601686
-3986.317730144479,3709.141963103953,3125.116826471027
-3998.041203408072,3720.622428377235,3136.0503733639
-4009.783064521075,3732.1246047792997,3147.003903580648
-4021.543310504188,3743.6484949916708,3157.9774170630253
-4033.321938378013,3755.1941016954383,3168.970913752679
-4045.118945163054,3766.7614275712576,3179.9843935911513
-4056.934327879717,3778.350475299348,3191.0178565198767
-4068.768083548311,3789.9612475594963,3202.071302480185
-4080.6202091890477,3801.593747031053,3213.1447314132984
-4092.4907018220397,3813.2479763929355,3224.2381432603333
-4104.3795584673035,3824.923938323625,3235.3515379623
-4116.286776144757,3836.6216355011697,3246.4849154601025
-4128.212351874219,3848.3410706031823,3257.638275694538
-4140.156282675414,3860.0822463068407,3268.811618606299
-4152.1185655679665,3871.845165288889,3280.0049441359697
-4164.099197571405,3883.6298302256355,3291.218252224029
-4176.098175705159,3895.4362437929544,3302.4515428108502
-4188.11549698856,3907.264408666286,3313.7048158366993
-4200.151158440844,3919.1143275206337,3324.9780712417364
-4212.205157081148,3930.9860030305686,3336.2713089660156
-4224.277489928512,3942.8794378702255,3347.584528949484
-4236.368154001879,3954.794634713305,3358.9177311319836
-4248.477146320093,3966.731596233073,3370.2709154532486
-4260.604463901902,3978.6903251023605,3381.6440818529086
-4272.750103765956,3990.6708239935633,3393.037230270486
-4284.914062930806,4002.673095578643,3404.450360645397
-4297.096338414909,4014.697142529126,3415.883472916951
-4309.296927236623,4026.7429675161034,3427.336567024353
-4321.5158264142065,4038.810573210233,3438.8096429067
-4333.753032965825,4050.899962281736,3450.3027005029835
-4346.008543909542,4063.0111374003995,3461.815739752088
-4358.2823562633275,4075.1441012355763,3473.3487605927935
-4370.574467045051,4087.298856456183,3484.9017629637715
-4382.884873272487,4099.475405730702,3496.4747468035885
-4395.213571963312,4111.67375172718,3508.0677120507044
-4407.560560135104,4123.893897113231,3519.680658643473
-4419.925834805347,4136.135844556031,3531.313586520142
-4432.309392991425,4148.399596722324,3542.966495618853
-4444.711231710624,4160.685156278415,3554.639385877641
-4457.131347980136,4172.992525890178,3566.332257234434
-4469.569738817053,4185.32170822305,3578.0451096270554
-4482.02640123837,4197.672705942034,3589.7779429932207
-4494.501332260988,4210.045521711696,3601.5307572705406
-4506.994528901708,4222.440158196169,3613.303552396518
-4519.505988177233,4234.856618059151,3625.0963283085516
-4532.035707104172,4247.2949039639025,3636.909084943932
-4544.583682699034,4259.755018573251,3648.7418222398446
-4557.149911978233,4272.236964549587,3660.594540133368
-4569.734391958084,4284.74074455487,3672.4672385614745
-4582.337119654807,4297.266361250619,3684.359917461031
-4594.958092084524,4309.8138172979225,3696.2725767687966
-4607.597306263258,4322.383115357429,3708.2052164214256
-4620.25475920694,4334.974258089356,3720.1578363554654
-4632.9304479314,4347.587248153484,3732.1304365073574
-4645.62436945237,4360.222088209159,3744.123016813437
-4658.3365207854895,4372.87878091529,3756.1355772099328
-4671.0668989462965,4385.557328930353,3768.168117632967
-4683.815500950236,4398.257734912388,3780.2206380185567
-4696.582323812654,4410.9800015189985,3792.2931383026116
-4709.3673645488,4423.7241314073535,3804.385618420935
-4722.170620173825,4436.490127234188,3816.4980783092246
-4734.992087702787,4449.277991655798,3828.6305179030724
-4747.831764150643,4462.08772732805,3840.782937137963
-4760.689646532256,4474.9193369063705,3852.9553359492756
-4773.565731862392,4487.772823045751,3865.147714272283
-4786.460017155717,4500.648188400749,3877.3600720421505
-4799.372499426804,4513.545435625487,3889.592409193939
-4812.303175690128,4526.46456737365,3901.8447256626027
-4825.252042960067,4539.40558629849,3914.117021382989
-4838.219098250902,4552.36849505282,3926.4092962898394
-4851.204338576818,4565.353296289024,3938.7215503177886
-4864.207760951904,4578.359992659043,3951.0537834013653
-4877.229362390149,4591.388586814387,3963.405995474993
-4890.269139905448,4604.43908140613,3975.7781864729873
-4903.327090511601,4617.511479084909,3988.170356329559
-4916.4032112223085,4630.6057825009275,4000.5825049788127
-4929.497499051174,4643.721994303952,4013.014632354745
-4942.6099510117065,4656.860117143313,4025.466738391248
-4955.740564117317,4670.020153667908,4037.9388230221066
-4968.889335381321,4683.202106526195,4050.430886181
-4982.056261816937,4696.4059783662005,4062.9429278015014
-4995.2413404372855,4709.631771835513,4075.4749478170766
-5008.444568255394,4722.879489581286,4088.0269461610865
-5021.665942284189,4736.149134250237,4100.598922766785
-5034.905459536505,4749.440708488647,4113.19087756732
-5048.163117025077,4762.754214942364,4125.802810495733
-5061.438911762543,4776.089656256799,4138.4347214849595
-5074.732840761448,4789.447035076924,4151.086610467828
-5088.044901034236,4802.826354047282,4163.758477377061
-5101.37508959326,4816.227615811975,4176.450322145277
-5114.723403450772,4829.650823014671,4189.162144704986
-5128.08983961893,4843.095978298603,4201.893944988591
-5141.4743951097935,4856.563084306566,4214.6457229283915
-5154.877066935328,4870.052143680922,4227.417478456578
-5168.297852107402,4883.563159063595,4240.2092115052355
-5181.736747637788,4897.096133096074,4253.020922006344
-5195.19375053816,4910.651068419411,4265.852609891778
-5208.668857820098,4924.2279676742255,4278.704275093302
-5222.162066495087,4937.826833500698,4291.575917542579
-5235.673373574511,4951.447668538573,4304.467537171162
-5249.202776069662,4965.090475427163,4317.379133910498
-5262.7502709917335,4978.755256805341,4330.3107076919305
-5276.315855351824,4992.442015311543,4343.262258446694
-5289.899526160937,5006.150753583773,4356.2337861059195
-5303.501280429976,5019.881474259596,4369.225290600629
-5317.121115169752,5033.634179976143,4382.236771861739
-5330.759027390977,5047.408873370108,4395.268229820062
-5344.415014104271,5061.205557077749,4408.319664406301
-5358.089072320152,5075.024233734888,4421.391075551055
-5371.781199049046,5088.864905976912,4434.482463184816
-5385.491391301284,5102.7275764387705,4447.59382723797
-5399.219646087097,5116.612247754978,4460.725167640796
-5412.965960416624,5130.518922559613,4473.876484323468
-5426.730331299904,5144.447603486318,4487.047777216052
-5440.512755746882,5158.398293168299,4500.239046248511
-5454.313230767409,5172.370994238324,4513.450291350698
-5468.1317533712345,5186.365709328728,4526.681512452361
-5481.968320568018,5200.38244107141,4539.932709483144
-5495.8229293673185,5214.42119209783,4553.2038823725825
-5509.695576778603,5228.481965039014,4566.495031050107
-5523.58625981124,5242.564762525551,4579.80615544504
-5537.494975474503,5256.6695871875945,4593.137255486598
-5551.421720777569,5270.796441654862,4606.488331103895
-5565.3664927295185,5284.945328556633,4619.859382225934
-5579.329288339338,5299.1162505217535,4633.250408781613
-5593.310104615918,5313.309210178631,4646.661410699726
-5607.308938568052,5327.524210155237,4660.092387908959
-5621.325787204438,5341.7612530791075,4673.543340337892
-5635.360647533677,5356.020341577343,4687.0142679149985
-5649.413516564277,5370.301478276606,4700.5051705686465
-5663.484391304649,5384.604665803124,4714.016048227097
-5677.573268763107,5398.929906782687,4727.5469008185055
-5691.680145947871,5413.27720384065,4741.097728270921
-5705.805019867064,5427.646559601931,4754.6685305122855
-5719.947887528714,5442.03797669101,4768.259307470436
-5734.1087459407545,5456.451457731934,4781.870059073104
-5748.287592111021,5470.887005348312,4795.500785247912
-5762.484423047254,5485.344622163318,4809.151485922378
-5776.699235757099,5499.824310799685,4822.822161023914
-5790.932027248106,5514.3260738797135,4836.512810479826
-5805.182794527729,5528.849914025267,4850.223434217313
-5819.451534603327,5543.395833857773,4863.954032163468
-5833.7382444821615,5557.963835998222,4877.704604245278
-5848.042921171401,5572.553923067166,4891.475150389622
-5862.365561678116,5587.166097684723,4905.265670523277
-5876.706163009285,5601.800362470576,4919.076164572909
-5891.064722171786,5616.456720043967,4932.906632465081
-5905.441236172407,5631.135173023704,4946.757074126248
-5919.835702017836,5645.835724028159,4960.62748948276
-5934.248116714669,5660.558375675268,4974.517878460861
-5948.678477269402,5675.303130582526,4988.428240986686
-5963.12678068844,5690.069991366997,5002.358576986269
-5977.593023978091,5704.858960645305,5016.308886385533
-5992.077204144568,5719.670041033639,5030.279169110295
-6006.579318193989,5734.50323514775,5044.26942508627
-6021.0993631323745,5749.358545602953,5058.279654239062
-6035.637335965652,5764.235975014127,5072.309856494173
-6050.1932336996515,5779.135525995713,5086.360031776994
-6064.76705334011,5794.057201161716,5100.430180012815
-6079.358791892668,5809.001003125705,5114.520301126815
-6093.96844636287,5823.9669345008115,5128.630395044071
-6108.596013756167,5838.95499789973,5142.76046168955
-6123.241491077913,5853.96519593472,5156.910500988115
-6137.904875333369,5868.997531217601,5171.080512864523
-6152.586163527698,5884.052006359759,5185.270497243425
-6167.285352665969,5899.128623972141,5199.480454049363
-6182.002439753157,5914.227386665259,5213.710383206777
-6196.737421794141,5929.348297049186,5227.960284639998
-6211.490295793702,5944.491357733559,5242.23015827325
-6226.2610587565305,5959.65657132758,5256.520004030653
-6241.04970768722,5974.843940440013,5270.82982183622
-6255.856239590268,5990.053467679185,5285.159611613858
-6270.680651470078,6005.285155652984,5299.509373287367
-6285.5229403309595,6020.539006968865,5313.879106780443
-6300.383103177123,6035.815024233842,5328.268812016672
-6315.261137012689,6051.113210054497,5342.678488919537
-6330.157038841678,6066.433567036971,5357.108137412413
-6345.070805668019,6081.776097786968,5371.557757418571
-6360.002434495544,6097.14080490976,5386.027348861173
-6374.951922327992,6112.527691010175,5400.516911663277
-6389.919266169007,6127.936758692608,5415.026445747834
-6404.904463022134,6143.368010561018,5429.555951037688
-6419.907509890829,6158.8214492189245,5444.105427455578
-6434.928403778448,6174.29707726941,5458.674874924137
-6449.967141688256,6189.7948973151215,5473.26429336589
-6465.02372062342,6205.3149119582695,5487.873682703258
-6480.098137587014,6220.857123800624,5502.503042858554
-6495.190389582018,6236.421535443523,5517.1523737539865
-6510.300473611314,6252.008149487861,5531.821675311657
-6525.428386677692,6267.616968534102,5546.510947453559
-6540.574125783845,6283.247995182267,5561.220190101583
-6555.737687932374,6298.901232031945,5575.949403177512
-6570.919070125782,6314.576681682284,5590.698586603022
-6586.1182693664805,6330.274346731998,5605.467740299682
-6601.335282656783,6345.99422977936,5620.256864188959
-6616.570106998912,6361.736333422208,5635.065958192209
-6631.822739394991,6377.500660257945,5649.895022230685
-6647.093176847052,6393.287212883532,5664.7440562255315
-6662.3814163570305,6409.0959938954975,5679.6130600977895
-6677.687454926769,6424.927005889928,5694.502033768392
-6693.011289558014,6440.780251462476,5709.410977158165
-6708.352917252419,6456.655733208358,5724.339890187831
-6723.71233501154,6472.5534537223475,5739.288772778003
-6739.089539836841,6488.473415598787,5754.25762484919
-6754.48452872969,6504.415621431578,5769.246446321794
-6769.897298691362,6520.380073814186,5784.255237116112
-6785.327846723037,6536.366775339639,5799.2839971523335
-6800.776169825798,6552.375728600528,5814.332726350542
-6816.2422650006365,6568.406936189005,5829.401424630715
-6831.726129248448,6584.460400696786,5844.490091912725
-6847.227759570034,6600.536124715148,5859.598728116336
-6862.747152966102,6616.634110834933,5874.727333161208
-6878.284306437264,6632.7543616465455,5889.875906966893
-6893.839216984037,6648.89687973995,5905.044449452839
-6909.411881606847,6665.0616677046755,5920.232960538386
-6925.00229730602,6681.248728129814,5935.441440142766
-6940.610461081794,6697.458063604017,5950.66988818511
-6956.236369934308,6713.689676715502,5965.918304584438
-6971.880020863608,6729.943570052047,5981.186689259667
-6987.541410869645,6746.219746200993,5996.475042129606
-7003.220536952278,6762.518207749244,6011.783363112959
-7018.917396111268,6778.838957283265,6027.111652128322
-7034.6319853462865,6795.181997389085,6042.4599090941865
-7050.364301656906,6811.5473306522945,6057.828133928937
-7066.114342042607,6827.934959658047,6073.2163265508525
-7081.882103502776,6844.344886991058,6088.624486878106
-7097.667583036704,6860.777115235605,6104.052614828764
-7113.47077764359,6877.23164697553,6119.5007103207845
-7129.291684322536,6893.708484794232,6134.968773272023
-7145.130300072552,6910.207631274679,6150.456803600227
-7160.986621892553,6926.729088999397,6165.964801223039
-7176.860646781358,6943.272860550476,6181.492766057993
-7192.752371737695,6959.838948509569,6197.04069802252
-7208.661793760198,6976.427355457887,6212.608597033941
-7224.588909847403,6993.038083976208,6228.1964630094735
-7240.533716997756,7009.671136644872,6243.804295866228
-7256.496212209607,7026.326516043779,6259.432095521209
-7272.476392481211,7043.004224752392,6275.079861891316
-7288.474254810732,7059.704265349736,6290.74759489334
-7304.489796196238,7076.426640414398,6306.435294443967
-7320.523013635702,7093.17135252453,6322.142960459777
-7336.573904127005,7109.938404257842,6337.870592857244
-7352.6424646679325,7126.727798191609,6353.618191552736
-7368.728692256177,7143.5395369026655,6369.385756462513
-7384.832583889337,7160.373622967411,6385.173287502731
-7400.9541365649175,7177.230058961806,6400.980784589438
-7417.093347280328,7194.108847461373,6416.808247638577
-7433.250213032886,7211.009991041197,6432.655676565986
-7449.424730819813,7227.9334922759235,6448.5230712873945
-7465.616897638238,7244.879353739762,6464.4104317184265
-7481.826710485197,7261.847578006484,6480.3177577746
-7498.05416635763,7278.838167649421,6496.245049371328
-7514.299262252384,7295.851125241468,6512.192306423915
-7530.561995166215,7312.886453355082,6528.159528847562
-7546.84236209578,7329.944154562282,6544.14671655736
-7563.140360037647,7347.024231434649,6560.153869468299
-7579.455985988287,7364.1266865433245,6576.180987495258
-7595.789236944077,7381.251522459014,6592.228070553014
-7612.140109901304,7398.398741751986,6608.295118556234
-7628.508601856159,7415.568346992067,6624.382131419481
-7644.894709804738,7432.760340748648,6640.489109057213
-7661.298430743046,7449.9747255906805,6656.6160513837785
-7677.719761666992,7467.21150408668,6672.762958313422
-7694.158699572392,7484.470678804722,6688.929829760282
-7710.61524145497,7501.752252312444,6705.116665638389
-7727.089384310354,7519.056227177047,6721.323465861671
-7743.581125134081,7536.382605965292,6737.550230343945
-7760.090460921592,7553.731391243503,6753.796958998926
-7776.617388668235,7571.102585577563,6770.063651740221
-7793.161905369266,7588.496191532922,6786.350308481329
-7809.724008019844,7605.9122116745875,6802.656929135646
-7826.30369361504,7623.3506485671305,6818.983513616462
-7842.900959149826,7640.811504774682,6835.3300618369585
-7859.5158016190835,7658.294782860938,6851.696573710212
-7876.148218017601,7675.800485389152,6868.0830491491915
-7892.79820534007,7693.328614922143,6884.4894880667625
-7909.4657605810935,7710.8791740222905,6900.9158903756825
-7926.1508807351765,7728.452165251534,6917.3622559886035
-7942.853562796734,7746.047591171377,6933.82858481807
-7959.573803760086,7763.665454342883,6950.314876776523
-7976.311600619459,7781.305757326679,6966.821131776294
-7993.066950368986,7798.96850268295,6983.347349729612
-8009.839850002709,7816.6536929714475,6999.893530548596
-8026.630296514572,7834.361330751481,7016.4596741452615
-8043.438286898432,7852.091418581922,7033.045780431518
-8060.263818148047,7869.843959021206,7049.651849319167
-8077.106887257085,7887.618954627326,7066.277880719906
-8093.9674912191185,7905.416407957841,7082.923874545323
-8110.84562702763,7923.236321569869,7099.589830706905
-8127.741291676005,7941.078698020089,7116.275749116028
-8144.654482157539,7958.943539864743,7132.981629683964
-8161.585195465432,7976.830849659633,7149.707472321878
-8178.533428592791,7994.740629960124,7166.4532769408315
-8195.499178532631,8012.672883321142,7183.219043451776
-8212.482442277875,8030.627612297174,7200.004771765559
-8229.48321682135,8048.604819442268,7216.810461792921
-8246.501499155791,8066.604507310036,7233.636113444497
-8263.537286273839,8084.626678453647,7250.481726630816
-8280.590575168046,8102.671335425836,7267.347301262302
-8297.661362830864,8120.738480778897,7284.232837249268
-8314.74964625466,8138.828117064683,7301.138334501928
-8331.855422431701,8156.940246834615,7318.063792930383
-8348.978688354166,8175.074872639669,7335.009212444633
-8366.119441014136,8193.231997030383,7351.974592954568
-8383.277677403603,8211.411622556863,7368.959934369976
-8400.453394514463,8229.613751768768,7385.965236600535
-8417.646589338523,8247.838387215319,7402.990499555818
-8434.857258867496,8266.085531445304,7420.035723145294
-8452.085400093001,8284.35518700707,7437.100907278323
-8469.331010006563,8302.647356448522,7454.18605186416
-8486.594085599614,8320.962042317129,7471.291156811954
-8503.874623863494,8339.299247159923,7488.416222030748
-8521.172621789452,8357.65897352349,7505.561247429478
-8538.488076368643,8376.041223953987,7522.7262329169735
-8555.820984592128,8394.446000997126,7539.91117840196
-8573.171343450877,8412.873307198179,7557.116083793056
-8590.539149935765,8431.323145101984,7574.340948998773
-8607.924401037577,8449.795517252936,7591.585773927516
-8625.327093747002,8468.290426194995,7608.850558487587
-8642.747225054638,8486.80787447168,7626.135302587177
-8660.184791950991,8505.347864626072,7643.440006134374
-8677.639791426474,8523.910399200808,7660.764669037161
-8695.112220471407,8542.495480738091,7678.109291203412
-8712.602076076015,8561.103111779687,7695.473872540896
-8730.109355230434,8579.733294866917,7712.8584129572755
-8747.634054924705,8598.386032540671,7730.262912360107
-8765.176172148776,8617.061327341391,7747.687370656843
-8782.735703892507,8635.759181809086,7765.131787754827
-8800.31264714566,8654.479598483325,7782.596163561297
-8817.906998897904,8673.222579903237,7800.080497983385
-8835.518756138821,8691.988128607512,7817.584790928117
-8853.147915857897,8710.776247134401,7835.109042302415
-8870.794475044524,8729.586938021715,7852.653252013091
-8888.458430688006,8748.420203806829,7870.217419966854
-8906.139779777548,8767.276047026675,7887.801546070304
-8923.83851930227,8786.154470217749,7905.405630229937
-8941.554646251192,8805.055475916106,7923.029672352142
-8959.288157613248,8823.979066657364,7940.673672343204
-8977.039050377274,8842.9252449767,7958.337630109299
-8994.807321532016,8861.89401340885,7976.021545556498
-9012.592968066132,8880.885374488116,7993.725418590765
-9030.39598696818,8899.899330748356,8011.44924911796
-9048.216375226631,8918.935884722992,8029.193037043834
-9066.054129829863,8937.995038945004,8046.956782274035
-9083.909247766158,8957.076795946936,8064.740484714102
-9101.781726023708,8976.181158260888,8082.544144269471
-9119.671561590614,8995.308128418526,8100.367760845468
-9137.578751454885,9014.457708951077,8118.211334347317
-9155.503292604433,9033.62990238932,8136.074864680132
-9173.445182027082,9052.824711263605,8153.958351748924
-9191.404416710564,9072.042138103838,8171.861795458596
-9209.380993642515,9091.282185439486,8189.7851957139455
-9227.374909810484,9110.544855799577,8207.728552419665
-9245.386162201923,9129.8301517127,8225.691865480338
-9263.414747804196,9149.138075707004,8243.675134800444
-9281.460663604572,9168.468630310197,8261.678360284357
-9299.523906590226,9187.821818049551,8279.701541836343
-9317.604473748246,9207.197641451898,8297.744679360561
-9335.702362065625,9226.596103043626,8315.807772761069
-9353.817568529264,9246.01720535069,8333.890821941814
-9371.950090125973,9265.460950898603,8351.99382680664
-9390.099923842467,9284.927342212437,8370.116787259281
-9408.267066665372,9304.416381816827,8388.259703203368
-9426.45151558122,9323.928072235967,8406.422574542426
-9444.653267576454,9343.46241599361,8424.605401179871
-9462.872319637421,9363.019415613073,8442.808183019017
-9481.10866875038,9382.59907361723,8461.030919963068
-9499.362311901494,9402.20139252852,8479.273611915125
-9517.633246076834,9421.826374868937,8497.53625877818
-9535.921468262384,9441.474023160039,8515.818860455123
-9554.226975444035,9461.144339922945,8534.121416848733
-9572.54976460758,9480.837327678331,8552.443927861685
-9590.889832738727,9500.552988946438,8570.786393396547
-9609.247176823086,9520.291326247061,8589.148813355787
-9627.621793846181,9540.05234209956,8607.531187641756
-9646.013680793443,9559.836039022855,8625.933516156709
-9664.422834650208,9579.642419535427,8644.355798802788
-9682.849252401722,9599.471486155313,8662.798035482032
-9701.292931033138,9619.323241400116,8681.260226096374
-9719.753867529522,9639.197687786995,8699.74237054764
-9738.232058875843,9659.09482783267,8718.24446873755
-9756.727502056978,9679.014664053426,8736.766520567719
-9775.240194057715,9698.957198965101,8755.308525939654
-9793.770131862751,9718.9224350831,8773.870484754756
-9812.31731245669,9738.910374922381,8792.452396914325
-9830.881732824042,9758.92102099747,8811.054262319547
-9849.46338994923,9778.954375822448,8829.676080871506
-9868.062280816577,9799.010441910956,8848.31785247118
-9886.678402410325,9819.0892217762,8866.979577019441
-9905.31175171462,9839.19071793094,8885.661254417053
-9923.962325713514,9859.3149328875,8904.362884564676
-9942.630121390968,9879.461869157763,8923.084467362864
-9961.315135730854,9899.631529253173,8941.82600271206
-9980.017365716953,9919.82391568473,8960.58749051261
-9998.73680833295,9940.039030963002,8979.368930664745
-10017.47346056244,9960.276877598113,8998.170323068596
-10036.227319388932,9980.537458099743,9016.991667624185
-10054.998381795835,10000.820774977139,9035.832964231427
-10073.786644766473,10021.126830739104,9054.694212790135
-10092.592105284075,10041.455627893998,9073.575413200011
-10111.41476033178,10061.807168949748,9092.476565360654
-10130.254606892635,10082.181456413839,9111.397669171556
-10149.111641949596,10102.578492793313,9130.338724532103
-10167.985862485524,10122.998280594775,9149.299731341576
-10186.877265483197,10143.440822324388,9168.280689499146
-10205.785847925295,10163.906120487878,9187.281598903885
-10224.711606794408,10184.394177590526,9206.30245945475
-10243.654539073033,10204.904996137177,9225.3432710506
-10262.614641743581,10225.438578632233,9244.404033590185
-10281.591911788368,10245.994927579659,9263.484746972144
-10300.586346189615,10266.574045482977,9282.585411095019
-10319.59794192946,10287.17593484527,9301.706025857238