
-124.17417539949943,914.2320751038664,168.71109457703753
-124.14643417027361,914.2330328954455,168.6810932313288
-124.09911904250328,914.2350229691133,168.63109098865814
-124.03180550654564,914.238416502387,168.5610878492915
-123.94449332785896,914.2436118289827,168.4710838136011
-123.83718221190254,914.2510290339814,168.3610788820655
-123.70987180096857,914.2611098508236,168.2310730552697
-123.56256167104243,914.2743174200202,168.081066333905
-123.39525132869343,914.2911361465685,167.91105871876908
-123.20794020797872,914.3120716150646,167.72105021076598
-123.00062766737,914.3376503307697,167.51104081090605
-122.77331298674316,914.3684190768234,167.28103052030605
-122.52599536450066,914.4049437211842,167.03101934018906
-122.25867391490728,914.4478075100179,166.7610072718845
-121.97134766570493,914.4976089576809,166.4709943168282
-121.66401555605627,914.5549594911314,166.16098047656234
-121.33667643483416,914.6204811048316,165.8309657527354
-120.98932905924433,914.694804126275,165.48095014710228
-120.62197209376058,914.7785652170724,165.1109336615242
-120.23460410932793,914.872405663953,164.72091629796873
-119.82722358279835,914.9769699158151,164.3108980585098
-119.39982889655803,915.0929044211827,163.8808789453277
-118.95241833830613,915.2208566850081,163.43085896070912
-118.48499010095613,915.3614745658007,162.96083810704704
-117.9975422826197,915.5154058111725,162.47081638684082
-117.49007288664933,915.683297713549,161.9607938026962
-116.96257982171684,915.8657970033432,161.43077035732523
-116.4150609018898,916.0635499252362,160.88074605354632
-115.8475138466936,916.2772023793067,160.3107208942843
-115.25993628113929,916.5074002786455,159.72069488257026
-114.65232573568665,916.7547900147348,159.11066802154173
-114.02467964613888,917.0200189762328,158.48064031444255
-113.37699535345023,917.3037362069955,157.83061176462292
-112.70927010343296,917.6065931155965,157.1605823755394
-112.02150105177046,917.9291329024984,156.47055215075494
-111.31368529586904,918.271570921217,155.76052109393876
-110.58581992263022,918.6339042478659,155.03048920886653
-109.83790201906216,919.0161299581341,154.2804564994202
-109.06992867227959,919.4182451272857,153.51042296958818
-108.28189696950395,919.8402468301598,152.72038862346506
-107.47380399806329,920.282132141171,151.91035346525194
-106.64564684539239,920.743898134309,151.08031749925624
-105.79742259903269,921.2255418831386,150.23028072989172
-104.92912834663231,921.7270604608,149.36024316167848
-104.04076117594616,922.2484509400085,148.470204799243
-103.13231817483583,922.789710393055,147.56016564731812
-102.20379643126971,923.3508358918052,146.630125710743
-101.25519303332291,923.9318245077006,145.68008499446313
-100.28650506917737,924.5326733117578,144.7100435035305
-99.29772962712181,925.1533793745685,143.7200012431033
-98.28886379555176,925.7939397663004,142.70995821844613
-97.2599046629696,926.4543515566958,141.67991443493
-96.21084931798455,927.1346118150728,140.62986989803215
-95.1416948493127,927.8347176103251,139.5598246133363
-94.05243834577698,928.5546660109214,138.46977858653247
-92.94307689630726,929.2944540849061,137.359731823417
-91.81360758994032,930.0540788998989,136.22968432989268
-90.66402751581981,930.833537523095,135.07963611196854
-89.4943337631964,931.632827021265,133.90958717576007
-88.30452342142763,932.4519444607554,132.71953752748905
-87.09459357997808,933.2908869074877,131.50948717348362
-85.86454132841929,934.1496514269592,130.2794361201783
-84.6143637564298,935.0282350842425,129.02938437411396
-83.34405795379514,935.9266349439861,127.7593319419378
-82.05362101040794,936.8448480704138,126.46927883040341
-80.74305001626782,937.7828715273253,125.1592250463707
-79.4123420614815,938.7407023780954,123.82917059680597
-78.06149423626275,939.7183376856751,122.47911548878183
-76.69050363093244,940.7157745125907,121.1090597294773
-75.29936733591859,941.733009920944,119.7190033261777
-73.8880824417563,942.7700409724129,118.30894628627473
-72.45664603908783,943.8268647282505,116.87888861726647
-71.00505521866258,944.9034782492861,115.4288303267573
-69.53330707133713,945.9998785959243,113.95877142245801
-68.04139868807529,947.1160628281457,112.4687119121857
-66.529327159948,948.2520280055064,110.95865180386383
-64.99708957813347,949.4077711871386,109.42859110552226
-63.44468303391712,950.5832894317499,107.87852982529714
-61.87210461869163,951.7785797976239,106.308467971431
-60.279351423956946,952.9936393426201,104.71840555227276
-58.66642054132029,954.2284651241736,103.10834257627762
-57.03330906249619,955.4830541992955,101.47827905200722
-55.38001407930646,956.7574036245726,99.82821498812949
-53.70653268368027,958.0515104561678,98.15815039341872
-52.012861967654125,959.3653717498195,96.46808527675559
-50.29899902337187,960.6989845608424,94.7580196471271
-48.56494094308474,962.052345944127,93.02795351362663
-46.81068481915136,963.4254529541396,91.27788688545388
-45.03622774403775,964.8183026449226,89.50781977191494
-43.24156681031736,966.2308920700943,87.71775218242223
-41.42669911067106,967.6632182828491,85.90768412649452
-39.59162173788718,969.1152783359571,84.07761561375696
-37.73633178486152,970.5870692817647,82.22754665394103
-35.860826344597356,972.0785881721941,80.35747725688458
-33.96510251020546,973.5898320587439,78.46740743253177
-32.04915737490412,975.1207979924884,76.55733719093318
-30.112988032019153,976.671483024078,74.6272665422457
-28.156591574983914,978.2418842037395,72.67719549673261
-26.179965097339316,979.8319985812753,70.70712406476349
-24.183105692733854,981.4418232060644,68.71705225681431
-22.166010454923605,983.0713551270619,66.70698008346739
-20.128676477772256,984.7205913927986,64.67690755541136
-18.07110085525111,986.3895290513819,62.62683468344128
-15.993280681439115,988.0781651504954,60.55676147845851
-13.895213050522857,989.7864967373985,58.466687951470774
-11.776895056796599,991.5145208589271,56.35661411359215
-9.638323794662284,993.2622345614934,54.22653997604307
-7.479496358629554,995.0296348910858,52.07646555015032
-5.300409843315761,996.8167188932688,49.906390847347026
-3.1010613434459877,998.6234836131832,47.71631587917269
-0.8814479538530609,1000.4499260955463,45.506240657273146
1.3584332305224331,1002.2960433846516,43.27616519340059
3.6185851146321335,1004.1618325243688,41.02608949941356
5.899010603319887,1006.0472905581443,38.75601358727696
8.199712601321737,1007.9524145290003,36.46593746906204
10.520694013265903,1009.8772014795359,34.15586115694641
12.861957743672768,1011.8216484519262,31.825784663214016
15.223506696954864,1013.785752487923,29.475708000255167
17.605343777416856,1015.7695106288544,27.105631180566522
20.007471889255523,1017.7729199156248,24.71555421675109
22.42989393655975,1019.7959773887152,22.30547712151824
24.8726128233105,1021.8386800881831,19.87539990768368
27.335631453380817,1023.9010250536625,17.425322588169475
29.818952730535788,1025.9830093243638,14.955245176004045
32.322579558432544,1028.0846299390737,12.465167684322159
34.84651484062025,1030.205883936156,9.955090126364938
37.39076148054007,1032.3467683535505,7.425012515479855
39.955322381525164,1034.5072802287737,4.87493486512073
42.54020044680066,1036.687416598919,2.3048571888477416
45.14539857948367,1038.887174500656,-0.28522049967258667
47.77091968258323,1041.1065509702314,-2.8952981866673766
50.41676665900032,1043.3455430434676,-5.5253758582574015
53.082942411527824,1045.6041477557644,-8.17545350045708
55.769449842850555,1047.882362142098,-10.845531099174483
58.476291855545185,1050.1801832370215,-13.53560864021133
61.203471352080264,1052.4976080746646,-16.245686109262987
63.95099123481619,1054.8346336887337,-18.975763491918475
66.71885440600522,1057.1912571125115,-21.72584077366046
69.5070637677914,1059.567475378858,-24.49591793986526
72.3156222222106,1061.9632855202099,-27.285994975802843
75.14453267119052,1064.37868456858,-30.09607186663682
77.99379801655058,1066.8136695555588,-32.92614859742446
80.86342116000199,1069.268237512313,-35.77622515311667
83.7534050031477,1071.7423854695862,-38.64630151855802
86.66375244748241,1074.2361104576994,-41.53637767848673
89.59446639439248,1076.7494095065495,-44.44645361753466
92.54554974515605,1079.2822796456107,-47.37652932022733
95.51700540094288,1081.8347179039345,-50.3266047709839
98.50883626281443,1084.4067213101484,-53.29667995411718
101.52104523172379,1086.9982868924576,-56.28675485383364
104.55363520851573,1089.6094116786442,-59.29682945423341
107.6066090939266,1092.2400926960665,-62.32690373931024
110.67996978858436,1094.8903269716604,-65.37697769295156
113.77372019300861,1097.5601115319387,-68.44705129893842
116.88786320761048,1100.2494434029907,-71.53712454094556
120.02240173269267,1102.9583196104834,-74.64719740254134
123.17733866844942,1105.6867371796604,-77.77726986718777
126.35267691496652,1108.4346931353425,-80.92734191824053
129.54841937222128,1111.2021845019276,-84.09741353894894
132.76456894008248,1113.9892083033903,-87.28748471245599
136.00112851831042,1116.7957615632827,-90.4975554217983
139.2581010065568,1119.6218413047338,-93.72762564990613
142.5354893043649,1122.4674445504497,-96.97769537960342
145.83329631116928,1125.3325683227138,-100.24776459360776
149.15152492629602,1128.2172096433865,-103.53783327453036
152.4901780489626,1131.1213655339052,-106.84790140487613
155.84925857827787,1134.0450330152848,-110.17796896704357
159.22876941324208,1136.9882091081174,-113.5280359433249
162.62871345274684,1139.950890832572,-116.89810231590594
166.04909359557504,1142.933075208395,-120.28816806686619
169.489912740401,1145.9347592549097,-123.69823317817878
172.9511737857903,1148.9559399910174,-127.12829763171052
176.43287963019984,1151.9966144351963,-130.57836140922186
179.93503317197775,1155.0567796055018,-134.04842449236688
183.4576373093635,1158.1364325195664,-137.53848686269336
187.00069494048773,1161.2355701946,-141.0485485016427
190.56420896337244,1164.3541896473905,-144.57860939054996
194.1481822759307,1167.4922878943025,-148.12866951064382
197.75261777596694,1170.6498619512781,-151.6987288430467
201.37751836117667,1173.8269088338368,-155.28878736877456
205.02288692914664,1177.0234255570754,-158.8988450687371
208.6887263773547,1180.2394091356682,-162.52890192373766
212.37503960316988,1183.4748565838672,-166.1789579144732
216.08182950385236,1186.7297649155016,-169.84901302153435
219.8090989765534,1190.0041311439777,-173.5390672254054
223.5568509183154,1193.29795228228,-177.24912050646432
227.32508822607176,1196.6112253429699,-180.97917284498266
231.11381379664704,1199.9439473381867,-184.72922422112566
234.92303052675683,1203.296115279647,-188.49927461495224
238.7527413130077,1206.667726178645,-192.28932400641494
242.60294905189733,1210.0587770460525,-196.09937237536
246.47365663981432,1213.4692648923187,-199.92941970152725
250.36486697303832,1216.8991867274708,-203.77946596455024
254.27658294773994,1220.348539561113,-207.6495111439561
258.20880745998073,1223.8173204024276,-211.5395552191657
262.16154340571325,1227.3055262601745,-215.44959816949347
266.1347936807809,1230.813154142691,-219.3796399741476
270.12856118091804,1234.3402010578923,-223.32968061222988
274.1428488017499,1237.8866640132712,-227.29972006273573
278.17765943879266,1241.4525400158982,-231.28975830455425
282.2329959874533,1245.0378260724212,-235.29979531646822
286.3088613430297,1248.6425191890667,-239.32983107715404
290.4052584007106,1252.266616371638,-243.37986556518177
294.5221900555754,1255.9101146255168,-247.44989875901516
298.65965920259447,1259.5730109556623,-251.53993063701157
302.81766873662895,1263.2553023666114,-255.64996117742203
306.9962215524307,1266.9569858624793,-259.7799903583912
311.19532054464236,1270.6780584469584,-263.9300181579576
315.4149686077974,1274.4185171233191,-268.10004455405306
319.6551686363198,1278.17835889441,-272.2900695245033
323.91592352452454,1281.9575807626572,-276.5000930470276
328.1972361666171,1285.7561797300652,-280.7301150992389
332.4991094566936,1289.5741527982157,-284.980135658644
336.82154628874105,1293.4114969682687,-289.250154702643
341.1645495566369,1297.2682092409623,-293.54017220852995
345.5281221541495,1301.1442866166124,-297.8501881534924
349.9122669749375,1305.0397260951127,-302.18020251461166
354.31698691255025,1308.954524675935,-306.5302152688626
358.74228486042784,1312.8886793581294,-310.9002263931138
363.18816371190087,1316.8421871403236,-315.29023586412757
367.6546263601904,1320.8150450207236,-319.70024365855966
372.14167569840805,1324.8072499971133,-324.1302497529597
376.64931461955615,1328.8187990668548,-328.5802541237709
381.1775460165273,1332.8496892268881,-333.05025674733014
385.72637278210476,1336.8999174737312,-337.54025759986786
390.2957978089622,1340.9694808034808,-342.05025665750827
394.8858239896639,1345.0583762118113,-346.58025389626926
399.49645421666435,1349.166600693975,-351.1302492920623
404.1276913823086,1353.2941512448028,-355.7002428206925
408.7795383788322,1357.441024858704,-360.2902344578588
413.45199809836106,1361.607218529665,-364.9002241791535
418.1450734329114,1365.792729251252,-369.53021196006284
422.8587672743898,1369.9975540166079,-374.1801977759666
427.59308251459333,1374.2216898184547,-378.8501816021382
432.3480220452093,1378.4651336490926,-383.54016341374484
437.12358875781547,1382.7278825004,-388.2501431858472
441.9197855438798,1387.0099333638334,-392.9801208933997
446.73661529476055,1391.311283230428,-397.73009651125045
451.57408090170634,1395.6319290907966,-402.5000700141413
456.432185255856,1399.971867935131,-407.2900413767075
461.3109312482386,1404.3310967532013,-412.10001057347824
466.2103217697735,1408.709612534356,-416.92997757887616
471.1303597112702,1413.1074122675216,-421.7799423672177
476.07104796342855,1417.5244929412033,-426.6499049127129
481.03238941683844,1421.9608515434845,-431.53986518946544
486.01438696198005,1426.4164850620273,-436.44982317147276
491.0170434892236,1430.891390484072,-441.3797788326259
496.04036188882964,1435.3855647964376,-446.3297321467095
501.0843450509486,1439.8990049855215,-451.2996830874019
506.14899586562126,1444.4317080372998,-456.2896316282752
511.2343172227783,1448.9836709373267,-461.299577742795
516.3403120122407,1453.5548906707352,-466.3295214043207
521.4669831237193,1458.1453642222366,-471.3794625861054
526.614333446815,1462.7550885761211,-476.4494012612956
531.7823658710189,1467.3840607162572,-481.53933740293166
536.9710832857121,1472.0322776260923,-486.64927098394764
542.1804885801655,1476.6997362886523,-491.7792019771711
547.4105846435403,1481.3864336865413,-496.9291303553234
552.6613743648874,1486.0923668019427,-502.0990560910196
557.9328606331477,1490.817532616618,-507.2889791567682
563.2250463371522,1495.5619281119082,-512.4988995249716
568.5379343656219,1500.3255502687318,-517.7288171679257
573.8715276071674,1505.108396067587,-522.9787320578203
579.2258289502894,1509.91046248855,-528.2486441667385
584.6008412833784,1514.7317465112765,-533.5385534666573
589.9965674947148,1519.5722451150004,-538.8484599294474
595.4130104724688,1524.4319552785346,-544.178363526873
600.8501731047007,1529.3108739802706,-549.5282642305921
606.3080582793604,1534.208998198179,-554.8981620121563
611.7866688842875,1539.1263249098088,-560.2880568430108
617.2860078072115,1544.0628510922884,-565.6979486944948
622.8060779357518,1549.0185737223244,-571.1278375378407
628.3468821574174,1553.993489776203,-576.5777233441748
633.9084233596072,1558.9875962297883,-582.047606084517
639.4907044296097,1564.0008900585244,-587.5374857297811
645.093728254603,1569.0333682374337,-593.0473622507742
650.7174977216553,1574.0850277411178,-598.5772356181973
656.3620157177239,1579.1558655437566,-604.1271058026449
662.0272851296563,1584.2458786191098,-609.6969727746053
667.7133088441896,1589.3550639405157,-615.2868365044606
673.4200897479501,1594.4834184808915,-620.8966969624862
679.1476307274542,1599.6309392127334,-626.5265541188514
684.8959346691076,1604.7976231081173,-632.1764079436193
690.6650044592058,1609.983467138697,-637.8462584067463
696.4548429839338,1615.1884682757066,-643.5361054780827
702.265453129366,1620.4126234899582,-649.2459491273726
708.0968377814667,1625.6559297518438,-654.9757893242534
713.9489998260894,1630.9183840313337,-660.7256260382563
719.8219421489773,1636.1999832979784,-666.4954592388066
725.715667635763,1641.5007245209065,-672.2852888952225
731.6301791719687,1646.8206046688263,-678.0951149767164
737.565479643006,1652.159620710025,-683.9249374523945
743.5215719341759,1657.5177696123694,-689.774756291256
749.4984589306687,1662.8950483433052,-695.6445714621944
755.4961435175645,1668.2914538698574,-701.5343829339967
761.5146285798327,1673.70698315863,-707.4441906753433
767.5539170023319,1679.1416331758069,-713.3739946548087
773.6140116698102,1684.5954008871506,-719.3237948408607
779.6949154669051,1690.068283258003,-725.293591201861
785.7966312781432,1695.5602772532857,-731.2833837060649
791.9191619879408,1701.071379837499,-737.2931723216212
798.0625104806034,1706.6015879747235,-743.3229570165727
804.2266796403255,1712.150898628618,-749.3727377588556
810.4116723511914,1717.7193087624216,-755.4425145163
816.6174914971742,1723.3068153389522,-761.5322872566294
822.8441399621365,1728.9134153206073,-767.6420559474611
829.0916206298301,1734.5391056693638,-773.7718205563062
835.3599363838961,1740.1838833467782,-779.9215810505693
841.6490901078646,1745.847745313986,-786.0913373975487
847.9590846851552,1751.5306885317027,-792.2810895644363
854.2899229990762,1757.232709960223,-798.4908375183179
860.6416079328257,1762.953806559421,-804.7205812261727
867.0141423694902,1768.6939752887508,-810.9703206548738
873.407529192046,1774.4532131072453,-817.2400557711878
879.8217712833583,1780.2315169735177,-823.5297865417751
886.2568715261812,1786.02888384576,-829.8395129331898
892.712832803158,1791.8453106817444,-836.1692349118795
899.1896579968213,1797.6807944388224,-842.5189524441855
905.6873499895925,1803.5353320739255,-848.8886654963429
912.205911663782,1809.4089205435641,-855.2783740344804
918.7453459015893,1815.3015568038288,-861.6880780246204
925.305655585103,1821.2132378103897,-868.117777432679
931.8868435963005,1827.1439605184967,-874.5674722244659
938.4889128170486,1833.093721882979,-881.0371623656845
945.1118661291025,1839.062518858246,-887.5268478219318
951.755706414107,1845.0503483982864,-894.0365285586987
958.420436553595,1851.0572074566692,-900.5662045413695
965.1060594289889,1857.0830929865424,-907.1158757352223
971.8125779216001,1863.1280019406345,-913.6855421054289
978.5399949126283,1869.1919312712532,-920.2752036170548
985.2883132831628,1875.2748779302865,-926.884860235059
992.057535914181,1881.376838869202,-933.5145119242944
998.8476656865497,1887.4978110390468,-940.1641586495075
1005.6587054810243,1893.6377913904485,-946.8338003753382
1012.4906581782492,1899.796776873614,-953.5234370663206
1019.3435266587574,1905.9747644383303,-960.2330686868822
1026.2173138029707,1912.1717510339647,-966.9626952013441
1033.1120224911995,1918.3877336094638,-973.712316573921
1040.0276556036433,1924.6227091133544,-980.4819327687217
1046.9642160203905,1930.8766744937432,-987.2715437497482
1053.9217066214173,1937.1496266983172,-994.0811494808963
1060.9001302865897,1943.4415626743428,-1000.9107499259558
1067.8994898956619,1949.7524793686666,-1007.7603450486098
1074.9197883282764,1956.0823737277155,-1014.6299348124352
1081.9610284639648,1962.4312426974964,-1021.5195191809026
1089.0232131821474,1968.799083223596,-1028.4290981173763
1096.1063453621327,1975.1858922511808,-1035.3586715851143
1103.2104278831184,1981.5916667249983,-1042.3082395472682
1110.3354636241904,1988.016403589375,-1049.277801966883
1117.4814554643233,1994.4600997882183,-1056.267358806898
1124.64840628238,2000.9227522650153,-1063.276910030146
1131.8363189571123,2007.404357962834,-1070.3064555993528
1139.0451963671605,2013.9049138243213,-1077.355995477139
1146.2750413910535,2020.4244167917052,-1084.425529626018
1153.5258569072082,2026.9628638067936,-1091.5150580083973
1160.7976457939303,2033.5202518109747,-1098.6245805865778
1168.0904109294145,2040.0965777452172,-1105.7540973227544
1175.4041551917428,2046.6918385500692,-1112.9036081790155
1182.7388814588867,2053.30603116566,-1120.073113117343
1190.0945926087056,2059.9391525316983,-1127.2626120996126
1197.4712915189475,2066.591199587474,-1134.472105087594
1204.8689810672488,2073.2621692718567,-1141.70159204295
1212.287664131134,2079.9520585232967,-1148.9510729272379
1219.7273435880165,2086.660864279824,-1156.220547701908
1227.1880223151975,2093.38858347905,-1163.5100163283043
1234.6697031898666,2100.1352130581654,-1170.819478767665
1242.1723890891024,2106.900749953942,-1178.1489349811216
1249.6960828898707,2113.685191102732,-1185.498384929699
1257.2407874690266,2120.488533440467,-1192.867828574316
1264.806505703313,2127.3107739026605,-1200.2572658757856
1272.393240469361,2134.1519094244054,-1207.666696794814
1280.00099464369,2141.011936940375,-1215.096121292001
1287.629771102708,2147.890853384825,-1222.5455393278403
1295.2795727227106,2154.7886556915887,-1230.0149508627194
1302.950402379882,2161.705340794082,-1237.5043558569191
1310.6422629502945,2168.640905625301,-1245.0137542706143
1318.3551573099085,2175.5953471178213,-1252.543146063873
1326.0890883345724,2182.5686622038006,-1260.0925311966575
1333.8440589000234,2189.5608478149757,-1267.6619096288237
1341.620071881886,2196.571900882665,-1275.2512813201206
1349.4171301556732,2203.6018183377673,-1282.8606462301916
1357.235236596786,2210.650597110762,-1290.4900043185735
1365.074394080514,2217.7182341317093,-1298.1393555446966
1372.9346054820337,2224.8047263302497,-1305.808699867885
1380.8158736764105,2231.9100706356035,-1313.4980372473567
1388.7182015385981,2239.034263976574,-1321.2073676422235
1396.6415919434376,2246.1773032815436,-1328.9366910114904
1404.586047765658,2253.339185478476,-1336.6860073140563
1412.5515718798767,2260.519907494915,-1344.4553165087136
1420.538167160599,2267.7194662579864,-1352.2446185541487
1428.5458364822177,2274.937858694396,-1360.0539134089418
1436.5745827190146,2282.175081730429,-1367.8832010315664
1444.6244087451585,2289.4311322919543,-1375.7324813803898
1452.6953174347059,2296.70600730442,-1383.601754413673
1460.787311661602,2303.9997036928544,-1391.4910200895708
1468.9003942996796,2311.312218381868,-1399.4002783661317
1477.0345682226591,2318.6435482956517,-1407.3295292012976
1485.189836304149,2325.993690357977,-1415.2787725529045
1493.3662014176455,2333.3626414921964,-1423.2480083786816
1501.5636664365327,2340.750398621244,-1431.2372366362522
1509.7822342340824,2348.1569586676337,-1439.2464572831332
1518.0219076834544,2355.5823185534614,-1447.275670276735
1526.282689657696,2363.026475200403,-1455.3248755743618
1534.5645830297422,2370.4894255297168,-1463.3940731332118
1542.8675906724163,2377.971166462241,-1471.4832629103764
1551.1917154584287,2385.471694918395,-1479.592444862841
1559.5369602603778,2392.991007818179,-1487.7216189474846
1567.9033279507496,2400.5291020811746,-1495.8707851210797
1576.2908214019178,2408.085974626545,-1504.039943340293
1584.6994434861438,2415.6616223730334,-1512.2290935616838
1593.129197075577,2423.256042238965,-1520.4382357417066
1601.5800850422534,2430.869231142246,-1528.667369836709
1610.0521102580976,2438.5011860003633,-1536.9164958029316
1618.5452755949216,2446.151903730385,-1545.1856135965095
1627.0595839244247,2453.8213812489607,-1553.474723173471
1635.595038118194,2461.509615472321,-1561.7838244897384
1644.151641047704,2469.216603316278,-1570.1129175011276
1652.729395584317,2476.9423416962245,-1578.4620021633486
1661.3283045992825,2484.686827527135,-1586.8310784320042
1669.9483709637377,2492.450057723565,-1595.2201462625915
1678.5895975487074,2500.232029199651,-1603.6292056105012
1687.2519872251037,2508.032738869112,-1612.058256431018
1695.935542863726,2515.852183645247,-1620.5072986793193
1704.6402673352613,2523.6903604409367,-1628.9763323104773
1713.3661635102847,2531.5472661686435,-1637.4653572794575
1722.1132342592573,2539.42289774041,-1645.974373541119
1730.8814824525289,2547.3172520678622,-1654.5033810502146
1739.6709109603362,2555.230326062205,-1663.0523797613907
1748.4815226528033,2563.1621166342275,-1671.621369629188
1757.3133203999414,2571.112620694298,-1680.21035060804
1766.1663070716493,2579.0818351523667,-1688.8193226522744
1775.040485537713,2587.069756917966,-1697.4482857161127
1783.935858667806,2595.0763829002094,-1706.0972397536696
1792.8524293314892,2603.1017100077916,-1714.766184718954
1801.7902003982106,2611.1457351489885,-1723.4551205658684
1810.749174737305,2619.2084552316587,-1732.1640472482088
1819.7293552179954,2627.2898671632415,-1740.892964719665
1828.7307447093913,2635.389967850758,-1749.6418729338209
1837.7533460804898,2643.50875420081,-1758.4107718441533
1846.7971622001749,2651.6462231195824,-1767.1996614040331
1855.8621959372178,2659.802371512841,-1776.0085415667252
1864.9484501602774,2667.977196285933,-1784.8374122853877
1874.0559277378989,2676.1706943437875,-1793.6862735130726
1883.1846315385155,2684.382862590915,-1802.5551252027258
1892.3345644304472,2692.613697931408,-1811.4439673071865
1901.505729281901,2700.86319726894,-1820.352799779188
1910.698128960971,2709.131357506767,-1829.2816225713566
1919.9117663356383,2717.4181755477266,-1838.2304356362133
1929.1466442737715,2725.7236482942376,-1847.1992389261723
1938.4027656431258,2734.0477726483014,-1856.1880323935413
1947.6801333113438,2742.3905455115005,-1865.196815990522
1956.9787501459546,2750.751963784999,-1874.2255896692097
1966.298619014375,2759.132024369544,-1883.2743533815935
1975.6397427839079,2767.5307241654627,-1892.3431070795561
1985.0021243217443,2775.948060072665,-1901.431850714874
1994.3857664949612,2784.3840289906434,-1910.540584239217
2003.790672170523,2792.838627818471,-1919.669307604149
2013.216844215281,2801.3118534548034,-1928.8180207611274
2022.6642854959732,2809.803702797878,-1937.9867236615037
2032.1329988792247,2818.314172745514,-1947.1754162565228
2041.6229872315478,2826.8432601951126,-1956.3840984973233
2051.134253419341,2835.3909620436575,-1965.6127703349375
2060.6668003088894,2843.9572751877135,-1974.8614317202916
2070.220630766366,2852.5421965234277,-1984.1300826042052
2079.7957476578304,2861.145722946529,-1993.4187229373917
2089.3921538492286,2869.7678513523288,-2002.7273526704585
2099.009852206393,2878.40857863572,-2012.0559717539063
2108.6488455950443,2887.0679016911786,-2021.4045801381296
2118.309136880788,2895.745817412761,-2030.7731777734166
2127.9907289291177,2904.442322694107,-2040.1617646099496
2137.6936246054133,2913.1574144284377,-2049.570340597804
2147.4178267749417,2921.891089508557,-2058.998905686949
2157.163338302856,2930.6433448268504,-2068.447459827248
2166.9301620541964,2939.414177275286,-2077.916002968458
2176.7183008938896,2948.2035837454137,-2087.4045350602296
2186.527757686749,2957.0115611283654,-2096.913056052106
2196.358535297474,2965.838106314856,-2106.441565893527
2206.210636590652,2974.683216195181,-2115.990064533822
2216.084064430756,2983.5468876592204,-2125.558551922218
2225.9788216821457,2992.429117596435,-2135.1470280078333
2235.8949112090677,3001.3299028958677,-2144.755492739681
2245.8323358756547,3010.2492404461445,-2154.3839460666672
2255.791098545927,3019.1871271354735,-2164.032387937593
2265.77120208379,3028.143559851644,-2173.700818301151
2275.7726493530363,3037.1185354820295,-2183.389237105929
2285.795443217345,3046.1120509135844,-2193.0976443004092
2295.839586540282,3055.124103032846,-2202.826039832966
2305.9050821852993,3064.1546887259337,-2212.574423651869
2315.991933015735,3073.20380487855,-2222.3427957052795
2326.1001418948144,3082.2714483759783,-2232.1311559412543
2336.229711685649,3091.357616103087,-2241.9395043077425
2346.3806452512363,3100.462304944324,-2251.7678407525887
2356.5529454544608,3109.585511783722,-2261.6161652235296
2366.7466151580925,3118.7272335048942,-2271.4844776681966
2376.961657224789,3127.8874669910388,-2281.372778034114
2387.1980745170936,3137.0662091249333,-2291.2810662687
2397.455869897435,3146.263456788941,-2301.2093423192678
2407.7350462281306,3155.4792068650054,-2311.1576061330225
2418.0356063713816,3164.713456234653,-2321.1258576570635
2428.3575531892766,3173.966201778994,-2331.1140968383847
2438.7008895437907,3183.2374403787203,-2341.1223236238725
2449.065618296785,3192.5271689141064,-2351.150537960308
2459.4517423100065,3201.835384265009,-2361.198739794366
2469.859264445089,3211.1620833108686,-2371.2669290726135
2480.2881875635526,3220.5072629307074,-2381.355105741513
2490.7385145268026,3229.8709200031312,-2391.4632697474203
2501.210248196132,3239.253051406328,-2401.5914210365845
2511.7033914327185,3248.6536540180673,-2411.739559555149
2522.2179470976266,3258.0727247157033,-2421.90768524915
2532.753918051807,3267.510260376172,-2432.0957980645176
2543.311307156096,3276.966257875992,-2442.3038979470766
2553.890117271217,3286.440714091266,-2452.5319848425447
2564.490351257779,3295.933625897677,-2462.7800586965336
2575.1120119762763,3305.4449901704925,-2473.048119454548
2585.7551022870907,3314.974803784563,-2483.3361670619884
2596.4196250504897,3324.5230636143215,-2493.644201464146
2607.1055831266253,3334.0897665337834,-2503.9722226062086
2617.8129793755375,3343.6749094165475,-2514.3202304332553
2628.5418166571512,3353.278489135795,-2524.6882248902602
2639.2920978312777,3362.9005025642905,-2535.0762059220915
2650.063825757614,3372.5409465743815,-2545.48417347351
2660.8570032957427,3382.1998180379983,-2555.9121274891713
2671.671633305134,3391.877113826654,-2566.360067913624
2682.5077186451417,3401.572830811445,-2576.82799469131
2693.3652621750075,3411.28696586305,-2587.3159077665664
2704.2442667538576,3421.019515851732,-2597.823807083623
2715.1447352407044,3430.7704776473365,-2608.3516925866024
2726.0666704944474,3440.5398481192906,-2618.899564219523
2737.01007537387,3450.327624136606,-2629.4674219262965
2747.974952737643,3460.133802567878,-2640.0552656507266
2758.961305444322,3469.958380281283,-2650.6630953365125
2769.9691363523493,3479.801354144582,-2661.2909109272464
2780.998448320052,3489.662721025119,-2671.9387123664137
2792.0492442056434,3499.5424777898206,-2682.606499597395
2803.121526867223,3509.4406213051975,-2693.294272563464
2814.215299162776,3519.3571484373424,-2704.002031207787
2825.3305639501723,3529.292056051931,-2714.729775473425
2836.4673240871684,3539.2453410142243,-2725.477505303333
2847.625582431406,3549.2170001890645,-2736.2452206403595
2858.8053418404133,3559.207030440877,-2747.0329214272465
2870.0066051716035,3569.215428633672,-2757.8406076066294
2881.2293752822757,3579.2421916310423,-2768.6682791210383
2892.4736550296143,3589.2873162961628,-2779.515935912896
2903.73944727069,3599.3507994917936,-2790.38357792452
2915.0267548624583,3609.432638080277,-2801.271205098121
2926.3355806617606,3619.532828923538,-2812.1788173758027
2937.665927525324,3629.6513688830873,-2823.1064146995636
2949.0177983097615,3639.788254820017,-2834.053997011296
2960.391195871571,3649.943483595003,-2845.021564252785
2971.786123067136,3660.1170520683045,-2856.0091163657107
2983.2025827527254,3670.3089570997645,-2867.0166532916455
2994.640577784495,3680.5191955488094,-2878.044174972057
3006.100111018484,3690.747764274449,-2889.0916813483054
3017.5811853106184,3700.994660135276,-2900.159172361645
3029.083803516709,3711.259879989467,-2911.2466479532236
3040.6079684924525,3721.5434206947834,-2922.354108064083
3052.153683093431,3731.845279108568,-2933.481552635159
3063.7209501751117,3742.165452087748,-2944.6289816072804
3075.309772592848,3752.5039364888344,-2955.7963949211703
3086.920153201877,3762.860729167922,-2966.9837925174456
3098.5520948573226,3773.235826980688,-2978.1911743366163
3110.205600414194,3783.629226782395,-2989.4185403190872
3121.880672727385,3794.0409254278875,-3000.6658904051556
3133.577314651675,3804.4709197715947,-3011.933224535013
3145.2955290417294,3814.9192066675287,-3023.2205426487453
3157.0353187520977,3825.385782969286,-3034.5278446863313
3168.7966866372153,3835.8706455300467,-3045.855130587644
3180.5796355514035,3846.373791202574,-3057.20240029245
3192.384168348867,3856.8952168392157,-3068.5696537404087
3204.210287883698,3867.434919291902,-3079.956890871075
3216.0579970098725,3877.9928954121488,-3091.364111623896
3227.9272985812513,3888.5691420510543,-3102.7913159382138
3239.818195451582,3899.1636560593006,-3114.2385037532636
3251.730690474496,3909.776434287154,-3125.7056750081742
3263.6647865035106,3920.4074735844656,-3137.1928296419687
3275.6204863920275,3931.056770800668,-3148.699967593563
3287.597792993334,3941.724322784779,-3160.2270888017674
3299.5967091606035,3952.4101263854004,-3171.774193205286
3311.617237746892,3963.1141784507176,-3183.3412807427158
3323.6593816051427,3973.8364758285006,-3194.928351352549
3335.723143588183,3984.5770153661024,-3206.53540497317
3347.8085265487257,3995.3357939104603,-3218.1624415428582
3359.9155333393683,4006.1128083080953,-3229.8094609997866
3372.0441668125936,4016.908055405113,-3241.476463282021
3384.194429820769,4027.7215320472023,-3253.1634483275216
3396.3663252161477,4038.5532350796366,-3264.870416074142
3408.5598558508664,4049.403161347273,-3276.5973664596304
3420.7750245769485,4060.2713076945533,-3288.344299421627
3433.011834246301,4071.1576709655023,-3300.1112148976677
3445.2702877107167,4082.0622480037296,-3311.898112825181
3457.550387821873,4092.985035652429,-3323.70499314149
3469.852137431332,4103.926030754377,-3335.53185578381
3482.1755393905405,4114.885230151937,-3347.378700689252
3494.520596550831,4125.862630687054,-3359.2455277948193
3506.8873117634203,4136.858229201258,-3371.1323370374093
3519.2756878794094,4147.872022535664,-3383.0391283538133
3531.685727749785,4158.9040075309695,-3394.9659016807163
3544.1174342254194,4169.954181027457,-3406.9126569546975
3556.5708101570676,4181.022539864994,-3418.8793941122285
3569.0458583953705,4192.109080883031,-3430.8661130896758
3581.542581790854,4203.2138009206055,-3442.8728138233
3594.060983193928,4214.336696816335,-3454.8994962492548
3606.6010654548886,4225.477765408424,-3466.946160303587
3619.162831423914,4236.637003534661,-3479.0128059222384
3631.74628395107,4247.814408032418,-3491.099433041043
3644.351425886305,4259.009975738653,-3503.2060415957308
3656.9782600794533,4270.223703489906,-3515.3326315219233
3669.626789380233,4281.455588122304,-3527.479202755137
3682.297016638247,4292.705626471557,-3539.645755230782
3694.988944702983,4303.973815372959,-3551.832288884162
3707.702576423814,4315.260151661388,-3564.038803650475
3720.437914649997,4326.564632171309,-3576.265299464811
3733.1949622306724,4337.88725373677,-3588.5117762621558
3745.9737220148672,4349.228013191401,-3600.7782339773876
3758.7741968514915,4360.586907368421,-3613.064672545279
3771.5963895893406,4371.963933100631,-3625.371091900496
3784.440303077094,4383.359087220417,-3637.6974919775994
3797.305940163316,4394.772366559749,-3650.0438727110422
3810.1933036964547,4406.203767950181,-3662.4102340351724
3823.1023965248437,4417.653288222854,-3674.7965758842306
3836.0332214967007,4429.1209242084915,-3687.2028981923518
3848.9857814601273,4440.606672737402,-3699.629200893565
3861.96007926311,4452.110530639479,-3712.0754839217925
3874.9561177535197,4463.632494744202,-3724.541747210851
3887.9738997791114,4475.172561880632,-3737.0279906944497
3901.0134281875244,4486.730728877418,-3749.534214306193
3914.074705826283,4498.3069925627915,-3762.060417979578
3927.1577355427958,4509.901349764568,-3774.606601647996
3940.262520184355,4521.513797310151,-3787.172765244732
3953.3890625981376,4533.144332026526,-3799.758908702965
3966.537365631205,4544.792950740264,-3812.3650319557673
3979.707432130502,4556.45965027752,-3824.991134936105
3992.89926494286,4568.144427464036,-3837.6372175768383
4006.1128669149916,4579.847279125137,-3850.303279810721
4019.3482408934956,4591.568202085734,-3862.9893215704005
4032.6053897248544,4603.307193170321,-3875.695342788418
4045.884316255435,4615.064249202978,-3888.421343397209
4059.1850233314876,4626.839367007371,-3901.1673233291017
4072.507513799148,4638.6325434067485,-3913.933282516319
4085.851790504435,4650.443775223947,-3926.719220890978
4099.217856293252,4662.273059281385,-3939.5251383850873
4112.605714011387,4674.120392401067,-3952.3510349305516
4126.015366504512,4685.985771404583,-3965.196910459168
4139.446816618182,4697.869193113107,-3978.0627649026287
4152.900067197837,4709.7706543474,-3990.948598192518
4166.375121088802,4721.690151927804,-4003.8544102603155
4179.8719811362835,4733.627682674252,-4016.7802010373935
4193.390650185374,4745.583243406258,-4029.7259704550183
4206.93113108105,4757.55683094292,-4042.6917184443505
4220.493426668171,4769.548442102924,-4055.6774449364434
4234.077539791482,4781.558073704539,-4068.683149862245
4247.68347329561,4793.585722565622,-4081.708833152597
4261.311230025068,4805.631385503611,-4094.7544947382344
4274.960812824251,4817.695059335533,-4107.8201345497855
4288.6322245374395,4829.776740877998,-4120.905752517775
4302.3254680087975,4841.876426947202,-4134.011348572618
4316.040546082373,4853.994114358925,-4147.136922644625
4329.777461602097,4866.129799928534,-4160.282474664
4343.536217411785,4878.283480470981,-4173.448004560841
4357.316816355137,4890.455152800801,-4186.633512265139
4371.119261275736,4902.644813732119,-4199.83899770678
4384.943555017049,4914.852460078639,-4213.064460815543
4398.789700422428,4927.078088653654,-4226.309901521101
4412.657700335105,4939.321696270043,-4239.57531975302
4426.5475575982,4951.583279740268,-4252.860715440762
4440.459275054716,4963.86283587638,-4266.166088513679
4454.392855547539,4976.1603614900105,-4279.491438901021
4468.348301919437,4988.47585339238,-4292.836766531928
4482.325617013066,5000.809308394292,-4306.202071335437
4496.324803670962,5013.160723306139,-4319.587353240476
4510.345864735545,5025.530094937894,-4332.992612175868
4524.38880304912,5037.91742009912,-4346.417848070331
4538.453621453876,5050.322695598963,-4359.863060852475
4552.540322791884,5062.745918246155,-4373.328250450805
4566.6489099051005,5075.187084849014,-4386.813416793719
4580.779385635365,5087.646192215443,-4400.318559809507
4594.931752824398,5100.1232371529295,-4413.843679426357
4609.106014313808,5112.618216468549,-4427.388775572348
4623.302172945086,5125.13112696896,-4440.953848175453
4637.520231559602,5137.66196546041,-4454.5388971635375
4651.760192998615,5150.210728748728,-4468.143922464365
4666.022060103266,5162.777413639332,-4481.768924005587
4680.305835714578,5175.362016937223,-4495.413901714754
4694.611522673459,5187.964535446991,-4509.078855519308
4708.939123820701,5200.584965972807,-4522.763785346584
4723.288641996977,5213.223305318432,-4536.468691123811
4737.660080042846,5225.87955028721,-4550.193572778116
4752.053440798749,5238.553697682073,-4563.9384302365115
4766.468727105011,5251.245744305537,-4577.703263425912
4780.90594180184,5263.955686959705,-4591.48807227312
4795.365087729328,5276.683522446264,-4605.292856704837
4809.846167727449,5289.429247566488,-4619.117616647652
4824.349184636063,5302.192859121236,-4632.962352028052
4838.874141294911,5314.974353910955,-4646.827062772418
4853.421040543618,5327.773728735676,-4660.711748807022
4867.989885221693,5340.590980395016,-4674.616410058033
4882.580678168527,5353.426105688179,-4688.541046451512
4897.193422223395,5366.279101413952,-4702.485657913413
4911.828120225457,5379.149964370712,-4716.450244369586
4926.4847750137515,5392.038691356419,-4730.434805745772
4941.163389427205,5404.945279168619,-4744.439341967608
4955.863966304626,5417.869724604446,-4758.463852960625
4970.5865084847055,5430.812024460619,-4772.5083386502465
4985.331018806017,5443.772175533442,-4786.57279896179
5000.097500107018,5456.750174618807,-4800.657233820467
5014.885955226051,5469.74601851219,-4814.7616431513825
5029.696387001338,5482.759704008654,-4828.886026879536
5044.528798270987,5495.791227902848,-4843.030384929821
5059.383191872988,5508.840586989007,-4857.194717227022
5074.259570645216,5521.907778060951,-4871.379023695821
5089.157937425424,5534.99279791209,-4885.583304260792
5104.078295051255,5548.095643335416,-4899.807558846403
5119.020646360229,5561.216311123509,-4914.051787377014
5133.984994189752,5574.3547980685335,-4928.315989776883
5148.971341377112,5587.511100962243,-4942.600165970158
5163.979690759482,5600.685216595975,-4956.904315880884
5179.010045173916,5613.877141760654,-4971.228439432995
5194.0624074573525,5627.086873246791,-4985.572536550324
5209.136780446611,5640.314407844483,-4999.936607156595
5224.233166978395,5653.559742343413,-5014.320651175425
5239.3515698892925,5666.822873532849,-5028.724668530328
5254.491992015771,5680.1037982016505,-5043.148659144709
5269.654436194183,5693.402513138257,-5057.592622941867
5284.838905260765,5706.719015130697,-5072.056559844997
5300.045402051635,5720.053300966586,-5086.540469777185
5315.273929402793,5733.405367433124,-5101.044352661411
5330.524490150124,5746.775211317101,-5115.568208420552
5345.797087129393,5760.16282940489,-5130.112036977376
5361.0917231762505,5773.56821848245,-5144.675838254545
5376.4084011262285,5786.991375335329,-5159.2596121746155
5391.747123814742,5800.432296748661,-5173.863358660037
5407.1078940770885,5813.890979507166,-5188.4870776331545
5422.490714748449,5827.367420395149,-5203.130769016204
5437.895588663889,5840.861616196503,-5217.794432731317
5453.32251865835,5854.3735636947085,-5232.47806870052
5468.771507566666,5867.903259672831,-5247.181676845732
5484.242558223545,5881.450700913523,-5261.905257088764
5499.735673463581,5895.015884199024,-5276.648809351324
5515.250856121253,5908.59880631116,-5291.412333555012
5530.788109030919,5922.199464031341,-5306.195829621322
5546.347435026822,5935.81785414057,-5320.999297471643
5561.928836943086,5949.453973419429,-5335.822737027255
5577.532317613718,5963.107818648092,-5350.666148209335
5593.157879872609,5976.779386606318,-5365.529530938951
5608.805526553531,5990.468674073453,-5380.412885137068
5624.4752604901405,6004.175677828428,-5395.316210724541
5640.167084515973,6017.900394649763,-5410.239507622122
5655.881001464451,6031.642821315565,-5425.182775750455
5671.617014168875,6045.402954603525,-5440.146015030079
5687.375125462432,6059.1807912909235,-5455.129225381426
5703.155338178189,6072.976328154627,-5470.1324067248215
5718.957655149095,6086.789561971086,-5485.155558980486
5734.782079207985,6100.620489516344,-5500.198682068532
5750.628613187572,6114.469107566026,-5515.261775908969
5766.497259920456,6128.335412895346,-5530.344840421696
5782.388022239114,6142.2194022791045,-5545.447875526508
5798.3009029759105,6156.121072491689,-5560.570881143095
5814.2359049630895,6170.040420307075,-5575.713857191039
5830.193031032778,6183.977442498823,-5590.876803589817
5846.172284016985,6197.93213584008,-5606.0597202588
5862.173666747603,6211.904497103585,-5621.262607117249
5878.197182056407,6225.894523061657,-5636.485464084324
5894.242832775051,6239.902210486206,-5651.728291079076
5910.310621735076,6253.927556148729,-5666.991088020452
5926.4005517679025,6267.97055682031,-5682.273854827289
5942.512625704832,6282.031209271618,-5697.576591418321
5958.6468463770525,6296.1095102729105,-5712.899297712175
5974.80321661563,6310.2054565940325,-5728.241973627372
5990.981739251515,6324.319045004417,-5743.604619082326
6007.1824171155395,6338.450272273082,-5758.987233995346
6023.405253038418,6352.599135168633,-5774.389818284633
6039.650249850747,6366.765630459265,-5789.812371868284
6055.917410383006,6380.949754912756,-5805.254894664287
6072.206737465555,6395.151505296476,-5820.717386590528
6088.518233928637,6409.370878377378,-5836.199847564782
6104.851902602377,6423.607870922005,-5851.702277504722
6121.2077463167825,6437.862479696485,-5867.224676327912
6137.585767901743,6452.134701466536,-5882.7670439518115
6153.985970187029,6466.424532997462,-5898.329380293772
6170.408356002294,6480.731971054154,-5913.911685271041
6186.852928177073,6495.05701240109,-5929.51395880076
6203.3196895407855,6509.399653802336,-5945.13620079996
6219.808642922729,6523.759892021545,-5960.778411185571
6236.319791152086,6538.137723821958,-5976.440589874414
6252.8531370579185,6552.533145966404,-5992.122736783205
6269.408683469173,6566.946155217296,-6007.824851828553
6285.986433214677,6581.376748336639,-6023.546934926961
6302.586389123139,6595.824922086022,-6039.288985994826
6319.20855402315,6610.290673226623,-6055.051004948439
6335.8529307431845,6624.773998519207,-6070.832991703985
6352.519522111596,6639.274894724128,-6086.634946177541
6369.208330956622,6653.793358601325,-6102.45686828508
6385.919360106382,6668.329386910326,-6118.29875794247
6402.652612388874,6682.882976410247,-6134.160615065469
6419.408090631983,6697.4541238597885,-6150.04243956973
6436.185797663472,6712.042826017243,-6165.944231370802
6452.985736310987,6726.649079640488,-6181.865990384126
6469.807909402055,6741.272881486989,-6197.807716525037
6486.652319764087,6755.9142283138,-6213.769409708764
6503.518970224374,6770.573116877561,-6229.75106985043
6520.4078636100885,6785.249543934501,-6245.752696865052
6537.319002748285,6799.943506240436,-6261.774290667539
6554.2523904659,6814.655000550772,-6277.815851172697
6571.208029589753,6829.384023620498,-6293.877378295224
6588.185922946542,6844.130572204194,-6309.958871949711
6605.186073362849,6858.894643056029,-6326.060332050644
6622.208483665138,6873.676232929756,-6342.181758512404
6639.253156679753,6888.475338578718,-6358.323151249262
6656.320095232921,6903.2919567558465,-6374.484510175388
6673.409302150749,6918.126084213659,-6390.665835204841
6690.520780259226,6932.977717704262,-6406.867126251576
6707.654532384225,6947.84685397935,-6423.088383229444
6724.810561351497,6962.733489790205,-6439.329606052185
6741.988869986678,6977.637621887695,-6455.590794633437
6759.189461115282,6992.559247022279,-6471.87194888673
6776.412337562708,7007.498361944004,-6488.173068725488
6793.657502154232,7022.454963402502,-6504.494154063028
6810.924957715018,7037.429048146995,-6520.8352048125635
6828.214707070104,7052.420612926293,-6537.196220887198
6845.526753044416,7067.429654488793,-6553.577202199933
6862.861098462757,7082.4561695824805,-6569.97814866366
6880.217746149813,7097.50015495493,-6586.399060191167
6897.596698930152,7112.561607353302,-6602.839936695135
6914.997959628224,7127.640523524347,-6619.300778088139
6932.421531068357,7142.736900214403,-6635.781584282646
6949.867416074763,7157.850734169396,-6652.28235519102
6967.335617471536,7172.982022134838,-6668.803090725516
6984.82613808265,7188.130760855834,-6685.343790798286
7002.338980731959,7203.296947077071,-6701.9044553213735
7019.8741482432015,7218.48057754283,-6718.485084206715
7037.431643439995,7233.681648996978,-6735.0856773661435
7055.011469145839,7248.900158182968,-6751.706234711383
7072.6136281841145,7264.136101843845,-6768.346756154054
7090.238123378083,7279.389476722238,-6785.007241605669
7107.8849575508875,7294.660279560369,-6801.687690977635
7125.554133525552,7309.948507100045,-6818.388104181252
7143.245654124983,7325.254156082661,-6835.108481127717
7160.9595221719665,7340.577223249203,-6851.8488217281165
7178.695740489171,7355.917705340243,-6868.609125893433
7196.454311899145,7371.275599095941,-6885.389393534543
7214.235239224319,7386.650901256049,-6902.189624562217
7232.038525287005,7402.043608559903,-6919.00981888712
7249.864172909393,7417.45371774643,-6935.849976419807
7267.712184913559,7432.881225554144,-6952.710097070731
7285.582564121457,7448.326128721149,-6969.590180750237
7303.475313354922,7463.7884239851355,-6986.490227368564
7321.390435435671,7479.2681080833845,-7003.410236835846
7339.327933185301,7494.765177752764,-7020.35020906211
7357.287809425292,7510.279629729731,-7037.310143957275
7375.270066977002,7525.81146075033,-7054.290041431157
7393.274708661673,7541.360667550197,-7071.289901393465
7411.301737300426,7556.927246864553,-7088.3097237538
7429.351155714265,7572.51119542821,-7105.349508421659
7447.4229667240725,7588.112509975568,-7122.409255306433
7465.5171731506125,7603.7311872406135,-7139.488964317404
7483.633777814533,7619.367223956925,-7156.588635363751
7501.772783536358,7635.020616857668,-7173.708268354545
7519.934193136493,7650.691362675597,-7190.847863198751
7538.118009435229,7666.379458143054,-7208.007419805229
7556.324235252734,7682.084899991971,-7225.186938082732
7574.5528734090585,7697.807684953868,-7242.386417939908
7592.803926724132,7713.547809759855,-7259.605859285296
7611.077398017766,7729.305271140629,-7276.845262027332
7629.373290109654,7745.080065826476,-7294.104626074343
7647.6916058193665,7760.872190547272,-7311.383951334554
7666.032347966359,7776.681642032481,-7328.683237716079
7684.395519369966,7792.508417011157,-7346.002485126929
7702.781122849402,7808.35251221194,-7363.341693475008
7721.189161223763,7824.213924363061,-7380.700862668113
7739.619637312026,7840.0926501923395,-7398.079992613936
7758.072553933047,7855.988686427184,-7415.479083220063
7776.547913905564,7871.902029794592,-7432.898134393974
7795.045720048198,7887.832677021149,-7450.337146043042
7813.5659751794465,7903.780624833031,-7467.796118074532
7832.108682117689,7919.745869956,-7485.275050395608
7850.673843681187,7935.7284091154115,-7502.773942913323
7869.26146268808,7951.728239036206,-7520.292795534626
7887.871541956393,7967.745356442915,-7537.83160816636
7906.504084304026,7983.779758059659,-7555.390380715261
7925.159092548762,7999.831440610146,-7572.96911308796
7943.836569508263,8015.900400817674,-7590.567805190981
7962.5365180000745,8031.986635405131,-7608.18645693074
7981.258940841621,8048.090141094993,-7625.825068213551
8000.003840850205,8064.210914609325,-7643.4836389456195
8018.771220843014,8080.348952669782,-7661.162169033044
8037.561083637113,8096.504251997608,-7678.86065838182
8056.37343204945,8112.676809313634,-7696.579106897833
8075.208268896849,8128.866621338284,-7714.317514486866
8094.065596996018,8145.073684791568,-7732.075881054592
8112.945419163545,8161.297996393086,-7749.85420650658
8131.847738215898,8177.539552862027,-7767.652490748294
8150.772556969425,8193.798350917172,-7785.470733685091
8169.719878240354,8210.074387276889,-7803.3089352222205
8188.6897048447945,8226.367658659134,-7821.167095264827
8207.682039598736,8242.678161781452,-7839.045213717949
8226.696885318046,8259.005893360982,-7856.943290486519
8245.734244818477,8275.35085011445,-7874.861325475363
8264.794120915658,8291.713028758168,-7892.7993185892
8283.8765164251,8308.092426008041,-7910.757269732644
8302.981434162193,8324.489038579562,-7928.735178810204
8322.10887694221,8340.902863187815,-7946.73304572628
8341.258847580297,8357.333896547472,-7964.750870385167
8360.43134889149,8373.782135372796,-7982.788652691055
8379.6263836907,8390.247576377635,-8000.846392548027
8398.843954792717,8406.730216275431,-8018.924089860061
8418.084065012215,8423.230051779214,-8037.021744531027
8437.346717163744,8439.747079601604,-8055.13935646469
8456.631914061736,8456.28129645481,-8073.276925564708
8475.939658520505,8472.832699050632,-8091.434451734634
8495.269953354242,8489.401284100457,-8109.611934877916
8514.62280137702,8505.98704831526,-8127.809374897891
8533.99820540279,8522.589988405614,-8146.026771697795
8553.396168245386,8539.210101081671,-8164.264125180756
8572.816692718521,8555.847383053182,-8182.521435249796
8592.259781635787,8572.501831029482,-8200.798701807831
8611.725437810657,8589.173441719495,-8219.095924757668
8631.213664056486,8605.862211831738,-8237.413104002015
8650.724463186501,8622.568138074317,-8255.750239443465
8670.25783801382,8639.291217154927,-8274.107330984512
8689.813791351433,8656.03144578085,-8292.48437852754
8709.392326012212,8672.788820658965,-8310.881381974828
8728.993444808912,8689.563338495733,-8329.29834122855
8748.617150554162,8706.35499599721,-8347.735256190772
8768.263446060477,8723.163789869037,-8366.192126763457
8787.932334140247,8739.989716816452,-8384.668952848457
8807.623817605745,8756.832773544276,-8403.16573434752
8827.337899269123,8773.692956756922,-8421.68247116229
8847.074581942412,8790.570263158395,-8440.219163194304
8866.833868437525,8807.464689452287,-8458.77581034499
8886.61576156625,8824.376232341781,-8477.352412515675
8906.42026414026,8841.304888529652,-8495.948969607573
8926.24737897111,8858.250654718262,-8514.565481521797
8946.097108870223,8875.213527609563,-8533.201948159352
8965.969456648914,8892.1935039051,-8551.858369421141
8985.864425118372,8909.190580306004,-8570.534745207957
9005.782017089665,8926.204753512999,-8589.231075420483
9025.722235373745,8943.236020226397,-8607.947359959304
9045.685082781441,8960.284377146103,-8626.683598724894
9065.670562123461,8977.349820971609,-8645.439791617624
9085.678676210393,8994.432348401997,-8664.215938537754
9105.709427852706,9011.531956135941,-8683.012039385443
9125.762819860745,9028.648640871706,-8701.82809406074
9145.838855044742,9045.782399307145,-8720.66410246359
9165.937536214802,9062.9332281397,-8739.520064493832
9186.05886618091,9080.101124066405,-8758.395980051198
9206.202847752935,9097.286083783887,-8777.291849035315
9226.36948374062,9114.488103988358,-8796.207671345703
9246.55877695359,9131.707181375623,-8815.143446881775
9266.770730201351,9148.943312641075,-8834.09917554284
9287.005346293288,9166.196494479702,-8853.0748572281
9307.262628038663,9183.466723586078,-8872.070491836654
9327.54257824662,9200.75399665437,-8891.086079267487
9347.845199726182,9218.058310378332,-8910.121619419482
9368.17049528625,9235.37966145131,-8929.177112191419
9388.518467735605,9252.718046566244,-8948.25255748197
9408.88911988291,9270.073462415656,-8967.347955189698
9429.282454536702,9287.445905691666,-8986.463305213065
9449.698474505403,9304.835373085982,-9005.59860745042
9470.137182597313,9322.241861289902,-9024.753861800013
9490.598581620607,9339.665366994313,-9043.929068159983
9511.082674383346,9357.105886889698,-9063.124226428368
9531.589463693466,9374.563417666122,-9082.339336503095
9552.118952358784,9392.037956013248,-9101.574398281986
9572.671143186994,9409.529498620326,-9120.829411662759
9593.246038985671,9427.038042176198,-9140.104376543022
9613.843642562273,9444.563583369294,-9159.399292820282
9634.46395672413,9462.106118887636,-9178.714160391937
9655.106984278456,9479.665645418838,-9198.048979155275
9675.772728032342,9497.242159650103,-9217.403749007486
9696.461190792757,9514.835658268225,-9236.778469845649
9717.172375366556,9532.446137959587,-9256.173141566738
9737.906284560464,9550.073595410166,-9275.58776406762
9758.662921181094,9567.718027305527,-9295.02233724506
9779.44228803493,9585.37943033083,-9314.47686099571
9800.244387928342,9603.057801170818,-9333.951335216121
9821.069223667573,9620.75313650983,-9353.445759802737
9841.916798058752,9638.465433031795,-9372.960134651894
9862.787113907878,9656.194687420233,-9392.494459659823
9883.680174020838,9673.940896358254,-9412.048734722652
9904.595981203394,9691.704056528559,-9431.622959736396
9925.534538261187,9709.484164613441,-9451.217134596971
9946.495847999737,9727.281217294782,-9470.831259200184
9967.479913224444,9745.095211254053,-9490.465333441733
9988.486736740588,9762.92614317232,-9510.119357217214
10009.516321353323,9780.77400973024,-9529.793330422117
10030.56866986769,9798.638807608058,-9549.487252951825
10051.643785088598,9816.520533485611,-9569.201124701613
10072.741669820845,9834.419184042328,-9588.93494556665
10093.862326869104,9852.334755957227,-9608.688715442004
10115.005759037927,9870.267245908917,-9628.46243422263
10136.171969131745,9888.216650575601,-9648.256101803383
10157.360959954869,9906.182966635071,-9668.069718079007
10178.572734311487,9924.166190764709,-9687.903282944142
10199.807295005665,9942.166319641488,-9707.756796293323
10221.06464484135,9960.183349941975,-9727.630258020978
10242.344786622369,9978.217278342327,-9747.523668021428
10263.647723152426,9996.268101518288,-9767.437026188889
10284.9734572351,10014.335816145198,-9787.370332417471
10306.321991673856,10032.420418897986,-9807.323586601178