
-181.33935365998116,720.8007792592015,-262.62220020558277
-183.01444645095015,719.403829565401,-262.68660712967045
-184.70974442069263,718.0271256457821,-262.7310126569169
-186.42524464333144,716.6706704469177,-262.75541678708595
-188.160944192882,715.334466914954,-262.75981952004787
-189.9168401432523,714.0185179956102,-262.7442208557792
-191.69292956824296,712.7228266341791,-262.70862079436284
-193.48920954154718,711.4473957755266,-262.65301933598823
-195.3056771367508,710.1922283640919,-262.57741648095094
-197.14232942733238,708.9573273438871,-262.48181222965303
-198.99916348666306,707.7426956584977,-262.3662065826029
-200.8761763880067,706.5483362510823,-262.23059954041526
-202.7733652045199,705.3742520643729,-262.07499110381116
-204.6907270092519,704.220446040674,-261.8993812736181
-206.62825887514467,703.086921121864,-261.70377005076983
-208.585957875033,701.9736802493937,-261.48815743630666
-210.56382108164433,700.8807263642876,-261.25254343137505
-212.561845567599,699.8080624071429,-260.99692803722786
-214.58002840541005,698.7556913181298,-260.7213112552244
-216.61836666748337,697.7236160369919,-260.4256930868302
-218.67685742611766,696.7118395030454,-260.1100735336173
-220.75549775350444,695.7203646551799,-259.774452597264
-222.85428472172813,694.7491944318576,-259.4188302795549
-224.973215402766,693.7983317711139,-259.0432065823812
-227.11228686848816,692.8677796105572,-258.64758150774014
-229.27149619065767,691.9575408873689,-258.2319550577356
-231.4508404409305,691.0676185383029,-257.79632723457763
-233.65031669085553,690.1980154996864,-257.3406980405827
-235.8699220118746,689.3487347074196,-256.86506747817367
-238.10965347532252,688.5197790969752,-256.36943554987977
-240.36950815242707,687.711151603399,-255.85380225833646
-242.64948311430902,686.9228551613097,-255.31816760628573
-244.94957543198214,686.1548927048988,-254.7625315965758
-247.2697821763533,685.4072671679304,-254.1868942321613
-249.61010041822226,684.6799814837417,-253.59125551610322
-251.97052722828198,683.9730385852425,-252.9756154515689
-254.35105967711843,683.2864414049154,-252.33997404183202
-256.7516948352107,682.6201928748159,-251.68433129027264
-259.17242977293085,681.974295926572,-251.0086872003772
-261.61326156054434,681.3487534913847,-250.31304177573847
-264.0741872682094,680.7435685000275,-249.5973950200556
-266.55520396597774,680.1587438828468,-248.86174693713403
-269.0563087237941,679.5942825697614,-248.10609753088562
-271.57749861149625,679.0501874902628,-247.3304468053286
-274.11877069881547,678.5264615734154,-246.5347947645875
-276.68012205537593,678.0231077478561,-245.7191414128933
-279.2615497506952,677.5401289417944,-244.8834867545832
-281.8630508541842,677.0775280830123,-244.02783079410094
-284.4846224351469,676.6353080988647,-243.15217353599644
-287.12626156278066,676.2134719162786,-242.25651498492607
-289.78796530617603,675.8120224617542,-241.34085514565254
-292.469730734317,675.4309626613635,-240.40519402304494
-295.17155491608077,675.0702954407516,-239.44953162207867
-297.8934349202379,674.7300237251357,-238.47386794783554
-300.63536781545235,674.4101504393058,-237.47820300550367
-303.3973506702814,674.1106785076242,-236.4625368003776
-306.17938055317575,673.8316108540259,-235.42686933785816
-308.9814545324795,673.572950402018,-234.37120062345258
-311.80356967643013,673.3347000746803,-233.2955306627744
-314.6457230531585,673.1168627946648,-232.19985946154364
-317.5079117306891,672.9194414841961,-231.08418702558652
-320.39013277693965,672.742439065071,-229.94851336083568
-323.29238325972153,672.5858584586589,-228.79283847333016
-326.2146602467395,672.4497025859014,-227.61716236921532
-329.1569608055919,672.3339743673123,-226.42148505474285
-332.11928200377054,672.2386767229781,-225.20580653627084
-335.1016209086608,672.1638125725572,-223.97012682026374
-338.1039745875416,672.1093848352805,-222.71444591329234
-341.1263401075854,672.0753964299512,-221.4387638220338
-344.1687145358583,672.0618502749446,-220.1430805532716
-347.2310949393201,672.0687492882086,-218.82739611389565
-350.31347838482395,672.0960963872628,-217.49171051090212
-353.41586193911684,672.1438944891995,-216.13602375139362
-356.53824266883936,672.2121465106829,-214.76033584257905
-359.6806176405258,672.3008553679496,-213.36464679177377
-362.84298392060396,672.4100239768079,-211.94895660639938
-366.02533857539555,672.5396552526389,-210.51326529398392
-369.2276786711159,672.6897521103954,-209.05757286216172
-372.450001273874,672.8603174646024,-207.58187931867354
-375.69230344967275,673.0513542293572,-206.08618467136645
-378.95458226440866,673.262865318329,-204.57048892819387
-382.23683478387204,673.494853644759,-203.03479209721561
-385.53905807374707,673.7473221214607,-201.47909418659782
-388.8612491996116,674.0202736608195,-199.903395204613
-392.20340522693743,674.3137111747927,-198.30769515963996
-395.56552322109013,674.62763757491,-196.69199406016403
-398.9476002473291,674.9620557722726,-195.05629191477672
-402.34963337080757,675.316968677554,-193.40058873217598
-405.77161965657285,675.6923792009997,-191.72488452116608
-409.213556169566,676.0882902524269,-190.02917929065768
-412.675439974622,676.5047047412249,-188.3134730496678
-416.1572681364697,676.941625576355,-186.5777658073198
-419.65903771973205,677.3990556663503,-184.82205757284336
-423.18074578892583,677.8769979193156,-183.04634835557457
-426.7223894084619,678.375455242928,-181.25063816495586
-430.28396564264494,678.894430544436,-179.43492701053603
-433.8654715556738,679.4339267306602,-177.5992149019702
-437.46690421164135,679.9939467079931,-175.7435018490199
-441.0882606745344,680.5744933823988,-173.86778786155298
-444.7295380082339,681.1755696594133,-171.97207294954362
-448.39073327651477,681.7971784441444,-170.0563571230724
-452.07184354304616,682.4393226412715,-168.1206403923262
-455.7728658713913,683.1020051550461,-166.16492276759837
-459.4937973250073,683.785228889291,-164.18920425928852
-463.23463496724565,684.4889967474011,-162.19348487790262
-466.995375861352,685.2133116323428,-160.17776463405303
-470.776017070466,685.9581764466541,-158.14204353845844
-474.57655565762167,686.723594092445,-156.0863216019439
-478.396988685747,687.5095674713967,-154.01059883544085
-482.2373132176643,688.3160994847625,-151.91487524998703
-486.0975263160901,689.143193033367,-149.79915085672658
-489.97762504363527,689.9908510176065,-147.66342566690997
-493.8776064628048,690.859076337449,-145.50769969189403
-497.79746763599803,691.7478718924339,-143.33197294314198
-501.7372056255085,692.6572405816723,-141.13624543222332
-505.69681749352424,693.5871853038469,-138.92051717081398
-509.67630030212734,694.5377089572117,-136.68478817069618
-513.6756511132944,695.5088144395925,-134.42905844375855
-517.6948669888964,696.5005046483864,-132.15332800199604
-521.7339449906985,697.512782480562,-129.85759685751
-525.7928821803605,698.5456508326595,-127.54186502250809
-529.8716756194362,699.5991126007902,-125.20613250930433
-533.9703223693745,700.6731706806376,-122.85039933031909
-538.0888194915178,701.7678279674557,-120.47466549807913
-542.2271640471039,702.8830873560705,-118.07893102521754
-546.3853530972642,704.0189517408794,-115.66319592447377
-550.5633837030252,705.1754240158508,-113.2274602086936
-554.7612529253078,706.3525070745247,-110.77172389082921
-558.978957824927,707.5502038100126,-108.29598698393909
-563.2164954625927,708.768517114997,-105.80024950118812
-567.4738628989093,710.007449881732,-103.2845114558475
-571.7510571943756,711.2670050020428,-100.7487728612948
-576.0480754093851,712.5471853673259,-98.19303373101397
-580.364914604226,713.8479938685493,-95.61729407859528
-584.7015718390807,715.169433396252,-93.02155391773536
-589.0580441740266,716.5115068405443,-90.4058132622372
-593.4343286690356,717.8742170911078,-87.77007212601015
-597.8304223839742,719.2575670371953,-85.11433052306988
-602.2463223786037,720.6615595676307,-82.43858846753847
-606.68202571258,722.0861975708092,-79.7428459736443
-611.1375294454534,723.531483934697,-77.02710305572212
-615.6128306366695,724.9974215468317,-74.29135972821305
-620.1079263455682,726.4840132943218,-71.53561600566456
-624.6228136313842,727.991262063847,-68.75987190273047
-629.1574895532472,729.5191707416582,-65.96412743417092
-633.7119511701814,731.0677422135772,-63.148382614852444
-638.2861955411058,732.6369793649969,-60.31263745974792
-642.8802197248344,734.2268850808815,-57.45689198393657
-647.4940207800759,735.8374622457659,-54.58114620260398
-652.1275957654337,737.4687137437563,-51.68540013104208
-656.7809417394063,739.1206424585297,-48.76965378464916
-661.454055760387,740.7932512733342,-45.83390717892984
-666.1469348866636,742.486543070989,-42.87816032949513
-670.8595761764196,744.2005207338839,-39.90241325206236
-675.5919766877328,745.9351871439801,-36.90666596245523
-680.3441334785759,747.6905451828094,-33.89091847660379
-685.116043606817,749.4665977314746,-30.855170810544436
-689.9077041302187,751.2633476706495,-27.799422980419916
-694.7191121064388,753.0807978805788,-24.723675002479336
-699.5502645930302,754.9189512410778,-21.627926893078154
-704.4011586474404,756.777810631533,-18.512178668678168
-709.2717913270124,758.6573789309016,-15.376430345847544
-714.1621596889837,760.5576590177114,-12.22068194126079
-719.0722607904876,762.4786537700616,-9.044933471698766
-724.0020916885518,764.4203660656215,-5.849184954048685
-728.9516494400993,766.3827987816315,-2.633436405304111
-733.9209311019484,768.365954794903,0.6023121574350392
-738.9099337308122,770.3698369818179,3.858060716962499
-743.9186543832992,772.3944482183286,7.1338092559656525
-748.9470901159129,774.4397913799587,10.42955775702553
-753.9952379850521,776.5058693418023,13.745306202616812
-759.0630950470105,778.592684978524,17.081054575107824
-764.1506583579772,780.7002411643592,20.436802856760554
-769.2579249740365,782.8285407731142,23.812551029730628
-774.3848919511679,784.9775866781657,27.20829907606732
-779.5315563452461,787.1473817524609,30.624046977713554
-784.6979152120413,789.3379288685179,34.05979471650592
-789.8839656072186,791.5492308984252,37.515542274174635
-795.0897045863386,793.7812907138419,40.99128963234357
-800.3151292048573,796.0341111859981,44.487036772530274
-805.5602365181256,798.3076951856937,48.0027836761459
-810.8250235813904,800.6020455832995,51.5385303244953
-816.1094874497934,802.917165248757,55.09427669877693
-821.413625178372,805.2530570515779,58.670022780082924
-826.7374338220586,807.6097238608446,62.265768549399056
-832.0809104356814,809.9871685452099,65.88151398760476
-837.4440520739638,812.3853939728971,69.51725907547312
-842.8268557915246,814.8044030116997,73.17300379367086
-848.2293186428783,817.244198528982,76.84874812275837
-853.6514376824346,819.7047833916786,80.54449204318966
-859.0932099644988,822.1861604662943,84.26023553531245
-864.5546325432716,824.6883326189045,87.99597857936804
-870.0357024728493,827.2113027151548,91.75172115549145
-875.5364168072236,829.7550736202614,95.5274632437113
-881.0567726002819,832.3196481990107,99.32320482394985
-886.596766905807,834.9050293157591,103.13894587602307
-892.1563967774775,837.5112198344339,106.97468637964056
-897.7356592688675,840.1382226185322,110.83042631440554
-903.3345514334464,842.7860405311218,114.70616565981493
-908.9530703245796,845.4546764348404,118.60190439525927
-914.5912129955279,848.144133191896,122.51764250002276
-920.2489764994481,850.8544136640671,126.45337995328325
-925.9263578893922,853.5855207127022,130.40911673411225
-931.6233542183081,856.33745719872,134.3848528214749
-937.3399625390394,859.1102259826094,138.38058819423003
-943.0761799043256,861.9038299244296,142.3963228311301
-948.8320033668015,864.7182718838096,146.43205671082123
-954.607429978998,867.5535547199489,150.48778981184316
-960.4024567933415,870.4096812916172,154.56352211262933
-966.2170808621544,873.2866544571539,158.65925359150683
-972.0512992376548,876.1844770744686,162.77498422669635
-977.9051089719565,879.1031520010414,166.91071399631232
-983.7785071170692,882.0426820939219,171.06644287836275
-989.6714907248987,885.0030702097301,175.24217085074932
-995.5840568472463,887.984319204656,179.4378978912674
-1001.5162025358093,890.9864319344595,183.65362397760597
-1007.4679248421808,894.0094112544705,187.88934908734768
-1013.4392208178498,897.053260019589,192.14507319796883
-1019.4300875142014,900.1179810842848,196.4207962868394
-1025.4405219825167,903.2035773025979,200.71651833122294
-1031.4705212739723,906.310051528138,205.0322393082768
-1037.5200824396409,909.4374066140851,209.36795919505184
-1043.5892025304918,912.5856454131886,213.72367796849267
-1049.6778785973895,915.754770777768,218.0993956054375
-1055.7861076910947,918.944785559713,222.49511208261825
-1061.9138868622642,922.1556926104826,226.91082737666045
-1068.0612131614512,925.3874947811062,231.3465414640833
-1074.2280836391044,928.6401949221826,235.8022543212996
-1080.414495345569,931.9137958838807,240.27796592461593
-1086.620445331086,935.208300515939,244.7736762502324
-1092.8459306457926,938.523711667666,249.28938527424285
-1099.090948339722,941.86003218794,253.82509297263476
-1105.355495462804,945.2172649252086,258.38079932128926
-1111.6395690648637,948.5954127274898,262.9565042959812
-1117.9431661956232,951.9944784423709,267.5522078723789
-1124.2662839047005,955.4144649170089,272.1679100260445
-1130.6089192416096,958.8553749981307,276.80361073243387
-1136.9710692557608,962.317211532033,281.4593099668963
-1143.3527309964609,965.7999773645815,286.1350077046748
-1149.7539015129128,969.3036753412125,290.8307039209062
-1156.1745778542154,972.8283083069313,295.54639859062087
-1162.6147570693643,976.373879106313,300.28209168874287
-1169.074436207251,979.9403905835023,305.0377831900899
-1175.5536123166635,983.5278455822136,309.8134730693733
-1182.0522824462862,987.1362469457305,314.609161301198
-1188.5704436446995,990.7655975169066,319.4248478600628
-1195.1080929603806,994.415900138165,324.26053272035995
-1201.6652274417029,998.087157651498,329.11621585637545
-1208.241844136936,1001.7793728984678,333.9918972422889
-1214.837940094246,1005.492548720206,338.88757685217377
-1221.4535123616959,1009.2266879574134,343.80325465999687
-1228.0885579872443,1012.9817934503607,348.73893063961884
-1234.743074018747,1016.7578680388878,353.694604764794
-1241.4170575039554,1020.5549145624041,358.67027700917026
-1248.1105054905186,1024.3729358598882,363.6659473462892
-1254.823415025981,1028.2119347698888,368.6816157495861
-1261.5557831577842,1032.071914130523,373.71728219238986
-1268.3076069332662,1035.9528767794784,378.77294664792305
-1275.0788833996614,1039.8548255540109,383.84860908930193
-1281.8696096041008,1043.7777632909465,388.94426948953634
-1288.6797825936121,1047.7216928266803,394.05992782152987
-1295.5093994151193,1051.6866169971765,399.19558405807976
-1302.3584571154436,1055.6725386379692,404.35123817187684
-1309.226952741302,1059.679460584161,409.52689013550565
-1316.114883339309,1063.7073856704242,414.7225399214444
-1323.0222459559752,1067.7563167310002,419.9381875020649
-1329.9490376377078,1071.8262565997002,425.17383284963273
-1336.8952554308112,1075.917208109904,430.429475936307
-1343.8608963814859,1080.029174094561,435.70511673414063
-1350.8459575358295,1084.1621573861892,441.00075521508
-1357.8504359398364,1088.3161608168764,446.3163913509654
-1364.8743286393974,1092.4911872182797,451.6520251135305
-1371.9176326803004,1096.6872394216248,457.00765647440295
-1378.9803451082298,1100.9043202577066,462.3832854051038
-1386.062462968767,1105.1424325568894,467.7789118770478
-1393.16398330739,1109.4015791491067,473.19453586154344
-1400.2849031694739,1113.681762863861,478.63015732979295
-1407.4252196002901,1117.9829865302236,484.08577625289206
-1414.5849296450078,1122.3052529768352,489.5613926018302
-1421.7640303486926,1126.6485650319053,495.0570063474906
-1428.9625187563065,1131.0129255232123,500.57261746064984
-1436.1803919127087,1135.3983372781042,506.1082259119785
-1443.4176468626558,1139.8048031234978,511.6638316720406
-1450.6742806508012,1144.2323258858785,517.2394347112939
-1457.9502903216944,1148.6809083913008,522.8350350000901
-1465.245672919783,1153.1505534653886,528.450632508674
-1472.5604254894108,1157.6412639333344,534.0862272071844
-1479.894545074819,1162.1530426198995,539.7418190656539
-1487.2480287201458,1166.6858923494144,545.4174080540083
-1494.6208734694262,1171.2398159457784,551.1129941420676
-1502.0130763665925,1175.8148162324599,556.8285772995451
-1509.4246344554738,1180.4108960324954,562.564157496048
-1516.8555447797964,1185.0280581684913,568.3197347010769
-1524.3058043831838,1189.6663054626222,574.0953088840262
-1531.7754103091565,1194.3256407366318,579.8908800141841
-1539.2643596011321,1199.0060668118322,585.7064480607322
-1546.7726493024254,1203.7075865091047,591.542012992746
-1554.3002764562484,1208.4302026488992,597.3975747791945
-1561.8472381057102,1213.1739180512348,603.2731333889407
-1569.413531293817,1217.9387355356982,609.1686887907406
-1576.9991530634725,1222.7246579214464,615.0842409532445
-1584.6041004574772,1227.5316880272037,621.019789844996
-1592.2283705185291,1232.3598286712643,626.9753354344326
-1599.8719602892234,1237.20908267149,632.9508776898854
-1607.5348668120525,1242.0794528453123,638.946416579579
-1615.2170871294065,1246.9709420097306,644.961952071632
-1622.9186182835722,1251.883552981313,650.9974841340563
-1630.639457316734,1256.8172885761967,657.0530127347578
-1638.3796012709736,1261.7721516100871,663.1285378415356
-1646.13904718827,1266.7481448982585,669.2240594220831
-1653.9177921104997,1271.7452712555535,675.3395774439869
-1661.7158330794364,1276.7635334963834,681.4750918747274
-1669.5331671367512,1281.8029344347283,687.6306026816786
-1677.3697913240128,1286.8634768841364,693.8061098321084
-1685.2257026826874,1291.9451636577246,700.0016132931781
-1693.1008982541382,1297.0479975681785,706.2171130319429
-1700.995375079626,1302.171981427752,712.4526090153513
-1708.9091302003094,1307.3171180482673,718.7081012102459
-1716.842160657244,1312.4834102411155,724.9835895833628
-1724.7944634913833,1317.6708608172557,731.2790741013316
-1732.7660357435782,1322.879472587216,737.594554730676
-1740.7568744545772,1328.1092483610926,743.9300314378129
-1748.766976665026,1333.3601909485496,750.2855041890531
-1756.7963394154683,1338.6323031588204,756.6609729506009
-1764.8449597463452,1343.9255878007064,763.0564376885545
-1772.9128346979953,1349.240047682577,769.4718983689057
-1780.999961310655,1354.5756856123705,775.9073549575401
-1789.1063366244584,1359.9325043975934,782.3628074202364
-1797.2319576794368,1365.31050684532,788.8382557226678
-1805.3768215155196,1370.7096957621939,795.3336998304006
-1813.5409251725337,1376.1300739544258,801.849139708895
-1821.7242656902035,1381.5716442277958,808.3845753235046
-1829.926840108152,1387.0344093876515,814.940006639477
-1838.1486454658984,1392.518372238909,821.5154336219534
-1846.389678802861,1398.0235355860525,828.1108562359685
-1854.6499371583554,1403.5499022331346,834.7262744464509
-1862.9294175715945,1409.097474983776,841.3616882182226
-1871.2281170816898,1414.6662566411655,848.0170975159996
-1879.5460327276498,1420.2562500080605,854.6925023043912
-1887.8831615483814,1425.8674578867858,861.3879025479007
-1896.2395005826893,1431.499883079235,868.103298210925
-1904.6150468692756,1437.1535283868695,874.8386892577546
-1913.0097974467405,1442.828396610719,881.5940756525737
-1921.4237493535825,1448.524490551381,888.3694573594601
-1929.8568996281974,1454.2418130090211,895.1648343423853
-1938.3092453088793,1459.9803667833735,901.9802065652148
-1946.78078343382,1465.7401546737399,908.8155739917072
-1955.2715110411093,1471.5211794789902,915.6709365855152
-1963.7814251687348,1477.3234439975622,922.5462943101849
-1972.3105228545826,1483.1469510274621,929.4416471291563
-1980.858801136436,1488.9917033662637,936.3569950057631
-1989.4262570519772,1494.8577038111086,943.2923379032325
-1998.0128876387857,1500.744955158707,950.2476757846854
-2006.6186899343395,1506.6534602053364,957.2230086131365
-2015.243660976014,1512.5832217468426,964.218336351494
-2023.8877978010837,1518.5342425786394,971.2336589625598
-2032.5510974467202,1524.506525495708,978.2689764090298
-2041.233556949994,1530.5000732925982,985.3242886534931
-2049.935173347873,1536.514888763427,992.3995956584328
-2058.6559436772236,1542.5509747018798,999.4948973862255
-2067.3958649748106,1548.6083339012093,1006.6101937991416
-2076.1549342772964,1554.6869691542363,1013.7454848593452
-2084.933148621242,1560.7868832533495,1020.9007705288939
-2093.730505043106,1566.9080789905056,1028.0760507697391
-2102.5470005792463,1573.0505591572282,1035.2713255437259
-2111.382632265918,1579.2143265446098,1042.486594812593
-2120.2373971392744,1585.3993839433097,1049.721858537973
-2129.1112922353686,1591.6057341435553,1056.9771166813916
-2138.0043145901504,1597.8333799351421,1064.252369204269
-2146.916461239468,1604.0823241074331,1071.5476160679182
-2155.8477292190682,1610.3525694493585,1078.862857233547
-2164.7981155645966,1616.6441187494165,1086.1980926622555
-2173.7676173115965,1622.956974795673,1093.5533223150387
-2182.75623149551,1629.2911403757616,1100.9285461527845
-2191.763955151677,1635.6466182768838,1108.3237641362748
-2200.790785315336,1642.023411285808,1115.738976226185
-2209.836719021625,1648.4215221888705,1123.1741823830848
-2218.901753305578,1654.8409537719758,1130.6293825674366
-2227.98588520213,1661.281708820595,1138.1045767395972
-2237.0891117461124,1667.7437901197673,1145.5997648598168
-2246.211429972257,1674.2272004540996,1153.1149468882393
-2255.3528369151927,1680.7319426077659,1160.6501227849021
-2264.5133296094473,1687.2580193645078,1168.2052925097369
-2273.6929050894464,1693.8054335076345,1175.7804560225686
-2282.8915603895152,1700.3741878200228,1183.3756132831159
-2292.109292543877,1706.9642850841171,1190.9907642509909
-2301.346098586654,1713.5757280819287,1198.6259088856996
-2310.6019755518664,1720.2085195950365,1206.2810471466419
-2319.876920473433,1726.8626624045871,1213.9561789931113
-2329.170930385172,1733.5381592912947,1221.6513043842947
-2338.4840023208,1740.2350130354403,1229.366423279273
-2347.8161333139305,1746.9532264168724,1237.1015356370206
-2357.167320398078,1753.6928022150073,1244.8566414164054
-2366.537560606655,1760.4537432088284,1252.6317405761893
-2375.926850972972,1767.2360521768862,1260.4268330750278
-2385.335188530238,1774.0397318972987,1268.2419188714703
-2394.7625703115623,1780.8647851477515,1276.0769979239594
-2404.208993349952,1787.711214705497,1283.9320701908318
-2413.6744546783125,1794.5790233473551,1291.8071356303176
-2423.1589513294484,1801.468213849713,1299.7021942005408
-2432.662480336063,1808.3787889885255,1307.617245859519
-2442.185038730758,1815.3107515393137,1315.5522905651635
-2451.7266235460356,1822.2641042771668,1323.5073282752792
-2461.2872318142945,1829.2388499767408,1331.4823589475648
-2470.866860567834,1836.2349914122588,1339.4773825396128
-2480.465506838851,1843.2525313575113,1347.492399008909
-2490.0831676594426,1850.2914725858561,1355.5274083128331
-2499.7198400616035,1857.351817870218,1363.582410408659
-2509.375521077228,1864.4335699830883,1371.657405253553
-2519.050207738109,1871.5367316965264,1379.7523928045764
-2528.7438970759385,1878.6613057821583,1387.8673730186836
-2538.4565861223077,1885.8072950111773,1396.0023458527228
-2548.1882719087066,1892.9747021543435,1404.1573112634358
-2557.938951466524,1900.163529981984,1412.332269207458
-2567.708621827048,1907.3737812639934,1420.5272196413187
-2577.4972800214646,1914.605458769833,1428.7421625214408
-2587.3049230808606,1921.858565268531,1436.977097804141
-2597.131548036221,1929.1331035286833,1445.2320254456295
-2606.977151918429,1936.4290763184517,1453.5069454020102
-2616.8417317582694,1943.7464864055657,1461.8018576292811
-2626.725284586423,1951.0853365573219,1470.1167620833332
-2636.627807433472,1958.445629540583,1478.4516587199519
-2646.549297329896,1965.8273681217795,1486.8065474948155
-2656.4897513060755,1973.2305550669082,1495.1814283634967
-2666.4491663922886,1980.6551931415331,1503.5763012814616
-2676.4275396187136,1988.101285110785,1511.99116620407
-2686.424868015428,1995.5688337393617,1520.4260230865755
-2696.441148612407,2003.0578417915274,1528.8808718841249
-2706.476378439527,2010.568312031114,1537.3557125517596
-2716.530554526563,2018.100247221519,1545.850545044414
-2726.603673903189,2025.653650125708,1554.3653693169163
-2736.6957335989773,2033.2285235062127,1562.9001853239884
-2746.806730643402,2040.8248701251314,1571.4549930202459
-2756.936662065834,2048.4426927441295,1580.0297923601984
-2767.0855248955445,2056.081994124439,1588.6245832982488
-2777.2533161617043,2063.7427770268587,1597.239365788694
-2787.440032893384,2071.425044211754,1605.8741397857243
-2797.645672119552,2079.128798439058,1614.5289052434239
-2807.8702308690767,2086.8540424682683,1623.2036621157706
-2818.1137061707273,2094.6007790584517,1631.898410356636
-2828.37609505317,2102.3690109682393,1640.6131499197852
-2838.6573945449722,2110.158740955831,1649.347880758877
-2848.9576016746005,2117.9699717789917,1658.102602827464
-2859.2767134704204,2125.802706195054,1666.8773160789924
-2869.614726960697,2133.6569469609162,1675.6720204668027
-2879.971639173595,2141.5326968330437,1684.486715944128
-2890.3474471371787,2149.4299585674685,1693.321402464096
-2900.742147879412,2157.348734919789,1702.176079979728
-2911.1557384281587,2165.28902864517,1711.0507484439383
-2921.588215811181,2173.2508424983434,1719.9454078095357
-2932.039577056141,2181.234179233607,1728.8600580292223
-2942.509819190601,2189.2390416048247,1737.7946990555938
-2952.998939242023,2197.2654323654283,1746.7493308411401
-2963.506934237768,2205.3133542684154,1755.7239533382442
-2974.0338012050966,2213.3828100663495,1764.718566499183
-2984.5795371711692,2221.473802511361,1773.7331702761273
-2995.1441391630465,2229.586334355147,1782.7677646211416
-3005.727604207688,2237.72040834897,1791.8223494861838
-3016.329929331953,2245.8760272436602,1800.8969248231056
-3026.951111562601,2254.0531937896135,1809.9914905836524
-3037.591147926291,2262.251910736792,1819.1060467194636
-3048.250035449582,2270.472180834725,1828.2405931820717
-3058.927771158932,2278.714006832507,1837.3951299229038
-3069.6243520806993,2286.9773914787993,1846.5696568932797
-3080.339775241142,2295.26233752183,1855.7641740444135
-3091.074037666418,2303.5688477093927,1864.978681327413
-3101.827136382585,2311.8969247888476,1874.2131786932794
-3112.5990684156004,2320.2465715071216,1883.4676660929078
-3123.3898307913214,2328.6177906107073,1892.742143477087
-3134.1994205355054,2337.0105848456633,1902.0366107964994
-3145.0278346738096,2345.424956957615,1911.3510680017214
-3155.8750702317907,2353.860909691754,1920.6855150432225
-3166.741124234906,2362.318445792838,1930.0399518713666
-3177.625993708512,2370.7975680051895,1939.4143784364107
-3188.5296756778657,2379.2982790726996,1948.808794688506
-3199.4521671681237,2387.820581738825,1958.223200577697
-3210.3934652043426,2396.3644787465864,1967.6575960539224
-3221.35356681148,2404.9299728385727,1977.111981067014
-3232.332469014392,2413.5170667569387,1986.5863555666979
-3243.3301688378347,2422.1257632434044,1996.0807195025934
-3254.346663306466,2430.756065039257,2005.5950728242135
-3265.381949444842,2439.4079748853487,2015.1294154809655
-3276.4360242774205,2448.0814955220985,2024.6837474221497
-3287.508884828558,2456.776629689491,2034.2580685969608
-3298.6005281225116,2465.4933801270768,2043.8523789544865
-3309.7109511834387,2474.2317495739726,2053.4666784437086
-3320.840151035397,2482.9917407688613,2063.1009670135027
-3331.988124702343,2491.7733564499918,2072.755244612638
-3343.1548692081356,2500.576599355178,2082.429511189777
-3354.340381576532,2509.4014722218017,2092.1237666934767
-3365.5446588311906,2518.2479777868084,2101.838011072187
-3376.7676979956696,2527.116118786711,2111.572244274252
-3388.0094960934275,2536.005897957588,2121.3264662479096
-3399.2700501478234,2544.917318035083,2131.100676941291
-3410.549357182116,2553.850381754407,2140.894876302422
-3421.8474142194655,2562.8050918503354,2150.70906427922
-3433.1642182829305,2571.78145105721,2160.5432408194984
-3444.4997663954714,2580.779462108938,2170.397405870963
-3455.8540555799486,2589.799127738994,2180.2715593812145
-3467.2270828591227,2598.840450680416,2190.165701297746
-3478.6188452556544,2607.9034336658096,2200.079831567945
-3490.0293397921055,2616.988079427346,2210.0139501390927
-3501.4585634909376,2626.094390696761,2219.968056958364
-3512.906513374513,2635.2223702053575,2229.942151972827
-3524.3731864650936,2644.372020684003,2239.9362351294444
-3535.8585797848427,2653.543344863131,2249.9503063750717
-3547.3626903558243,2662.7363454727415,2259.9843656564585
-3558.885515200002,2671.9510252423993,2270.0384129202484
-3570.4270513392403,2681.187386901235,2280.112448112978
-3581.987295795304,2690.4454331779457,2290.206471181079
-3593.5662455898587,2699.725166800793,2300.320482070875
-3605.16389774447,2709.0265904976045,2310.454480728585
-3616.7802492806054,2718.3497069957734,2320.6084671003205
-3628.415297219631,2727.6945190222586,2330.7824411320867
-3640.069038582815,2737.0610293035847,2340.9764027697834
-3651.7414703913255,2746.4492405658416,2351.190351959204
-3663.4325896662313,2755.8591555346848,2361.4242886460343
-3675.142393428502,2765.290776935336,2371.6782127758556
-3686.870878699008,2774.744107492581,2381.952124294142
-3698.6180424985196,2784.2191499307723,2392.246023146261
-3710.383881847709,2793.7159069738277,2402.5599092774746
-3722.168393767148,2803.2343813452303,2412.893782632939
-3733.971575277309,2812.774575768028,2423.2476431577015
-3745.7934233985666,2822.336492964836,2433.621490796706
-3757.6339351511942,2831.9201356578324,2444.015325494789
-3769.4931075553677,2841.5255065687625,2454.429147196681
-3781.3709376311626,2851.152608418937,2464.8629558470047
-3793.267422398556,2860.8014439292315,2475.316751390279
-3805.182558877425,2870.4720158200867,2485.7905337709144
-3817.116344087548,2880.164326811509,2496.284302933216
-3829.0687750486036,2889.8783796230705,2506.798058821384
-3841.039848780172,2899.6141769739083,2517.3318013795097
-3853.029562301735,2909.371721582725,2527.88553055158
-3865.0379126326734,2919.151016167788,2538.459246281474
-3877.0648967922702,2928.95206344693,2549.052948512966
-3889.1105117997085,2938.7748661375495,2559.666637189723
-3901.1747546740735,2948.6194269566104,2570.300312255307
-3913.2576224343497,2958.4857486206406,2580.953973653172
-3925.3591120994242,2968.373833845735,2591.627621326667
-3937.4792206880843,2978.2836853475524,2602.3212552190344
-3949.617945219018,2988.215305841318,2613.03487527341
-3961.7752827108147,2998.1686980418203,2623.768481432823
-3973.951230181965,3008.1438646634147,2634.522073640198
-3986.14578465086,3018.140808420021,2645.2956518383517
-3998.358943135793,3028.1595320251245,2656.0892159699947
-4010.5907026549567,3038.200038191775,2666.9027659777325
-4022.8410602264457,3048.2623296325883,2677.736301804063
-4035.110012868256,3058.346409059745,2688.5898233913776
-4047.397557598285,3068.45227918499,2699.4633306819633
-4059.70369143433,3078.579942719634,2710.3568236179985
-4072.0284113940897,3088.729402374553,2721.2703021415573
-4084.371714495165,3098.900660860188,2732.203766194606
-4096.733597755057,3109.093720886545,2743.157215719006
-4109.1140581911695,3119.308585163193,2754.1306506565115
-4121.5130928208055,3129.5452563992694,2765.1240709487706
-4133.930698661171,3139.803737303475,2776.1374765373253
-4146.366872729372,3150.0840305840748,2787.1708673636113
-4158.821612042415,3160.3861389488998,2798.2242433689576
-4171.29491361721,3170.7100651053456,2809.2976044945876
-4183.786774470567,3181.0558117603728,2820.390950681618
-4196.297191619198,3191.4233816205065,2831.5042818710594
-4208.826162079716,3201.812777391838,2842.637598003816
-4221.373682868633,3212.224001780022,2853.790899020686
-4233.939751002367,3222.6570574902785,2864.9641848623605
-4246.524363497234,3233.1119472273926,2876.1574554694257
-4259.127517369452,3243.588673695714,2887.37071078236
-4271.7492096351425,3254.087239599158,2898.603950741537
-4284.389437310325,3264.607647641203,2909.8571752872235
-4297.0481974109225,3275.1499005248943,2921.1303843595792
-4309.725486952758,3285.7140009528403,2932.4235778986586
-4322.421302951559,3296.2999516272153,2943.7367558444093
-4335.135642422951,3306.9077552497574,2955.069918136673
-4347.868502382462,3317.5374145217706,2966.4230647151853
-4360.619879845523,3328.1889321441226,2977.7961955195747
-4373.389771827467,3338.862310817246,2989.1893104893643
-4386.178175343524,3349.5575532411385,3000.6024095639705
-4398.9850874088315,3360.2746621153624,3012.0354926827035
-4411.810505038424,3371.013640139044,3023.4885597847674
-4424.6544252472395,3381.7744900108755,3034.96161080926
-4437.516845050118,3392.5572144291127,3046.4546456951725
-4450.3977614618,3403.3618160915767,3057.9676643813896
-4463.297171496929,3414.188297695652,3069.500666806691
-4476.215072170048,3425.0366619382894,3081.053652909749
-4489.151460495605,3435.906911516003,3092.62662262913
-4502.106333487945,3446.7990491248725,3104.2195759032943
-4515.0796881613205,3457.7130774605407,3115.832512670596
-4528.0715215298815,3468.6489992182164,3127.465432869282
-4541.08183060768,3479.6068170926724,3139.118336437494
-4554.110612408672,3490.5865337782457,3150.7912233132665
-4567.1578639467125,3501.5881519688382,3162.484093434529
-4580.223582235561,3512.611674357916,3174.196946739104
-4593.307764288876,3523.6571036385103,3185.9297831647077
-4606.41040712022,3534.724442503216,3197.68260264895
-4619.531507743058,3545.8136936441924,3209.455405129334
-4632.671063170754,3556.9248597531637,3221.2481905432583
-4645.829070416576,3568.0579435214186,3233.0609588280136
-4659.005526493693,3579.2129476398095,3244.8937099207847
-4672.200428415176,3590.389874798754,3256.7464437586505
-4685.413773193999,3601.588727688234,3268.6191602785834
-4698.645557843036,3612.809508997795,3280.51185941745
-4711.895779375064,3624.0522214165476,3292.42454111201
-4725.164434802763,3635.316867633166,3304.357205298917
-4738.451521138713,3646.6034503358896,3316.3098519147184
-4751.757035395397,3657.9119722125215,3328.2824808958553
-4765.080974585199,3669.2424359504294,3340.275092178663
-4778.4233357204075,3680.5948442365448,3352.2876856993694
-4791.7841158132105,3691.9691997573636,3364.3202613940975
-4805.163311875699,3703.3655051989463,3376.3728191988635
-4818.5609209198665,3714.7837632469177,3388.445359049577
-4831.976939957608,3726.2239765864665,3400.5378808820415
-4845.411366000721,3737.686147902345,3412.6503846319542
-4858.864196060904,3749.170279878871,3424.782870234907
-4872.335427149759,3760.676375199925,3436.9353376263844
-4885.825056278791,3772.2044365489533,3449.107786741765
-4899.333080459403,3783.7544666089652,3461.3002175163206
-4912.859496702907,3795.3264680625343,3473.5126298852174
-4926.40430202051,3806.9204435917986,3485.745023783516
-4939.967493423325,3818.5363958784596,3497.9973991461693
-4953.549067922368,3830.1743276037837,3510.269755908025
-4967.149022528554,3841.834241448601,3522.5620940038243
-4980.7673542527045,3853.5161400933057,3534.8744133682017
-4994.4040601055385,3865.2200262178553,3547.206713935686
-5008.059137097682,3876.9459025017727,3559.5589956406993
-5021.73258223966,3888.693771624144,3571.9312584175577
-5035.4243925419,3900.4636362636197,3584.3235022004715
-5049.134565014733,3912.255499098413,3596.7357269235436
-5062.863096668394,3924.069362806303,3609.1679325207715
-5076.609984513017,3935.9052300646317,3621.620118926047
-5090.37522555864,3947.7631035503045,3634.092286073154
-5104.158816815202,3959.642985939792,3646.5844338957713
-5117.960755292548,3971.5448799091287,3659.0965623274715
-5131.781038000422,3983.468788133911,3671.6286713017207
-5145.619661948472,3995.4147132893013,3684.1807607518786
-5159.476624146248,4007.3826580500254,3696.752830611199
-5173.351921603202,4019.3726250903724,3709.3448808128287
-5187.245551328689,4031.3846170841953,3721.9569112898093
-5201.1575103319665,4043.418636704912,3734.5889219750757
-5215.087795622196,4055.4746866255023,3747.240912801456
-5229.0364042084375,4067.5527695185115,3759.912883701673
-5243.003333099658,4079.652888056048,3772.604834608342
-5256.988579304727,4091.7750449097844,3785.316765453974
-5270.992139832411,4103.919242750956,3798.048676170972
-5285.014011691386,4116.085484250364,3810.800566691634
-5299.054191890226,4128.27377207837,3823.57243694815
-5313.112677437411,4140.484108904902,3836.364286872606
-5327.189465341319,4152.716497399451,3849.1761163969804
-5341.284552610236,4164.970940231073,3862.007925453145
-5355.397936252347,4177.247440068383,3874.8597139728668
-5369.529613275742,4189.545999579565,3887.7314818878053
-5383.679580688412,4201.866621432365,3900.623229129514
-5397.847835498253,4214.209308294091,3913.534955629441
-5412.034374713059,4226.574062831616,3926.4666613189265
-5426.239195340534,4238.960887711377,3939.4183461292064
-5440.462294388278,4251.369785599373,3952.390009991409
-5454.703668863796,4263.8007591611695,3965.3816528365564
-5468.9633157745,4276.253811061892,3978.3932745955653
-5483.241232127698,4288.728943966231,3991.4248751992463
-5497.537414930605,4301.22616053844,4004.476454578302
-5511.851861190338,4313.745463442338,4017.5480126633306
-5526.184567913918,4326.286855341307,4030.6395493848236
-5540.535532108265,4338.850338898292,4043.7510646731653
-5554.904750780207,4351.435916775798,4056.8825584586352
-5569.292220936472,4364.0435916359,4070.034030671405
-5583.697939583692,4376.67336614023,4083.205481241542
-5598.1219037284,4389.32524294999,4096.396910099006
-5612.564110377034,4401.99922472594,4109.608317173651
-5627.0245565359355,4414.695314128405,4122.839702395225
-5641.503239211347,4427.413513817273,4136.091065693367
-5656.000155409415,4440.153826451999,4149.362406997615
-5670.51530213619,4452.916254691595,4162.653726237397
-5685.048676397624,4465.700801194642,4175.965023342035
-5699.600275199572,4478.507468619282,4189.296298240747
-5714.170095547794,4491.33625962322,4202.647550862642
-5728.75813444795,4504.187176863724,4216.018781136723
-5743.3643889056075,4517.060222997627,4229.409988991891
-5757.988855926233,4529.955400681323,4242.8211743569345
-5772.631532515197,4542.872712570773,4256.25233716054
-5787.292415677776,4555.812161321497,4269.703477331287
-5801.971502419147,4568.77374958858,4283.174594797648
-5816.668789744391,4581.757480026671,4296.665689487989
-5831.3842746584905,4594.7633552899815,4310.176761330571
-5846.117954166334,4607.791378032286,4323.707810253548
-5860.869825272713,4620.841550906922,4337.258836184968
-5875.639884982319,4633.91387656679,4350.829839052772
-5890.4281302997515,4647.008357664356,4364.420818784796
-5905.234558229509,4660.124996851646,4378.031775308769
-5920.059165775996,4673.26379678025,4391.662708552315
-5934.90194994352,4686.424760101323,4405.31361844295
-5949.76290773629,4699.60788946558,4418.984504908085
-5964.6420361584205,4712.813187523302,4432.675367875024
-5979.539332213929,4726.0406569243305,4446.386207270964
-5994.454792906736,4739.290300318073,4460.117023022999
-6009.3884152406645,4752.562120353496,4473.867815058113
-6024.340196219443,4765.8561196791325,4487.638583303186
-6039.310132846702,4779.172300943078,4501.429327684992
-6054.2982221259745,4792.5106667929895,4515.240048130197
-6069.304461060699,4805.871219876089,4529.070744565361
-6084.328846654218,4819.253962839158,4542.92141691694
-6099.3713759097745,4832.658898328546,4556.792065111283
-6114.432045830517,4846.08602899016,4570.68268907463
-6129.510853419499,4859.535357469475,4584.593288733117
-6144.607795679673,4873.006886411525,4598.5238640127745
-6159.722869613899,4886.500618460908,4612.474414839526
-6174.85607222494,4900.016556261788,4626.444941139189
-6190.007400515462,4913.554702457886,4640.435442837474
-6205.176851488034,4927.115059692492,4654.445919859985
-6220.3644221451295,4940.6976306084525,4668.4763721322215
-6235.570109489126,4954.302417848183,4682.526799579576
-6250.793910522302,4967.9294240536565,4696.597202127334
-6266.035822246845,4981.578651866414,4710.687579700675
-6281.295841664842,4995.250103927554,4724.797932224674
-6296.573965778284,5008.943782877742,4738.9282596242965
-6311.870191589066,5022.659691357204,4753.078561824405
-6327.184516098989,5036.397832005729,4767.248838749756
-6342.516936309754,5050.158207462669,4781.439090324995
-6357.867449222968,5063.94082036694,4795.649316474667
-6373.236051840143,5077.745673357019,4809.879517123208
-6388.622741162692,5091.5727690709455,4824.129692194947
-6404.027514191934,5105.422110146323,4838.399841614109
-6419.450367929089,5119.293699220316,4852.689965304811
-6434.891299375285,5133.187538929652,4867.000063191065
-6450.3503055315505,5147.103631910623,4881.330135196777
-6465.827383398819,5161.041980799084,4895.680181245744
-6481.322529977929,5175.002588230447,4910.050201261661
-6496.835742269622,5188.985456839694,4924.440195168114
-6512.3670172745415,5202.990589261365,4938.850162888583
-6527.916351993238,5217.0179881295635,4953.280104346443
-6543.483743426165,5231.067656077955,4967.730019464961
-6559.06918857368,5245.139595739769,4982.199908167298
-6574.672684436043,5259.233809747797,4996.689770376512
-6590.294228013419,5273.350300734392,5011.199606015551
-6605.933816305879,5287.489071331471,5025.7294150072585
-6621.591446313396,5301.650124170513,5040.279197274371
-6637.2671150358465,5315.8334618825575,5054.8489527395195
-6652.960819473013,5330.039087098209,5069.438681325229
-6668.67255662458,5344.267002447635,5084.048382953917
-6684.402323490137,5358.517210560562,5098.678057547897
-6700.150117069178,5372.789714066282,5113.327705029374
-6715.915934361102,5387.084515593648,5127.997325320447
-6731.69977236521,5401.401617771075,5142.686918343111
-6747.501628080709,5415.741023226541,5157.396484019252
-6763.32149850671,5430.102734587588,5172.126022270652
-6779.159380642226,5444.486754481317,5186.875533018986
-6795.015271486177,5458.893085534393,5201.645016185822
-6810.889168037385,5473.321730373044,5216.434471692622
-6826.781067294579,5487.77269162306,5231.243899460743
-6842.690966256389,5502.245971909792,5246.073299411435
-6858.618861921353,5516.741573858155,5260.9226714658425
-6874.564751287909,5531.259500092625,5275.792015545002
-6890.528631354402,5545.799753237239,5290.6813315698455
-6906.510499119083,5560.362335915601,5305.590619461198
-6922.510351580103,5574.947250750872,5320.51987913978
-6938.52818573552,5589.554500365777,5335.469110526203
-6954.563998583298,5604.184087382605,5350.4383135409735
-6970.617787121299,5618.836014423205,5365.427488104493
-6986.689548347298,5633.510284108987,5380.436634137054
-7002.779279258969,5648.206899060928,5395.465751558847
-7018.886976853891,5662.925861899562,5410.514840289952
-7035.012638129548,5677.6671752449865,5425.583900250345
-7051.156260083329,5692.430841716863,5440.672931359896
-7067.317839712527,5707.2168639344145,5455.781933538367
-7083.49737401434,5722.025244516424,5470.910906705418
-7099.694859985869,5736.855986081238,5486.059850780596
-7115.910294624122,5751.709091246767,5501.228765683349
-7132.143674926009,5766.584562630478,5516.417651333013
-7148.3949978883475,5781.482402849406,5531.626507648822
-7164.664260507857,5796.402614520145,5546.855334549901
-7180.951459781162,5811.345200258851,5562.1041319552705
-7197.256592704794,5826.310162681243,5577.372899783843
-7213.579656275184,5841.297504402602,5592.661637954428
-7229.920647488673,5856.307228037768,5607.970346385726
-7246.279563341505,5871.339336201148,5623.299024996331
-7262.656400829827,5886.393831506708,5638.647673704733
-7279.051156949693,5901.470716567974,5654.016292429315
-7295.463828697059,5916.569993998038,5669.404881088354
-7311.89441306779,5931.691666409551,5684.813439600019
-7328.342907057652,5946.835736414727,5700.241967882374
-7344.809307662316,5962.002206625341,5715.690465853379
-7361.2936118773605,5977.191079652732,5731.158933430884
-7377.795816698265,5992.402358107797,5746.647370532634
-7394.315919120418,6007.6360446009985,5762.155777076271
-7410.853916139108,6022.892141742359,5777.684152979326
-7427.409804749533,6038.1706521414635,5793.232498159226
-7443.983581946793,6053.471578407459,5808.8008125332935
-7460.575244725893,6068.794923149052,5824.389096018742
-7477.184790081745,6084.140688974513,5839.99734853268
-7493.812215009164,6099.508878491673,5855.625569992109
-7510.457516502871,6114.899494307926,5871.273760313928
-7527.120691557491,6130.312539030227,5886.941919414923
-7543.801737167554,6145.748015265092,5902.630047211781
-7560.500650327495,6161.205925618601,5918.3381436210775
-7577.217428031656,6176.686272696393,5934.066208559285
-7593.95206727428,6192.189059103668,5949.814241942768
-7610.704565049519,6207.714287445192,5965.582243687785
-7627.474918351428,6223.261960325289,5981.370213710491
-7644.263124173967,6238.832080347844,5997.178151926931
-7661.069179511002,6254.424650116306,6013.006058253044
-7677.893081356304,6270.039672233685,6028.853932604667
-7694.734826703547,6285.677149302553,6044.721774897526
-7711.594412546313,6301.33708392504,6060.609585047245
-7728.471835878087,6317.019478702842,6076.517362969338
-7745.367093692263,6332.724336237215,6092.445108579215
-7762.280182982133,6348.451659128975,6108.392821792179
-7779.2111007409,6364.201449978501,6124.360502523428
-7796.159843961673,6379.9737113857345,6140.348150688053
-7813.126409637462,6395.768445950176,6156.355766201038
-7830.110794761183,6411.585656270889,6172.383348977262
-7847.112996325659,6427.425344946498,6188.430898931499
-7864.133011323618,6443.287514575189,6204.498415978413
-7881.170836747693,6459.172167754709,6220.5859000325645
-7898.226469590421,6475.079307082367,6236.693351008408
-7915.299906844247,6491.008935155034,6252.820768820291
-7932.391145501519,6506.961054569139,6268.968153382455
-7949.5001825544905,6522.935667920678,6285.135504609037
-7966.6270149953225,6538.932777805202,6301.322822414064
-7983.771639816077,6554.9523868178285,6317.53010671146
-8000.934054008727,6570.994497553234,6333.757357415041
-8018.114254565146,6587.059112605657,6350.004574438519
-8035.312238477118,6603.146234568896,6366.271757695497
-8052.528002736326,6619.255866036312,6382.5589070994765
-8069.761544334365,6635.388009600826,6398.866022563847
-8087.01286026273,6651.542667854922,6415.193104001895
-8104.281947512825,6667.719843390645,6431.540151326802
-8121.568803075958,6683.919538799599,6447.907164451639
-8138.873423943344,6700.1417566729515,6464.294143289375
-8156.195807106102,6716.386499601431,6480.701087752872
-8173.535949555255,6732.653770175326,6497.127997754884
-8190.893848281735,6748.9435709844865,6513.57487320806
-8208.26950027638,6765.255904618324,6530.041714024944
-8225.662902529928,6781.590773665812,6546.528520117971
-8243.07405203303,6797.948180715483,6563.035291399473
-8260.502945776236,6814.328128355432,6579.562027781673
-8277.949580750004,6830.730619173315,6596.108729176692
-8295.413953944702,6847.155655756348,6612.675395496539
-8312.896062350597,6863.603240691311,6629.262026653121
-8330.395902957865,6880.073376564541,6645.868622558238
-8347.913472756589,6896.566065961938,6662.495183123582
-8365.448768736755,6913.0813114689645,6679.141708260742
-8383.001787888255,6929.619115670642,6695.8081978812
-8400.57252720089,6946.179481151553,6712.494651896329
-8418.16098366436,6962.762410495842,6729.201070217399
-8435.767154268278,6979.367906287214,6745.927452755573
-8453.39103600216,6995.995971108935,6762.673799421906
-8471.032625855429,7012.646607543831,6779.440110127349
-8488.69192081741,7029.31981817429,6796.226384782747
-8506.368917877337,7046.015605582261,6813.032623298838
-8524.06361402435,7062.733972349253,6829.858825586253
-8541.776006247494,7079.474921056338,6846.70499155552
-8559.506091535719,7096.238454284146,6863.5711211170565
-8577.253866877883,7113.02457461287,6880.457214181176
-8595.01932926275,7129.833284622263,6897.363270658087
-8612.802475678986,7146.664586891638,6914.289290457889
-8630.603303115167,7163.51848399987,6931.235273490578
-8648.421808559777,7180.394978525394,6948.2012196660435
-8666.257989001198,7197.294073046208,6965.1871288940665
-8684.111841427726,7214.215770139866,6982.193001084324
-8701.983362827557,7231.160072383489,6999.218836146388
-8719.8725501888,7248.126982353753,7016.26463398972
-8737.779400499463,7265.116502626899,7033.33039452368
-8755.703910747463,7282.128635778726,7050.41611765752
-8773.646077920625,7299.163384384595,7067.521803300385
-8791.605899006676,7316.220751019428,7084.647451361314
-8809.583370993254,7333.300738257704,7101.793061749241
-8827.578490867898,7350.403348673469,7118.958634372995
-8845.591255618057,7367.528584840325,7136.144169141296
-8863.621662231084,7384.676449331436,7153.349665962758
-8881.669707694238,7401.846944719527,7170.57512474589
-8899.735388994688,7419.040073576883,7187.820545399096
-8917.818703119505,7436.255838475348,7205.085927830672
-8935.919647055669,7453.494241986331,7222.371271948807
-8954.038217790063,7470.755286680797,7239.676577661587
-8972.17441230948,7488.038975129275,7257.001844876989
-8990.328227600614,7505.345309901853,7274.347073502886
-9008.499660650072,7522.674293568179,7291.712263447043
-9026.688708444362,7540.0259286974615,7309.09741461712
-9044.895367969904,7557.400217858471,7326.502526920672
-9063.119636213018,7574.797163619536,7343.927600265143
-9081.361510159933,7592.216768548548,7361.372634557877
-9099.620986796786,7609.659035212958,7378.837629706109
-9117.898063109618,7627.123966179777,7396.322585616966
-9136.192736084377,7644.611564015578,7413.827502197471
-9154.50500270692,7662.12183128649,7431.352379354544
-9172.834859963004,7679.654770558209,7448.897216994992
-9191.1823048383,7697.210384395987,7466.462015025521
-9209.54733431838,7714.788675364636,7484.046773352728
-9227.929945388727,7732.389646028531,7501.651491883107
-9246.330135034728,7750.013298951608,7519.276170523042
-9264.747900241677,7767.659636697358,7536.920809178814
-9283.183237994772,7785.3286618288375,7554.585407756596
-9301.63614527912,7803.020376908662,7572.2699661624565
-9320.106619079736,7820.734784499006,7589.974484302356
-9338.594656381538,7838.471887161605,7607.6989620821505
-9357.100254169354,7856.231687457755,7625.443399407588
-9375.623409427917,7874.014187948312,7643.207796184313
-9394.164119141868,7891.819391193692,7660.992152317862
-9412.722380295749,7909.647299753873,7678.796467713664
-9431.298189874016,7927.49791618839,7696.620742277046
-9449.891544861031,7945.371243056342,7714.464975913225
-9468.502442241059,7963.267282916385,7732.329168527314
-9487.130878998272,7981.186038326736,7750.213320024319
-9505.776852116749,7999.127511845173,7768.11743030914
-9524.44035858048,8017.091706029034,7786.041499286572
-9543.121395373355,8035.078623435216,7803.9855268613
-9561.819959479177,8053.088266620178,7821.949512937908
-9580.536047881653,8071.120638139937,7839.933457420871
-9599.269657564395,8089.175740550071,7857.937360214558
-9618.020785510924,8107.253576405719,7875.961221223233
-9636.78942870467,8125.354148261578,7894.005040351053
-9655.575584128965,8143.477458671908,7912.06881750207
-9674.37924876705,8161.623510190525,7930.152552580225
-9693.200419602075,8179.792305370809,7948.256245489361
-9712.039093617093,8197.9838467657,7966.3798961332095
-9730.89526779507,8216.198136927691,7984.523504415397
-9749.76893911887,8234.435178408845,8002.687070239443
-9768.66010457127,8252.69497376078,8020.870593508761
-9787.568761134955,8270.977525534672,8039.074074126662
-9806.494905792515,8289.28283628126,8057.297511996346
-9825.438535526446,8307.610908550841,8075.540907020909
-9844.399647319151,8325.961744893275,8093.804259103342
-9863.37823815294,8344.33534785798,8112.087568146527
-9882.374305010033,8362.73171999393,8130.390834053242
-9901.387844872555,8381.150863849667,8148.714056726159
-9920.418854722539,8399.592781973286,8167.0572360678425
-9939.467331541922,8418.057476912447,8185.420371980753
-9958.533272312552,8436.544951214366,8203.803464367242
-9977.61667401618,8455.05520742582,8222.206513129557
-9996.71753363447,8473.588248093143,8240.62951816984
-10015.835848148989,8492.144075762235,8259.072479390124
-10034.971614541211,8510.72269297855,8277.535396692338
-10054.12482979252,8529.324102287106,8296.018269978305
-10073.295490884202,8547.948306232478,8314.52109914974
-10092.483594797457,8566.595307358803,8333.043884108256
-10111.689138513388,8585.265108209773,8351.586624755355
-10130.912119013004,8603.957711328647,8370.149320992434
-10150.152533277227,8622.673119258236,8388.731972720787
-10169.41037828688,8641.411334540917,8407.334579841598
-10188.685651022699,8660.172359718623,8425.957142255947
-10207.97834846532,8678.95619733285,8444.599659864809
-10227.288467595294,8697.762849924646,8463.262132569049
-10246.616005393076,8716.592320034628,8481.94456026943
-10265.960958839027,8735.444610202969,8500.646942866608
-10285.323324913417,8754.319722969398,8519.36928026113
-10304.703100596424,8773.21766087321,8538.11157235344
-10324.100282868132,8792.138426453255,8556.873819043876
-10343.514868708535,8811.082022247945,8575.656020232665
-10362.946855097529,8830.04845079525,8594.458175819937
-10382.396239014923,8849.0377146327,8613.280285705705
-10401.863017440433,8868.049816297382,8632.122349789885
-10421.34718735368,8887.084758325947,8650.984367972282
-10440.848745734193,8906.142543254606,8669.8663401526
-10460.36768956141,8925.223173619124,8688.768266230427
-10479.904015814674,8944.326651954829,8707.690146105253
-10499.457721473238,8963.452980796608,8726.631979676462
-10519.028803516263,8982.602162678908,8745.593766843327
-10538.617258922815,9001.774200135733,8764.57550750502
-10558.22308467187,9020.96909570065,8783.577201560603
-10577.846277742308,9040.186851906783,8802.598848909036
-10597.486835112923,9059.427471286815,8821.640449449169
-10617.14475376241,9078.690956372991,8840.702003079745
-10636.820030669378,9097.977309697111,8859.783509699406
-10656.512662812338,9117.28653379054,8878.884969206683
-10676.22264716971,9136.6186311842,8898.006381500005
-10695.949980719824,9155.973604408568,8917.14774647769
-10715.694660440919,9175.351455993687,8936.309064037958
-10735.456683311135,9194.752188469154,8955.490334078911
-10755.236046308526,9214.17580436413,8974.691556498556
-10775.032746411052,9233.622306207331,8993.912731194787
-10794.846780596581,9253.091696527035,9013.153858065398
-10814.678145842889,9272.583977851078,9032.414937008069
-10834.526839127657,9292.099152706855,9051.695967920381
-10854.392857428476,9311.637223621323,9070.996950699806
-10874.276197722847,9331.198193120992,9090.317885243709
-10894.176856988177,9350.782063731938,9109.658771449349
-10914.09483220178,9370.388837979794,9129.019609213881
-10934.03012034088,9390.018518389748,9148.400398434353
-10953.982718382606,9409.671107486553,9167.801139007706
-10973.952623303998,9429.346607794518,9187.221830830777
-10993.939832082002,9449.045021837514,9206.662473800294
-11013.944341693472,9468.766352138966,9226.12306781288
-11033.966149115173,9488.510601221862,9245.603612765051
-11054.005251323772,9508.27777160875,9265.104108553223
-11074.06164529585,9528.06786582173,9284.624555073697
-11094.135328007893,9547.880886382469,9304.16495222267
-11114.226296436296,9567.71683581219,9323.725299896241
-11134.334547557362,9587.57571663168,9343.305597990395
-11154.460078347303,9607.457531361275,9362.905846401009
-11174.602885782237,9627.362282520875,9382.52604502386
-11194.76296683819,9647.28997262994,9402.166193754618
-11214.9403184911,9667.24060420749,9421.826292488842
-11235.13493771681,9687.214179772101,9441.50634112199
-11255.346821491068,9707.21070184191,9461.206339549413
-11275.575966789538,9727.23017293461,9480.926287666354
-11295.822370587786,9747.272595567458,9500.666185367954
-11316.08602986129,9767.337972257263,9520.426032549243
-11336.366941585433,9787.4263055204,9540.205829105147
-11356.66510273551,9807.537597872797,9560.005574930487
-11376.98051028672,9827.671851829946,9579.825269919975
-11397.313161214173,9847.829069906893,9599.664913968218
-11417.663052492888,9868.009254618246,9619.524506969718