
-186.40342421307682,612.6165415693953,-33.74543037419734
-187.06688712582297,612.2636779451044,-33.812482035747124
-187.75040301998277,611.9309125446425,-33.86013417782991
-188.45396897505927,611.6182482923859,-33.88796765365473
-189.17758207044892,611.3256881122851,-33.89580094928731
-189.92123938544154,611.0532349278643,-33.88363406468602
-190.6849379992203,610.8008916622222,-33.85146699991555
-191.46867499086193,610.568661238031,-33.799299755146954
-192.27244743933653,610.3565465775375,-33.727132330657625
-193.09625242350765,610.1645506025619,-33.63496472683132
-193.94008702213236,609.9926762344988,-33.52279694415815
-194.80394831386116,609.8409263943164,-33.39062898323458
-195.68783337723812,609.709304002557,-33.2384608447634
-196.59173929070081,609.5978119793369,-33.06629252955379
-197.51566313258033,609.5064532443463,-32.87412403852126
-198.45960198110134,609.435230716849,-32.66195537268767
-199.42355291438207,609.3841473156831,-32.42978653318124
-200.40751301043431,609.3532059592601,-32.17761752123655
-201.4114793471635,609.3424095655658,-31.905448338194507
-202.43544900236864,609.3517610521595,-31.6132789855024
-203.47941905374242,609.3812633361745,-31.301109464713846
-204.54338657887112,609.4309193343175,-30.968939777488824
-205.62734865523473,609.5007319628696,-30.61676992559367
-206.73130236020688,609.5907041376852,-30.24459991090106
-207.8552447710549,609.7008387741924,-29.852429735390025
-208.9991729649399,609.8311387873937,-29.440259401145962
-210.1630840189166,609.9816070918645,-29.008088910360602
-211.34697500993354,610.1522466017542,-28.555918265332036
-212.55084301483296,610.3430602307861,-28.083747468464704
-213.77468511035093,610.554050892257,-27.591576522269403
-215.01849837311724,610.7852214990372,-27.079405429363273
-216.28227987965553,611.0365749635708,-26.547234192469816
-217.5660267063833,611.3081141978756,-25.99506281441888
-218.86973592961175,611.5998421135429,-25.422891298146666
-220.19340462554607,611.9117616217376,-24.830719646695727
-221.53702987028524,612.2438756331982,-24.218547863214962
-222.9006087398221,612.5961870582366,-23.586375950959635
-224.28413831004346,612.9686988067386,-22.934203913291352
-225.68761565672997,613.3614137881634,-22.26203175367807
-227.11103785555628,613.7743349115434,-21.569859475694102
-228.5544019820909,614.2074650854847,-20.857687083020114
-230.01770511179635,614.6608072181672,-20.125514579443117
-231.5009443200291,615.1343642173438,-19.37334196885648
-233.00411668203964,615.6281389903411,-18.601169255259922
-234.52721927297242,616.1421344440591,-17.808996442759508
-236.07024916786594,616.6763534849712,-16.996823535567664
-237.63320344165274,617.2307990191241,-16.164650538003162
-239.21607916915937,617.8054739521381,-15.312477454491125
-240.81887342510652,618.4003811892068,-14.44030428956303
-242.4415832841089,619.0155236350971,-13.548131047856707
-244.08420582067532,619.6509041941493,-12.635957734116332
-245.74673810920874,620.3065257702772,-11.703784353192436
-247.42917722400622,620.9823912669674,-10.7516109100419
-249.13152023925898,621.6785035872803,-9.779437409727961
-250.8537642290524,622.3948656338493,-8.7872638574202
-252.595906267366,623.1314803088814,-7.775090258394555
-254.35794342807353,623.8883505141563,-6.7429166180333135
-256.13987278494295,624.6654791510275,-5.690742941825113
-257.9416914116364,625.4628691204215,-4.618569235364944
-259.76339638171027,626.2805233228379,-3.5263955043541486
-261.6049847686153,627.1184446583496,-2.414221754600418
-263.46645364569633,627.9766360266028,-1.2820479920177967
-265.34780008619265,628.8551003268166,-0.12987422262667914
-267.2490211632377,629.7538404577832,1.042299547446189
-269.1701139498594,630.6728593178683,2.2344733119677107
-271.1110755189798,631.6121598050105,3.446647064598438
-273.0719029434155,632.5717448167214,4.6788207988925725
-275.0525932958774,633.5516172500861,5.930994508297964
-277.0531436489706,634.5517800017622,7.203168186156111
-279.0735510751948,635.5722359679805,8.495341825702162
-281.1138126469441,636.6129880445451,9.807515420064915
-283.17392543650686,637.6740391268329,11.139688962266815
-285.25388651606613,638.7553921097939,12.491862445223958
-287.35369295769925,639.8570498879511,13.86403586174609
-289.473341833378,640.9790153554004,15.256209204536606
-291.61283021496877,642.1212914058108,16.668382466192547
-293.7721551742323,643.2838809324239,18.100555639204607
-295.951313782824,644.4667868280548,19.55272871595713
-298.1503031122937,645.6700119850908,21.024901688728107
-300.3691202340859,646.8935592954928,22.51707454968918
-302.6077622195396,648.137431650794,24.029247290905637
-304.8662261398883,649.401631942101,25.561419904336418
-307.1445090662602,650.6861630600927,27.113592381834117
-309.44260806967804,651.9910278950213,28.68576471514497
-311.7605202210593,653.3162293367116,30.27793689590887
-314.09824259121604,654.6617702745613,31.89010891565935
-316.4557722508549,656.0276535975407,33.5222807658236
-318.83310627057733,657.4138821941932,35.17445243772247
-321.23024172087935,658.8204589526347,36.84662392257044
-323.6471756721517,660.2473867605538,38.53879521147564
-326.08390519467997,661.694668505212,40.250966295439866
-328.54042735864437,663.1623070734435,41.98313716535856
-331.0167392341199,664.6503053516551,43.73530781202081
-333.5128378910763,666.1586662258264,45.50747822610935
-336.0287203993781,667.6873925815096,47.29964839820057
-338.5643838287845,669.2364873038296,49.111818318764506
-341.11982524894984,670.8059532774837,50.943987978164856
-343.695041729423,672.3957933867422,52.79615736665895
-346.29003033964784,674.0060105154478,54.66832647439779
-348.904788148963,675.6366075470157,56.560495291426
-351.5393122266021,677.287587364434,58.47266380768188
-354.19359964169354,678.9589528502629,60.404832012997375
-356.8676474632607,680.6507068866356,62.35699989709807
-359.56145276022187,682.3628523552575,64.3291674496032
-362.2750126013902,684.0953921374066,66.32133466002567
-365.0083240554739,685.8483291139337,68.33350151777202
-367.76138419107616,687.6216661652616,70.36566801214246
-370.53419007669504,689.4154061713857,72.41783413233082
-373.32673878072376,691.2295520118741,74.4899998674246
-376.13902737145037,693.0641065658673,76.58216520640495
-378.9710529170581,694.9190727120779,78.69433013814667
-381.82281248562515,696.7944533287912,80.8264946514182
-384.6943031451248,698.6902512938648,82.97865873488165
-387.5855219634255,700.6064694847286,85.15082237709277
-390.4964660082906,702.543110778385,87.34298556650094
-393.42713234737874,704.5001780514085,89.55514829144926
-396.37751804824364,706.4776741799465,91.7873105401744
-399.347620178334,708.4756020397181,94.03947230080674
-402.33743580499396,710.4939645060148,96.31163356137026
-405.34696199546266,712.5327644537008,98.60379430978264
-408.3761958168745,714.5920047572121,100.9159545338552
-411.4251343362589,716.6716882905571,103.2481142212929
-414.4937746205407,718.7718179273166,105.60027335969434
-417.58211373653995,720.8923965406435,107.9724319365518
-420.6901487509719,723.0334270032629,110.3645899392512
-423.81787673044704,725.194912187472,112.77674735507212
-426.96529474147127,727.3768549651403,115.20890417118775
-430.1323998504456,729.5792582077095,117.661060374665
-433.31918912366655,731.8021247861934,120.13321595246438
-436.52565962732575,734.045457571178,122.62537089144008
-439.7518084275104,736.3092594328211,125.13752517833994
-442.9976325902029,738.593533240853,127.66967879980542
-446.2631291812811,740.8982818645759,130.22183174237168
-449.5482952665182,743.2235081728641,132.7939839924675
-452.8531279115829,745.5692150341639,135.38613553641534
-456.1776241820391,747.9354053164939,137.99828636043128
-459.5217811433464,750.3220818874443,140.63043645062504
-462.8855958608597,752.7292476141776,143.28258579300004
-466.2690653998295,755.1569053634281,145.95473437345333
-469.6721868254016,757.6050580015024,148.64688217777564
-473.09495720261737,760.0737083942787,151.3590291916513
-476.5373735964138,762.5628594072074,154.0911754006584
-479.99943307162323,765.0725139053108,156.8433207902685
-483.4811326929737,767.6026747531829,159.61546534584699
-486.9824695250888,770.15334481499,162.40760905265282
-490.5034406324876,772.7245269544699,165.21975189583858
-494.0440430795848,775.3162240349324,168.0518938604506
-497.6042739306908,777.9284389192592,170.9040349314288
-501.1841302500115,780.561174469904,173.77617509360675
-504.7836091016485,783.214433548892,176.6683143317117
-508.4027075495991,785.8882190178203,179.5804526303646
-512.0414226577561,788.5825337378581,182.5125899740799
-515.6997514899083,791.2973805697459,185.46472634726587
-519.3776911097399,794.0327623737963,188.43686173422432
-523.075238580831,796.7886820098937,191.4289961191508
-526.7923909666572,799.565142337494,194.44112948613449
-530.5291453305902,802.3621462156248,197.47326181915815
-534.285498735897,805.1796965028856,200.5253931020983
-538.0614482457411,808.0177960574475,203.59752331872502
-541.856990923181,810.8764477370535,206.68965245270212
-545.6721238311716,813.7556543990178,209.80178048758705
-549.5068440325632,816.6554189002266,212.9339074068309
-553.3611485901023,819.5757440971375,216.08603319377843
-557.2350345664311,822.51663284578,219.258157831668
-561.1284990240875,825.478088001755,222.4502813036317
-565.0415390255057,828.4601124202351,225.66240359269523
-568.9741516330154,831.4627089559641,228.89452468177794
-572.9263339088425,834.4858804632579,232.1466445536929
-576.8980829151086,837.5296297960036,235.41876319114675
-580.8893957138315,840.59395980766,238.71088057673984
-584.9002693669248,843.6788733512572,242.02299669296613
-588.9307009361981,846.7843732793968,245.35511152221332
-592.9806874833572,849.9104624442522,248.70722504676266
-597.0502260700036,853.057143697568,252.07933724878913
-601.1393137576351,856.2244198906602,255.47144811036134
-605.2479476076453,859.4122938744165,258.88355761344155
-609.3761246813241,862.6207684992957,262.3156657398857
-613.5238420398573,865.849846615328,265.7677724714433
-617.6910967443268,869.0995310721155,269.23987778975777
-621.8778858557109,872.369824718831,272.7319816763658
-626.0842064348836,875.6607304042191,276.2440841126981
-630.3100555426154,878.9722509765954,279.77618508007873
-634.5554302395726,882.3043892838473,283.32828455972566
-638.820327586318,885.657148173433,286.90038253275037
-643.1047446433103,889.0305304923824,290.49247898015807
-647.4086784709048,892.4245390872964,294.10457388284755
-651.7321261293525,895.8391768043473,297.73666722161124
-656.0750846788011,899.2744464892786,301.3887589771354
-660.4375511792942,902.7303509874052,305.06084912999984
-664.819522690772,906.2068931436131,308.75293766067796
-669.2209962730707,909.7040758023593,312.4650245495369
-673.641968985923,913.2219018076722,316.19710977683746
-678.0824378889577,916.7603740031515,319.94919332273406
-682.5424000417,920.3194952319677,323.7212751672748
-687.0218525035717,923.8992683368629,327.5133552904015
-691.5207923338907,927.4996961601499,331.3254336719494
-696.0392165918711,931.120781543713,335.15751029164767
-700.5771223366238,934.7625273290071,339.0095851291191
-705.1345066271558,938.4249363570588,342.88165816388
-709.7113665223707,942.1080114684652,346.7737293753404
-714.3076990810684,945.8117555033948,350.685798742804
-718.9235013619456,949.536171301587,354.61786624546824
-723.5587704235949,953.2812617023525,358.5699318624241
-728.2135033245058,957.0470295445724,362.54199557265616
-732.8876971230642,960.8334776666994,366.5340573550429
-737.5813488775524,964.640608906757,370.5461171883562
-742.2944556461493,968.4684261023395,374.57817505126184
-747.0270144869305,972.3169320906123,378.6302309223191
-751.7790224578681,976.1861297083117,382.70228477998086
-756.5504766168306,980.0760217917448,386.7943366025939
-761.3413740215831,983.9866111767898,390.9063863683984
-766.1517117297876,987.9179006988957,395.0384340555284
-770.9814867990026,991.8698931930824,399.19047964201144
-775.8306962866831,995.8425914939405,403.36252310576884
-780.6993372501806,999.8359984356317,407.5545644246155
-785.5874067467438,1003.8501168518884,411.76660357626
-790.4949018335177,1007.8849495760138,415.9986405383047
-795.4218195675442,1011.9404994408819,420.2506752882454
-800.3681570057618,1016.0167692789375,424.52270780347175
-805.3339112050056,1020.1137619221962,428.81473806126695
-810.3190792220078,1024.2314802022443,433.12676603880794
-815.323658113397,1028.3699269502388,437.4587917131652
-820.3476449356989,1032.5291049969076,441.81081506130306
-825.3910367453359,1036.7090171725488,446.18283606007935
-830.4538305986271,1040.909666307032,450.5748546862456
-835.5360235517884,1045.1310552297969,454.986870916447
-840.6376126609326,1049.3731867698539,459.41888472722246
-845.7585949820697,1053.6360637557843,463.87089609500447
-850.8989675711059,1057.9196890157398,468.3429049961192
-856.058727483845,1062.224065377443,472.83491140678666
-861.2378717759872,1066.5491956681865,477.3469153031202
-866.4363975031298,1070.8950827148342,481.8789166611271
-871.654301720767,1075.26172934382,486.4309154567081
-876.89158148429,1079.649138381149,491.0029116656577
-882.148233848987,1084.0573126523961,495.5949052636641
-887.4242558700432,1088.4862549827076,500.20689622630914
-892.7196446025407,1092.9359681967994,504.8388845290683
-898.0343971014586,1097.4064551189583,509.49087014731083
-903.3685104216731,1101.8977185730416,514.1628530562995
-908.7219816179576,1106.4097613824772,518.8548332311907
-914.0948077449822,1110.9425863702631,523.5668106470347
-919.4869858573144,1115.4961963589683,528.2987852787752
-924.8985130094185,1120.0705941707313,533.0507571012496
-930.3293862556563,1124.665782627262,537.8227260891892
-935.7796026502865,1129.2817645498399,542.6146922172188
-941.2491592474648,1133.9185427593154,547.4266554598568
-946.7380531012443,1138.5761200761092,552.2586157915151
-952.2462812655751,1143.254499320212,557.1105731865
-957.7738407943048,1147.9536833111854,561.9825276190105
-963.3207287411778,1152.6736748681608,566.87447906314
-968.886942159836,1157.4144768098402,571.7864274928752
-974.4724781038184,1162.1760919544954,576.7183728820964
-980.0773336265612,1166.9585231199692,581.670315204578
-985.7015057813979,1171.761773123674,586.6422544339875
-991.3449916215596,1176.585844782593,591.6341905438866
-997.0077882001743,1181.4307409132794,596.6461235077302
-1002.6898925702674,1186.2964643318564,601.6780532988672
-1008.3913017847617,1191.1830178540179,606.72997989054
-1014.1120128964773,1196.0904042950272,611.8019032558848
-1019.8520229581317,1201.0186264697186,616.8938233679311
-1025.6113290223398,1205.9676871924958,622.0057401996025
-1031.3899281416138,1210.9375892773332,627.1376537237163
-1037.1878173683633,1215.9283355377752,632.2895639129831
-1043.0049937548956,1220.9399287869362,637.4614707400074
-1048.8414543534152,1225.972371837501,642.6533741772872
-1054.697196216024,1231.0256675017238,647.8652741972144
-1060.5722163947212,1236.0998185914293,653.0971707720744
-1066.4665119414042,1241.1948279180124,658.3490638740462
-1072.3800799078672,1246.3106982924378,663.6209534752028
-1078.3129173458021,1251.4474325252404,668.9128395475103
-1084.2650213067986,1256.6050334265246,674.2247220628292
-1090.2363888423436,1261.7835038059657,679.5566009929131
-1096.2270170038216,1266.982846472808,684.9084763094094
-1102.2369028425148,1272.2030642358663,690.2803479838592
-1108.2660434096033,1277.4441599035254,695.6722159876974
-1114.3144357561641,1282.7061362837394,701.0840802922526
-1120.3820769331726,1287.988996184033,706.5159408687465
-1126.468963991501,1293.292742411501,711.9677976882953
-1132.57509398192,1298.617377772807,717.4396507219082
-1138.7004639550976,1303.9629050741853,722.9314999404884
-1144.8450709615993,1309.3293271214402,728.4433453148326
-1151.0089120518887,1314.7166467199452,733.9751868156314
-1157.1919842763266,1320.124866674644,739.527024413469
-1163.3942846851721,1325.5539897900499,745.098858078823
-1169.6158103285818,1331.004018870246,750.6906877820651
-1175.8565582566098,1336.4749567188858,756.3025134934603
-1182.1165255192086,1341.966806139192,761.9343351831674
-1188.395709166228,1347.4795699339568,767.586152821239
-1194.694106247416,1353.0132509055425,773.2579663776212
-1201.011713812418,1358.5678518558814,778.9497758221537
-1207.3485289107775,1364.143375586475,784.6615811245701
-1213.7045485919357,1369.7398248983945,790.3933822544977
-1220.079769905232,1375.357202592281,796.1451791814573
-1226.4741898999034,1380.9955114683453,801.9169718748632
-1232.8878056250849,1386.6547543263678,807.7087603040237
-1239.3206141298094,1392.3349339656984,813.5205444381406
-1245.7726124630078,1398.0360531852566,819.3523242463096
-1252.243797673509,1403.7581147835317,825.2040996975198
-1258.7341668100398,1409.5011215585823,831.0758707606541
-1265.2437169212249,1415.2650763080371,836.967637404489
-1271.772445055587,1421.0499818290937,842.8793995976947
-1278.320348261547,1426.8558409185193,848.8111573088352
-1284.8874235874237,1432.6826563726513,854.7629105063679
-1291.4736680814342,1438.5304309873961,860.734659158644
-1298.0790787916933,1444.3991675582295,866.7264032339086
-1304.703652766214,1450.288868880197,872.7381427003003
-1311.3473870529074,1456.1995377479136,878.769877525851
-1318.010278699583,1462.1311769555637,884.821607678487
-1324.6923247539482,1468.0837892969007,890.8933331260278
-1331.3935222636082,1474.0573775652483,896.9850538361866
-1338.113868276067,1480.0519445534987,903.0967697765703
-1344.8533598387264,1486.0674930541143,909.2284809146797
-1351.6119939988864,1492.1040258591263,915.380187217909
-1358.3897678037454,1498.1615457601356,921.5518886535463
-1365.1866783003998,1504.240055548312,927.743585188773
-1372.0027225358442,1510.3395580143956,933.9552767906646
-1378.8378975569717,1516.4600559486946,940.18696342619
-1385.6922004105736,1522.601552141087,946.438645062212
-1392.5656281433394,1528.7640493810204,952.7103216654868
-1399.4581778018571,1534.9475504575114,959.0019932026645
-1406.3698464326128,1541.1520581591453,965.3136596402888
-1413.300631081991,1547.377575274078,971.6453209447972
-1420.2505287962745,1553.6241045900333,977.9969770825204
-1427.2195366216445,1559.8916488943053,984.3686280196835
-1434.2076516041807,1566.1802109737562,990.7602737224046
-1441.2148707898612,1572.4897936148182,997.171914156696
-1448.241191224562,1578.8203996034922,1003.6035492884633
-1455.2866099540583,1585.1720317253487,1010.0551790835061
-1462.3511240240232,1591.544692765527,1016.5268035075175
-1469.4347304800285,1597.9383855087358,1023.0184225260841
-1476.5374263675446,1604.3531127392525,1029.5300361046866
-1483.65920873194,1610.788877240924,1036.061644208699
-1490.8000746184819,1617.2456817971658,1042.6132468033888
-1497.960021072336,1623.723529190963,1049.1848438539182
-1505.1390451385669,1630.2224222048696,1055.7764353253422
-1512.3371438621368,1636.7423636210085,1062.3880211826092
-1519.5543142879078,1643.2833562210715,1069.0196013905622
-1526.7905534606396,1649.84540278632,1075.6711759139373
-1534.0458584249905,1656.4285060975835,1082.3427447173644
-1541.3202262255181,1663.0326689352612,1089.034307765367
-1548.613653906678,1669.657894079321,1095.7458650223623
-1555.926138512825,1676.3041843093,1102.4774164526614
-1563.2576770882117,1682.9715424043034,1109.2289620204688
-1570.6082666769903,1689.6599711430063,1116.0005016898826
-1577.977904323211,1696.369473303652,1122.7920354248954
-1585.3665870708235,1703.1000516640536,1129.6035631893922
-1592.7743119636755,1709.8517090015919,1136.4350849471525
-1600.2010760455137,1716.6244480932173,1143.2866006618497
-1607.6468763599835,1723.418271715449,1150.15811029705
-1615.1117099506293,1730.233182644375,1157.049613816214
-1622.595573860894,1737.0691836556516,1163.961111182696
-1630.0984651341196,1743.9262775245047,1170.892602359743
-1637.6203808135465,1750.8044670257284,1177.8440873104973
-1645.1613179423143,1757.7037549336858,1184.8155659979934
-1652.7212735634614,1764.6241440223087,1191.8070383851605
-1660.3002447199249,1771.5656370650977,1198.8185044348206
-1667.898228454541,1778.528236835122,1205.8499641096903
-1675.5152218100443,1785.51194610502,1212.9014173723792
-1683.1512218290693,1792.516767646998,1219.9728641853908
-1690.8062255541483,1799.5427042328315,1227.0643045111224
-1698.4802300277136,1806.5897586338644,1234.1757383118647
-1706.1732322920955,1813.6579336210098,1241.3071655498027
-1713.8852293895238,1820.7472319647488,1248.4585861870144
-1721.6162183621273,1827.8576564351313,1255.6300001854718
-1729.3661962519336,1834.9892098017758,1262.8214075070402
-1737.1351601008698,1842.1418948338696,1270.0328081134794
-1744.9231069507614,1849.3157143001683,1277.2642019664422
-1752.7300338433333,1856.5106709689962,1284.5155890274752
-1760.5559378202095,1863.7267676082463,1291.7869692580186
-1768.400815922913,1870.96400698538,1299.0783426194066
-1776.2646651928658,1878.2223918674267,1306.389709072867
-1784.1474826713893,1885.5019250209857,1313.7210685795212
-1792.0492653997037,1892.8026092122232,1321.0724211003842
-1799.9700104189285,1900.1244472068747,1328.443766596365
-1807.9097147700822,1907.467441770244,1335.835105028266
-1815.8683754940832,1914.8315956672036,1343.246436356783
-1823.8459896317484,1922.2169116621942,1350.6777605425063
-1831.8425542237937,1929.6233925192246,1358.1290775459192
-1839.858066310835,1937.0510410018726,1365.6003873273992
-1847.892522933387,1944.499859873284,1373.091689847217
-1855.9459211318635,1951.9698518961732,1380.602985065537
-1864.0182579465782,1959.4610198328228,1388.134272942418
-1872.1095304177431,1966.9733664450835,1395.6855534378114
-1880.2197355854705,1974.5068944943748,1403.2568265115633
-1888.3488704897718,1982.0616067416845,1410.8480921234127
-1896.496932170557,1989.6375059475686,1418.459350232993
-1904.6639176676367,1997.2345948721506,1426.0906007998308
-1912.8498240207198,2004.8528762751237,1433.7418437833464
-1921.054648269415,2012.4923529157484,1441.4130791428538
-1929.2783874532306,2020.1530275528537,1449.1043068375611
-1937.5210386115737,2027.8349029448366,1456.8155268265696
-1945.7825987837514,2035.5379818496629,1464.5467390688743
-1954.0630650089702,2043.2622670248657,1472.2979435233644
-1962.3624343263357,2051.0077612275472,1480.0691401488225
-1970.6807037748533,2058.774467214377,1487.8603289039245
-1979.0178703934282,2066.5623877415937,1495.6715097472406
-1987.3739312208643,2074.371525565003,1503.5026826372343
-1995.7488832958657,2082.2018834399796,1511.353847532263
-2004.1427236570357,2090.053464121466,1519.2250043905776
-2012.5554493428774,2097.9262703639724,1527.116153170323
-2020.9870573917933,2105.8203049215776,1535.0272938295375
-2029.4375448420856,2113.7355705479285,1542.9584263261531
-2037.9069087319558,2121.6720699962398,1550.9095506179956
-2046.3951460995054,2129.629806019294,1558.8806666627845
-2054.9022539827356,2137.608781369442,1566.8717744181329
-2063.4282294195473,2145.608998798603,1574.8828738415477
-2071.97306944774,2153.630461058264,1582.9139648904295
-2080.536771105014,2161.673170899479,1590.9650475220726
-2089.1193314289694,2169.737131072871,1599.0361216936647
-2097.7207474571055,2177.8223443286306,1607.1271873622877
-2106.3410162268215,2185.9288134165167,1615.2382444849168
-2114.980134775416,2194.0565410858558,1623.369293018421
-2123.6381001400887,2202.2055300855423,1631.520332919563
-2132.3149093579373,2210.3757831640382,1639.6913641449994
-2141.01055946596,2218.5673030693742,1647.88238665128
-2149.7250475010546,2226.7800925491483,1656.0934003948487
-2158.45837050002,2235.0141543505265,1664.3244053320432
-2167.210525499553,2243.2694912202423,1672.5754014190943
-2175.981509536252,2251.5461059045974,1680.8463886121272
-2184.771319646614,2259.8440011494604,1689.1373668671604
-2193.5799528670364,2268.163179700269,1697.4483361401062
-2202.407406233817,2276.503644302029,1705.7792963867705
-2211.2536767831525,2284.865397699312,1714.130247562853
-2220.1187615511403,2293.2484426362585,1722.501189623947
-2229.002657573777,2301.652781856577,1730.89212252554
-2237.9053618869602,2310.0784181035433,1739.3030462230122
-2246.8268715264867,2318.5253541200004,1747.7339606716382
-2255.767183528054,2326.9935926483604,1756.1848658265862
-2264.7262949272586,2335.483136430602,1764.6557616429184
-2273.7042027595976,2343.9939882082713,1773.1466480755898
-2282.700904060469,2352.5261507224827,1781.6575250794501
-2291.7163958651695,2361.079626713918,1790.1883926092419
-2300.750675208896,2369.654418922827,1798.739250619602
-2309.8037391267467,2378.2505300890266,1807.3100990650607
-2318.8755846537188,2386.867962951901,1815.9009379000422
-2327.9662088247096,2395.506720250403,1824.5117670788643
-2337.075608674517,2404.166804723052,1833.1425865557383
-2346.2037812378394,2412.8482191079347,1841.7933962847694
-2355.350723549275,2421.550966142707,1850.4641962199564
-2364.516432643321,2430.2750485645906,1859.1549863151918
-2373.700905554377,2439.0204691103754,1867.865766524262
-2382.9041393167417,2447.7872305164187,1876.596536800847
-2392.1261309646134,2456.5753355186453,1885.3472970985204
-2401.366877532092,2465.384786852547,1894.1180473707493
-2410.626376053177,2474.2155872531844,1902.9087875708951
-2419.9046235617675,2483.067739455183,1911.7195176522125
-2429.201617091664,2491.9412461927386,1920.55023756785
-2438.517353676567,2500.836110199613,1929.4009472708497
-2447.8518303500773,2509.752334209135,1938.2716467141474
-2457.205044145696,2518.689920954201,1947.1623358505728
-2466.5769920968246,2527.6488731672757,1956.0730146328492
-2475.9676712367645,2536.6291935803897,1965.0036830135934
-2485.3770785987185,2545.630884925142,1973.9543409453165
-2494.8052112157893,2554.653949932698,1982.9249883804225
-2504.252066120979,2563.6983913337917,1991.9156252712098
-2513.717640347192,2572.7642118587232,2000.92625156987
-2523.2019309272323,2581.8514142373606,2009.9568672284886
-2532.704934893804,2590.960001199138,2019.0074721990447
-2542.226649279512,2600.089975473058,2028.0780664334115
-2551.7670711168616,2609.241339787691,2037.1686498833556
-2561.3261974382594,2618.414096871172,2046.2792225005371
-2570.9040252760115,2627.608249451206,2055.4097842365104
-2580.500551662325,2636.8238002550634,2064.560335042723
-2590.1157736293076,2646.0607520095828,2073.7308748705163
-2599.749688208967,2655.3191074411693,2082.9214036711255
-2609.402292433213,2664.5988692757956,2092.1319213956795
-2619.0735833338545,2673.9000402390006,2101.362427995201
-2628.763557942601,2683.2226230558917,2110.6129234206064
-2638.4722132910642,2692.5666204511426,2119.883407622705
-2648.199546410755,2701.932035148994,2129.173880552201
-2657.945554333085,2711.318869873254,2138.484342159692
-2667.710234089368,2720.7271273472966,2147.814792395669
-2677.4935827108166,2730.1568102940646,2157.165231210517
-2687.2955972285454,2739.607921436067,2166.535658554514
-2697.1162746735695,2749.0804634953797,2175.9260743778327
-2706.9556120768043,2758.574439193645,2185.3364786305387
-2716.813606469066,2768.089851252074,2194.766871262592
-2726.6902548810726,2777.6267023914424,2204.2172522238457
-2736.5855543434413,2787.184995332095,2213.687621464047
-2746.4995018866916,2796.764732793942,2223.177978932837
-2756.4320945412433,2806.365917496462,2232.68832457975
-2766.383329337417,2815.9885521586984,2242.218658354214
-2776.3532033054335,2825.6326394992634,2251.768980205551
-2786.3417134754154,2835.298182236335,2261.339290082977
-2796.3488568773864,2844.9851830876582,2270.9295879356014
-2806.37463054127,2854.6936447705457,2280.5398737124265
-2816.419031496892,2864.423570001876,2290.17014736235
-2826.482056773977,2874.174961498095,2299.8204088341613
-2836.563703402154,2883.9478219752145,2309.490658076546
-2846.6639684109496,2893.7421541488147,2319.1808950380814
-2856.7828488297932,2903.557960734041,2328.891119667239
-2866.9203416880146,2913.3952444456063,2338.621331912384
-2877.076444014845,2923.2540079977903,2348.371531721776
-2887.2511528394166,2933.1342541044387,2358.1417190435673
-2897.444465190762,2943.0359854789654,2367.9318938258048
-2907.656378097816,2952.9592048343497,2377.7420560164283
-2917.8868885894135,2962.9039148831375,2387.572205563272
-2928.135993694291,2972.8701183374424,2397.4223424140637
-2938.4036904410855,2982.8578179089436,2407.2924665164246
-2948.6899758583368,2992.8670163088877,2417.18257781787
-2958.994846974484,3002.8977162480874,2427.092676265808
-2969.3183008178676,3012.9499204369226,2437.0227618075423
-2979.66033441673,3023.023631585339,2446.972834390268
-2990.020944799215,3033.1188524028503,2456.9428939610757
-3000.4001289933676,3043.2355855985347,2466.932940466949
-3010.7978840271326,3053.3738338810385,2476.9429738547647
-3021.2142069283573,3063.533599958574,2486.9729940712946
-3031.6490947247903,3073.7148865389204,2497.023001063203
-3042.102544444081,3083.917696329423,2507.0929947770496
-3052.5745531137804,3094.1420320369934,2517.1829751592854
-3063.0651177613404,3104.3878963681104,2527.292942156257
-3073.574235414115,3114.6552920288186,2537.4228957142036
-3084.1019030993584,3124.9442217247292,2547.5728357792595
-3094.6481178442277,3135.25468816102,2557.742762297451
-3105.21287667578,3145.5866940424357,2567.9326752146994
-3115.7961766209746,3155.9402420732868,2578.142574476819
-3126.398014706672,3166.31533495745,2588.3724600295186
-3137.0183879596334,3176.7119753983684,2598.6223318183997
-3147.6572934065225,3187.130166099052,2608.892189788958
-3158.314728073904,3197.5699097620773,2619.1820338865837
-3168.990688988244,3208.031209089586,2629.4918640565593
-3179.6851731759098,3218.5140667832875,2639.821680244062
-3190.398177663171,3229.0184855444563,2650.1714823941625
-3201.1296994761983,3239.5444680739342,2660.541270451825
-3211.879735641064,3250.0920170721283,2670.931044361908
-3222.648283183742,3260.661135239013,2681.3408040691625
-3233.4353391301074,3271.251825274129,2691.770549518235
-3244.240900505937,3281.864089876581,2702.220280653664
-3255.0649643369093,3292.4979317450434,2712.6899974198827
-3265.9075276486046,3303.1533535777544,2723.179699761218
-3276.768587466505,3313.8303580725183,2733.689387621891
-3287.648140815993,3324.528947926707,2744.219060946015
-3298.5461847223546,3335.249125837258,2754.768719677598
-3309.462716210776,3345.990894500674,2765.338363760541
-3320.397732306346,3356.7542566130255,2775.9279931386404
-3331.3512300340544,3367.539214869948,2786.5376077555848
-3342.3232064187937,3378.3457719666435,2797.1672075549573
-3353.313658485357,3389.17393059788,2807.816792480234
-3364.322583258439,3400.0236934579907,2818.486362474786
-3375.349977762638,3410.8950632408764,2829.175917481876
-3386.3958390224525,3421.7880426400034,2839.8854574446627
-3397.4601640622827,3432.7026343484035,2850.6149823061974
-3408.5429499064317,3443.6388410586756,2861.364492009425
-3419.6441935791036,3454.5966654629833,2872.133986497184
-3430.7638921044045,3465.5761102530573,2882.9234657122083
-3441.902042506343,3476.5771781201934,2893.732929597123
-3453.0586418088287,3487.599871755254,2904.5623780944493
-3464.233687035674,3498.644193848667,2915.4118111466
-3475.427175210592,3509.7101470904267,2926.281228695884
-3486.639103357198,3520.797734170093,2937.1706306845012
-3497.869468499011,3531.906957776792,2948.080017054547
-3509.118267659449,3543.0378205992147,2959.0093877480103
-3520.3854978618347,3554.1903253256196,2969.9587427067736
-3531.6711561293914,3565.36447464383,2980.928081872613
-3542.9752394852444,3576.560271241235,2991.9174051871987
-3554.297744952422,3587.7777178047904,3002.926712592094
-3565.638669553853,3599.016817021017,3013.9560040287565
-3576.99801031237,3610.277571576001,3025.0052794385374
-3588.3757642507057,3621.5599841553953,3036.0745387626816
-3599.7719283914967,3632.864057444419,3047.1637819423277
-3611.186499757281,3644.1897941278557,3058.2730089185084
-3622.6194753704985,3655.537196890056,3069.4022196321494
-3634.0708522534915,3666.9062684149344,3080.5514140240703
-3645.540627428504,3678.2970113859733,3091.720592034985
-3657.0287979176833,3689.709428486219,3102.909753605501
-3668.535360743077,3701.1435223982853,3114.118898676119
-3680.060312926637,3712.59929580435,3125.3480271872336
-3691.6036514902157,3724.076751386157,3136.5971390791337
-3703.165373455569,3735.5758918250167,3147.866234292001
-3714.7454758443537,3747.096719801804,3159.155312765912
-3726.3439556781304,3758.63923799696,3170.4643744408363
-3737.9608099783613,3770.2034490904916,3181.7934192566377
-3749.5960357664108,3781.7893557619714,3193.1424471530727
-3761.2496300635453,3793.3969606905366,3204.5114580697923
-3772.921589890934,3805.0262665548908,3215.900451946342
-3784.6119122696477,3816.677276033303,3227.3094287221593
-3796.320594220661,3828.3499918036073,3238.738388336577
-3808.04763276485,3840.044416543204,3250.18733072882
-3819.7930249229926,3851.760552929059,3261.6562558380097
-3831.55676771577,3863.4984036377023,3273.145163603158
-3843.3388581637664,3875.2579713452315,3284.6540539631724
-3855.1392932874664,3887.0392587273077,3296.1829268568536
-3866.9580701072587,3898.8422684591587,3307.731782222896
-3878.795185643434,3910.667003215577,3319.300619999889
-3890.650636916185,3922.5134656709215,3330.8894401263137
-3902.5244209456077,3934.381658499115,3342.4982425405465
-3914.416534751701,3946.2715843736473,3354.1270271808567
-3926.3269753543645,3958.183245967573,3365.7757939854073
-3938.255739773402,3970.116645953511,3377.444542892256
-3950.20282502852,3982.071787003647,3389.133273839353
-3962.168228139325,3994.048671789731,3400.841986764543
-3974.1519461253297,4006.04730298308,3412.5706816055645
-3986.1539760059472,4018.0676832545746,3424.3193583000493
-3998.174314800494,4030.109815274661,3436.088016785524
-4010.2129595281885,4042.1737017133505,3447.876656999407
-4022.2699072081527,4054.2593452402207,3459.685278879012
-4034.3451548594103,4066.3667485244137,3471.5138823615466
-4046.4386995008886,4078.4959142346365,3483.362467384111
-4058.5505381514167,4090.6468450391626,3495.2310338836996
-4070.6806678297276,4102.8195436058295,3507.1195817972007
-4082.829085554456,4115.01401260204,3519.0281110613964
-4094.99578834414,4127.230254694762,3530.9566216129624
-4107.180773217219,4139.46827255053,3542.905113388468
-4119.384037192038,4151.728068835442,3554.873586324377
-4131.605577286842,4164.009646215162,3566.862040357046
-4143.845390519781,4176.313007354919,3578.8704754227265
-4156.103473908906,4188.638154919507,3590.8988914575616
-4168.379824472172,4200.985091573283,3602.9472883975905
-4180.674439227436,4213.353819980174,3615.015666178745
-4192.9873151924585,4225.744342803669,3627.104024736851
-4205.318449384904,4238.1566627068205,3639.212364007628
-4217.667838822337,4250.590782352249,3651.340683926689
-4230.035480522228,4263.046704402138,3663.4889844295412
-4242.421371501948,4275.524431518237,3675.6572654515853
-4254.825508778773,4288.023966361861,3687.845526928116
-4267.247889369881,4300.54531159389,3700.0537687943215
-4279.688510292352,4313.088469874766,3712.2819909852838
-4292.14736856317,4325.6534438645,3724.5301934359786
-4304.624461199222,4338.240236222667,3736.7983760812754
-4317.1197852173,4350.848849608403,3749.086538855937
-4329.633337634095,4363.479286680415,3761.3946816946213
-4342.165115466205,4376.1315500969695,3773.722804531879
-4354.715115730128,4388.805642515902,3786.070907302154
-4367.2833354422655,4401.501566594611,3798.4389899397847
-4379.869771618925,4414.21932499006,3810.827052379004
-4392.474421276315,4426.9589203587775,3823.2350945539365
-4405.097281430546,4439.720355356856,3835.6631163986026
-4417.7383490976335,4452.503632639954,3848.1111178469155
-4430.397621293495,4465.308754863294,3860.5790988326826
-4443.0750950339525,4478.135724681663,3873.067059289604
-4455.77076733473,4490.984544749415,3885.574999151275
-4468.484635211456,4503.8552177204665,3898.1029183511832
-4481.216695679662,4516.747746248299,3910.650816822711
-4493.966945754781,4529.662132985959,3923.218694499135
-4506.73538245215,4542.598380586058,3935.806551313624
-4519.522002787011,4555.556491700772,3948.4143871992414
-4532.326803774508,4568.5364689818425,3961.0422020889446
-4545.1497824296885,4581.538315080574,3973.689995915585
-4557.990935767503,4594.562032647836,3986.3577686119065
-4570.850260802806,4607.607624334064,3999.045520110548
-4583.727754550354,4620.675092789258,4011.753250344041
-4596.62341402481,4633.764440662981,4024.4809592448128
-4609.537236240736,4646.875670604361,4037.228646745182
-4622.469218212602,4660.008785262093,4049.996312777362
-4635.419356954777,4673.163787284432,4062.783957273461
-4648.387649481536,4686.3406793192025,4075.591580165479
-4661.374092807058,4699.53946401379,4088.4191813853117
-4674.378683945425,4712.760144015147,4101.266760864747
-4687.4014199106205,4726.002721969788,4114.134318535467
-4700.442297716534,4739.267200523794,4127.021854329049
-4713.501314376957,4752.553582322809,4139.929368176962
-4726.5784669055865,4765.861870012043,4152.856860010569
-4739.67375231602,4779.192066236271,4165.804329761128
-4752.787167621762,4792.54417363983,4178.771777359791
-4765.918709836217,4805.918194866622,4191.759202737601
-4779.068375972696,4819.314132560115,4204.766605825499
-4792.236163044414,4832.73198936334,4217.793986554316
-4805.422068064486,4846.171767918893,4230.841344854778
-4818.626088045934,4859.633470868936,4243.908680657505
-4831.8482200016815,4873.11710085519,4256.995993893011
-4845.088460944558,4886.622660518947,4270.103284491703
-4858.346807887296,4900.150152501059,4283.230552383883
-4871.62325784253,4913.699579441944,4296.3777974997465
-4884.917807822799,4927.2709439815835,4309.545019769382
-4898.230454840546,4940.864248759523,4322.73221912277
-4911.561195908121,4954.479496414875,4335.9393954897905
-4924.910028037772,4968.1166895863125,4349.166548800212
-4938.276948241653,4981.775830912075,4362.4136789836975
-4951.661953531825,4995.456923029967,4375.680785969806
-4965.065040920248,5009.159968577354,4388.967869687987
-4978.486207418789,5022.884970191169,4402.274930067588
-4991.925450039217,5036.631930507906,4415.6019670378455
-5005.382765793207,5050.400852163627,4428.9489805278945
-5018.858151692336,5064.191737793956,4442.315970466761
-5032.351604748085,5078.004590034081,4455.702936783366
-5045.863121971841,5091.839411518754,4469.109879406521
-5059.392700374892,5105.6962048822925,4482.536798264936
-5072.940336968432,5119.574972758576,4495.983693287213
-5086.50602876356,5133.475717781051,4509.450564401846
-5100.0897727712745,5147.398442582725,4522.937411537226
-5113.691566002482,5161.343149796171,4536.444234621634
-5127.311405467994,5175.309842053527,4549.971033583248
-5140.949288178521,5189.298521986494,4563.517808350138
-5154.605211144682,5203.309192226337,4577.084558850268
-5168.2791713769975,5217.3418554038835,4590.671285011497
-5181.971165885894,5231.396514149528,4604.277986761575
-5195.681191681701,5245.473171093227,4617.90466402815
-5209.409245774653,5259.571828864503,4631.55131673876
-5223.1553251748865,5273.69249009244,4645.217944820839
-5236.919426892445,5287.835157405686,4658.904548201714
-5250.701547937274,5301.9998334324555,4672.611126808604
-5264.5016853192255,5316.186520800525,4686.337680568626
-5278.319836048052,5330.395222137234,4700.084209408787
-5292.155997133414,5344.625940069488,4713.850713255988
-5306.010165584874,5358.878677223756,4727.637192037027
-5319.8823384119,5373.153436226069,4741.4436456785925
-5333.772512623863,5387.450219702024,4755.270074107269
-5347.680685230039,5401.7690302767805,4769.116477249531
-5361.606853239608,5416.109870575063,4782.9828550317525
-5375.551013661657,5430.472743221158,4796.869207380197
-5389.513163505171,5444.857650838919,4810.775534221023
-5403.493299779046,5459.264596051759,4824.701835480284
-5417.4914194920775,5473.693581482658,4838.648111083924
-5431.507519652969,5488.144609754159,4852.614360957785
-5445.541597270326,5502.617683488368,4866.6005850276
-5459.59364935266,5517.112805306955,4880.606783218996
-5473.663672908385,5531.629977831154,4894.632955457495
-5487.75166494582,5546.169203681762,4908.679101668512
-5501.857622473191,5560.73048547914,4922.745221777355
-5515.981542498626,5575.313825843214,4936.831315709228
-5530.123422030158,5589.919227393472,4950.937383389226
-5544.283258075724,5604.546692748967,4965.06342474234
-5558.461047643166,5619.196224528313,4979.209439693454
-5572.656787740231,5633.867825349691,4993.375428167347
-5586.87047537457,5648.561497830842,5007.561390088688
-5601.1021075537365,5663.277244589075,5021.767325382045
-5615.351681285193,5678.015068241259,5035.993233971876
-5629.6191935763045,5692.774971403826,5050.239115782533
-5643.904641434339,5707.556956692776,5064.504970738264
-5658.208021866471,5722.361026723668,5078.79079876321
-5672.52933187978,5737.187184111627,5093.096599781404
-5686.868568481249,5752.035431471341,5107.422373716775
-5701.225728677766,5766.905771417061,5121.768120493144
-5715.600809476123,5781.798206562601,5136.133840034228
-5729.993807883018,5796.712739521339,5150.5195322636355
-5744.404720905053,5811.649372906219,5164.925197104871
-5758.833545548736,5826.608109329743,5179.35083448133
-5773.280278820475,5841.58895140398,5193.796444316305
-5787.74491772659,5856.591901740563,5208.262026532979
-5802.227459273301,5871.616962950688,5222.747581054431
-5816.727900466734,5886.664137645111,5237.2531078036345
-5831.246238312921,5901.733428434155,5251.778606703454
-5845.7824698177965,5916.824837927706,5266.324077676651
-5860.336591987199,5931.938368735211,5280.889520645878
-5874.908601826877,5947.074023465684,5295.4749355336835
-5889.49849634248,5962.231804727699,5310.080322262508
-5904.106272539562,5977.411715129394,5324.705680754686
-5918.731927423584,5992.613757278473,5339.351010932447
-5933.37545799991,6007.837933782199,5354.016312717914
-5948.036861273812,6023.0842472474005,5368.701586033103
-5962.716134250463,6038.352700280469,5383.406830799924
-5977.413273934943,6053.643295487361,5398.132046940182
-5992.128277332237,6068.956035473592,5412.8772343755745
-6006.861141447236,6084.290922844245,5427.642393027693
-6021.611863284734,6099.6479602039635,5442.427522818023
-6036.380439849429,6115.027150156954,5457.232623667944
-6051.16686814593,6130.428495306989,5472.057695498728
-6065.971145178743,6145.851998257402,5486.9027382315435
-6080.793267952286,6161.297661611088,5501.76775178745
-6095.633233470879,6176.765487970509,5516.652736087402
-6110.4910387387445,6192.255479937687,5531.5576910522495
-6125.366680760016,6207.767640114208,5546.482616602732
-6140.260156538728,6223.301971101222,5561.4275126594885
-6155.171463078822,6238.858475499442,5576.392379143046
-6170.100597384144,6254.437155909141,5591.377215973829
-6185.047556458445,6270.038014930161,5606.382023072156
-6200.012337305381,6285.6610551619,5621.406800358236
-6214.994936928513,6301.306279203322,5636.451547752175
-6229.99535233131,6316.973689652958,5651.516265173972
-6245.013580517141,6332.663289108895,5666.600952543518
-6260.049618489286,6348.3750801687875,5681.705609780601
-6275.103463250927,6364.109065429852,5696.830236804901
-6290.1751118051525,6379.865247488867,5711.974833535991
-6305.264561154955,6395.6436289421745,5727.13939989334
-6320.371808303234,6411.44421238568,5742.323935796309
-6335.496850252793,6427.267000414851,5757.528441164154
-6350.639684006342,6443.1119956247185,5772.752915916024
-6365.800306566495,6458.979200609876,5787.997359970961
-6380.978714935773,6474.868617964479,5803.261773247903
-6396.174906116601,6490.780250282248,5818.546155665681
-6411.388877111311,6506.714100156464,5833.850507143018
-6426.620624922139,6522.670170179973,5849.174827598534
-6441.870146551227,6538.648462945182,5864.519116950739
-6457.137439000623,6554.648981044061,5879.88337511804
-6472.42249927228,6570.671727068144,5895.267602018737
-6487.725324368057,6586.716703608527,5910.6717975710235
-6503.045911289717,6602.783913255868,5926.095961692987
-6518.384257038929,6618.873358600389,5941.540094302609
-6533.7403586172695,6634.985042231873,5957.004195317763
-6549.114213026219,6651.118966739669,5972.488264656219
-6564.505817267164,6667.275134712684,5987.99230223564
-6579.915168341397,6683.453548739392,6003.516307973581
-6595.342263250113,6699.6542114078275,6019.060281787493
-6610.7870989944195,6715.877125305587,6034.624223594721
-6626.249672575322,6732.122293019831,6050.208133312502
-6641.729980993737,6748.389717137282,6065.812010857967
-6657.228021250484,6764.679400244225,6081.435856148142
-6672.743790346288,6780.991344926509,6097.079669099948
-6688.2772852817825,6797.325553769543,6112.743449630196
-6703.828503057503,6813.682029358301,6128.427197655595
-6719.397440673896,6830.060774277319,6144.130913092744
-6734.984095131308,6846.461791110693,6159.854595858139
-6750.588463429995,6862.885082442086,6175.598245868167
-6766.210542570116,6879.330650854719,6191.361863039112
-6781.8503295517385,6895.79849893138,6207.145447287148
-6797.507821374835,6912.288629254414,6222.948998528347
-6813.183015039283,6928.8010444057345,6238.772516678672
-6828.875907544867,6945.335746966813,6254.616001653981
-6844.586495891276,6961.892739518683,6270.479453370024
-6860.314777078107,6978.472024641944,6286.362871742448
-6876.06074810486,6995.073604916757,6302.266256686791
-6891.824405970944,7011.697482922844,6318.189608118486
-6907.605747675673,7028.34366123949,6334.13292595286
-6923.404770218266,7045.012142445542,6350.096210105134
-6939.221470597849,7061.702929119409,6366.079460490421
-6955.055845813452,7078.416023839064,6382.082677023731
-6970.907892864014,7095.151429182041,6398.105859619965
-6986.777608748377,7111.909147725437,6414.149008193918
-7002.664990465292,7128.6891820459105,6430.212122660281
-7018.570035013415,7145.491534719683,6446.2952029336375
-7034.492739391306,7162.316208322538,6462.398248928464
-7050.433100597434,7179.163205429822,6478.521260559133
-7066.391115630172,7196.032528616441,6494.6642377399085
-7082.366781487803,7212.9241804568655,6510.827180384949
-7098.36009516851,7229.838163525129,6527.0100884083095
-7114.371053670387,7246.774480394826,6543.212961723934
-7130.3996539914315,7263.7331336391135,6559.435800245664
-7146.4458931295485,7280.714125830709,6575.678603887233
-7162.509768082549,7297.7174595418965,6591.94137256227
-7178.591275848151,7314.743137344517,6608.224106184295
-7194.690413423977,7331.791161809976,6624.526804666725
-7210.807177807556,7348.861535509241,6640.849467922871
-7226.941565996326,7365.954261012842,6657.192095865934
-7243.093574987627,7383.069340890871,6673.554688409012
-7259.263201778709,7400.2067777129805,6689.937245465096
-7275.450443366726,7417.3665740483875,6706.3397669470705
-7291.65529674874,7434.54873246587,6722.762252767715
-7307.877758921717,7451.7532555337675,6739.204702839701
-7324.117826882532,7468.980145819984,6755.667117075596
-7340.375497627966,7486.229405891981,6772.14949538786
-7356.650768154704,7503.501038316785,6788.651837688847
-7372.94363545934,7520.795045660983,6805.174143890805
-7389.254096538373,7538.111430490727,6821.716413905875
-7405.582148388209,7555.450195371726,6838.278647646093
-7421.92778800516,7572.811342869257,6854.860845023389
-7438.291012385446,7590.1948755481535,6871.463005949585
-7454.671818525192,7607.600795972815,6888.085130336399
-7471.070203420429,7625.0291067072,6904.727218095443
-7487.486164067096,7642.4798103148305,6921.389269138221
-7503.919697461038,7659.952909358788,6938.071283376131
-7520.370800598006,7677.448406401719,6954.773260720465
-7536.839470473659,7694.96630400583,6971.495201082411
-7553.325704083561,7712.506604732891,6988.237104373048
-7569.8294984231825,7730.0693111442315,7004.998970503351
-7586.350850487902,7747.654425800744,7021.780799384188
-7602.889757273005,7765.2619512628835,7038.5825909263185
-7619.446215773682,7782.891890090665,7055.404345040401
-7636.02022298503,7800.544244843666,7072.246061636983
-7652.611775902054,7818.219018081028,7089.107740626508
-7669.220871519666,7835.916212361451,7105.989381919313
-7685.8475068326825,7853.635830243197,7122.890985425629
-7702.491678835829,7871.377874284093,7139.812551055582
-7719.153384523736,7889.142347041524,7156.754078719189
-7735.832620890943,7906.929251072438,7173.715568326364
-7752.529384931895,7924.738588933345,7190.697019786912
-7769.243673640943,7942.570363180317,7207.698433010535
-7785.975484012344,7960.424576368986,7224.719807906826
-7802.724813040266,7978.301231054547,7241.761144385273
-7819.4916577187805,7996.200329791756,7258.822442355257
-7836.276015041866,8014.121875134932,7275.903701726055
-7853.077882003409,8032.065869637954,7293.004922406836
-7869.897255597202,8050.032315854262,7310.126104306663
-7886.734132816945,8068.02121633686,7327.267247334494
-7903.588510656245,8086.03257363831,7344.428351399179
-7920.460386108613,8104.06639031074,7361.609416409463
-7937.349756167473,8122.122668905835,7378.810442273985
-7954.256617826151,8140.2014119748455,7396.031428901279
-7971.180968077882,8158.3026220685815,7413.272376199769
-7988.122803915808,8176.426301737413,7430.533284077776
-8005.082122332976,8194.572453531275,7447.814152443516
-8022.058920322343,8212.74107999966,7465.114981205095
-8039.05319487677,8230.932183691628,7482.4357702705165
-8056.064942989029,8249.145767155791,7499.776519547675
-8073.094161651795,8267.381832940331,7517.137228944361
-8090.140847857653,8285.640383592989,7534.517898368257
-8107.204998599093,8303.921421661065,7551.918527726942
-8124.286610868515,8322.224949691423,7569.339116927886
-8141.385681658221,8340.550970230488,7586.779665878454
-8158.502207960427,8358.899485824242,7604.240174485904
-8175.63618676725,8377.270499018236,7621.720642657392
-8192.787615070718,8395.664012357576,7639.221070299962
-8209.956489862763,8414.080028386932,7656.741457320555
-8227.14280813523,8432.518549650535,7674.281803626006
-8244.346566879865,8450.979578692177,7691.842109123043
-8261.567763088326,8469.463118055213,7709.422373718288
-8278.806393752173,8487.969170282557,7727.022597318258
-8296.062455862879,8506.497737916683,7744.642779829361
-8313.335946411818,8525.048823499632,7762.282921157902
-8330.626862390278,8543.622429572999,7779.943021210078
-8347.935200789452,8562.218558677945,7797.62307989198
-8365.260958600438,8580.83721335519,7815.3230971095945
-8382.604132814244,8599.478396145016,7833.0430727688
-8399.964720421782,8618.142109587267,7850.783006775369
-8417.342718413876,8636.828356221344,7868.542899034971
-8434.738123781255,8655.537138586216,7886.322749453165
-8452.150933514557,8674.26845922041,7904.122557935406
-8469.581144604323,8693.02232066201,7921.9423243870415
-8487.028754041005,8711.798725448667,7939.782048713315
-8504.493758814964,8730.597676117588,7957.641730819363
-8521.976155916465,8749.419175205547,7975.521370610216
-8539.475942335685,8768.263225248875,7993.420967990796
-8556.993115062702,8787.129828783462,8011.340522865923
-8574.527671087506,8806.018988344764,8029.2800351403075
-8592.079607399995,8824.930706467796,8047.239504718556
-8609.648920989974,8843.864985687134,8065.218931505168
-8627.235608847153,8862.821828536915,8083.218315404537
-8644.839667961152,8881.801237550835,8101.23765632095
-8662.461095321498,8900.803215262154,8119.2769541585885
-8680.099887917626,8919.827764203694,8137.336208821527
-8697.756042738878,8938.874886907832,8155.415420213735
-8715.429556774505,8957.944585906509,8173.514588239075
-8733.120427013664,8977.03686373123,8191.633712801304
-8750.828650445423,8996.151722913057,8209.772793804072
-8768.554224058753,9015.289165982615,8227.931831150925
-8786.297144842534,9034.449195470086,8246.1108247453
-8804.057409785555,9053.63181390522,8264.309774490528
-8821.835015876515,9072.837023817321,8282.528680289837
-8839.629960104017,9092.064827735257,8300.767542046347
-8857.442239456572,9111.315228187457,8319.026359663072
-8875.271850922602,9130.58822770191,8337.305133042919
-8893.118791490431,9149.883828806165,8355.603862088688
-8910.983058148298,9169.202034027332,8373.922546703077
-8928.864647884346,9188.542845892083,8392.261186788675
-8946.763557686625,9207.906266926651,8410.619782247966
-8964.679784543097,9227.292299656829,8428.998332983327
-8982.613325441627,9246.700946607967,8447.396838897026
-9000.564177369992,9266.132210304984,8465.815299891232
-9018.532337315872,9285.586093272352,8484.253715868002
-9036.517802266859,9305.062598034106,8502.712086729287
-9054.520569210452,9324.561727113845,8521.190412376936
-9072.54063513406,9344.083483034723,8539.688692712689
-9090.577997024997,9363.62786831946,8558.206927638179
-9108.632651870485,9383.194885490331,8576.745117054938
-9126.704596657655,9402.78453706918,8595.303260864384
-9144.793828373548,9422.3968255774,8613.881358967838
-9162.90034400511,9442.031753535955,8632.479411266504
-9181.024140539195,9461.689323465363,8651.09741766149
-9199.165214962568,9481.369537885706,8669.735378053792
-9217.323564261902,9501.072399316627,8688.393292344303
-9235.499185423774,9520.797910277326,8707.071160433807
-9253.692075434674,9540.546073286565,8725.768982222984
-9271.902231280996,9560.316890862669,8744.486757612407
-9290.129649949045,9580.110365523518,8763.224486502544
-9308.374328425032,9599.92649978656,8781.982168793757
-9326.636263695082,9619.765296168798,8800.759804386298
-9344.91545274522,9639.626757186797,8819.55739318032
-9363.211892561381,9659.510885356682,8838.37493507586
-9381.525580129415,9679.417683194137,8857.212429972862
-9399.856512435075,9699.34715321441,8876.069877771151
-9418.204686464022,9719.299297932308,8894.947278370453
-9436.570099201826,9739.274119862197,8913.844631670387
-9454.952747633966,9759.271621518003,8932.761937570465
-9473.35262874583,9779.291805413215,8951.699195970095
-9491.76973952271,9799.334674060883,8970.656406768576
-9510.204076949813,9819.400229973611,8989.6335698651
-9528.655638012247,9839.48847566357,9008.630685158756
-9547.124419695037,9859.599413642487,9027.647752548526
-9565.610418983111,9879.733046421652,9046.684771933285
-9584.113632861307,9899.889376511916,9065.741743211805
-9602.634058314368,9920.068406423685,9084.818666282748
-9621.17169232695,9940.270138666932,9103.915541044671
-9639.726531883616,9960.494575751187,9123.032367396027
-9658.298573968837,9980.741720185537,9142.169145235159
-9676.887815566994,10001.011574478636,9161.325874460308
-9695.494253662373,10021.304141138695,9180.502554969606
-9714.117885239173,10041.619422673482,9199.69918666108
-9732.758707281497,10061.957421590329,9218.915769432651
-9751.416716773361,10082.318140396126,9238.152303182134
-9770.09191069869,10102.701581597328,9257.408787807239
-9788.784286041311,10123.107747699944,9276.685223205564
-9807.493839784967,10143.536641209545,9295.981609274611
-9826.220568913306,10163.988264631264,9315.297945911769
-9844.964470409883,10184.462620469789,9334.63423301432
-9863.725541258165,10204.959711229376,9353.990470479444
-9882.503778441529,10225.479539413836,9373.366658204213
-9901.299178943256,10246.02210752654,9392.762796085593
-9920.111739746539,10266.58741807042,9412.178884020444
-9938.941457834479,10287.175473547966,9431.61492190552
-9957.788330190084,10307.786276461233,9451.07090963747
-9976.652353796275,10328.419829311832,9470.546847112833
-9995.533525635878,10349.076134600935,9490.042734228047
-10014.431842691629,10369.755194829273,9509.55857087944
-10033.347301946173,10390.457012497138,9529.094356963238
-10052.279900382064,10411.181590104381,9548.650092375556
-10071.229634981763,10431.928930150412,9568.225777012405
-10090.196502727642,10452.699035134206,9587.821410769691
-10109.180500601982,10473.491907554295,9607.436993543215
-10128.181625586973,10494.307549908766,9627.072525228668
-10147.199874664713,10515.145964695274,9646.72800572164
-10166.235244817208,10536.007154411027,9666.403434917607
-10185.287733026373,10556.891121552799,9686.098812711945
-10204.357336274037,10577.797868616917,9705.814138999925
-10223.444051541932,10598.727398099272,9725.54941367671
-10242.547875811699,10619.679712495317,9745.304636637355
-10261.668806064892,10640.65481430006,9765.07980777681
-10280.806839282972,10661.652706008072,9784.874926989922
-10299.961972447309,10682.673390113481,9804.689994171425
-10319.13420253918,10703.716869109978,9824.525009215955
-10338.323526539778,10724.78314549081,9844.379972018038