
46.4703027275115,924.9503048971417,-393.2343185667203
46.16154641403185,924.8188246608063,-394.08628668865003
45.865420689964594,924.6936295027342,-394.95451696098456
45.58281681852862,924.5751163113766,-395.8397150218069
45.314654456710606,924.4637100183735,-396.74263817346224
45.06187161645503,924.3598666654754,-397.6640943335121
44.825412972584445,924.2640757716292,-398.60494131852073
44.60621720683343,924.176861776309,-399.5657033201097
44.40520657107677,924.098781504915,-400.5464631969778
44.22327894664316,924.0304197114139,-401.5472209439097
44.06110987209927,923.9723865916529,-402.5679765555838
43.91893382803307,923.9253104153117,-403.6087300265723
43.79675245636233,923.8898242608603,-404.66948135134083
43.69456749147813,923.8665586611655,-405.7502305242488
43.612380759823516,923.8561409764369,-406.8509775395493
43.550194179401046,923.859195006068,-407.97172239138905
43.50800975923578,923.8763407883514,-409.11246507380844
43.485829598822136,923.9081945399067,-410.2732055807415
43.48365588756462,923.955368642317,-411.45394390601587
43.501490904222315,924.0184717060107,-412.6546800433529
43.53933701636819,924.0981087104395,-413.8754139863678
43.597196679875076,924.1948812339008,-415.11614572856905
43.6750724384419,924.3093877691908,-416.37687526335907
43.7729669231732,924.4422241556067,-417.65760258403384
43.89088285223193,924.5939841396938,-418.95832768378307
44.02882303058189,924.765260050435,-420.27905055569005
44.18679033947134,924.9564303568397,-421.6197711927317
44.3647876908377,925.1675761642134,-422.9804895877788
44.562818000596806,925.3986945510995,-424.36120573359557
44.78088418455794,925.6497825956164,-425.76191962284
45.01898915842386,925.920837375457,-427.18263124806373
45.277135837790745,926.2118559678893,-428.6233406017121
45.55532713814822,926.5228354497558,-430.0840476761239
45.85356597487932,926.8537728974738,-431.5647524635319
46.171855263260454,927.2046653870359,-433.0654549560623
46.510197918461444,927.5755099940088,-434.586155145735
46.86859685554545,927.9663037935346,-436.1268530244637
47.247054989469,928.3770438603301,-437.68754858405555
47.64557523508195,928.8077272686868,-439.26824181621157
48.064160507127475,929.2583510924713,-440.86893271252626
48.50281372024205,929.7289124051252,-442.4896212644879
48.96153778895544,930.2194082796649,-444.13030746347835
49.440335627690686,930.7298357886816,-445.7909913007732
49.939210150764076,931.2601920043417,-447.4716727675417
50.45816427238514,931.8104739983863,-449.17235185484674
50.99720090665665,932.380678842132,-450.8930285536448
51.55632296757457,932.97080360647,-452.6337028547861
52.135533369028074,933.5808453618664,-454.39437474901456
52.734835024799494,934.2108011783627,-456.1750442269677
53.35423084856435,934.8606681255751,-457.9757112791767
53.99372375389129,935.5304432726953,-459.7963758960664
54.653316654242104,936.2201236884896,-461.6370380679554
55.33301246297171,936.9297064412998,-463.4976977850558
56.0328140933281,937.6591885990425,-465.37835503747345
56.75272445845237,938.4085672292099,-467.27900981520787
57.492746471378695,939.1778393988686,-469.1996621081522
58.25288304503429,939.9670021746612,-471.1403119060933
59.03313709223941,940.7760526228047,-473.1009591987117
59.833511525707344,941.604987809092,-475.0816039755814
60.65400925804439,942.4538047988907,-477.08224622617035
61.49463320174982,943.3225006571438,-479.10288593984006
62.35538626921591,944.2110724483696,-481.1435231058456
63.236271372727884,945.1195172366614,-483.20415771333575
64.13729142446392,946.0478320856881,-485.284789751353
65.05844933649513,946.9960140586938,-487.3854192088335
65.9997480207855,947.9640602184978,-489.50604607460707
66.96119038919198,948.9519676274948,-491.64667033739704
67.94277935346436,949.9597333476548,-493.8072919858206
68.94451782524533,950.9873544405231,-495.9879110083886
69.9664087160704,952.0348279672203,-498.18852739350535
71.00845493736796,953.1021509884428,-500.40914112946905
72.07065940045919,954.1893205644618,-502.64975220447144
73.15302501655808,955.2963337551244,-504.9103606065979
74.25555469677141,956.4231876198527,-507.19096632382764
75.37825135209879,957.5698792176447,-509.4915693440333
76.5211178934325,958.7364056070736,-511.8121696549813
77.68415723155763,959.922763846288,-514.1527672443318
78.867372277152,961.1289509930123,-516.5133620996386
80.07076594078612,962.3549641045461,-518.893954208349
81.29434113292318,963.6008002377645,-521.294543557804
82.5381007639191,964.8664564491183,-523.7151301352385
83.80204774402246,966.1519297946339,-526.1557139277808
85.08618498337447,967.4572173299132,-528.616294922453
86.39051539200898,968.7823161101336,-531.0968731061708
87.71504187985248,970.1272231900481,-533.5974484657437
89.05976735672405,971.4919356239856,-536.1180209878746
90.42469473233537,972.8764504658501,-538.6585906591603
91.80982691629069,974.2807647691218,-541.2191574660912
93.21516681808683,975.7048755868561,-543.7997213950514
94.64071734711314,977.1487799716846,-546.4002824323186
96.08648141265151,978.612474975814,-549.0208405640641
97.55246192387634,980.0959576510272,-551.6613957763528
99.03866178985452,981.5992250486826,-554.3219480551437
100.54508391954543,983.1222742197143,-557.0024973862891
102.07173122180093,984.6651022146322,-559.7030437555348
103.61860660536529,986.227706083522,-562.4235871485208
105.18571297887526,987.8100828760452,-565.1641275507803
106.77305325086,989.412229641439,-567.9246649477404
108.38063032974107,991.0341434285167,-570.7051993247218
110.00844712383241,992.6758212856671,-573.5057306669387
111.65650654134035,994.3372602608549,-576.3262589594992
113.32481149036357,996.018457401621,-579.1667841874051
115.0133648788931,997.7194097550819,-582.0273063355518
116.72216961481229,999.4401143679297,-584.907825388728
118.45122860589682,1001.1805682864331,-587.8083413316168
120.20054475981463,1002.9407685564362,-590.7288541487942
121.97012098412597,1004.7207122233592,-593.6693638247305
123.75996018628337,1006.5203963321984,-596.6298703437892
125.57006527363156,1008.3398179275258,-599.6103736902277
127.40043915340755,1010.1789740534897,-602.610873848197
129.25108473274057,1012.0378617538142,-605.6313708017418
131.12200491865204,1013.9164780717995,-608.6718645348004
133.01320261805552,1015.8148200503217,-611.7323550312049
134.92468073775683,1017.7328847318332,-614.8128422746809
136.8564421844539,1019.6706691583623,-617.9133262488477
138.80848986473683,1021.6281703715134,-621.0338069372184
140.78082668508785,1023.6053854124671,-624.1742843231997
142.7734555518812,1025.6023113219799,-627.3347583900918
144.7863793713834,1027.6189451403848,-630.5152291210889
146.81960104975283,1029.6552839075903,-633.7156964992786
148.87312349304014,1031.7113246630818,-636.9361605076422
150.94694960718792,1033.7870644459206,-640.1766211290548
153.0410822980308,1035.8825002947442,-643.4370783462849
155.15552447129548,1037.997629247766,-646.717532141995
157.29027903260058,1040.1324483427763,-650.017982498741
159.44534888745676,1042.286954617141,-653.3384293989727
161.62073694126667,1044.4611451078026,-656.6788728250333
163.81644609932488,1046.65501685128,-660.03931275916
166.03247926681794,1048.8685668836677,-663.4197491834833
168.2688393488243,1051.1017922406372,-666.8201820800277
170.52552925031426,1053.3546899574362,-670.240611430711
172.80255187615015,1055.6272570688884,-673.6810372173452
175.09991013108606,1057.9194906093942,-677.1414594216354
177.41760691976802,1060.2313876129306,-680.6218780251808
179.75564514673388,1062.5629451130503,-684.1222930094739
182.1140277164133,1064.9141601428826,-687.6427043559012
184.49275753312781,1067.2850297351338,-691.1831120457426
186.8918375010907,1069.675550922086,-694.7435160601719
189.31127052440704,1072.0857207355978,-698.3239163802565
191.7510595070737,1074.5155362071046,-701.9243129869573
194.21120735297933,1076.964994367618,-705.5447058611289
196.69171696590428,1079.434092247726,-709.1850949835199
199.1925912495206,1081.9228268775937,-712.8454803347722
201.7138331073921,1084.4311952869623,-716.5258618954217
204.2554454429743,1086.9591945051493,-720.2262396458975
206.8174311596143,1089.5068215610493,-723.9466135665228
209.399793160551,1092.074073483133,-727.6869836375143
212.00253434891488,1094.660947299448,-731.4473498389824
214.625657627728,1097.2674400376184,-735.227712150931
217.26916589990412,1099.8935487248448,-739.028070553258
219.93306206824855,1102.5392703879047,-742.8484250257546
222.6173490354582,1105.2046020531523,-746.6887755481062
225.32202970412158,1107.8895407465177,-750.5491220998912
228.0471069767187,1110.5940834935086,-754.4294646605821
230.79258375562122,1113.3182273192092,-758.3298032095449
233.55846294309217,1116.0619692482803,-762.2501377260396
236.3447474412862,1118.8253063049592,-766.1904681892194
239.1514401522494,1121.6082355130602,-770.1507945781314
241.97854397791934,1124.4107538959745,-774.1311168717162
244.82606182012512,1127.2328584766697,-778.1314350488085
247.6939965805872,1130.0745462776906,-782.1517490881363
250.58235116091754,1132.9358143211587,-786.1920589683214
253.49112846261949,1135.816659628772,-790.2523646678791
256.42033138708774,1138.7170792218055,-794.3326661652186
259.3699628356085,1141.6370701211115,-798.4329634386427
262.34002570935917,1144.5766293471188,-802.5532564663479
265.3305229094087,1147.5357539198328,-806.6935452264241
268.3414573367173,1150.5144408588365,-810.8538296968553
271.37283189213645,1153.5126871832892,-815.0341098555189
274.424649476409,1156.5304899119276,-819.234385680186
277.49691299016905,1159.567846063065,-823.4546571485215
280.589625333942,1162.6247526545917,-827.6949242380838
283.70278940814455,1165.7012067039752,-831.955186926325
286.8364081130846,1168.7972052282598,-836.2354451905911
289.9904843489612,1171.9127452440673,-840.5356990081215
293.16502101586485,1175.0478237675957,-844.8559483560492
296.360021013777,1178.202437814621,-849.1961932114014
299.5754872425704,1181.3765844004952,-853.5564335510983
302.81142260200903,1184.5702605401484,-857.9366693519543
306.0678299917479,1187.7834632480872,-862.3369005906771
309.34471231133324,1191.016189538395,-866.7571272438684
312.64207246020237,1194.2684364247334,-871.1973492880231
315.95991333768376,1197.5402009203406,-875.6575666995305
319.2982378429969,1200.8314800380315,-880.137779454673
322.65704887525237,1204.1422707901986,-884.6379875296267
326.0363493334519,1207.4725701888117,-889.1581909004615
329.4361421164882,1210.8223752454176,-893.698389543141
332.85643012314506,1214.1916829711406,-898.2585834335226
336.29721625209714,1217.5804903766818,-902.8387725473572
339.7585034019103,1220.9887944723198,-907.4389568602893
343.2402944710412,1224.4165922679106,-912.0591363478571
346.7425923578375,1227.8638807728873,-916.6993109854928
350.26539996053805,1231.3306569962606,-921.3594807485218
353.80872017727233,1234.816917946618,-926.0396456121634
357.37255590606094,1238.3226606321248,-930.7398055515308
360.95691004481523,1241.847882060523,-935.4599605416304
364.5617854913376,1245.3925792391328,-940.2001105573626
368.18718514332124,1248.9567491748514,-944.9602555735213
371.83311189835024,1252.5403888741535,-949.7403955647944
375.49956865389953,1256.143495343091,-954.5405305057631
379.18655830733485,1259.7660655872933,-959.3606603709025
382.89408375591273,1263.4080966119675,-964.2007851345812
386.6221478967806,1267.0695854218977,-969.0609047710617
390.3707536269764,1270.7505290214463,-973.9410192545
394.1399038434293,1274.450924414552,-978.8411285589458
397.9296014429588,1278.1707686047318,-983.7612326583425
401.7398493222754,1281.9100585950805,-988.7013315265272
405.5706503779802,1285.6687913882695,-993.6614251372306
409.422007506565,1289.4469639865488,-998.6415134640772
413.2939236044124,1293.244573391745,-1003.6415964805852
417.18640156779554,1297.061616605263,-1008.6616741601663
421.09944429287833,1300.898090628085,-1013.701746476126
425.0330546757153,1304.7539924607706,-1018.7618134016634
428.9872356122515,1308.6293191034579,-1023.8418749098714
432.96198999832274,1312.5240675558616,-1028.9419309737364
436.9573207296554,1316.4382348172746,-1034.0619815661385
440.97323070186644,1320.3718178865677,-1039.2020266598518
445.00972281046336,1324.3248137621888,-1044.3620662275437
449.0667999508442,1328.2972194421643,-1049.5421002417754
453.1444650182975,1332.2890319240976,-1054.7421286750018
457.2427209080025,1336.30024820517,-1059.9621514995715
461.3615705150288,1340.3308652821406,-1065.2021686877267
465.5010167343365,1344.380880151347,-1070.4621802116035
469.6610624607761,1348.4502898087032,-1075.7421860432312
473.84171058908885,1352.5390912497023,-1081.0421861545333
478.04296401390616,1356.6472814694148,-1086.3621805173268
482.26482562974996,1360.7748574624886,-1091.7021691033221
486.50729833103264,1364.92181622315,-1097.0621518841238
490.7703850120569,1369.0881547452032,-1102.4421288312296
495.0540885670159,1373.2738700220295,-1107.8420999160317
499.35841188999314,1377.4789590465894,-1113.262065109815
503.6833578749625,1381.7034188114203,-1118.7020243837585
508.0289294157882,1385.9472463086381,-1124.1619777089352
512.3951294062247,1390.2104385299363,-1129.6419250563115
516.7819607399167,1394.4929924665864,-1135.1418663967474
521.1894263103995,1398.7949051094379,-1140.6618017009966
525.6175290110986,1403.1161734489185,-1146.2017309397067
530.0662717353293,1407.456794475034,-1151.7616540834188
534.5356573762979,1411.8167651773683,-1157.3415711025675
539.0256888271001,1416.1960825450826,-1162.9414819674814
543.5363689807226,1420.594743566917,-1168.561386648383
548.0677007300418,1425.0127452311892,-1174.2012851153877
552.6196869678245,1429.4500845257953,-1179.861177338505
557.1923305867274,1433.9067584382092,-1185.5410632876385
561.7856344792978,1438.3827639554834,-1191.240942932585
566.3996015379727,1442.8780980642482,-1196.960816243035
571.0342346550794,1447.392757750712,-1202.7006831885726
575.6895367228356,1451.9267400006618,-1208.460543738676
580.3655106333484,1456.4800417994622,-1214.240397862717
585.0621592786158,1461.0526601320566,-1220.0402455299602
589.7794855505251,1465.6445919829664,-1225.8600867095654
594.5174923408541,1470.255834336291,-1231.699921370585
599.2761825412706,1474.8863841757081,-1237.5597494819651
604.0555590433323,1479.5362384844746,-1243.4395710125461
608.855624738487,1484.2053942454243,-1249.3393859310618
613.6763825180723,1488.89384844097,-1255.2591942061392
618.5178352733159,1493.601598053103,-1261.1989958062998
623.3799858953354,1498.3286400633929,-1267.158790699958
628.2628372751385,1503.074971452987,-1273.1385788554226
633.1663923036227,1507.8405892026117,-1279.1383602408957
638.0906538715753,1512.6254902925716,-1285.158134824473
643.0356248696738,1517.4296717027496,-1291.197902574144
648.0013081884852,1522.253130412607,-1297.2576634577922
652.9877067184666,1527.095863401184,-1303.3374174431942
657.9948233499649,1531.9578676470985,-1309.4371644980208
663.0226609732167,1536.8391401285473,-1315.5569045898362
668.0712224783488,1541.7396778233058,-1321.6966376860983
673.1405107553771,1546.6594777087275,-1327.8563637541586
678.230528694208,1551.5985367617448,-1334.0360827612626
683.3412791846375,1556.5568519588683,-1340.2357946745492
688.4727651163511,1561.5344202761876,-1346.4554994610514
693.624989378924,1566.5312386893706,-1352.6951970876955
698.7979548618216,1571.5473041736636,-1358.9548875213013
703.9916644543985,1576.5826137038919,-1365.2345707285829
709.2061210458992,1581.637164254459,-1371.5342466761472
714.441327525458,1586.7109527993475,-1377.853915330496
719.6972867820986,1591.8039763121183,-1384.1935766580236
724.9740017047345,1596.9162317659109,-1390.553230625019
730.2714751821691,1602.0477161334436,-1396.932877197664
735.5897101030947,1607.1984263870136,-1403.3325163420348
740.9287093560939,1612.3683594984966,-1409.7521480241007
746.2884758296385,1617.557512439347,-1416.1917722097248
751.6690124120901,1622.765882180598,-1422.6513888646646
757.0703219916995,1627.9934656928617,-1429.1309979545704
762.4924074566075,1633.240259946329,-1435.6305994449865
767.935271694844,1638.5062619107691,-1442.150193301351
773.3989175943289,1643.7914685555304,-1448.6897794889956
778.883348042871,1649.0958768495402,-1455.2493579731458
784.3885659281691,1654.4194837613045,-1461.8289287189207
789.9145741378111,1659.762286258908,-1468.428491691333
795.4613755592745,1665.1242813100146,-1475.048046855289
801.0289730799262,1670.505465881867,-1481.6875941755889
806.6173695870226,1675.9058369412865,-1488.3471336169268
812.2265679677093,1681.3253914546738,-1495.02666514389
817.8565711090216,1686.7641263880082,-1501.72618872096
823.5073818978838,1692.2220387068483,-1508.4457043125115
829.1790032211098,1697.699125376331,-1515.185211882813
834.871437965403,1703.1953833611728,-1521.9447113960273
840.5846890173555,1708.710809625669,-1528.72420281621
846.3187592634492,1714.245401133694,-1535.5236861073108
852.0736515900554,1719.7991548487012,-1542.343161233173
857.8493688834343,1725.3720677337228,-1549.182628157534
863.6459140297356,1730.9641367513705,-1556.0420868440244
869.4632899149983,1736.5753588638347,-1562.9215372561687
875.3014994251504,1742.205731032885,-1569.8209793573849
881.1605454460092,1747.8552502198706,-1576.740413110985
887.0404308632815,1753.5239133857192,-1583.6798384801746
892.9411585625626,1759.2117174909376,-1590.6392554280528
898.8627314293376,1764.9186594956125,-1597.6186639176124
904.8051523489806,1770.6447363594086,-1604.6180639117404
910.7684242067548,1776.389945041571,-1611.6374553732169
916.7525498878125,1782.1542825009235,-1618.6768382647158
922.757532277195,1787.9377456958691,-1625.736212548805
928.7833742598328,1793.7403315843899,-1632.8155781879457
934.8300787205457,1799.5620371240477,-1639.914935144493
940.897648544042,1805.4028592719833,-1647.034283380696
946.9860866149197,1811.2627949849166,-1654.1736228586967
953.0953958176655,1817.1418412191472,-1661.332953540532
959.225579036655,1823.039994930554,-1668.512275388131
965.376639156153,1828.957253074595,-1675.7115883633178
971.5485790603134,1834.8936126063074,-1682.9308924278093
977.7414016331787,1840.849070480308,-1690.1701875432168
983.9551097586807,1846.8236236507933,-1697.4294736710447
990.18970632064,1852.8172690715387,-1704.7087507726915
996.445194202766,1858.8300036958997,-1712.0080188094491
1002.7215762886572,1864.8618244768102,-1719.3272777425034
1009.0188554618009,1870.9127283667844,-1726.6665275329337
1015.3370346055733,1876.9827123179157,-1734.0257681417133
1021.6761166032395,1883.071773281877,-1741.4049995297091
1028.0361043379535,1889.1799082099208,-1748.8042216576814
1034.417000692758,1895.307114052879,-1756.2234344862845
1040.8188085505844,1901.4533877611627,-1763.6626379760667
1047.2415307942533,1907.6187262847632,-1771.121832087469
1053.6851703064738,1913.8031265732511,-1778.6010167808272
1060.1497299698437,1920.0065855757764,-1786.1001920163703
1066.6352126668498,1926.229100241069,-1793.6193577542208
1073.1416212798676,1932.4706675174384,-1801.1585139543954
1079.6689586911612,1938.7312843527736,-1808.717660576804
1086.2172277828831,1945.010947694543,-1816.2967975812505
1092.7864314370754,1951.309654489795,-1823.8959249274326
1099.3765725356682,1957.6274016851578,-1831.5150425749412
1105.9876539604802,1963.964186226839,-1839.1541504832614
1112.619678593219,1970.320005060626,-1846.8132486117722
1119.272649315481,1976.694855131886,-1854.4923369197454
1125.9465690087509,1983.088733385566,-1862.1914153663474
1132.641440554402,1989.5016367661924,-1869.9104839106378
1139.3572668336963,1995.933562217872,-1877.64954251157
1146.0940507277844,2002.3845066842905,-1885.408591127991
1152.8517951177053,2008.8544671087145,-1893.1876297186418
1159.6305028843867,2015.3434404339898,-1900.986658242157
1166.4301769086449,2021.851423602542,-1908.8056766570649
1173.2508200711845,2028.3784135563765,-1916.644684921787
1180.0924352525988,2034.924407237079,-1924.5036829946398
1186.9550253333693,2041.489401585815,-1932.382670833832
1193.8385931938662,2048.0733935433295,-1940.2816483974666
1200.7431417143482,2054.676380049948,-1948.200615643541
1207.6686737749621,2061.298358045575,-1956.1395725299449
1214.6151922557438,2067.9393244696957,-1964.098519014463
1221.5827000366166,2074.599276261376,-1972.0774550547728
1228.571199997393,2081.2782103592604,-1980.0763806084462
1235.5806950177735,2087.976123701574,-1988.0952956329484
1242.611187977347,2094.6930132261223,-1996.1342000856382
1249.662681755591,2101.4288758702896,-2004.1930939237686
1256.7351792318711,2108.1837085710417,-2012.2719771044858
1263.8286832854412,2114.9575082649235,-2020.3708495848298
1270.9431967954436,2121.750271888061,-2028.4897113217346
1278.0787226409086,2128.561996376159,-2036.628562272028
1285.2352637007552,2135.3926786645034,-2044.7874023924305
1292.4128228537904,2142.2423156879595,-2052.9662316395575
1299.6114029787093,2149.1109043809734,-2061.1650499699176
1306.8310069540955,2155.998441677571,-2069.3838573399134
1314.071637658421,2162.9049245113592,-2077.6226537058405
1321.3332979700454,2169.8303498155237,-2085.8814390238886
1328.6159907672165,2176.7747145228313,-2094.1602132501416
1335.9197189280708,2183.738015565629,-2102.4589763405766
1343.2444853306329,2190.7202498758443,-2110.7777282510638
1350.5902928528149,2197.721414384984,-2119.1164689373686
1357.9571443724174,2204.7415060241365,-2127.4751983551487
1365.3450427671291,2211.780521723969,-2135.8539164599565
1372.7539909145273,2218.8384584147293,-2144.252623207238
1380.1839916920762,2225.915313026247,-2152.6713185523317
1387.6350479771293,2233.0110824879316,-2161.1100024504717
1395.107162646927,2240.1257637287713,-2169.5686748567846
1402.6003385785984,2247.259353677336,-2178.047335726291
1410.1145786491606,2254.4118492617768,-2186.5459850139046
1417.6498857355184,2261.583247409823,-2195.064622674434
1425.2062627144649,2268.773545048786,-2203.6032486625804
1432.7837124626808,2275.9827391055583,-2212.1618629329396
1440.3822378567352,2283.2108265066104,-2220.7404654400007
1448.0018417730846,2290.457804177995,-2229.339056138146
1455.6425270880738,2297.7236690453456,-2237.9576349816525
1463.3042966779353,2305.008418033875,-2246.5962019246904
1470.9871534187896,2312.312048068377,-2255.254756921324
1478.691100186645,2319.6345560732266,-2263.93329992551
1486.4161398573976,2326.975938972378,-2272.6318308911004
1494.1622753068314,2334.3361936893675,-2281.3503497718407
1501.9295094106183,2341.7153171473115,-2290.088856521369
1509.7178450443182,2349.1133062689064,-2298.847351093218
1517.5272850833783,2356.5301579764296,-2307.6258334408144
1525.357832403134,2363.965869191739,-2316.4243035174773
1533.2094898788077,2371.4204368362734,-2325.2427612764213
1541.0822603855106,2378.8938578310526,-2334.0812066707526
1548.9761467982412,2386.3861290966765,-2342.9396396534735
1556.8911519918854,2393.897247553326,-2351.8180601774784
1564.827278841217,2401.427210120762,-2360.7164681955555
1572.784530220898,2408.9760137183275,-2369.6348636603875
1580.7629090054772,2416.5436552649458,-2378.57324652455
1588.7624180693917,2424.13013167912,-2387.5316167405126
1596.7830602869658,2431.7354398789353,-2396.509974260639
1604.8248385324118,2439.3595767820566,-2405.508319037186
1612.8877556798295,2447.0025393057304,-2414.526651022305
1620.971814603206,2454.6643243667836,-2423.56497016804
1629.0770181764162,2462.344928881624,-2432.623276426329
1637.203369273223,2470.044349766241,-2441.7015697490046
1645.350870767276,2477.762583936204,-2450.799850087792
1653.519525532113,2485.499628306664,-2459.918117394311
1661.709336441159,2493.2554797923517,-2469.056371620075
1669.9203063677262,2501.03013530758,-2478.21461271649
1678.152438185015,2508.8235917662423,-2487.392840634857
1686.4057347661128,2516.6358460818133,-2496.59105532637
1694.6801989839948,2524.466895167348,-2505.809256742118
1702.9758337115234,2532.316735935483,-2515.047444833082
1711.2926418214481,2540.185365298435,-2524.3056195501367
1719.6306261864067,2548.0727801680036,-2533.5837808440524
1727.9897896789234,2555.9789774555675,-2542.8819286654916
1736.3701351714103,2563.9039540720873,-2552.2000629650106
1744.771665536167,2571.8477069281053,-2561.53818369306
1753.1943836453797,2579.810232933744,-2570.896290799984
1761.638292371123,2587.7915289987072,-2580.27438423602
1770.1033945853583,2595.79159203228,-2589.6724639512995
1778.589693159934,2603.810418943328,-2599.0905298958482
1787.0971909665864,2611.848006640299,-2608.5285820195845
1795.6258908769385,2619.9043520312216,-2617.9866202723215
1804.175795762501,2627.979452023705,-2627.464644603765
1812.7469084946713,2636.073303524941,-2636.9626549635154
1821.3392319447348,2644.185903441701,-2646.480651301067
1829.9527689838635,2652.317248680339,-2656.018633565807
1838.5875224831168,2660.4673361467894,-2665.576601707016
1847.2434953134411,2668.636162746568,-2675.1545556738697
1855.9206903456704,2676.8237253847724,-2684.752495415437
1864.6191104505253,2685.0300209660813,-2694.37042088068
1873.338758498614,2693.255046394754,-2704.008332018455
1882.0796373604314,2701.4987985746325,-2713.666228777511
1890.84174990636,2709.7612744091393,-2723.344111106493
1899.6250990066692,2718.0424708012783,-2733.0419789539374
1908.4296875315151,2726.342384653635,-2742.7598322682757
1917.2555183509412,2734.661012868376,-2752.4976709978328
1926.1025943348782,2742.9983523472497,-2762.2554950908266
1934.9709183531436,2751.354399991586,-2772.03330449537
1943.8604932754417,2759.729152702296,-2781.831099159469
1952.7713219713644,2768.122607379872,-2791.6488790310227
1961.7034073103898,2776.5347609243886,-2801.4866440578253
1970.6567521618836,2784.9656102355016,-2811.344394187563
1979.6313593950981,2793.415152212448,-2821.2221293678176
1988.627231879173,2801.883383754047,-2831.119849546063
1997.6443724831342,2810.3703017586977,-2841.037554669668
2006.6827840758954,2818.875903124383,-2850.9752446858947
2015.7424695262562,2827.4001847486666,-2860.932919541898
2024.8234317029037,2835.943143528693,-2870.910579184729
2033.9256734744117,2844.504776361189,-2880.9082235613296
2043.049197709241,2853.085080142464,-2890.925852618537
2052.1940072757393,2861.684051768407,-2900.9634663030824
2061.3601050421407,2870.3016881344897,-2911.0210645615903
2070.5474938765656,2878.9379861357656,-2921.0986473405787
2079.7561766470226,2887.5929426668704,-2931.1962145864595
2088.9861562214064,2896.2665546220205,-2941.313766245538
2098.2374354674985,2904.9588188950147,-2951.451302264014
2107.510017252967,2913.669732379233,-2961.6088225879807
2116.8039044453667,2922.399291967639,-2971.7863271634246
2126.119099912139,2931.147494552775,-2981.983815936226
2135.455606520612,2939.914337026767,-2992.2012888521604
2144.8134271380013,2948.6998162813234,-3002.438745856895
2154.192564631408,2957.503929207733,-3012.6961868959916
2163.5930218678204,2966.3266726968673,-3022.973611914905
2173.0148017141137,2975.1680436391794,-3033.2710208589856
2182.457907037049,2984.0280389247046,-3043.588413673476
2191.922340703275,2992.9066554430597,-3053.9257903035127
2201.4081055793263,3001.8038900834435,-3064.2831506941266
2210.915204531623,3010.719739734637,-3074.6604947902415
2220.4436404264748,3019.654201285003,-3085.0578225366753
2229.993416130075,3028.607271622486,-3095.47513387814
2239.564534508504,3037.578947634613,-3105.9124287592404
2249.15699842773,3046.5692262084935,-3116.369707124476
2258.7708107536064,3055.578104230817,-3126.84696891824
2268.4059743518737,3064.6055785878575,-3137.3442140848183
2278.062492088159,3073.6516461654696,-3147.861442568392
2287.740366827976,3082.7163038490903,-3158.398654313034
2297.439601436723,3091.7995485237384,-3168.9558492627134
2307.160198779687,3100.9013770740153,-3179.533027361291
2316.902161722041,3110.021786384104,-3190.130188552522
2326.665493128843,3119.1607733377705,-3200.7473327800562
2336.450195865039,3128.3183348183625,-3211.3844599874355
2346.25627279546,3137.4944677088097,-3222.0415701180973
2356.083726784824,3146.6891688916235,-3232.718663115371
2365.932560697736,3155.902435248899,-3243.415738922481
2375.802777398686,3165.134263662312,-3254.132797482545
2385.694379752051,3174.3846510131216,-3264.8698387385743
2395.607370622095,3183.6535941821685,-3275.6268626334745
2405.5417528729663,3192.9410900498756,-3286.403869110044
2415.4975293687016,3202.247135496249,-3297.2008581109762
2425.474702973222,3211.571727400876,-3308.0178295788564
2435.4732765503363,3220.9148626429273,-3318.8547834561655
2445.4932529637385,3230.276538101155,-3329.711719685278
2455.534635077009,3239.6567506538936,-3340.58863820846
2465.597425753615,3249.055497179061,-3351.4855389678746
2475.6816278569095,3258.472774554157,-3362.402421905576
2485.787244250131,3267.9085796562626,-3373.339286963513
2495.9142777964053,3277.362909362043,-3384.2961340835286
2506.062731358743,3286.8357605477445,-3395.272963207359
2516.232607800042,3296.3271300891975,-3406.2697742766345
2526.4239099830857,3305.837014861813,-3417.286567232879
2536.636640770543,3315.365411740585,-3428.32334201751
2546.8708030249704,3324.912317600091,-3439.380098571839
2557.126399608809,3334.4777293144894,-3450.4568368370706
2567.4034333843865,3344.061643757523,-3461.5535567543043
2577.701907213917,3353.6640578025163,-3472.670258264532
2588.021823959499,3363.284968322376,-3483.8069413086405
2598.3631864831195,3372.9243721895914,-3494.96360582741
2608.7259976466494,3382.582266276235,-3506.140251761514
2619.110260311846,3392.2586474539617,-3517.33687905152
2629.515977340353,3401.9535125940088,-3528.55348763789
2639.9431515937,3411.6668585671964,-3539.790077460979
2650.391785933302,3421.3986822439274,-3551.0466484610347
2660.8618832204597,3431.1489804941875,-3562.323200578201
2671.353446316361,3440.9177501875447,-3573.6197337525136
2681.866478082078,3450.7049881931493,-3584.9362479239026
2692.40098137857,3460.510691379736,-3596.2727430321916
2702.9569590666815,3470.3348566156205,-3607.629219017099
2713.5344140071425,3480.1774807687025,-3619.0056758182354
2724.1333490605693,3490.0385607064636,-3630.402113375106
2734.7537670874644,3499.918093295969,-3641.81853162711
2745.395670948215,3509.8160754038654,-3653.25493051354
2756.0590635030944,3519.7325038963845,-3664.7113099735816
2766.7439476122618,3529.667375639339,-3676.187669946315
2777.4503261357618,3539.620687498125,-3687.684010370715
2788.1782019335255,3549.5924363377217,-3699.2003311856483
2798.927577865369,3559.582619022691,-3710.7366323298766
2809.6984567909944,3569.5912324171777,-3722.292913742055
2820.4908415699892,3579.61827338491,-3733.8691753607327
2831.3047350618267,3589.6637387891983,-3745.4654171243515
2842.1401401258654,3599.727625492937,-3757.0816389712477
2852.99705962135,3609.8099303586023,-3768.7178408396526
2863.8754964074105,3619.910650248254,-3780.374022667689
2874.7754533430625,3630.0297820235355,-3792.050184393375
2885.6969332872072,3640.1673225456716,-3803.746325954621
2896.6399390986317,3650.323268675472,-3815.4624472892338
2907.604473636008,3660.497617273328,-3827.1985483349113
2918.5905397578945,3670.690365199216,-3838.954629029246
2929.598140322734,3680.9015093126927,-3850.7306893097248
2940.627278188855,3691.1310464729,-3862.526729113728
2951.677956214473,3701.3789735385626,-3874.342748378529
2962.7501772576866,3711.6452873679877,-3886.1787470412955
2973.8439441764817,3721.9299848190662,-3898.0347250390896
2984.9592598287286,3732.233062749272,-3909.910682308866
2996.096127072183,3742.5545180156623,-3921.8066187874733
3007.254548764487,3752.8943474748776,-3933.722534411655
3018.434527763167,3763.2525479831415,-3945.6584291180475
3029.636066925635,3773.6291163962605,-3957.6143028431807
3040.859169109189,3784.0240495696253,-3969.5901555234786
3052.103837171012,3794.437344358209,-3981.5859870952586
3063.3700739681717,3804.868997616569,-3993.601797494733
3074.6578823576215,3815.3190061988444,-4005.637586658007
3085.9672651962005,3825.7873669587593,-4017.693354521079
3097.298225340633,3836.2740767496202,-4029.7691010198423
3108.6507656475283,3846.779132424317,-4041.864826090083
3120.0248889733807,3857.302530835324,-4053.980529667482
3131.4205981745704,3867.8442688346977,-4066.1162116876135
3142.837896107362,3878.4043432740787,-4078.271872085945
3154.276785627906,3888.9827510046903,-4090.4475107978374
3165.7372695922377,3899.5794888773403,-4102.643127758547
3177.2193508562777,3910.1945537424194,-4114.858722903224
3188.7230322758314,3920.8279424499015,-4127.094296166909
3200.2483167065907,3931.479651849345,-4139.34984748454
3211.7952070041306,3942.1496787898905,-4151.6253767909475
3223.3637060239125,3952.838020120263,-4163.920884020855
3234.953816621283,3963.5446726887712,-4176.236369108881
3246.5655416514724,3974.269633343307,-4188.571831989538
3258.198883969598,3985.0128989313457,-4200.9272725972305
3269.8538464306607,3995.7744662999467,-4213.302690866258
3281.5304318895473,4006.554332295753,-4225.698086730813
3293.228643201029,4017.3524937649904,-4238.113460124982
3304.9484832197627,4028.1689475534695,-4250.548810982747
3316.68995480029,4039.0036905065836,-4263.004139237983
3328.453060797036,4049.8567194693105,-4275.479444824456
3340.2378040643134,4060.7280312862117,-4287.974727675829
3352.044187456318,4071.617622801432,-4300.489987725657
3363.872213827131,4082.5254908587,-4313.02522490739
3375.7218860307185,4093.451632301327,-4325.580439154372
3387.593206920932,4104.396043972211,-4338.155630399838
3399.4861793515074,4115.358722713831,-4350.75079857692
3411.4008061760646,4126.339665368251,-4363.365943618643
3423.33709024811,4137.3388687771185,-4376.001065457925
3435.2950344210344,4148.3563297816645,-4388.656164027577
3447.2746415481124,4159.392045222705,-4401.331239260306
3459.275914482505,4170.4460119406385,-4414.026291088711
3471.2988560772565,4181.518226775449,-4426.741319445286
3483.3434691852967,4192.608686566703,-4439.476324262417
3495.4097566594396,4203.717388153552,-4452.231305472385
3507.4977213523853,4214.844328374729,-4465.006263007366
3519.607366116717,4225.989504068555,-4477.801196799428
3531.738693804904,4237.152912072932,-4490.616106780532
3543.891707269299,4248.334549225347,-4503.450992882536
3556.06640936214,4259.53441236287,-4516.305855037189
3568.2628029355496,4270.752498322157,-4529.180693176134
3580.4808908415357,4281.988803939446,-4542.075507230908
3592.72067593199,4293.243326050561,-4554.990297132945
3604.9821610586896,4304.516061490908,-4567.925062813567
3617.265349073295,4315.807007095478,-4580.879804203993
3629.5702428273526,4327.116159698847,-4593.8545212353365
3641.896845172292,4338.443516135174,-4606.849213838604
3654.2451589594293,4349.789073238203,-4619.863881944693
3666.6151870399635,4361.152827841262,-4632.8985254844
3679.0069322649783,4372.534776777261,-4645.953144388412
3691.4203974854427,4383.9349168786985,-4659.02773858731
3703.855585552209,4395.353244977653,-4672.122308011569
3716.312499316016,4406.78975790579,-4685.236852591558
3728.7911416274846,4418.244452494358,-4698.371372257539
3741.291515337122,4429.71732557419,-4711.525866939671
3753.8136232953184,4441.208373975703,-4724.700336568001
3766.3574683523498,4452.717594528898,-4737.894781072476
3778.9230533583755,4464.2449840633635,-4751.109200382932
3791.51038116344,4475.790539408267,-4764.343594429101
3804.1194546174715,4487.354257392365,-4777.597963140609
3816.7502765702834,4498.936134843995,-4790.872306446974
3829.402849871573,4510.536168591081,-4804.166624277609
3842.077177370921,4522.154355461131,-4817.480916561822
3854.773261917794,4533.790692281236,-4830.815183228813
3867.4911063615423,4545.445175878075,-4844.1694242076765
3880.2307135514,4557.1178030779065,-4857.543639427399
3892.9920863364864,4568.8085707065775,-4870.9378288168655
3905.775227565804,4580.517475589518,-4884.35199230485
3918.58014008824,4592.244514551741,-4897.786129820021
3931.4068267525668,4603.9896844178475,-4911.240241290943
3944.2552904074396,4615.75298201202,-4924.714326646073
3957.1255339013983,4627.5344041580265,-4938.208385813761
3970.0175600828666,4639.333947679221,-4951.722418722253
3982.931371800153,4651.151609398538,-4965.256425299685
3995.8669719014506,4662.987386138502,-4978.810405474092
4008.8243632348353,4674.841274721219,-4992.384359173398
4021.803548648268,4686.71327196838,-5005.978286325422
4034.804530989594,4698.603374701259,-5019.592186857881
4047.827313106541,4710.511579740719,-5033.22606069838
4060.871897846723,4722.437883907203,-5046.879907774421
4073.9382880576372,4734.382284020743,-5060.553728013398
4087.026486586664,4746.344776900952,-5074.2475213426
4100.1364962810685,4758.32535936703,-5087.961287689209
4113.268319988,4770.32402823776,-5101.695026980303
4126.421960554492,4782.340780331512,-5115.44873914285
4139.597420827462,4794.3756124662395,-5129.222424103717
4152.79470365371,4806.428521459481,-5143.0160817896585
4166.013811879921,4818.499504128359,-5156.829712127327
4179.254748352666,4830.588557289582,-5170.663315043269
4192.517515918396,4842.695677759443,-5184.516890463922
4205.802117423449,4854.820862353819,-5198.39043831562
4219.108555714044,4866.964107888175,-5212.283958524588
4232.436833636288,4879.125411177556,-5226.197451016948
4245.786954036167,4891.304769036596,-5240.130915718714
4259.158919759555,4903.502178279511,-5254.084352555794
4272.552733652207,4915.717635720105,-5268.05776145399
4285.968398559765,4927.951138171765,-5282.051142338997
4299.405917327751,4940.202682447463,-5296.064495136405
4312.865292801574,4952.472265359756,-5310.097819771697
4326.346527826523,4964.759883720788,-5324.151116170249
4339.849625247775,4977.065534342285,-5338.224384257333
4353.374587910389,4989.38921403556,-5352.317623958115
4366.921418659307,5001.730919611511,-5366.4308351976515
4380.4901203393565,5014.09064788062,-5380.564017900895
4394.080695795246,5026.468395652954,-5394.717171992692
4407.6931478715705,5038.864159738168,-5408.890297397782
4421.327479412806,5051.277936945499,-5423.083394040799
4434.983693263314,5063.70972408377,-5437.296461846271
4448.66179226734,5076.1595179613905,-5451.529500738618
4462.361779269011,5088.627315386353,-5465.782510642155
4476.08365711234,5101.113113166236,-5480.055491481092
4489.827428641222,5113.616908108205,-5494.3484431795305
4503.593096699436,5126.138697019009,-5508.661365661467
4517.380664130645,5138.678476704981,-5522.994258850793
4531.190133778395,5151.236243972042,-5537.347122671291
4545.021508486115,5163.811995625697,-5551.71995704664
4558.87479109712,5176.405728471037,-5566.112761900412
4572.7499844546055,5189.017439312736,-5580.5255371560725
4586.647091401652,5201.647124955058,-5594.9582827369795
4600.566114781223,5214.294782201847,-5609.410998566386
4614.507057436166,5226.960407856536,-5623.8836845674405
4628.469922209211,5239.643998722142,-5638.376340663182
4642.4547119429735,5252.345551601268,-5652.888966776548
4656.461429479949,5265.0650632961015,-5667.421562830364
4670.490077662521,5277.802530608416,-5681.974128747352
4684.540659332952,5290.557950339572,-5696.546664450128
4698.613177333388,5303.3313192905125,-5711.139169861204
4712.707634505862,5316.122634261768,-5725.751644902983
4726.824033692289,5328.931892053454,-5740.384089497761
4740.962377734465,5341.759089465271,-5755.03650356773
4755.122669474072,5354.604223296507,-5769.708887034974
4769.3049117526725,5367.467290346033,-5784.401239821474
4783.509107411715,5380.348287412307,-5799.1135618491
4797.735259292532,5393.247211293374,-5813.845853039619
4811.983370236335,5406.164058786861,-5828.598113314693
4826.253443084222,5419.098826689982,-5843.370342595875
4840.545480677175,5432.051511799539,-5858.162540804613
4854.8594858560555,5445.022110911918,-5872.974707862249
4869.195461461611,5458.01062082309,-5887.806843690017
4883.553410334471,5471.017038328612,-5902.658948209047
4897.93333531515,5484.0413602236285,-5917.531021340363
4912.335239244044,5497.083583302867,-5932.423063004881
4926.759124961432,5510.143704360642,-5947.335073123413
4941.204995307477,5523.221720190854,-5962.267051616664
4955.6728531222225,5536.317627586991,-5977.218998405229
4970.1627012456,5549.431423342123,-5992.190913409603
4984.67454251742,5562.563104248908,-6007.1827965501725
4999.2083797773785,5575.71266709959,-6022.194647747216
5013.7642158650515,5588.8801086859985,-6037.226466920907
5028.342053619901,5602.065425799548,-6052.278253991314
5042.94189588127,5615.268615231242,-6067.350008878398
5057.563745488387,5628.4896737716645,-6082.441731502014
5072.20760528036,5641.728598210991,-6097.5534217819095
5086.873478096184,5654.985385338979,-6112.685079637729
5101.561366774733,5668.260031944974,-6127.83670498901
5116.271274154766,5681.552534817908,-6143.008297755181
5131.003203074924,5694.862890746296,-6158.199857855568
5145.757156373734,5708.191096518242,-6173.411385209387
5160.5331368896,5721.537148921436,-6188.642879735751
5175.3311474608145,5734.901044743151,-6203.894341353665
5190.1511909255505,5748.28278077025,-6219.16576998203
5204.993270121864,5761.682353789179,-6234.457165539638
5219.857387887693,5775.099760585971,-6249.768527945177
5234.74354706086,5788.534997946247,-6265.099857117228
5249.651750479067,5801.988062655211,-6280.451152974265
5264.5820009799045,5815.458951497656,-6295.822415434657
5279.53430140084,5828.947661257959,-6311.213644416667
5294.508654579227,5842.454188720084,-6326.624839838451
5309.5050633523015,5855.978530667581,-6342.056001618059
5324.523530557181,5869.5206838835875,-6357.507129673436
5339.564059030866,5883.080645150825,-6372.978223922419
5354.62665161024,5896.658411251603,-6388.469284282738
5369.71131113207,5910.253978967817,-6403.98031067202
5384.818040433004,5923.867345080947,-6419.511303007785
5399.946842349575,5937.498506372062,-6435.062261207445
5415.097719718195,5951.147459621817,-6450.633185188308
5430.270675375162,5964.814201610451,-6466.224074867574
5445.465712156654,5978.498729117792,-6481.8349301623375
5460.682832898735,5992.201038923253,-6497.465750989587
5475.922040437348,6005.921127805832,-6513.116537266205
5491.1833376083205,6019.658992544116,-6528.787288908968
5506.466727247362,6033.414629916278,-6544.478005834545
5521.772212190064,6047.188036700075,-6560.1886879595
5537.099795271902,6060.979209672853,-6575.919335200291
5552.449479328233,6074.788145611546,-6591.6699474732695
5567.8212671942965,6088.61484129267,-6607.44052469468
5583.215161705214,6102.459293492329,-6623.231066780662
5598.631165695991,6116.321498986217,-6639.04157364725
5614.069282001513,6130.20145454961,-6654.872045210368
5629.52951345655,6144.099156957373,-6670.722481385839
5645.011862895753,6158.014602983957,-6686.592882089376
5660.516333153658,6171.947789403399,-6702.483247236587
5676.04292706468,6185.898712989323,-6718.393576742976
5691.5916474631185,6199.867370514941,-6734.323870523937
5707.162497183153,6213.85375875305,-6750.2741284947615
5722.755479058849,6227.8578744760325,-6766.244350570632
5738.3705959241515,6241.879714455861,-6782.234536666627
5754.007850612888,6255.9192754640935,-6798.244686697716
5769.667245958771,6269.976554271873,-6814.274800578766
5785.34878479539,6284.05154764993,-6830.3248782245355
5801.052469956223,6298.144252368584,-6846.394919549677
5816.778304274625,6312.254665197737,-6862.484924468737
5832.526290583836,6326.382782906882,-6878.594892896156
5848.296431716978,6340.528602265097,-6894.724824746269
5864.088730507055,6354.692120041046,-6910.874719933305
5879.903189786952,6368.873333002981,-6927.044578371384
5895.739812389437,6383.072237918741,-6943.234399974523
5911.598601147161,6397.288831555751,-6959.4441846566315
5927.479558892656,6411.523110681024,-6975.673932331514
5943.382688458338,6425.775072061158,-6991.923642912868
5959.3079926765,6440.04471246234,-7008.193316314282
5975.255474379324,6454.332028650342,-7024.482952449244
5991.225136398869,6468.637017390525,-7040.792551231133
6007.216981567079,6482.959675447836,-7057.122112573221
6023.231012715777,6497.299999586809,-7073.471636388675
6039.2672326766715,6511.657986571564,-7089.841122590555
6055.325644281352,6526.03363316581,-7106.230571091814
6071.406250361288,6540.426936132842,-7122.639981805303
6087.509053747832,6554.8378922355405,-7139.069354643763
6103.634057272219,6569.266498236377,-7155.51868951983
6119.781263765567,6583.712750897405,-7171.987986346034
6135.950676058874,6598.1766469802715,-7188.477245034797
6152.14229698302,6612.658183246204,-7204.9864654984385
6168.356129368768,6627.157356456021,-7221.515647649168
6184.592176046763,6641.674163370129,-7238.064791399093
6200.85043984753,6656.208600748517,-7254.633896660212
6217.130923601478,6670.760665350766,-7271.222963344416
6233.433630138896,6685.330353936042,-7287.831991363493
6249.758562289957,6699.917663263099,-7304.460980629124
6266.105722884714,6714.522590090278,-7321.109931052882
6282.475114753103,6729.145131175506,-7337.778842546237
6298.866740724941,6743.785283276299,-7354.46771502055
6315.280603629926,6758.443043149759,-7371.176548387078
6331.7167062976405,6773.118407552578,-7387.90534255697
6348.175051557546,6787.811373241032,-7404.654097441271
6364.655642238987,6802.521936970986,-7421.4228129509165
6381.158481171188,6817.250095497891,-7438.21148899674
6397.683571183258,6831.995845576789,-7455.0201254894655
6414.230915104186,6846.759183962305,-7471.848722339713
6430.800515762843,6861.540107408653,-7488.697279457995
6447.392375987982,6876.338612669636,-7505.5657967547195
6464.006498608236,6891.154696498642,-7522.454274140186
6480.642886452122,6905.9883556486475,-7539.362711524589
6497.3015423480365,6920.839586872218,-7556.291108818017
6513.982469124259,6935.708386921505,-7573.239465930454
6530.685669608951,6950.594752548247,-7590.207782771774
6547.411146630153,6965.498680503771,-7607.196059251749
6564.158903015789,6980.42016753899,-7624.204295280041
6580.9289415936655,6995.359210404408,-7641.23249076621
6597.721265191469,7010.315805850114,-7658.280645619705
6614.535876636766,7025.289950625784,-7675.348759749873
6631.372778757009,7040.281641480683,-7692.4368330659545
6648.231974379526,7055.290875163664,-7709.544865477081
6665.113466331532,7070.317648423166,-7726.67285689228
6682.01725744012,7085.361958007217,-7743.8208072204725
6698.943350532267,7100.423800663432,-7760.988716370473
6715.8917484348285,7115.503173139015,-7778.176584250992
6732.862453974543,7130.600072180758,-7795.384410770631
6749.855469978031,7145.7144945350365,-7812.612195837885
6766.870799271792,7160.846436947819,-7829.859939361147
6783.908444682209,7175.995896164659,-7847.1276412487
6800.968409035546,7191.162868930698,-7864.415301408721
6818.050695157948,7206.347351990666,-7881.7229197492825
6835.155305875442,7221.54934208888,-7899.050496178352
6852.282244013934,7236.768835969246,-7916.398030603787
6869.4315123992155,7252.005830375257,-7933.765522933342
6886.603113856955,7267.260322049994,-7951.152973074664
6903.797051212703,7282.532307736127,-7968.560380935295
6921.013327291894,7297.821784175913,-7985.98774642267
6938.251944919841,7313.128748111197,-8003.435069444117
6955.512906921738,7328.453196283411,-8020.902349906861
6972.796216122663,7343.795125433576,-8038.389587718017
6990.101875347574,7359.1545323023,-8055.896782784596
7007.429887421307,7374.531413629781,-8073.423935013503
7024.780255168584,7389.925766155804,-8090.971044311536
7042.152981414004,7405.337586619742,-8108.5381105853885
7059.54806898205,7420.766871760556,-8126.125133741645
7076.965520697084,7436.213618316794,-8143.732113686787
7094.405339383351,7451.6778230265945,-8161.359050327187
7111.867527864977,7467.159482627681,-8179.005943569114
7129.352088965967,7482.658593857369,-8196.672793318729
7146.859025510208,7498.175153452559,-8214.359599482088
7164.388340321469,7513.709158149742,-8232.066361965139
7181.940036223398,7529.260604684993,-8249.793080673728
7199.514116039527,7544.82948979398,-8267.53975551359
7217.110582593266,7560.415810211958,-8285.306386390357
7234.729438707908,7576.019562673769,-8303.092973209556
7252.370687206626,7591.640743913841,-8320.899515876601
7270.034330912474,7607.279350666197,-8338.726014296808
7287.720372648386,7622.935379664443,-8356.572468375383
7305.428815237178,7638.608827641774,-8374.438878017427
7323.159661501549,7654.299691330974,-8392.325243127936
7340.912914264074,7670.007967464417,-8410.231563611795
7358.688576347212,7685.733652774062,-8428.157839373787
7376.4866505733025,7701.476743991458,-8446.10407031859
7394.307139764566,7717.237237847743,-8464.070256350771
7412.150046743103,7733.015131073643,-8482.056397374796
7430.0153743308965,7748.810420399472,-8500.062493295021
7447.903125349806,7764.6231025551315,-8518.0885440157
7465.813302621577,7780.453174270114,-8536.134549440978
7483.745908967833,7796.300632273499,-8554.200509474895
7501.70094721008,7812.165473293955,-8572.286424021382
7519.678420169701,7828.047694059738,-8590.392292984267
7537.6783306679645,7843.947291298694,-8608.51811626727
7555.7006815260165,7859.864261738256,-8626.663893774008
7573.745475564883,7875.798602105446,-8644.82962540799
7591.812715605474,7891.750309126875,-8663.015311072619
7609.902404468578,7907.719379528743,-8681.22095067119
7628.014544974864,7923.705810036838,-8699.446544106891
7646.149139944882,7939.709597376535,-8717.692091282812
7664.306192199064,7955.730738272802,-8735.957592101928
7682.485704557719,7971.769229450193,-8754.24304646711
7700.68767984104,7987.825067632849,-8772.548454281128
7718.9121208691,8003.898249544502,-8790.873815446641
7737.159030461851,8019.988771908471,-8809.2191298662
7755.428411439127,8036.096631447666,-8827.584397442255
7773.720266620639,8052.221824884586,-8845.969618077148
7792.034598825986,8068.364348941315,-8864.374791673114
7810.37141087464,8084.524200339531,-8882.799918132283
7828.730705585957,8100.701375800495,-8901.244997356678
7847.112485779173,8116.895872045062,-8919.710029248217
7865.516754273404,8133.107685793671,-8938.19501370871
7883.943513887647,8149.336813766356,-8956.699950639862
7902.392767440779,8165.5832526827335,-8975.224839943274
7920.864517751556,8181.846999262013,-8993.769681520436
7939.358767638618,8198.128050222991,-9012.334475272737
7957.875519920482,8214.426402284054,-9030.919221101456
7976.414777415546,8230.74205216318,-9049.52391890777
7994.97654294209,8247.074996577929,-9068.148568592746
8013.560819318273,8263.425232245456,-9086.793170057346
8032.1676093621345,8279.792755882501,-9105.457723202428
8050.796915891593,8296.177564205398,-9124.14222792874
8069.44874172445,8312.579653930066,-9142.846684136928
8088.1230896783845,8328.999021772013,-9161.57109172753
8106.819962570958,8345.435664446339,-9180.315450600976
8125.53936321961,8361.88957866773,-9199.079760657594
8144.281294441663,8378.360761150461,-9217.864021797603
8163.045759054317,8394.849208608402,-9236.668233921117
8181.832759874655,8411.354917755005,-9255.492396928143
8200.642299719635,8427.877885303313,-9274.336510718582
8219.474381406102,8444.41810796596,-9293.20057519223
8238.329007750775,8460.975582455167,-9312.084590248776
8257.206181570256,8477.550305482746,-9330.988555787806
8276.10590568103,8494.142273760099,-9349.912471708794
8295.028182899456,8510.751483998216,-9368.856337911113
8313.973016041777,8527.377932907673,-9387.820154294026
8332.940407924116,8544.021617198641,-9406.803920756693
8351.930361362474,8560.682533580877,-9425.807637198166
8370.942879172735,8577.360678763729,-9444.831303517392
8389.977964170661,8594.05604945613,-9463.874919613214
8409.035619171893,8610.768642366611,-9482.938485384364
8428.115846991952,8627.498454203283,-9502.02200072947
8447.218650446242,8644.245481673852,-9521.125465547057
8466.344032350045,8661.009721485612,-9540.248879735538
8485.491995518523,8677.791170345445,-9559.392243193226
8504.662542766719,8694.589824959823,-9578.555555818322
8523.855676909552,8711.40568203481,-9597.738817508927
8543.071400761826,8728.238738276059,-9616.942028163032
8562.309717138223,8745.08899038881,-9636.165187678522
8581.570628853304,8761.956435077891,-9655.408295953179
8600.85413872151,8778.841069047727,-9674.671352884676
8620.160249557162,8795.742889002322,-9693.95435837058
8639.488964174461,8812.661891645279,-9713.257312308353
8658.840285387489,8829.598073679786,-9732.58021459535
8678.214216010205,8846.551431808623,-9751.92306512882
8697.610758856452,8863.521962734156,-9771.285863805906
8717.029916739948,8880.509663158342,-9790.668610523648
8736.471692474293,8897.514529782731,-9810.071305178975
8755.936088872968,8914.536559308457,-9829.493947668714
8775.423108749332,8931.575748436248,-9848.936537889582
8794.932754916623,8948.632093866421,-9868.39907573819
8814.465030187961,8965.70559229888,-9887.881561111051
8834.019937376343,8982.796240433125,-9907.383993904561
8853.597479294647,8999.904034968238,-9926.906374015018
8873.197658755633,9017.028972602895,-9946.448701338608
8892.820478571935,9034.17105003536,-9966.010975771414
8912.465941556073,9051.330263963491,-9985.593197209413
8932.134050520443,9068.506611084731,-10005.195365548476
8951.824808277319,9085.700088096113,-10024.817480684367
8971.53821763886,9102.910691694264,-10044.459542512745
8991.274281417096,9120.138418575398,-10064.12155092916
9011.033002423947,9137.383265435317,-10083.80350582906
9030.814383471205,9154.645228969417,-10103.505407107787
9050.618427370544,9171.924305872682,-10123.22725466057
9070.445136933517,9189.220492839688,-10142.969048382543
9090.294514971556,9206.533786564594,-10162.730788168725
9110.166564295976,9223.86418374116,-10182.512473914032
9130.061287717966,9241.211681062727,-10202.314105513273
9149.978688048599,9258.576275222227,-10222.135682861152
9169.918768098825,9275.957962912185,-10241.977205852267
9189.881530679471,9293.356740824718,-10261.838674381112
9209.86697860125,9310.772605651528,-10281.720088342068
9229.875114674749,9328.205554083908,-10301.621447629419
9249.905941710434,9345.655582812742,-10321.542752137335
9269.959462518656,9363.122688528507,-10341.484001759885
9290.035679909643,9380.606867921266,-10361.44519639103
9310.134596693495,9398.108117680673,-10381.426335924627
9330.256215680201,9415.626434495975,-10401.427420254422
9350.400539679626,9433.161815056004,-10421.44844927406
9370.567571501511,9450.714256049188,-10441.489422877077
9390.757313955482,9468.283754163542,-10461.550340956906
9410.969769851039,9485.87030608667,-10481.631203406872
9431.204941997565,9503.47390850577,-10501.732010120193
9451.462833204321,9521.09455810763,-10521.85276098998
9471.743446280445,9538.732251578624,-10541.993455909242
9492.046784034957,9556.386985604719,-10562.154094770878
9512.372849276757,9574.058756871473,-10582.334677467687
9532.721644814621,9591.747562064033,-10602.535203892352
9553.093173457204,9609.453397867137,-10622.75567393746
9573.487438013044,9627.176260965114,-10642.996087495487
9593.904441290555,9644.916148041882,-10663.2564444588
9614.344186098031,9662.673055780951,-10683.536744719668
9634.806675243644,9680.446980865421,-10703.836988170246
9655.291911535447,9698.23791997798,-10724.157174702588
9675.79989778137,9716.045869800912,-10744.49730420864
9696.330636789222,9733.870827016082,-10764.857376580243
9716.884131366694,9751.712788304958,-10785.23739170913
9737.460384321354,9769.571750348588,-10805.63734948693
9758.059398460648,9787.447709827618,-10826.057249805164
9778.681176591903,9805.34066342228,-10846.49709255525
9799.325721522324,9823.250607812395,-10866.956877628498
9819.993036058993,9841.17753967738,-10887.436604916109
9840.683123008874,9859.121455696239,-10907.936274309182
9861.395985178808,9877.082352547568,-10928.455885698711
9882.131625375518,9895.060226909554,-10948.99543897558
9902.8900464056,9913.055075459972,-10969.55493403057
9923.671251075535,9931.06689487619,-10990.134370754355
9944.475242191678,9949.095681835168,-11010.733749037501
9965.302022560267,9967.141433013456,-11031.353068770472
9986.151594987416,9985.204145087191,-11051.99232984362
10007.023962279118,10003.283814732105,-11072.6515321472
10027.919127241244,10021.380438623519,-11093.330675571351
10048.837092679549,10039.494013436342,-11114.029760006113
10069.777861399662,10057.624535845081,-11134.748785341417
10090.74143620709,10075.772002523829,-11155.487751467086
10111.72781990722,10093.936410146269,-11176.246658272841