
172.4943466715496,894.1103500745438,-301.6623776175627
171.96521574945768,893.7936836931177,-301.9744724217799
171.43117918604838,893.4790312480841,-302.29545809058754
170.89220956624567,893.1662968975729,-302.6252890890985
170.34827646933945,892.8553862208541,-302.9639135261393
169.79934653860298,892.5462066556731,-303.3112725238718
169.24538354907142,892.2386679904121,-303.66729952065737
168.68634848827048,891.9326829188255,-304.03191951193253
168.12219963035582,891.6281676646219,-304.4050482176517
167.5528925989037,891.3250426724329,-304.786591173913
166.97838042194022,891.0232333670835,-305.1764427544886
166.39861357039626,890.7226709822326,-305.5744851165387
165.81353996259523,890.4232934616099,-305.9805870655009
165.22310493955086,890.1250464184288,-306.3946028510774
164.6272512151373,889.8278841622766,-306.8163708969414
164.02591875941815,889.53177078872,-307.245712459872
163.41904461371146,889.2366813110148,-307.6824302381058
162.80656264264212,888.9426028413773,-308.1263069255677
162.18840319314828,888.6495358102674,-308.57710372151763
161.56449266306754,888.3574952064699,-309.03455880801056
160.93475295975645,888.0665118337575,-309.4983857949321
160.29910081655754,887.7766335781919,-309.9682721597889
159.6574469764146,887.4879266836415,-310.44387767104797
159.00969522880766,887.2004770208123,-310.9248328040857
158.35574125971334,886.9143913426635,-311.41073716452775
157.69547132961017,886.62979855115,-311.9011579068204
157.02876075926505,886.3468509518325,-312.3956281644855
156.35547218467332,886.0657255067592,-312.8936454899114
155.6754535904548,885.7866251158696,-313.3946703063039
154.988536108357,885.5097799217699,-313.89812437573033
154.29453155822193,885.2354486745714,-314.40338928307875
153.59322974024684,884.9639201503927,-314.90980499809916
152.88439546352762,884.6955146605167,-315.4166685123679
152.16776531686207,884.4305856763954,-315.92323261191245
151.44304421043879,884.1695215729208,-316.42870488235457
150.70990171179707,883.9127475153865,-316.9322470298385
149.96796823901988,883.6607274825353,-317.43297467611484
149.21683119605757,883.4139664304777,-317.9299578043879
148.45603115605917,883.1730125726846,-318.4222220730071
147.68505823577698,882.9384597507672,-318.908751228268
146.90334884034579,882.7109498417612,-319.38849088001444
146.11028294866733,882.4911751446306,-319.8603538326837
145.30518212631418,882.2798806891516,-320.32322709696405
144.48730835748924,882.0778664127064,-320.77598058921785
143.6558637346434,881.8859891626618,-321.2174772378128
142.80999088174514,881.7051645103859,-321.64658396802537
141.9487737483079,881.5363684678961,-322.0621827384432
141.07123831068097,881.3806391724431,-322.4631805507363
140.17635252495663,881.2390787021687,-322.8485171896839
139.26302482724242,881.1128552447279,-323.2171695433244
138.3301887968519,881.0032057912728,-323.5681516554134
137.37734026895728,880.9114332963137,-323.9005137245471
136.4044819326074,880.8388665526707,-324.21335533258457
135.41161664440324,880.7863060467508,-324.50621855301944
134.39874731982144,880.7538918021598,-324.77908004788395
133.36587688111027,880.7416267361356,-325.0319398157271
132.31300825062445,880.7495137654898,-325.2647978552044
131.24014435082495,880.777555806608,-325.4776541650775
130.14728810427914,880.8257557754494,-325.67050874421466
129.03444243366067,880.8941165875469,-325.8433615915902
127.90161026174945,880.9826411580076,-325.9962127062851
126.74879451143173,881.0913324015119,-326.1290620874865
125.5759981057,881.2201932323138,-326.24190973448793
124.38322396765297,881.3692265642413,-326.33475564668936
123.17047502049562,881.5384353106961,-326.40759982359714
121.93775418753914,881.7278223846532,-326.4604422648239
120.68506439220091,881.9373906986617,-326.4932829700885
119.41240855800451,882.1671431648441,-326.5061219392164
118.1197896085797,882.4170826948964,-326.4989591721394
116.80721046766233,882.6872122000885,-326.47179466889554
115.47467405909447,882.9775345912636,-326.4246284296292
114.12218330682427,883.2880527788387,-326.35746045459126
112.749741134906,883.6187696728041,-326.2702907441389
111.35735046750004,883.9696881827239,-326.16311929873564
109.94501422887281,884.3408112177356,-326.03594611895136
108.5127353433968,884.7321416865501,-325.8887712054623
107.06051673555058,885.143682497452,-325.7215945590511
105.58836132991871,885.5754365582993,-325.5344161806067
104.09627205119179,886.0274067765234,-325.3272360711244
102.58425182416642,886.4995960591293,-325.100054231706
101.05230357374516,886.9920073126953,-324.85287066355943
99.50043022493657,887.504643443373,-324.5856853679992
97.92863470285513,888.0375073568875,-324.29849834644597
96.3369199327213,888.5906019585376,-323.991309600427
94.7252888398614,889.1639301531951,-323.6641191315757
93.09374434970772,889.7574948453051,-323.31692694163195
91.44228938779838,890.3712989388864,-322.94973303244194
89.77092687977745,891.0053453375307,-322.5625374059583
88.07965975139479,891.6596369444034,-322.15534006423997
86.36849092850612,892.3341766622428,-321.72814100945214
84.63742333707303,893.028967393361,-321.2809402438665
82.88645990316287,893.7440120396427,-320.8137377698611
81.11560355294881,894.4793135025463,-320.3265335899203
79.32485721270982,895.2348746831035,-319.81932770663485
77.5142238088306,896.0106984819189,-319.2921201227018
75.68370626780163,896.8067877991704,-318.74491084092466
73.83330751621908,897.6231455346091,-318.1776998642132
71.96303048078491,898.4597745875593,-317.5904871955836
70.07287808830672,899.3166778569185,-316.9832728381584
68.16285326569783,900.1938582411574,-316.3560567951666
66.23295893997724,901.0913186383195,-315.7088390699433
64.28319803826957,902.0090619460217,-315.0416196659301
62.31357348780514,902.9470910614538,-314.35439858667513
60.32408821591982,903.9054088813788,-313.6471758358326
58.31474515005516,904.8840183021327,-312.9199514171633
56.285547217758264,905.8829222196247,-312.1727253345342
54.23649734668183,906.9021235293368,-311.4054975919188
52.167598464584124,907.9416251263242,-310.6182681933967
50.07885349932894,909.0014299052151,-309.81103714315424
47.970265378885635,910.0815407602104,-308.9838044454838
45.84183703132906,911.1819605850842,-308.1365701047843
43.693571384839565,912.3026922731837,-307.26933412556093
41.525471367703,913.4437387174288,-306.3820965124253
39.33753990831068,914.6051028103124,-305.47485727009524
37.129779935159384,915.7867874439002,-304.54761640339507
34.90219437685131,916.9887955098309,-303.6003739172555
32.6547861620941,918.211129899316,-302.6331298167135
30.387558219700782,919.4537935031401,-301.6458841069125
28.1005134785898,920.7167892116604,-300.6386367931022
25.79365486778496,922.000119914807,-299.61138788063863
23.466985316415432,923.3037885020827,-298.5641373749843
21.120507753715735,924.6277978625634,-297.496885281708
18.754225109025715,925.9721508848974,-296.40963160648494
16.368140311790537,927.336850457306,-295.3023763550966
13.962256291560658,928.7218994675833,-294.1751195334309
11.536575977991827,930.127300803096,-293.0278611474821
9.09110230084505,931.5530573507834,-291.86060120335077
6.625838189986594,932.999171997158,-290.6733397072439
4.140786575387962,934.4656476283044,-289.4660766654748
1.6359503871258734,935.9524871298803,-288.23881208446323
-0.8886674446177423,937.4596933871159,-286.99154597073516
-3.4330639895557677,938.987269284814,-285.724278330923
-5.997236317295911,940.5352177073502,-284.43700917176557
-8.58118149734072,942.1035415386724,-283.12973850010786
-11.184896599087603,943.6922436623014,-281.80246632290147
-13.808378691828837,945.3013269613306,-280.4551926472042
-16.45162484475159,946.9307943184258,-279.08791748018035
-19.114632126937927,948.5806486158252,-277.70064082910034
-21.797397607364843,950.25089273534,-276.29336270134115
-24.49991835490426,951.9415295583535,-274.866083104386
-27.22219143832305,953.6525619658217,-273.4188020458246
-29.96421392628305,955.3839928382731,-271.95151953335284
-32.72598288734109,957.1358250558087,-270.46423557477317
-35.50749538994898,958.9080614981018,-268.9569501779943
-38.30874850245356,960.7007050443982,-267.4296633510313
-41.12973929309668,962.5137585735164,-265.88237510200554
-43.970464830015246,964.3472249638469,-264.31508543914487
-46.83092218124122,966.2011070933528,-262.7277943707834
-49.71110841470165,968.0754078395696,-261.12050190536166
-52.61102059821865,969.9701300796053,-259.4932080514265
-55.53065579950947,971.8852766901399,-257.84591281763113
-58.470011086186446,973.8208505474261,-256.1786162127352
-61.429083525757086,975.7768545272886,-254.4913182456046
-64.40787018562403,977.7532915051248,-252.7840189252116
-67.4063681330851,979.750164355904,-251.05671826063488
-70.42457443533328,981.7674759541679,-249.30941626105945
-73.4624861594568,983.8052291740307,-247.5421129357767
-76.52010037243905,985.8634268891786,-245.75480829418433
-79.59741414115868,987.94207197287,-243.94750234578646
-82.69442453238958,990.0411672979358,-242.12019510019354
-85.8111286128009,992.1607157367786,-240.27288656712233
-88.94752344895709,994.3007201613736,-238.40557675639602
-92.10360610731786,996.4611834432683,-236.51826567794413
-95.27937365423824,998.6421084535818,-234.6109533418025
-98.4748231559686,1000.843498063006,-232.68363975811346
-101.68995167865464,1003.0653551418043,-230.73632493712552
-104.9247562883374,1005.3076825598125,-228.76900888919366
-108.17923405095334,1007.5704831864388,-226.7816916247792
-111.45338203233423,1009.8537598906628,-224.7743731544498
-114.74719729820731,1012.1575155410367,-222.74705348887943
-118.06067691419521,1014.4817530056846,-220.69973263884853
-121.393817945816,1016.8264751523026,-218.63241061524383
-124.74661745848319,1019.1916848481588,-216.5450874290584
-128.11907251750577,1021.5773849600934,-214.43776309139173
-131.5111801880882,1023.9835783545184,-212.3104376134496
-134.92293753533042,1026.4102678974182,-210.1631110065442
-138.35434162422794,1028.8574564543485,-207.99578328209404
-141.80538951967173,1031.3251468904375,-205.80845445162402
-145.27607828644832,1033.813342070385,-203.60112452676537
-148.76640498923982,1036.322044858463,-201.37379351925568
-152.2763666926239,1038.851258118515,-199.1264614409389
-155.80596046107385,1041.4009847139569,-196.85912830376532
-159.35518335895853,1043.9712275077761,-194.57179411979163
-162.9240324505424,1046.5619893625317,-192.26445890118086
-166.5125047999856,1049.1732731403551,-189.93712266020236
-170.12059747134393,1051.8050817029493,-187.58978540923192
-173.7483075285688,1054.457417911589,-185.22244716075159
-177.39563203550736,1057.1302846271205,-182.83510792734978
-181.06256805590246,1059.823684709963,-180.42776772172138
-184.74911265339264,1062.5376210201055,-178.0004265566675
-188.45526289151215,1065.2720964171108,-175.55308444509566
-192.18101583369102,1068.0271137601121,-173.08574140001974
-195.92636854325502,1070.8026759078145,-170.59839743455996
-199.69131808342573,1073.5987857184955,-168.0910525619429
-203.47586151732048,1076.4154460500035,-165.56370679550153
-207.27999590795244,1079.252659759759,-163.01636014867512
-211.10371831823062,1082.1104297047536,-160.44901263500935
-214.9470258109598,1084.9887587415512,-157.8616642681562
-218.80991544884068,1087.8876497262872,-155.25431506187405
-222.69238429446983,1090.8071055146684,-152.6269650300276
-226.59442941033964,1093.7471289619732,-149.97961418658792
-230.5160478588385,1096.7077229230517,-147.3122625456325
-234.45723670225067,1099.6888902523258,-144.62491012134507
-238.41799300275628,1102.6906338037882,-141.91755692801578
-242.3983138224315,1105.7129564310035,-139.19020298004114
-246.39819622324845,1108.7558609871085,-136.44284829192398
-250.41763726707518,1111.8193503248103,-133.6754928782735
-254.4566340156758,1114.9034272963884,-130.8881367538053
-258.5151835307104,1118.0080947536933,-128.08077993334126
-262.59328287373506,1121.1333555481472,-125.25342243180968
-266.690929106202,1124.2792125307437,-122.40606426424517
-270.8081192894594,1127.445668552048,-119.53870544578871
-274.94485048475156,1130.632726462196,-116.65134599168763
-279.1011197532189,1133.8403891108958,-113.74398591729562
-283.2769241558978,1137.0686593474265,-110.81662523807272
-287.472260753721,1140.3175400206387,-107.86926396958533
-291.6871266075172,1143.5870339789542,-104.90190212750622
-295.92151877801126,1146.877144070366,-101.91453972761447
-300.17543432582426,1150.1878731424392,-98.90717678579556
-304.44887031147346,1153.5192240423091,-95.87981331804127
-308.74182379537234,1156.871199616683,-92.83244934044981
-313.05429183783053,1160.2438027118394,-89.76508486922567
-317.3862714990539,1163.637036173628,-86.67771992067975
-321.73775983914464,1167.0509028474698,-83.57035451122925
-326.1087539181011,1170.4854055783567,-80.44298865739779
-330.49925079581794,1173.940547210852,-77.29562237581527
-334.9092475320862,1177.4163305890904,-74.128255683218
-339.33874118659315,1180.9127585567776,-70.94088859644862
-343.78772881892235,1184.4298339571903,-67.73352113245612
-348.25620748855374,1187.9675596331767,-64.50615330829584
-352.74417425486365,1191.525938427156,-61.25878514112949
-357.25162617712476,1195.1049731811186,-57.99141664822514
-361.77856031450614,1198.704666736626,-54.70404784695718
-366.3249737260732,1202.3250219348104,-51.39667875480637
-370.89086347078785,1205.9660416163756,-48.06930938935983
-375.4762266075084,1209.6277286215961,-44.72193976831102
-380.08106019498956,1213.3100857903178,-41.354569909459755
-384.7053612918826,1217.013115961957,-37.96719983071221
-389.3491269567352,1220.7368219755022,-34.559829550080906
-394.01235424799154,1224.4812066695115,-31.13245908568472
-398.69504022399235,1228.246272882115,-27.68508845574887
-403.3971819429749,1232.032023451013,-24.21771767860494
-408.11877646307295,1235.8384612134776,-20.73034677269086
-412.8598208423168,1239.6655890063512,-17.222975756550916
-417.62031213863344,1243.5134096660474,-13.695604648835733
-422.4002474098463,1247.3819260285507,-10.148233468302301
-427.1996237136756,1251.2711409294163,-6.580862233813955
-432.01843810773795,1255.1810572037705,-2.9934909643403826
-436.8566876495468,1259.11167768631,0.6138803210423753
-441.71436939651215,1263.0630052113033,4.241251603151929
-446.59148040594073,1267.0350426125892,7.888622862699537
-451.48801773503584,1271.0277927235768,11.555994080290109
-456.40397844089756,1275.0412583772468,15.243365236422198
-461.3393595805227,1279.0754424061504,18.95073631148801
-466.29415821080477,1283.1303476424096,22.678107285773404
-471.2683713885341,1287.205976917717,26.425478139457883
-476.26199617039765,1291.302333063336,30.192848852614603
-481.2750296129792,1295.419418910101,33.98021940521036
-486.30746877275936,1299.5572372884171,37.78758977710562
-491.3593107061156,1303.7157910282594,41.61495994805449
-496.4305524693221,1307.8950829591747,45.462329897704706
-501.52119111854995,1312.0951159102797,49.32969960559768
-506.63122370986713,1316.3158927102618,53.21706905116847
-511.7606472992383,1320.5574161873799,57.124438213745776
-516.9094589425252,1324.8196891694624,61.05180707255195
-522.0776556954866,1329.102714483909,64.999175606703
-527.2652346137778,1333.4064949576898,68.96654379520861
-532.4721927529514,1337.7310334173453,72.95391161697204
-537.6985271684566,1342.076332688987,76.96127905079027
-542.94423491564,1346.4423955982966,80.98864607535391
-548.2093130497448,1350.8292249705264,85.03601266924721
-553.4937586259113,1355.2368236304992,89.1033788109481
-558.7975686991767,1359.6651944026084,93.19074447882812
-564.1207403244757,1364.114340110818,97.2981096511525
-569.4632705566396,1368.584263578662,101.4254743060801
-574.8251564503969,1373.0749676292457,105.57283842166345
-580.2063950603731,1377.5864550852439,109.74020197584869
-585.606983441091,1382.1187287689022,113.92756494647566
-591.0269186469701,1386.671791502037,118.13492731127782
-596.4661977323275,1391.2456461060347,122.3622890478823
-601.9248177513771,1395.8402954018518,126.6096501338099
-607.4027757582301,1400.4557422100158,130.87701054647502
-612.9000688068948,1405.0919893506243,135.16437026318573
-618.4166939512767,1409.7490396433452,139.4717292611438
-623.9526482451786,1414.4268959074168,143.7990875174446
-629.5079287423005,1419.1255609616476,148.14644500907718
-635.0825324962394,1423.8450376244164,152.51380171292422
-640.6764565604899,1428.5853287136722,156.90115760576208
-646.2896979884435,1433.3464370469346,161.30851266426077
-651.9222538333893,1438.1283654412935,165.73586686498393
-657.5741211485135,1442.9311167134085,170.18322018438886
-663.2452969868997,1447.7546936795095,174.6505725988265
-668.9357784015288,1452.5990991553972,179.1379240845415
-674.6455624452789,1457.4643359564418,183.64527461767213
-680.3746461709256,1462.350406897584,188.1726241742503
-686.1230266311421,1467.2573147933347,192.71997273020156
-691.8907008784986,1472.1850624577748,197.2873202613452
-697.6776659654628,1477.1336527045557,201.87466674339404
-703.4839189443999,1482.1030883468984,206.48201215195465
-709.3094568675726,1487.0933721975941,211.10935646252722
-715.1542767871409,1492.1045070690045,215.7566996505056
-721.0183757551624,1497.136495773061,220.42404169117728
-726.901750823592,1502.189341121265,225.11138255972344
-732.8043990442823,1507.263045924688,229.81872223121889
-738.7263174689832,1512.3576129939718,234.54606068063208
-744.6675031493423,1517.4730451393277,239.29339788282513
-750.6279531369048,1522.6093451705376,244.06073381255385
-756.6076644831132,1527.766515896953,248.84806844446769
-762.6066342393079,1532.9445601274956,253.6554017531097
-768.6248594567268,1538.1434806706568,258.4827337129166
-774.662337186505,1543.3632803344979,263.3300642982189
-780.7190644796758,1548.6039619266503,268.19739348324055
-786.7950383871699,1553.8655282543154,273.0847212420993
-792.8902559598157,1559.1479821242644,277.99204754880657
-799.004714248339,1564.4513263428382,282.91937237726734
-805.1384103033638,1569.7755637159478,287.86669570128026
-811.2913411754113,1575.1206970490737,292.83401749453776
-817.4635039149007,1580.4867291472667,297.82133773062577
-823.6548955721489,1585.873662815147,302.828656383024
-829.8655131973705,1591.281500856905,307.85597342510573
-836.0953538406778,1596.7102460763006,312.90328883013797
-842.344414552081,1602.1599012766635,317.9706025712813
-848.6126923814883,1607.6304692608933,323.05791462159004
-854.9001843787051,1613.121952831459,328.1652249540121
-861.2068875934352,1618.6343547904,333.29253354138916
-867.53279907528,1624.167677939325,338.43984035645644
-873.8779158737386,1629.7219250794117,343.6071453718428
-880.2422350382085,1635.2970990114086,348.7944485600709
-886.6257536179846,1640.8932025356335,354.00174989355696
-893.0284686622599,1646.5102384519737,359.2290493446108
-899.4503772201253,1652.1482095598863,364.4763468854361
-905.8914763405697,1657.8071186583977,369.74364248813
-912.3517630724798,1663.4869685461044,375.0309361246833
-918.8312344646404,1669.1877620211724,380.33822776698065
-925.3298875657341,1674.9095018813368,385.6655173868002
-931.8477194243418,1680.6521909239027,391.01280495581386
-938.3847270889421,1686.4158319457445,396.38009044558703
-944.9409076079119,1692.2004277433064,401.767373827579
-951.516258029526,1698.005981112602,407.1746550731425
-958.1107754019574,1703.8324948492145,412.60193415352404
-964.724456773277,1709.6799717482963,418.0492110398638
-971.3572991914536,1715.5484146045696,423.5164857031956
-978.0092997043548,1721.4378262123257,429.00375811444695
-984.6804553597457,1727.3482093654256,434.5110282444389
-991.3707632052897,1733.2795668572999,440.03829606388626
-998.0802202885485,1739.2319014809482,445.58556154339755
-1004.8088236569818,1745.2052160289397,451.15282465347485
-1011.5565703579476,1751.1995132934132,456.74008536451396
-1018.3234574387021,1757.2147960660766,462.34734364680423
-1025.1094819463997,1763.2510671382072,467.9745994705289
-1031.914640928093,1769.3083293006514,473.62185280576466
-1038.738931430733,1775.3865853438253,479.28910362248195
-1045.5823505011683,1781.4858380577143,484.97635189054483
-1052.444895186147,1787.6060902318732,490.6835975797111
-1059.3265625323147,1793.7473446554254,496.41084065963213
-1066.227349586215,1799.9096041170644,502.15808109985306
-1073.1472533942908,1806.0928714050524,507.92531886981254
-1080.0862710028825,1812.2971493072212,513.712553938843
-1087.0443994582292,1818.5224406109714,519.5197862761706
-1094.0216358064683,1824.768748103273,525.347015850915
-1101.0179770936359,1831.0360745706655,531.1942426320895
-1108.033420365666,1837.3244227992573,537.0614665886013
-1115.0679626683911,1843.6337955747256,542.9486876892512
-1122.1216010475428,1849.9641956823175,548.8559059027334
-1129.1943325487505,1856.3156259068487,554.783121197636
-1136.2861542175422,1862.6880890327045,560.7303335424407
-1143.3970630993442,1869.0815878438386,566.6975429055228
-1150.527056239482,1875.4961251237744,572.6847492551516
-1157.6761306831788,1881.931703655604,578.6919525594896
-1164.8442834755567,1888.3883262219888,584.7191527865932
-1172.0315116616368,1894.865995605159,590.7663499044126
-1179.2378122863379,1901.364714586914,596.8335438807914
-1186.4631823944778,1907.8844859486223,602.9207346834669
-1193.7076190307728,1914.4253124712213,609.0279222800701
-1200.971119239838,1920.9871969352175,615.1551066381259
-1208.253680066187,1927.570142120686,621.3022877250525
-1215.555298554232,1934.174150807271,627.4694655081619
-1222.8759717482842,1940.799225774186,633.65663995466
-1230.215696692553,1947.445369800213,639.863811031646
-1237.5744704311464,1954.1125856637034,646.0909787061131
-1244.952290008072,1960.8008761425767,652.3381429449479
-1252.3491524672352,1967.510244014322,658.6053037149306
-1259.7650548524405,1974.240692055997,664.8924609827355
-1267.199994207391,1980.9922230442282,671.1996147149302
-1274.6539675756887,1987.7648397552114,677.5267648779761
-1282.1269720008347,1994.5585449647103,683.8739114382282
-1289.619004526228,2001.3733414480582,690.2410543619353
-1297.1300621951675,2008.209231980157,696.6281936152396
-1304.6601420508503,2015.0662193354772,703.0353291641773
-1312.2092411363722,2021.9443062880582,709.4624609746779
-1319.7773564947283,2028.8434956115082,715.909589012565
-1327.3644851688127,2035.7637900790037,722.3767132435556
-1334.9706242014176,2042.7051924632906,728.8638336332605
-1342.595770635235,2049.667705536683,735.3709501471839
-1350.2399215128555,2056.651332071064,741.898062750724
-1357.903073876768,2063.6560748378856,748.4451714091724
-1365.5852247693617,2070.6819366081677,755.0122760877147
-1373.2863712329236,2077.728920152499,761.5993767514299
-1381.0065103096401,2084.7970282410374,768.2064733652905
-1388.7456390415969,2091.886263643509,774.8335658941634
-1396.5037544707782,2098.996629129209,781.4806543028081
-1404.2808536390676,2106.1281274670005,788.1477385558788
-1412.0769335882476,2113.280761425315,794.8348186179228
-1419.8919913599996,2120.454533772154,801.541894453381
-1427.7260239959044,2127.6494472750855,808.2689660265884
-1435.579028537442,2134.865504701248,815.0160333017733
-1443.451002025991,2142.102708817347,821.7830962430579
-1451.3419415028297,2149.361062389657,828.5701548144579
-1459.251844009135,2156.6405681840215,835.3772089798828
-1467.1807065859834,2163.941228965852,842.2042587031357
-1475.1285262743504,2171.2630475001283,849.0513039479134
-1483.0953001151108,2178.606026551399,855.9183446778064
-1491.0810251490384,2185.970168883781,862.8053808562988
-1499.0856984168065,2193.355477260959,869.7124124467684
-1507.1093169589874,2200.7619544461872,876.6394394124868
-1515.1518778160528,2208.189603202288,883.586461716619
-1523.2133780283734,2215.6384262916513,890.553479322224
-1531.2938146362196,2223.1084264762358,897.5404921922542
-1539.3931846797611,2230.599606517569,904.5475002895558
-1547.5114851990666,2238.111969176746,911.5745035768688
-1555.648713234104,2245.6455172144306,918.6215020168264
-1563.804865824741,2253.200253390855,925.6884955719561
-1571.9799400107445,2260.776180465819,932.7754842046787
-1580.1739328317808,2268.3733011986915,939.8824678773088
-1588.3868413274158,2275.9916183484092,947.0094465520546
-1596.6186625371145,2283.6311346734774,954.1564201910179
-1604.8693935002411,2291.291852931969,961.3233887561945
-1613.13903125606,2298.9737758815263,968.5103522094735
-1621.4275728437342,2306.676906279358,975.7173105126378
-1629.735015302327,2314.4012468822425,982.9442636273642
-1638.0613556708004,2322.146800446525,990.1912115152228
-1646.4065909880167,2329.913569728121,997.4581541376778
-1654.770718292737,2337.7015574825114,1004.7450914560866
-1663.1537346236225,2345.5107664647476,1012.0520234317006
-1671.5556370192337,2353.3411994294474,1019.3789500256648
-1679.9764225180309,2361.192859130798,1026.725871199018
-1688.4160881583732,2369.065748322553,1034.0927869126922
-1696.8746309785204,2376.9598697580363,1041.4796971275139
-1705.3520480166312,2384.875226190138,1048.8866018042024
-1713.8483363107646,2392.8118203713175,1056.3135009033713
-1722.3634928988781,2400.7696550536007,1063.7603943855277
-1730.8975148188301,2408.748732988583,1071.2272822110722
-1739.450399108378,2416.7490569274273,1078.7141643402992
-1748.022142805179,2424.7706296208635,1086.221040733397
-1756.6127429467901,2432.813453819191,1093.7479113504473
-1765.2221965706678,2440.8775322722768,1101.2947761514256
-1773.850500714169,2448.9628677295545,1108.8616350962009
-1782.4976524145493,2457.0694629400273,1116.4484881445362
-1791.1636487089654,2465.1973206522653,1124.055335256088
-1799.8484866344727,2473.346443614407,1131.6821763904063
-1808.5521632280265,2481.516834574158,1139.3290115069349
-1817.2746755264825,2489.7084962787926,1146.9958405650116
-1826.0160205665961,2497.9214314751525,1154.6826635238674
-1834.7761953850222,2506.1556429096477,1162.3894803426274
-1843.5551970183158,2514.4111333282553,1170.1162909803102
-1852.3530225029317,2522.687905476521,1177.863095395828
-1861.1696688752247,2530.985962099557,1185.6298935479867
-1870.0051331714494,2539.305305942045,1193.416685395486
-1878.8594124277606,2547.6459397482326,1201.223470896919
-1887.7325036802129,2556.0078662619367,1209.050250010773
-1896.6244039647606,2564.3910882265413,1216.8970226954284
-1905.5351103172582,2572.795608384998,1224.76378890916
-1914.4646197734603,2581.2214294798264,1232.6505486101355
-1923.4129293690216,2589.668554253113,1240.5573017564166
-1932.3800361394967,2598.136985446514,1248.4840483059588
-1941.36593712034,2606.62672580125,1256.4307882166115
-1950.3706293469063,2615.137778058112,1264.397521446117
-1959.39410985445,2623.6701449574575,1272.3842479521122
-1968.4363756781263,2632.223829239211,1280.3909676921269
-1977.49742385299,2640.7988336428666,1288.417680623585
-1986.5772514139962,2649.3951609074843,1296.4643867038042
-1995.675855396,2658.0128137716915,1304.5310858899954
-2004.793232833757,2666.6517949736844,1312.617778139264
-2013.9293807619224,2675.312107251226,1320.724463408608
-2023.084296215052,2683.993753341646,1328.8511416549202
-2032.257976227602,2692.696735981843,1336.9978128349862
-2041.4504178339284,2701.4210579082833,1345.1644769054856
-2050.6616180682877,2710.1667218569987,1353.3511338229919
-2059.891573964836,2718.9337305635904,1361.5577835439722
-2069.1402825576306,2727.7220867632263,1369.784426024787
-2078.4077408806284,2736.531793190642,1378.031061221691
-2087.693945967687,2745.36285258014,1386.297689090832
-2096.9988948525643,2754.21526766559,1394.5843095882517
-2106.3225845689185,2763.0890411804303,1402.8909226698856
-2115.6650121503076,2771.984175857666,1411.217528291563
-2125.026174630191,2780.9006744298686,1419.5641264090066
-2134.4060690419274,2789.8385396291783,1427.9307169778328
-2143.8046924187765,2798.7977741873024,1436.317299953552
-2153.2220417938984,2807.7783808355143,1444.7238752915682
-2162.658114200354,2816.7803623046566,1453.1504429471786
-2172.1129066711032,2825.8037213251373,1461.5970028755746
-2181.586416239008,2834.848460626933,1470.0635550318416
-2191.0786399368294,2843.914582939587,1478.5500993709577
-2200.5895747972304,2853.00209099221,1487.0566358477956
-2210.1192178527735,2862.1109875134803,1495.5831644171212
-2219.6675661359222,2871.2412752316422,1504.1296850335941
-2229.2346166790403,2880.3929568745084,1512.6961976517678
-2238.820366514392,2889.566035169458,1521.2827022260894
-2248.424812674142,2898.7605128434375,1529.8891987109
-2258.0479521903558,2907.9763926229616,1538.5156870604337
-2267.6897820950003,2917.2136772341105,1547.162167228819
-2277.3502994199416,2926.472369402533,1555.8286391700774
-2287.029501196947,2935.7524718534432,1564.515102838125
-2296.727384457685,2945.053987311624,1573.2215581867706
-2306.4439462337236,2954.376918501425,1581.9480051697174
-2316.1791835565323,2963.7212681467618,1590.6944437405618
-2325.9330934574814,2973.0870389711185,1599.4608738527943
-2335.7056729678416,2982.4742336975455,1608.2472954597988
-2345.4969191187843,2991.8828550486605,1617.0537085148533
-2355.306828941382,3001.3129057466476,1625.880112971129
-2365.135399466607,3010.7643885132584,1634.726508781691
-2374.9826277253333,3020.237306069812,1643.5928958994984
-2384.8485107483352,3029.731661137193,1652.4792742774036
-2394.7330455662886,3039.2474564358545,1661.3856438681528
-2404.636229209769,3048.784694685816,1670.3120046243857
-2414.558058709254,3058.3433786066626,1679.258356498636
-2424.498531095121,3067.923510917549,1688.224699443331
-2434.457643397649,3077.5250943371943,1697.2110334107917
-2444.435392647017,3087.148131583886,1706.217358353233
-2454.431775873306,3096.792625375477,1715.243674222763
-2464.446790106497,3106.458578429389,1724.289980971384
-2474.4804323764724,3116.1459934626096,1733.3562785509916
-2484.532699713015,3125.8548731916926,1742.4425669133752
-2494.60358914581,3135.5852203327595,1751.548846010218
-2504.6930977044417,3145.337037601498,1760.6751157930971
-2514.8012224183967,3155.110327713163,1769.8213762134828
-2524.927960317062,3164.9050933825756,1778.9876272227398
-2535.0733084297262,3174.7213373241243,1788.1738687721256
-2545.2372637855783,3184.5590622517643,1797.380100812792
-2555.4198234137084,3194.418270879017,1806.6063232957845
-2565.620984343108,3204.298965918971,1815.8525361720422
-2575.840743602669,3214.2011500842814,1825.1187393923976
-2586.079098221186,3224.1248260871694,1834.4049329075774
-2596.336045227353,3234.069996639424,1843.7111166682018
-2606.6115816497663,3244.0366644524,1853.0372906247846
-2616.9057045169225,3254.02483223702,1862.3834547277334
-2627.2184108572196,3264.034502703771,1871.7496089273493
-2637.549697698957,3274.065678562709,1881.1357531738272
-2647.8995620703354,3284.118362523455,1890.541887417256
-2658.268000999456,3294.192557295197,1899.968011607618
-2668.6550115143223,3304.2882655866897,1909.4141256947896
-2679.0605906428386,3314.4054901062545,1918.8802296285403
-2689.4847354128096,3324.5442335617795,1928.3663233585335
-2699.927442851943,3334.7044986607184,1937.8724068343263
-2710.388709987846,3344.886288110092,1947.39848000537
-2720.8685338480286,3355.0896046164876,1956.9445428210088
-2731.366911459901,3365.314450886059,1966.5105952304812
-2741.883839850775,3375.560829624527,1976.0966371829188
-2752.4193160478644,3385.828743537177,1985.7026686273477
-2762.9733370782833,3396.118195328863,1995.3286895126873
-2773.5458999690486,3406.429187704004,2004.974699787751
-2784.1370017470776,3416.7617233665865,2014.640699401245
-2794.746639439189,3427.115805020162,2024.3266883017702
-2805.374810072103,3437.4914353678496,2034.0326664378208
-2816.0215106724418,3447.8886171123345,2043.7586337577848
-2826.6867382667283,3458.307352955868,2053.5045902099437
-2837.3704898813876,3468.747645600267,2063.270535742473
-2848.0727625427453,3479.2094977469164,2073.0564703034415
-2858.79355327703,3489.6929120967666,2082.8623938408123
-2869.5328591103703,3500.1978913503335,2092.688306302442
-2880.2906770687973,3510.7244382077006,2102.53420763608
-2891.0670041782437,3521.272555368517,2112.4000977893706
-2901.8618374645434,3531.8422455319974,2122.2859767098516
-2912.6751739534316,3542.433511396924,2132.1918443449545
-2923.5070106705457,3553.0463556616446,2142.117700642004
-2934.3573446414243,3563.6807810240734,2152.0635455482184
-2945.226172891508,3574.3367901816905,2162.0293790107107
-2956.1134924461394,3585.0143858315423,2172.015200976487
-2967.0193003305612,3595.713570670241,2182.0210113924472
-2977.94359356992,3606.434347393966,2192.0468102053846
-2988.886369189262,3617.1767186984616,2202.092597361987
-2999.8476242135366,3627.9406872790387,2212.158372808835
-3010.8273556675945,3638.7262558305747,2222.244136492403
-3021.825560576188,3649.5334270475123,2232.3498883590596
-3032.842235963971,3660.362203623861,2242.4756283550673
-3043.877378855499,3671.2125882531964,2252.6213564265813
-3054.93098627523,3682.084583628659,2262.7870725196517
-3066.0030552475246,3692.9781924429567,2272.9727765802218
-3077.093582796643,3703.893417388363,2283.178468554128
-3088.2025659467486,3714.830261156717,2293.4041483871015
-3099.3300017219067,3725.7887264394244,2303.6498160247666
-3110.475887146084,3736.7688159274558,2313.9154714126416
-3121.640219243149,3747.770532311349,2324.201114496138
-3132.8229950368736,3758.7938782812075,2334.5067452205612
-3144.024211550929,3769.8388565267,2344.832363531111
-3155.243865808891,3780.9054697370616,2355.1779693728795
-3166.4819548342352,3791.9937206010936,2365.5435626908543
-3177.7384756503407,3803.1036118071625,2375.9291434299153
-3189.013425280488,3814.235146043201,2386.334711534837
-3200.306800747859,3825.388325996708,2396.7602669502867
-3211.6185990755394,3836.5631543547474,2407.2058096208266
-3222.9488172865154,3847.7596338039502,2417.6713394909116
-3234.2974524036754,3858.9777670305125,2428.15685650489
-3245.66450144981,3870.2175567201957,2438.6623606070057
-3257.0499614476116,3881.4790055583276,2449.1878517413943
-3268.453829419676,3892.762116229802,2459.7333298520866
-3279.8761023884995,3904.0668914190774,2470.298794883006
-3291.3167773764812,3915.3933338101792,2480.88424677797
-3302.7758514059233,3926.7414460866985,2491.4896854806902
-3314.253321499028,3938.111230931791,2502.115110934771
-3325.7491846779017,3949.502691028179,2512.760523083712
-3337.263437964552,3960.9158290581504,2523.4259218709058
-3348.796078380889,3972.3506477035585,2534.1113072396374
-3360.3471029487246,3983.8071496458224,2544.8166791330877
-3371.9165086897733,3995.285337565927,2555.5420374943296
-3383.5042926256524,4006.7852141444228,2566.2873822663305
-3395.1104517778804,4018.306782061426,2577.052713391952
-3406.734983167879,4029.850043996618,2587.8380308139485
-3418.377883816971,4041.4150026292455,2598.6433344749685
-3430.0391507463833,4053.001660638122,2609.4686243175547
-3441.7187809772436,4064.610020701625,2620.3139002841426
-3453.4167715305825,4076.2400854977,2631.1791623170616
-3465.1331194273334,4087.8918577038544,2642.0644103585355
-3476.8678216883313,4099.565339997164,2652.9696443506814
-3488.620875334314,4111.26053505427,2663.89486423551
-3500.3922773859217,4122.977445551377,2674.8400699549256
-3512.1820248636973,4134.716074164257,2685.805261450727
-3523.9901147880855,4146.476423568248,2696.790438664606
-3535.816544179434,4158.25849643825,2707.7956015381483
-3547.6613100579925,4170.062295448733,2718.8207500128333
-3559.524409443914,4181.887823273728,2729.865884030034
-3571.405839357253,4193.735082586834,2740.9310035310177
-3583.3055968179674,4205.604076061216,2752.016108456945
-3595.223678845917,4217.494806369603,2763.12119874887
-3607.160082460865,4229.40727618429,2774.2462743477413
-3619.114804682476,4241.341488177136,2785.3913351944
-3631.087842530318,4253.297445019567,2796.5563812295823
-3643.0791930238615,4265.2751493825735,2807.741412393917
-3655.0888531824794,4277.274603936712,2818.946428627927
-3667.116820025447,4289.295811352103,2830.1714298720294
-3679.163090571943,4301.338774298432,2841.4164160665346
-3691.2276618410483,4313.4034954449535,2852.681387151647
-3703.310530851747,4325.489977460483,2863.966343067464
-3715.411694622925,4337.598223013402,2875.2712837539775
-3727.5311501733713,4349.72823477166,2886.596209151073
-3739.6688945217784,4361.880015402768,2897.9411191985287
-3751.82492468674,4374.053567573805,2909.3060138360183
-3763.999237686754,4386.248893951412,2920.6908930031086
-3776.19183054022,4398.465997201801,2932.0957566392594
-3788.4027002654416,4410.704879990742,2943.520604683825
-3800.631843880624,4422.965544983574,2954.9654370760527
-3812.8792584038756,4435.247994845202,2966.4302537550843
-3825.1449408532085,4447.552232240093,2977.915054659955
-3837.428888246536,4459.878259832282,2989.4198397295936
-3849.731097601676,4472.226080285368,3000.9446089028233
-3862.051565936348,4484.595696262515,3012.48936211836
-3874.3902902681757,4496.987110426451,3024.0540993148143
-3886.747267614684,4509.400325439471,3035.6388204306895
-3899.122494993302,4521.835343963434,3047.243525404384
-3911.515969421362,4534.292168659763,3058.868214174189
-3923.927687916098,4546.770802189448,3070.5128866782884
-3936.357647494648,4559.271247213042,3082.177542854762
-3948.8058451740526,4571.793506390666,3093.862182641583
-3961.272277971256,4584.337582382002,3105.5668059766163
-3973.756942903104,4596.9034778463,3117.291412797623
-3986.259836986347,4609.491195442373,3129.036003042256
-3998.780957237638,4622.1007378286,3140.800576648064
-4011.3203006735325,4634.732107662925,3152.5851335524876
-4023.8778643104897,4647.385307602855,3164.3896736928614
-4036.453645164872,4660.0603403054665,3176.2141970064145
-4049.047640252944,4672.757208427394,3188.0587034302694
-4061.6598465908746,4685.475914624843,3199.9231929014422
-4074.2902611947356,4698.216461553581,3211.8076653568432
-4086.9388810805017,4710.978851868939,3223.7121207332757
-4099.605703264051,4723.763088225816,3235.636558967437
-4112.290724761164,4736.5691732786745,3247.5809799959184
-4124.993942587525,4749.39710968154,3259.545383755205
-4137.715353758724,4762.2469000880055,3271.5297701816753
-4150.454955290248,4775.118547151227,3283.5341392116015
-4163.2127441974935,4788.012053523926,3295.55849078115
-4175.988717495758,4800.927421858388,3307.60282482638
-4188.782872200241,4813.8646548064635,3319.667141283246
-4201.595205326049,4826.823755019569,3331.7514400875953
-4214.425713888187,4839.804725148683,3343.8557211751686
-4227.274394901566,4852.807567844351,3355.979984481601
-4240.141245381002,4865.832285756681,3368.124229942421
-4253.026262341211,4878.878881535347,3380.288457493051
-4265.929442796814,4891.947357829589,3392.4726670688065
-4278.850783762336,4905.037717288209,3404.676858604898
-4291.790282252203,4918.149962559575,3416.901032036428
-4304.747935280748,4931.284096291619,3429.1451872983957
-4317.723739862205,4944.440121131838,3441.4093243256907
-4330.7176930107125,4957.618039727293,3453.6934430530982
-4343.729791740312,4970.81785472461,3465.9975434152966
-4356.760033064948,4984.039568769979,3478.321625346858
-4369.80841399847,4997.283184509157,3490.6656887822487
-4382.87493155463,5010.548704587461,3503.0297336558283
-4395.959582747083,5023.836131649774,3515.4137599018504
-4409.062364589389,5037.145468340546,3527.8177674544622
-4422.183274095011,5050.47671730379,3540.2417562477053
-4435.322308277316,5063.829881183082,3552.685726215514
-4448.479464149573,5077.204962621564,3565.149677291717
-4461.654738724956,5090.601964261942,3577.6336094100366
-4474.848129016543,5104.020888746486,3590.1375225040883
-4488.059632037315,5117.461738717031,3602.6614165073825
-4501.289244800157,5130.9245168149755,3615.2052913533225
-4514.5369643178565,5144.409225681284,3627.769146975206
-4527.8027876031065,5157.915867956483,3640.352983306223
-4541.086711668503,5171.444446280666,3652.956800279459
-4554.388733526545,5184.994963293488,3665.5805978278922
-4567.708850189637,5198.5674216341695,3678.224375884395
-4581.047058670085,5212.161823941497,3690.888134381734
-4594.403355980102,5225.7781728538175,3703.571873252568
-4607.777739131801,5239.416471009046,3716.275592429451
-4621.170205137201,5253.076721044659,3728.99929184483
-4634.580751008225,5266.7589255977,3741.742971431047
-4648.0093737566995,5280.463087304773,3754.506631120336
-4661.456070394354,5294.1892088020495,3767.2902708448255
-4674.920837932824,5307.937292725264,3780.0938905365383
-4688.403673383646,5321.7073417097145,3792.91749012739
-4701.904573758262,5335.499358390263,3805.761069549191
-4715.423536068019,5349.313345401339,3818.624628733644
-4728.960557324165,5363.14930537693,3831.5081676123473
-4742.515634537857,5377.007240950594,3844.411686116791
-4756.088764720151,5390.887154755448,3857.3351841783606
-4769.679944882008,5404.7890494241765,3870.2786617283346
-4783.289172034295,5418.7129275890275,3883.2421186978854
-4796.916443187782,5432.65879188181,3896.225555018079
-4810.561755353142,5446.626644933902,3909.2289706198753
-4824.225105540953,5460.616489376241,3922.252365434128
-4837.9064907616985,5474.62832783933,3935.2957393915844
-4851.605908025763,5488.662162953239,3948.359092422886
-4865.323354343438,5502.717997347598,3961.4424244585675
-4879.058826724918,5516.795833651601,3974.5457354290575
-4892.8123221803,5530.89567449401,3987.6690252646777
-4906.583837719588,5545.017522503145,4000.8122938956453
-4920.373370352688,5559.161380306896,4013.97554125207
-4934.180917089412,5573.327250532712,4027.1587672639553
-4948.006474939476,5587.515135807609,4040.361971861199
-4961.850040912497,5601.725038758165,4053.5851549735926
-4975.711612018002,5615.956962010525,4066.8283165308208
-4989.591185265416,5630.210908190394,4080.0914564624622
-5003.488757664074,5644.486879923042,4093.37457469799
-5017.404326223211,5658.784879833303,4106.67767116677
-5031.337887951968,5673.104910545576,4120.000745798062
-5045.28943985939,5687.446974683822,4133.34379852102
-5059.258978954426,5701.811074871567,4146.706829264692
-5073.246502245932,5716.197213731902,4160.0898379580185
-5087.252006742665,5730.6053938874775,4173.492824529835
-5101.275489453287,5745.035617960511,4186.915788908871
-5115.316947386366,5759.487888572785,4200.35873102375
-5129.376377550374,5773.962208345642,4213.821650802986
-5143.4537769536855,5788.458579899989,4227.304548174991
-5157.549142604582,5802.9770058563,4240.807423068069
-5171.662471511247,5817.517488834609,4254.330275410416
-5185.79376068177,5832.080031454516,4267.873105130125
-5199.943007124147,5846.664636335183,4281.4359121551815
-5214.110207846274,5861.271306095336,4295.018696413464
-5228.295359855953,5875.900043353266,4308.621457832744
-5242.498460160895,5890.550850726825,4322.244196340691
-5256.7195057687095,5905.223730833432,4335.886911864863
-5270.958493686913,5919.918686290066,4349.549604332715
-5285.215420922927,5934.635719713272,4363.232273671594
-5299.490284484076,5949.374833719158,4376.934919808743
-5313.783081377593,5964.136030923395,4390.657542671296
-5328.09380861061,5978.919313941217,4404.400142186284
-5342.422463190168,5993.724685387424,4418.162718280629
-5356.769042123211,6008.552147876378,4431.945270881148
-5371.133542416589,6023.401704022002,4445.747799914551
-5385.515961077054,6038.273356437787,4459.570305307444
-5399.916295111266,6053.167107736784,4473.412786986323
-5414.334541525787,6068.0829605316085,4487.275244877581
-5428.770697327085,6083.02091743444,4501.1576789075025
-5443.224759521534,6097.980981057021,4515.060089002268
-5457.69672511541,6112.963154010658,4528.982475087951
-5472.186591114895,6127.96743890622,4542.924837090516
-5486.694354526077,6142.993838354139,4556.887174935827
-5501.220012354947,6158.042354964412,4570.869488549637
-5515.763561607402,6173.112991346597,4584.871777857595
-5530.324999289244,6188.205750109816,4598.894042785242
-5544.90432240618,6203.320633862757,4612.936283258015
-5559.50152796382,6218.457645213668,4626.998499201241
-5574.11661296768,6233.616786770362,4641.080690540147
-5588.749574423182,6248.7980611402145,4655.182857199848
-5603.4004093356525,6264.001470930165,4669.304999105356
-5618.0691147103225,6279.227018746716,4683.4471161815745
-5632.755687552327,6294.474707195931,4697.609208353303
-5647.460124866708,6309.744538883441,4711.791275545234
-5662.182423658412,6325.036516414438,4725.993317681954
-5676.922580932288,6340.350642393675,4740.215334687941
-5691.680593693093,6355.686919425472,4754.45732648757
-5706.456458945489,6371.045350113711,4768.719293005109
-5721.250173694042,6386.425937061835,4783.001234164717
-5736.061734943223,6401.8286828728515,4797.303149890451
-5750.891139697408,6417.253590149333,4811.62504010626
-5765.7383849608805,6432.700661493412,4825.966904735985
-5780.603467737825,6448.169899506785,4840.328743703363
-5795.486385032334,6463.661306790715,4854.710556932026
-5810.387133848403,6479.174885946022,4869.112344345494
-5825.305711189936,6494.710639573094,4883.534105867188
-5840.24211406074,6510.26857027188,4897.975841420419
-5855.196339464528,6525.848680641891,4912.437550928392
-5870.168384404917,6541.450973282204,4926.919234314206
-5885.158245885429,6557.075450791456,4941.420891500853
-5900.165920909494,6572.72211576785,4955.942522411221
-5915.191406480446,6588.390970809148,4970.48412696809
-5930.234699601522,6604.082018512678,4985.045705094134
-5945.295797275868,6619.795261475329,4999.62725671192
-5960.374696506532,6635.530702293557,5014.228781743912
-5975.47139429647,6651.288343563374,5028.850280112464
-5990.585887648541,6667.068187880362,5043.491751739826
-6005.71817356551,6682.870237839661,5058.153196548142
-6020.8682490500505,6698.694496035976,5072.834614459447
-6036.036111104737,6714.540965063575,5087.536005395674
-6051.221756732051,6730.409647516286,5102.257369278646
-6066.425182934381,6746.300545987504,5116.998706030082
-6081.646386714018,6762.213663070184,5131.7600155715945
-6096.885365073163,6778.149001356846,5146.541297824689
-6112.142115013916,6794.106563439571,5161.342552710764
-6127.416633538287,6810.086351910003,5176.163780151114
-6142.708917648192,6826.088369359349,5191.004980066928
-6158.018964345451,6842.112618378378,5205.866152379284
-6173.346770631789,6858.159101557424,5220.74729700916
-6188.692333508838,6874.22782148638,5235.648413877423
-6204.055649978133,6890.318780754706,5250.569502904837
-6219.436717041118,6906.431981951421,5265.5105640120555
-6234.835531699141,6922.56742766511,5280.471597119631
-6250.252090953454,6938.725120483917,5295.452602148007
-6265.686391805219,6954.905062995551,5310.4535790175205
-6281.138431255498,6971.107257787285,5325.474527648403
-6296.6082063052645,6987.33170744595,5340.51544796078
-6312.095713955393,7003.578414557945,5355.576339874671
-6327.600951206666,7019.847381709226,5370.657203309988
-6343.12391505977,7036.138611485318,5385.758038186539
-6358.6646025153,7052.452106471303,5400.878844424024
-6374.223010573755,7068.787869251827,5416.019621942037
-6389.799136235541,7085.145902411101,5431.180370660066
-6405.392976500966,7101.526208532896,5446.361090497493
-6421.004528370249,7117.928790200547,5461.5617813735935
-6436.633788843513,7134.3536499969505,5476.782443207538
-6452.280754920784,7150.800790504564,5492.023075918389
-6467.9454236019965,7167.270214305411,5507.283679425103
-6483.627791886991,7183.761923981076,5522.564253646533
-6499.327856775513,7200.2759221127035,5537.864798501422
-6515.045615267215,7216.812211281004,5553.185313908409
-6530.781064361654,7233.37079406625,5568.525799786025
-6546.534201058294,7249.951673048273,5583.8862560526995
-6562.305022356504,7266.55485080647,5599.26668262675
-6578.093525255561,7283.1803299198,5614.667079426389
-6593.899706754645,7299.828112966784,5630.087446369727
-6609.723563852843,7316.498202525505,5645.527783374764
-6625.565093549149,7333.190601173608,5660.988090359396
-6641.424292842464,7349.905311488303,5676.46836724141
-6657.301158731591,7366.642336046358,5691.968613938491
-6673.1956882152435,7383.401677424107,5707.488830368215
-6689.107878292038,7400.183338197444,5723.029016448051
-6705.037725960498,7416.9873209418265,5738.589172095365
-6720.985228219055,7433.813628232274,5754.169297227414
-6736.950382066044,7450.662262643366,5769.769391761351
-6752.933184499707,7467.5332267492495,5785.38945561422
-6768.933632518192,7484.426523123629,5801.029488702962
-6784.951723119554,7501.342154339772,5816.689490944409
-6800.987453301754,7518.280122970509,5832.369462255288
-6817.040820062658,7535.240431588234,5848.069402552222
-6833.1118204000395,7552.2230827649,5863.789311751723
-6849.200451311577,7569.228079072024,5879.529189770202
-6865.306709794856,7586.255423080686,5895.289036523959
-6881.43059284737,7603.305117361527,5911.0688519291925
-6897.5720974665155,7620.377164484748,5926.868635901991
-6913.731220649597,7637.471567020118,5942.68838835834
-6929.907959393826,7654.588327536961,5958.528109214115
-6946.102310696318,7671.727448604167,5974.387798385087
-6962.314271554098,7688.888932790189,5990.267455786923
-6978.543838964095,7706.072782663039,6006.167081335182
-6994.791009923145,7723.279000790293,6022.086674945316
-7011.05578142799,7740.507589739088,6038.026236532673
-7027.33815047528,7757.758552076123,6053.985766012493
-7043.6381140615695,7775.031890367662,6069.96526329991
-7059.95566918332,7792.327607179524,6085.964728309951
-7076.290812836901,7809.645705077099,6101.98416095754
-7092.643542018586,7826.986186625331,6118.023561157491
-7109.013853724557,7844.34905438873,6134.082928824515
-7125.4017449509,7861.734310931368,6150.162263873215
-7141.807212693611,7879.1419588168765,6166.261566218089
-7158.230253948591,7896.572000608452,6182.380835773527
-7174.670865711645,7914.02443886885,6198.520072453815
-7191.129044978488,7931.499276160389,6214.679276173131
-7207.604788744741,7948.996515044951,6230.858446845547
-7224.098094005931,7966.516158083976,6247.057584385031
-7240.60895775749,7984.05820783847,6263.276688705441
-7257.13737699476,8001.622666868998,6279.515759720533
-7273.683348712988,8019.209537735687,6295.774797343955
-7290.246869907326,8036.818822998228,6312.053801489246
-7306.827937572836,8054.4505252158715,6328.352772069845
-7323.426548704485,8072.10464694743,6344.671708999079
-7340.042700297145,8089.781190751279,6361.010612190172
-7356.676389345596,8107.480159185353,6377.369481556241
-7373.327612844528,8125.201554807151,6393.748317010298
-7389.996367788533,8142.945380173734,6410.147118465245
-7406.682651172112,8160.711637841721,6426.565885833882
-7423.3864599896715,8178.5003303672975,6443.004619028902
-7440.107791235528,8196.311460306208,6459.463317962891
-7456.8466419039005,8214.145030213756,6475.941982548327
-7473.603008988918,8232.001042644813,6492.440612697586
-7490.376889484615,8249.879500153807,6508.9592083229345
-7507.1682803849335,8267.78040529473,6525.4977693365345
-7523.977178683722,8285.703760621134,6542.056295650442
-7540.803581374736,8303.649568686133,6558.634787176605
-7557.647485451636,8321.617832042402,6575.233243826866
-7574.508887907994,8339.608553242182,6591.851665512962
-7591.387785737285,8357.621734837268,6608.490052146526
-7608.284175932893,8375.657379379023,6625.14840363908
-7625.198055488107,8393.715489418368,6641.826719902044
-7642.129421396124,8411.796067505786,6658.525000846728
-7659.0782706500495,8429.899116191322,6675.24324638434
-7676.044600242894,8448.024638024583,6691.981456425978
-7693.028407167577,8466.172635554736,6708.739630882637
-7710.029688416923,8484.343111330512,6725.5177696652045
-7727.048440983664,8502.5360679002,6742.315872684461
-7744.084661860439,8520.751507811654,6759.133939851084
-7761.138348039796,8538.989433612285,6775.971971075639
-7778.20949651419,8557.24984784907,6792.829966268591
-7795.298104275979,8575.532753068544,6809.707925340296
-7812.404168317433,8593.838151816804,6826.605848201006
-7829.527685630726,8612.166046639511,6843.523734760864
-7846.668653207942,8630.516440081883,6860.461584929908
-7863.82706804107,8648.889334688702,6877.419398618071
-7881.0029271220055,8667.284733004313,6894.397175735178
-7898.196227442554,8685.702637572618,6911.39491619095
-7915.406965994427,8704.143050937082,6928.412619895001
-7932.635139769243,8722.605975640732,6945.450286756835
-7949.880745758528,8741.091414226157,6962.507916685857
-7967.143780953715,8759.599369235504,6979.58550959136
-7984.424242346144,8778.129843210485,6996.683065382535
-8001.722126927063,8796.682838692372,7013.800583968462
-8019.037431687629,8815.258358221996,7030.93806525812
-8036.370153618903,8833.856404339751,7048.095509160379
-8053.720289711855,8852.476979585594,7065.272915584003
-8071.087836957362,8871.120086499039,7082.470284437651
-8088.472792346211,8889.785727619164,7099.687615629873
-8105.875152869092,8908.473905484609,7116.924909069117
-8123.294915516605,8927.184622633571,7134.182164663723
-8140.732077279257,8945.917881603813,7151.459382321922
-8158.186635147464,8964.673684932655,7168.756561951845
-8175.658586111546,8983.45203515698,7186.0737034615095
-8193.147927161735,9002.252934813234,7203.410806758833
-8210.654655288168,9021.076386437418,7220.7678717516255
-8228.178767480887,9039.9223925651,7238.144898347588
-8245.720260729848,9058.790955731409,7255.541886454318
-8263.279132024907,9077.682078471029,7272.958835979306
-8280.855378355835,9096.595763318212,7290.395746829936
-8298.448996712305,9115.532012806765,7307.852618913486
-8316.0599840839,9134.490829470062,7325.32945213713
-8333.688337460111,9153.472215841031,7342.826246407933
-8351.334053830335,9172.476174452167,7360.343001632853
-8368.997130183878,9191.502707835525,7377.879717718746
-8386.677563509953,9210.551818522716,7395.436394572359
-8404.375350797682,9229.623509044917,7413.0130321003335
-8422.09048903609,9248.717781932864,7430.609630209205
-8439.82297521412,9267.834639716857,7448.226188805402
-8457.572806320612,9286.974084926751,7465.862707795247
-8475.339979344317,9306.136120091965,7483.5191870849585
-8493.124491273897,9325.32074774148,7501.195626580647
-8510.92633909792,9344.527970403835,7518.892026188315
-8528.74551980486,9363.757790607131,7536.608385813864
-8546.582030383099,9383.01021087903,7554.344705363083
-8564.435867820932,9402.28523374676,7572.100984741661
-8582.307029106554,9421.582861737097,7589.877223855176
-8600.195511228074,9440.90309737639,7607.673422609104
-8618.101311173506,9460.245943190543,7625.489580908811
-8636.024425930775,9479.611401705022,7643.32569865956
-8653.964852487708,9498.999475444853,7661.181775766505
-8671.922587832047,9518.410166934622,7679.057812134696
-8689.897628951434,9537.84347869848,7696.953807669077
-8707.889972833425,9557.299413260132,7714.869762274484
-8725.899616465485,9576.777973142849,7732.805675855648
-8743.926556834982,9596.27916086946,7750.761548317194
-8761.970790929196,9615.802978962356,7768.73737956364
-8780.032315735312,9635.349429943488,7786.733169499401
-8798.111128240425,9654.918516334366,7804.74891802878
-8816.207225431539,9674.510240656064,7822.78462505598
-8834.320604295563,9694.124605429215,7840.840290485094
-8852.451261819315,9713.761613174012,7858.91591422011
-8870.599194989523,9733.421266410209,7877.011496164911
-8888.764400792823,9753.10356765712,7895.127036223271
-8906.946876215758,9772.808519433618,7913.26253429886
-8925.146618244778,9792.536124258142,7931.417990295244
-8943.363623866244,9812.286384648685,7949.593404115877
-8961.597890066421,9832.059303122805,7967.788775664112
-8979.849413831487,9851.854882197618,7986.004104843194
-8998.118192147529,9871.673124389801,8004.239391556262
-9016.404222000536,9891.514032215593,8022.494635706348
-9034.707500376408,9911.37760819079,8040.769837196381
-9053.028024260957,9931.263854830753,8059.064995929179
-9071.365790639898,9951.1727746504,8077.380111807458
-9089.720796498857,9971.10437016421,8095.7151847338255
-9108.09303882337,9991.058643886223,8114.070214610785
-9126.482514598876,10011.035598330038,8132.445201340732
-9144.889220810728,10031.035236008818,8150.8401448259565
-9163.313154444186,10051.057559435281,8169.255044968641
-9181.754312484414,10071.102571121708,8187.689901670867
-9200.212691916491,10091.17027357994,8206.144714834603
-9218.688289725398,10111.260669321384,8224.619484361716
-9237.181102896031,10131.373760856995,8243.114210153964
-9255.69112841319,10151.5095506973,8261.628892113
-9274.218363261583,10171.668041352377,8280.163530140373
-9292.76280442583,10191.849235331872,8298.718124137524
-9311.324448890458,10212.053135144986,8317.292674005786
-9329.903293639902,10232.279743300482,8335.887179646392