
10.0,10.0,10.0
10.0,10.0,10.0
10.0,10.0,10.0
10.0,10.0,10.0
10.0,10.0,10.0
10.0,10.0,10.0
10.0,10.0,10.0
10.0,10.0,10.0
10.0,10.0,10.0
10.0,10.0,10.0
10.0,10.0,10.0
10.0,10.0,10.0
10.0,10.0,10.0
10.0,10.0,10.0
10.0,10.0,10.0
10.0,10.0,10.0
10.0,10.0,10.0
10.0,10.0,10.0
10.0,10.0,10.0
10.0,10.0,10.0
10.0,10.0,10.0
10.0,10.0,10.0
10.0,10.0,10.0
10.0,10.0,10.0
10.0,10.0,10.0
10.0,10.0,10.0
10.0,10.0,10.0
10.0,10.0,10.0
10.0,10.0,10.0
10.0,10.0,10.0
10.0,10.0,10.0
10.0,10.0,10.0
10.0,10.0,10.0
10.0,10.0,10.0
10.0,10.0,10.0
10.0,10.0,10.0
10.0,10.0,10.0
10.0,10.0,10.0
10.0,10.0,10.0
10.0,10.0,10.0
10.0,10.0,10.0
10.0,10.0,10.0
10.0,10.0,10.0
10.0,10.0,10.0
10.0,10.0,10.0
10.0,10.0,10.0
10.0,10.0,10.0
10.0,10.0,10.0
10.0,10.0,10.0
10.0,10.0,10.0
10.0,10.0,10.0
9.157827,10.0,10.0
8.208055,10.0,10.0
7.340828,10.0,10.0
6.56633,10.0,10.0
5.8879066,10.0,10.0
5.3032436,10.0,10.0
4.8063807,9.822479,9.728344
4.393078,8.503264,8.844012
4.067727,7.280681,8.131633
3.8120532,6.1544666,7.554343
3.6112847,5.120196,7.0831995
3.4537385,4.1712503,6.6957407
3.3302584,3.3000894,6.374564
3.2336895,2.4991112,6.1062136
3.1584444,1.7610748,5.880216
3.100137,1.0793136,5.6883883
3.0553274,0.44786394,5.524284
3.0212877,-0.13859195,5.3827963
2.995851,-0.6847154,5.259845
2.9772863,-1.1946152,5.1521435
2.964202,-1.671886,5.057015
2.9554782,-2.1196663,4.972283
2.9501991,-2.5407083,4.8961496
2.9476292,-2.9374433,4.827117
2.9471612,-3.3119805,4.763944
2.948298,-3.6661985,4.705579
2.9506352,-4.001757,4.651137
2.9538383,-4.3201294,4.599863
2.9576237,-4.622614,4.551111
2.9617686,-4.9103823,4.5043283
2.9660878,-5.1844764,4.459039
2.9704227,-5.445827,4.4148297
2.9746475,-5.69528,4.3713393
2.9786577,-5.9336057,4.3282576
2.9823668,-6.1614795,4.285314
2.9857078,-6.37954,4.242271
2.9886236,-6.5883408,4.198922
2.991068,-6.78842,4.1550846
2.9930115,-6.9802456,4.1106057
2.9944196,-7.164258,4.065344
2.9952755,-7.340859,4.019186
2.9955592,-7.510413,3.9720273
2.995264,-7.6732764,3.923779
2.994381,-7.8297567,3.8743706
2.9929109,-7.980161,3.8237433
2.9908445,-8.124759,3.771837
2.9881845,-8.263806,3.718618
2.9849377,-8.397543,3.6640472
2.9811015,-8.5261965,3.6081057
2.9766815,-8.649971,3.5507693
2.9716842,-8.769065,3.492032
2.9661105,-8.883666,3.4318936
2.9599729,-8.993949,3.3703432
2.953268,-9.10007,3.3073974
2.9460082,-9.202194,3.2430627
2.9381955,-9.300455,3.177351
2.9298396,-9.395001,3.1102843
2.9209385,-9.485954,3.0418808
2.911499,-9.573437,2.9721675
2.901526,-9.657562,2.901171
2.8910286,-9.738439,2.8289187
2.880004,-9.816172,2.7554429
2.8684528,-9.890851,2.6807804
2.8563862,-9.96257,2.6049638
2.8437886,-10.0,2.5280223
2.8309393,-10.0,2.4502535
2.81812,-10.0,2.3719668
2.8053226,-10.0,2.2931886
2.7925375,-10.0,2.2139447
2.7797592,-10.0,2.1342578
2.7669683,-10.0,2.054157
2.7541695,-10.0,1.9736652
2.741343,-10.0,1.8928115
2.728478,-10.0,1.8116083
2.7155693,-10.0,1.7300899
2.7026048,-10.0,1.6482787
2.6895766,-10.0,1.5661993
2.6764646,-10.0,1.4838696
2.6632733,-10.0,1.4013159
2.6499848,-10.0,1.3185624
2.636583,-10.0,1.2356234
2.6230688,-10.0,1.1525272
2.6094196,-10.0,1.0692883
2.5956333,-10.0,0.98592925
2.5816913,-10.0,0.9024677
2.567592,-10.0,0.8189231
2.553322,-10.0,0.73531306
2.5388598,-10.0,0.6516559
2.5242023,-10.0,0.5679612
2.5093398,-10.0,0.4842534
2.4942513,-10.0,0.40054083
2.4789343,-10.0,0.31684375
2.4633722,-10.0,0.23316717
2.4475565,-10.0,0.14953792
2.4314709,-10.0,0.06595373
2.4151044,-10.0,-0.017563224
2.3984466,-10.0,-0.101005435
2.3814807,-10.0,-0.18436301
2.3642,-10.0,-0.267619
2.3465831,-10.0,-0.35076916
2.3286247,-10.0,-0.43380094
2.3103087,-10.0,-0.51670814
2.2916193,-10.0,-0.5994772
2.2725425,-10.0,-0.68210864
2.253067,-10.0,-0.7645806
2.2331843,-10.0,-0.8468921
2.212873,-10.0,-0.9290401
2.1921196,-10.0,-1.011008
2.17091,-10.0,-1.0927895
2.1492345,-10.0,-1.1743824
2.1270688,-10.0,-1.255775
2.1044056,-10.0,-1.3369565
2.0812361,-10.0,-1.4179235
2.057535,-10.0,-1.498666
2.033296,-10.0,-1.5791746
2.0085013,-10.0,-1.6594391
1.9831374,-10.0,-1.7394502
1.9571917,-10.0,-1.8192004
1.9306527,-10.0,-1.8986754
1.9035021,-10.0,-1.9778663
1.8757396,-10.0,-2.0567577
1.8473442,-10.0,-2.1353316
1.8183028,-10.0,-2.2135835
1.7886229,-10.0,-2.2914865
1.7582814,-10.0,-2.369029
1.7272716,-10.0,-2.4461875
1.6955993,-10.0,-2.5229373
1.6632531,-10.0,-2.599258
1.6302288,-10.0,-2.6751292
1.5965436,-10.0,-2.7505102
1.5621864,-10.0,-2.825372
1.5271641,-10.0,-2.8996887
1.491493,-10.0,-2.973411
1.455184,-10.0,-3.0465088
1.4182595,-10.0,-3.1189191
1.3807322,-10.0,-3.1906042
1.3426349,-10.0,-3.2615023
1.3039994,-10.0,-3.331565
1.2648621,-10.0,-3.4007163
1.2252655,-10.0,-3.4688873
1.1852592,-10.0,-3.536006
1.1449015,-10.0,-3.601985
1.1042563,-10.0,-3.6667411
1.063389,-10.0,-3.730172
1.0223879,-10.0,-3.792177
0.98133504,-10.0,-3.8526459
0.94031584,-10.0,-3.91146
0.89944744,-10.0,-3.9684935
0.85883033,-10.0,-4.0236154
0.8185791,-9.953314,-4.07669
0.7791027,-9.847931,-4.1273117
0.7408452,-9.740194,-4.1750665
0.7038989,-9.6301565,-4.219869
0.6683532,-9.5179,-4.2616496
0.6342927,-9.40351,-4.300337
0.6017864,-9.287045,-4.335862
0.57090247,-9.168616,-4.368183
0.5416956,-9.048312,-4.3972564
0.51420915,-8.926233,-4.423041
0.48848093,-8.802477,-4.445523
0.46453,-8.67717,-4.4646883
0.44236958,-8.5504265,-4.480539
0.4219972,-8.422364,-4.493082
0.40340507,-8.293128,-4.502351
0.3865583,-8.162845,-4.5083833
0.37143666,-8.031666,-4.511223
0.35798645,-7.8997316,-4.5109286
0.34615594,-7.767209,-4.5075836
0.33589202,-7.63425,-4.5012536
0.3271193,-7.5010176,-4.492042
0.31977016,-7.3676815,-4.480045
0.31376958,-7.234414,-4.4653664
0.30903596,-7.101384,-4.4481254
0.30548584,-6.9687567,-4.428439
0.30304426,-6.836714,-4.4064307
0.30163205,-6.70542,-4.382228
0.30116302,-6.5750365,-4.355957
0.30156213,-6.4457426,-4.3277555
0.3027538,-6.3176837,-4.2977567
0.30466908,-6.1910086,-4.2660794
0.3072369,-6.065882,-4.232869
0.3103919,-5.942422,-4.198248
0.31407654,-5.82077,-4.162343
0.3182325,-5.701046,-4.1252785
0.3228044,-5.5833545,-4.0871735
0.3277464,-5.4678016,-4.048144
0.33300912,-5.3544774,-4.0083055
0.33855072,-5.2434616,-3.9677644
0.34433258,-5.1348295,-3.9266267
0.35031372,-5.0286355,-3.8849926
0.3564653,-4.9249377,-3.8429544
0.3627544,-4.823768,-3.8006
0.36914974,-4.7251563,-3.7580185
0.37562302,-4.629119,-3.715282
0.38215315,-4.5356874,-3.6724772
0.38871408,-4.4448605,-3.6296704
0.39528012,-4.35662,-3.5869236
0.40183634,-4.2709723,-3.544301
0.408364,-4.187892,-3.5018544
0.41483963,-4.107352,-3.4596386
0.4212534,-4.0293303,-3.4176977
0.42758283,-3.9537978,-3.3760843
0.43381712,-3.8807087,-3.334828
0.4399438,-3.8100162,-3.2939649
0.445949,-3.7416854,-3.2535272
0.4518227,-3.6756675,-3.2135448
0.457556,-3.6119018,-3.1740363
0.46313798,-3.5503378,-3.135025
0.46855968,-3.4909353,-3.0965333
0.47381324,-3.433622,-3.0585704
0.47889304,-3.3783379,-3.0211477
0.48379374,-3.3250282,-2.9842699
0.4885131,-3.2736473,-2.9479527
0.49304312,-3.2241237,-2.9121943
0.4973799,-3.176409,-2.8770032
0.5015229,-3.1304407,-2.8423727
0.5054718,-3.0861535,-2.8082972
0.5092195,-3.0435019,-2.7747822
0.5127733,-3.0024164,-2.741816
0.51612425,-2.9628658,-2.709402
0.51928115,-2.924773,-2.6775198
0.52224183,-2.8880982,-2.6461663
0.525005,-2.8527713,-2.6153283
0.5275781,-2.8187656,-2.5849953
0.52995616,-2.7860236,-2.5551636
0.5321466,-2.7544923,-2.525813
0.5341521,-2.7241325,-2.496934
0.5359742,-2.6948974,-2.4685082
0.537624,-2.6667387,-2.4405212
0.53909075,-2.639628,-2.4129746
0.54039156,-2.613512,-2.3858345
0.5415252,-2.5883508,-2.359085
0.5424943,-2.5641203,-2.3327358
0.5433115,-2.5407727,-2.3067412
0.54397637,-2.5182745,-2.2811065
0.5444824,-2.4966106,-2.2558177
0.5448537,-2.4757288,-2.2308486
0.5450852,-2.455604,-2.2061906
0.5451827,-2.436212,-2.1818314
0.5451534,-2.4175186,-2.1577477
0.5450007,-2.399503,-2.1339355
0.54472774,-2.3821368,-2.1103706
0.5443414,-2.3654041,-2.0870593
0.54384774,-2.3492684,-2.0639622
0.54324645,-2.33372,-2.0410867
0.5425509,-2.3187368,-2.0184104
0.54176116,-2.3042922,-1.9959195
0.54088295,-2.2903738,-1.9736067
0.5399157,-2.2769709,-1.9514577
0.53886783,-2.2640598,-1.9294704
0.53775454,-2.2516127,-1.9076118
0.5365619,-2.23964,-1.8858937
0.5353105,-2.2281013,-1.8642863
0.53398937,-2.2170172,-1.842806
0.53261423,-2.2063491,-1.8214139
0.5311939,-2.1960812,-1.8001059
0.5297164,-2.1862285,-1.7788954
0.52819765,-2.1767645,-1.7577502
0.5266359,-2.1676857,-1.736671
0.52503943,-2.1589844,-1.7156495
0.52340794,-2.1506476,-1.6946744
0.5217554,-2.1426609,-1.6737369
0.5200731,-2.1350427,-1.6528369
0.51837176,-2.1277616,-1.6319577
0.51665485,-2.1208258,-1.6110971
0.51491994,-2.1142263,-1.5902545
0.51318014,-2.1079588,-1.5694137
0.5114292,-2.1020224,-1.5485744
0.50967497,-2.096412,-1.5277276
0.50792396,-2.0911176,-1.5068645
0.5061751,-2.0861523,-1.4859929
0.50443316,-2.081497,-1.4650939
0.50269973,-2.0771568,-1.4441681
0.50098443,-2.0731275,-1.4232097
0.49927786,-2.069421,-1.4022176
0.49759978,-2.0660086,-1.3811727
0.49593252,-2.0629265,-1.3600919
0.494299,-2.060144,-1.338958
0.4926908,-2.0576737,-1.3177683
0.49111128,-2.0555243,-1.2965295
0.48956686,-2.0536766,-1.2752173
0.48805767,-2.0521457,-1.2538455
0.4865914,-2.0509298,-1.2324076
0.4851614,-2.0500276,-1.2108986
0.48378307,-2.0494409,-1.1893034
0.48244387,-2.0491767,-1.1676459
0.48115644,-2.049241,-1.1459033
0.4799207,-2.0496204,-1.1240733
0.4787343,-2.0503368,-1.102164
0.4776116,-2.0513704,-1.0801606
0.47655085,-2.0527344,-1.0580654
0.47554356,-2.054448,-1.0358784
0.47460368,-2.0564866,-1.0135996
0.47373143,-2.0588698,-0.9912143
0.47292686,-2.061597,-0.96873355
0.4721913,-2.064683,-0.9461489
0.4715303,-2.0681088,-0.9234617
0.47094893,-2.0718935,-0.9006598
0.47044364,-2.076033,-0.87774897
0.470014,-2.0805476,-0.85473204
0.46966878,-2.0854282,-0.83160305
0.4694071,-2.0906844,-0.8083632
0.46924153,-2.0963058,-0.78499055
0.4691594,-2.10232,-0.7615125
0.46916035,-2.108724,-0.7379153
0.46926054,-2.1155093,-0.71419215
0.469445,-2.1227064,-0.6903553
0.46973908,-2.1302977,-0.6663804
0.47012782,-2.1382866,-0.6422782
0.47062358,-2.1466959,-0.6180556
0.47121447,-2.1555238,-0.59370327
0.47191045,-2.164775,-0.56921506
0.47272262,-2.1744432,-0.54459095
0.4736317,-2.1845632,-0.5198343
0.47466803,-2.1950984,-0.49493146
0.47579828,-2.2060966,-0.46991062
0.47705376,-2.2175393,-0.4447353
0.4784289,-2.2294362,-0.41941452
0.47992498,-2.2417908,-0.39395452
0.481539,-2.2546163,-0.3683517
0.48327592,-2.267908,-0.3425963
0.48513663,-2.2816873,-0.31669712
0.48712108,-2.2959535,-0.2906518
0.48923635,-2.3107023,-0.2644484
0.49148846,-2.3259459,-0.23808742
0.49386752,-2.3416924,-0.21157455
0.4963923,-2.3579435,-0.1848948
0.49904305,-2.3747144,-0.15806437
0.5018269,-2.392018,-0.13107991
0.5047594,-2.4098299,-0.103924274
0.5078371,-2.428175,-0.076595545
0.5110554,-2.4470642,-0.04911089
0.5144184,-2.4664989,-0.02145791
0.5179284,-2.4864821,0.006372452
0.5215916,-2.5070186,0.034371853
0.525406,-2.528117,0.06255007
0.5293712,-2.5497909,0.09089899
0.5334891,-2.5720375,0.119428396
0.53776616,-2.5948713,0.14814568
0.54220545,-2.618288,0.17704082
0.5468028,-2.6422894,0.20612264
0.5515562,-2.6669068,0.23538828
0.5564746,-2.6921177,0.2648468
0.5615621,-2.717947,0.294497
0.5668217,-2.7443929,0.32435012
0.57223547,-2.7714608,0.35438752
0.57782406,-2.799157,0.38462615
0.58358717,-2.8274927,0.41506934
0.5895279,-2.8564692,0.44572663
0.5956313,-2.8860905,0.47657895
0.60192275,-2.9163592,0.5076513
0.60838324,-2.9473014,0.5389209
0.61502683,-2.9788992,0.57041025
0.6218459,-3.0111625,0.60211897
0.62885106,-3.0441113,0.6340563
0.63603187,-3.0777366,0.66620135
0.64339805,-3.1120505,0.6985798
0.65095484,-3.1470518,0.73119235
0.6586897,-3.1827543,0.7640252
0.6666182,-3.2191567,0.7970984
0.67473775,-3.2562642,0.8304143
0.6830321,-3.294088,0.86395407
0.69152826,-3.3326268,0.89775825
0.70020795,-3.3718817,0.9317992
0.7090794,-3.4118772,0.9660902
0.7181484,-3.452588,1.0006397
0.7274036,-3.49405,1.0354412
0.7368498,-3.5362473,1.0704987
0.7464961,-3.5791802,1.1058354
0.7563313,-3.6228628,1.1414292
0.76636744,-3.6672964,1.1773033
0.7765956,-3.7124867,1.2134557
0.78700936,-3.7584515,1.2498746
0.79762006,-3.8051572,1.2865784
0.8084399,-3.8526382,1.323586
0.81943727,-3.9008894,1.3608685
0.8306271,-3.9499187,1.3984485
0.84202456,-3.999714,1.4363351
0.8536095,-4.050288,1.474529
0.86538213,-4.1016507,1.51303
0.8773406,-4.1537957,1.5518415
0.88950837,-4.2067275,1.5909793
0.90185136,-4.2604456,1.6304302
0.914385,-4.3149557,1.6702137
0.92711854,-4.3702545,1.7103384
0.94003826,-4.426343,1.7508104
0.9531398,-4.4832273,1.79162
0.9664187,-4.5409155,1.8327723
0.97988987,-4.5994034,1.8742974
0.9935307,-4.6586833,1.9161625
1.0073602,-4.7187653,1.9584122
1.0213686,-4.779645,2.001031
1.0355489,-4.8413363,2.0440428
1.0499188,-4.903814,2.087449
1.0644453,-4.967104,2.1312294
1.0791552,-5.031189,2.1754413
1.0940182,-5.0960827,2.2200367
1.1090586,-5.1617723,2.265066
1.12426,-5.228268,2.3105314
1.1396257,-5.295557,2.356423
1.155147,-5.36366,2.40276
1.1708262,-5.4325504,2.449549
1.1866616,-5.5022426,2.4968019
1.2026322,-5.5727406,2.5444963
1.2187626,-5.644034,2.5926986
1.2350526,-5.7161098,2.6413994
1.25146,-5.788994,2.6905653
1.2680186,-5.862666,2.7402632
1.2847251,-5.9371257,2.7904878
1.3015516,-6.0123787,2.8412182
1.3185112,-6.0884247,2.892506
1.3356088,-6.1652546,2.944355
1.3528235,-6.2428675,2.996747
1.3701625,-6.3212733,3.049738
1.387615,-6.4004593,3.1033015
1.4052026,-6.480413,3.1574857
1.422888,-6.5611687,3.2122583
1.440702,-6.642687,3.267682
1.4586189,-6.7249856,3.3237479
1.4766433,-6.8080606,3.3804564
1.4947822,-6.8919067,3.437851
1.5130183,-6.9765263,3.495916
1.531358,-7.0619164,3.5546827
1.5498006,-7.148076,3.6141691
1.5683396,-7.235002,3.6743863
1.5869764,-7.322706,3.735335
1.6057245,-7.4111505,3.797058
1.6245501,-7.5003834,3.8595529
1.6434793,-7.590364,3.9228354
1.662508,-7.681123,3.9869452
1.6816245,-7.772639,4.0518494
1.7008443,-7.8649225,4.117607
1.7201564,-7.9579625,4.1842346
1.7395656,-8.051775,4.2517276
1.7590733,-8.146347,4.320121
1.778683,-8.241687,4.389409
1.7983888,-8.33778,4.459633
1.8181942,-8.434649,4.530802
1.8381226,-8.532272,4.602932
1.858147,-8.63068,4.6760416
1.8782752,-8.729845,4.750124
1.8985399,-8.829778,4.8252497
1.9189032,-8.930477,4.901376
1.9393933,-9.031963,4.978548
1.9600203,-9.134203,5.056805
1.9807694,-9.23722,5.1361136
2.0016627,-9.341014,5.2165265
2.0226924,-9.445594,5.298039
2.0438638,-9.550947,5.3806777
2.065195,-9.657084,5.4644265
2.086689,-9.76399,5.549353
2.1083443,-9.871688,5.635436
2.1301856,-9.9801655,5.7227077
2.1521883,-10.0,5.811131
2.1734571,-10.0,5.8970475
2.1938267,-10.0,5.979693
2.2134047,-10.0,6.0592775
2.2322521,-10.0,6.1358795
2.2504406,-10.0,6.2096777
2.2680218,-10.0,6.2807407
2.2850575,-10.0,6.349166
2.3016162,-10.0,6.415147
2.31774,-10.0,6.478678
2.3334513,-10.0,6.5398903
2.3488135,-10.0,6.5988545
2.3638525,-10.0,6.655634
2.378623,-10.0,6.7103415
2.3931413,-10.0,6.763003
2.4074268,-10.0,6.8136697
2.421534,-10.0,6.8624163
2.43546,-10.0,6.9092803
2.4492497,-10.0,6.9543176
2.4629164,-10.0,6.9975734
2.4764786,-10.0,7.0390773
2.489942,-10.0,7.078871
2.503354,-10.0,7.117011
2.516685,-10.0,7.153473
2.5299983,-10.0,7.1883245
2.543262,-10.0,7.2216034
2.5565226,-10.0,7.2533035
2.5697803,-10.0,7.2834797
2.5830183,-10.0,7.3121204
2.5962772,-10.0,7.339278
2.609553,-10.0,7.3649364
2.6228485,-10.0,7.3891478
2.6361804,-10.0,7.411883
2.6495442,-10.0,7.4332314
2.6629362,-10.0,7.4531374
2.6763854,-10.0,7.4716587
2.689873,-10.0,7.488806
2.703413,-10.0,7.5045466
2.7170029,-10.0,7.518946
2.7306447,-10.0,7.5320296
2.7443419,-10.0,7.5437436
2.7581081,-10.0,7.554165
2.77192,-10.0,7.5632653
2.7857864,-10.0,7.571082
2.7997012,-10.0,7.577604
2.8136945,-10.0,7.582892
2.8277173,-10.0,7.5868726