
10.0,10.0,10.0
10.0,10.0,10.0
10.0,10.0,10.0
10.0,10.0,10.0
10.0,10.0,10.0
10.0,10.0,10.0
10.0,10.0,10.0
10.0,10.0,10.0
10.0,10.0,10.0
10.0,10.0,10.0
10.0,10.0,10.0
10.0,10.0,10.0
10.0,10.0,10.0
10.0,10.0,10.0
10.0,10.0,10.0
10.0,10.0,10.0
10.0,10.0,10.0
10.0,10.0,10.0
10.0,10.0,10.0
10.0,10.0,10.0
10.0,10.0,10.0
10.0,10.0,10.0
10.0,10.0,10.0
10.0,10.0,10.0
10.0,10.0,10.0
10.0,10.0,10.0
10.0,10.0,10.0
10.0,10.0,10.0
10.0,10.0,10.0
10.0,10.0,10.0
10.0,10.0,10.0
10.0,10.0,10.0
10.0,10.0,10.0
10.0,10.0,10.0
10.0,10.0,10.0
10.0,10.0,10.0
10.0,10.0,10.0
10.0,10.0,10.0
10.0,10.0,10.0
9.223749,10.0,10.0
8.330186,10.0,10.0
7.494645,10.0,10.0
6.7291784,10.0,10.0
6.0421863,10.0,10.0
5.4372697,10.0,10.0
4.9136934,10.0,10.0
4.4675565,9.909826,9.731993
4.095311,8.8050585,8.923773
3.8009386,7.7679625,8.2618685
3.5695226,6.798744,7.716591
3.3886073,5.8951735,7.264371
3.248059,5.0535493,6.8866525
3.1397414,4.2694473,6.568883
3.0571713,3.538209,6.299642
2.9951875,2.855248,6.0699396
2.9496832,2.2162216,5.872657
2.917382,1.6171132,5.702116
2.8956594,1.0542727,5.553771
2.8824093,0.5244108,5.423952
2.8759294,0.024584915,5.309664
2.874835,-0.44782972,5.208461
2.878008,-0.8951696,5.118314
2.8845284,-1.3195322,5.0375366
2.8936412,-1.7227609,4.964719
2.9047298,-2.1065178,4.8986654
2.9172833,-2.4722745,4.8383646
2.930876,-2.8213525,4.782949
2.9451632,-3.154942,4.7316656
2.959851,-3.4741046,4.683875
2.9747038,-3.7798042,4.639005
2.9895225,-4.0728993,4.5965667
3.004144,-4.354176,4.55612
3.0184345,-4.624345,4.5172844
3.0322871,-4.884057,4.4797173
3.0456057,-5.1338944,4.4431076
3.0583262,-5.3744097,4.4071865
3.0703912,-5.606085,4.3717117
3.0817518,-5.8293743,4.336457
3.09238,-6.044707,4.3012276
3.1022487,-6.2524505,4.2658496
3.1113367,-6.4529753,4.2301493
3.1196446,-6.6466074,4.1939936
3.127159,-6.8336563,4.157243
3.1338825,-7.0144067,4.119789
3.1398184,-7.189126,4.081517
3.1449718,-7.3580647,4.042334
3.1493545,-7.5214643,4.00216
3.1529727,-7.679527,3.960916
3.155846,-7.8324847,3.9185383
3.1579833,-7.980516,3.874968
3.1594038,-8.123816,3.8301525
3.1601186,-8.262548,3.784054
3.160142,-8.396882,3.7366285
3.1594949,-8.52698,3.6878579
3.1581903,-8.652988,3.637705
3.156247,-8.775054,3.586163
3.153675,-8.893307,3.5332117
3.1504912,-9.007874,3.4788437
3.1467156,-9.11888,3.4230618
3.142352,-9.22645,3.365857
3.1374197,-9.330685,3.3072383
3.1319277,-9.431695,3.2472122
3.1258864,-9.52958,3.1857953
3.1193085,-9.624441,3.122995
3.1122024,-9.716372,3.058828
3.104575,-9.805449,2.9933226
3.0964394,-9.891774,2.9264922
3.0877972,-9.975414,2.8583674
3.078658,-10.0,2.7889712
3.0694923,-10.0,2.7187557
3.060494,-10.0,2.6479354
3.05167,-10.0,2.576532
3.0430064,-10.0,2.504568
3.034502,-10.0,2.4320605
3.0261478,-10.0,2.3590457
3.017945,-10.0,2.2855456
3.0098815,-10.0,2.2115798
3.001955,-10.0,2.1371737
2.9941602,-10.0,2.0623596
2.9864905,-10.0,1.9871517
2.9789407,-10.0,1.9115847
2.9715018,-10.0,1.8356779
2.9641762,-10.0,1.7594588
2.9569445,-10.0,1.6829427
2.9498148,-10.0,1.6061642
2.9427695,-10.0,1.5291383
2.9358044,-10.0,1.4518883
2.9289198,-10.0,1.3744375
2.922107,-10.0,1.296813
2.9153543,-10.0,1.2190212
2.9086647,-10.0,1.141099
2.9020233,-10.0,1.0630552
2.8954258,-10.0,0.9849074
2.8888757,-10.0,0.9066849
2.882355,-10.0,0.8283987
2.8758636,-10.0,0.7500688
2.8693995,-10.0,0.67170715
2.8629484,-10.0,0.59333396
2.8565116,-10.0,0.51496184
2.8500795,-10.0,0.4366101
2.8436515,-10.0,0.35828567
2.8372145,-10.0,0.2800064
2.830772,-10.0,0.20178378
2.824308,-10.0,0.12363148
2.8178263,-10.0,0.04556465
2.8113236,-10.0,-0.03241229
2.8047857,-10.0,-0.11028457
2.7982106,-10.0,-0.1880436
2.7916014,-10.0,-0.26568174
2.78494,-10.0,-0.34318566
2.7782273,-10.0,-0.42055058
2.7714605,-10.0,-0.49776363
2.7646322,-10.0,-0.57482696
2.7577415,-10.0,-0.6517217
2.7507734,-10.0,-0.7284508
2.7437332,-10.0,-0.8050015
2.7366123,-10.0,-0.88137317
2.7294052,-10.0,-0.9575558
2.7220993,-10.0,-1.0335488
2.7147026,-10.0,-1.1093485
2.707198,-10.0,-1.184947
2.6995893,-10.0,-1.2603407
2.6918674,-10.0,-1.3355267
2.6840205,-10.0,-1.4105022
2.6760538,-10.0,-1.4852643
2.667953,-10.0,-1.5598121
2.6597137,-10.0,-1.6341467
2.6513352,-10.0,-1.7082555
2.6428027,-10.0,-1.7821491
2.6341114,-10.0,-1.8558178
2.62526,-10.0,-1.9292607
2.6162379,-10.0,-2.0024853
2.6070342,-10.0,-2.0754821
2.5976477,-10.0,-2.1482515
2.5880651,-10.0,-2.2207987
2.5782838,-10.0,-2.2931194
2.5682921,-10.0,-2.3652203
2.558079,-10.0,-2.4370894
2.5476408,-10.0,-2.5087402
2.536967,-10.0,-2.5801656
2.5260468,-10.0,-2.6513689
2.5148673,-10.0,-2.72235
2.503429,-10.0,-2.7931085
2.4917116,-10.0,-2.8636525
2.4797025,-10.0,-2.9339776
2.4673991,-10.0,-3.004085
2.4547849,-10.0,-3.0739744
2.4418464,-10.0,-3.1436548
2.4285755,-10.0,-3.2131197
2.4149504,-10.0,-3.2823763
2.4009786,-10.0,-3.3514187
2.3866162,-10.0,-3.4202569
2.371875,-10.0,-3.4888856
2.3567257,-10.0,-3.5573075
2.341158,-10.0,-3.625524
2.3251529,-10.0,-3.693536
2.3087034,-10.0,-3.7613425
2.2917855,-10.0,-3.828945
2.274384,-10.0,-3.8963377
2.256483,-10.0,-3.963526
2.2380567,-10.0,-4.030507
2.2190971,-10.0,-4.097283
2.1995826,-10.0,-4.16384
2.1794891,-10.0,-4.230186
2.1588066,-10.0,-4.296315
2.137507,-10.0,-4.3622165
2.1155686,-10.0,-4.4278936
2.0929832,-10.0,-4.493327
2.069716,-10.0,-4.558524
2.0457554,-10.0,-4.6234627
2.0210752,-10.0,-4.6881413
1.9956609,-10.0,-4.7525353
1.9694837,-10.0,-4.8166437
1.9425277,-10.0,-4.8804417
1.9147779,-10.0,-4.9439135
1.8862008,-10.0,-5.007039
1.8567923,-10.0,-5.0697865
1.8265169,-10.0,-5.132139
1.7953755,-10.0,-5.1940565
1.7633368,-10.0,-5.255517
1.7303909,-10.0,-5.3164787
1.6965281,-10.0,-5.376893
1.6617379,-10.0,-5.436721
1.6259986,-10.0,-5.4959106
1.5893143,-10.0,-5.5544014
1.551679,-10.0,-5.6121345
1.5130919,-10.0,-5.66904
1.4735538,-10.0,-5.7250433
1.4330746,-10.0,-5.780062
1.3916689,-10.0,-5.8340073
1.3493454,-10.0,-5.886785
1.3061309,-10.0,-5.9382825
1.2620541,-10.0,-5.9883833
1.2171454,-10.0,-6.0369663
1.1714474,-10.0,-6.083911
1.1250083,-10.0,-6.129047
1.077877,-10.0,-6.172245
1.0301243,-10.0,-6.213331
0.98181283,-10.0,-6.2521343
0.9330156,-10.0,-6.2884703
0.8838241,-10.0,-6.322146
0.8343179,-10.0,-6.3529587
0.7845936,-10.0,-6.380704
0.7347579,-10.0,-6.4051514
0.6848928,-10.0,-6.4260993
0.6351186,-10.0,-6.443304
0.58552027,-10.0,-6.4565477
0.53620565,-10.0,-6.4655924
0.4872601,-10.0,-6.470212
0.43876207,-10.0,-6.470193
0.39078867,-10.0,-6.465308
0.3433807,-10.0,-6.455362
0.2965864,-10.0,-6.440149
0.25041044,-10.0,-6.419508
0.20485091,-10.0,-6.3932657
0.15987426,-10.0,-6.3612776
0.11542183,-9.86347,-6.3234215
0.07210702,-9.703926,-6.279994
0.029925168,-9.54274,-6.231176
-0.011243582,-9.379875,-6.1771355
-0.05152291,-9.215285,-6.1180534
-0.09101671,-9.0489235,-6.0541015
-0.12981692,-8.880778,-5.985479
-0.16798899,-8.710839,-5.912368
-0.20556757,-8.539117,-5.834941
-0.2425482,-8.365687,-5.753371
-0.2788801,-8.190636,-5.6678085
-0.314467,-8.014111,-5.5783987
-0.3491634,-7.836311,-5.485252
-0.38276973,-7.6574965,-5.3884735
-0.41504002,-7.4779935,-5.2881494
-0.44568768,-7.2981834,-5.184346
-0.47438192,-7.1185117,-5.0771284
-0.5007676,-6.9394903,-4.966532
-0.5244666,-6.76167,-4.85262
-0.54509306,-6.5856404,-4.7354193
-0.5622754,-6.4120464,-4.6150007
-0.57565886,-6.2415304,-4.491438
-0.58491474,-6.0747395,-4.3648186
-0.58978075,-5.9123325,-4.235276
-0.59004223,-5.754897,-4.1029587
-0.58555925,-5.603011,-3.9680624
-0.57626283,-5.457198,-3.8308184
-0.56216973,-5.3179083,-3.6914961
-0.54336965,-5.1854944,-3.5503955
-0.5200461,-5.060273,-3.4078789
-0.49242365,-4.9424353,-3.2642884
-0.4608215,-4.832122,-3.1200354
-0.42559052,-4.729394,-2.9755356
-0.38712132,-4.6342115,-2.8311865
-0.34584755,-4.546507,-2.6874213
-0.3021928,-4.466133,-2.5446248
-0.2566054,-4.392909,-2.4032116
-0.20950603,-4.3266068,-2.263534
-0.16132343,-4.2669787,-2.1259348
-0.11243844,-4.2137537,-1.9907222
-0.06322104,-4.16666,-1.858166
-0.0139936805,-4.125392,-1.728492
0.03495097,-4.089663,-1.601898
0.08335388,-4.0591936,-1.478539
0.13100553,-4.0336905,-1.3585219
0.17772186,-4.0128975,-1.2419176
0.22333819,-3.996552,-1.1287975
0.26775998,-3.984398,-1.0191534
0.31088006,-3.9762053,-0.9129796
0.35264927,-3.9717472,-0.81022954
0.39302897,-3.9708223,-0.71083856
0.43199027,-3.973225,-0.6147399
0.46952784,-3.9787874,-0.52183366
0.5056709,-3.987318,-0.4320054
0.54043067,-3.998681,-0.34514832
0.5738529,-4.012699,-0.2611184
0.6059778,-4.0292616,-0.17979717
0.6368403,-4.048229,-0.10105038
0.66652507,-4.069477,-0.02472043
0.6950563,-4.0929112,0.049296618
0.7225207,-4.1184163,0.12117028
0.74897,-4.1458945,0.19102192
0.77446496,-4.175269,0.25899053
0.7990687,-4.2064643,0.32520652
0.8228415,-4.2393827,0.38978553
0.84584904,-4.2739763,0.452873
0.8681394,-4.3101764,0.51455283
0.8897796,-4.3479204,0.57496977
0.9108149,-4.3871603,0.6342113
0.9312982,-4.42785,0.69237995
0.9512837,-4.4699273,0.74958014
0.970817,-4.5133634,0.8059144
0.9899373,-4.558113,0.8614557
1.0086958,-4.60415,0.9162855
1.0271347,-4.651433,0.97051024
1.0452757,-4.699929,1.0241642
1.0631657,-4.749628,1.077343
1.0808337,-4.8004875,1.1301084
1.098316,-4.8524895,1.1825268
1.1156347,-4.9056153,1.2346385
1.1328169,-4.959833,1.286511
1.149894,-5.0151405,1.3381987
1.1668817,-5.071507,1.3897545
1.1837946,-5.1289306,1.4411974
1.2006667,-5.1873903,1.4926071
1.2175052,-5.2468686,1.5439892
1.2343379,-5.307356,1.595412
1.2511594,-5.3688517,1.6468778
1.2680043,-5.431325,1.6984508
1.2848854,-5.494776,1.7501619
1.3017788,-5.559208,1.802001
1.3187399,-5.624586,1.8540502
1.3357484,-5.690926,1.9063092
1.3528214,-5.758206,1.9587878
1.3699667,-5.8264217,2.0115404
1.3871875,-5.895562,2.064581
1.4044908,-5.9656286,2.1179152
1.4218849,-6.036606,2.1716006
1.4393673,-6.1084967,2.2256126
1.4569426,-6.1812744,2.2800007
1.474608,-6.254966,2.3347685
1.4923823,-6.3295393,2.389957
1.510253,-6.4049993,2.4455457
1.528218,-6.4813414,2.5015879
1.5462816,-6.5585527,2.5580697
1.5644476,-6.6366277,2.6150348
1.5827334,-6.7155533,2.6725137
1.6011038,-6.795348,2.730473
1.619571,-6.8759937,2.7889516
1.638138,-6.957484,2.8479695
1.6568004,-7.0397997,2.9075313
1.6755631,-7.1229634,2.9676695
1.6944182,-7.2069445,3.028401
1.7133601,-7.2917576,3.089715
1.7324002,-7.3773785,3.1516519
1.7515266,-7.4638195,3.2142115
1.7707366,-7.5510564,3.2774165
1.7900288,-7.6390967,3.3412774
1.8094063,-7.7279387,3.4058168
1.8288627,-7.817565,3.4710593
1.8484037,-7.9079742,3.5370173
1.8680108,-7.9991775,3.6036723
1.8876997,-8.09115,3.671084
1.9074605,-8.183891,3.7392497
1.9272935,-8.277395,3.8081923
1.9471972,-8.371664,3.8779235
1.9671829,-8.466677,3.9484835
1.9872248,-8.562462,4.019835
2.00734,-8.658987,4.0920467
2.0275266,-8.756266,4.1650987
2.0477846,-8.854261,4.2390614
2.0681093,-8.95302,4.3138905
2.0885172,-9.052493,4.389651
2.1089954,-9.152702,4.4663324
2.1295383,-9.253641,4.5439525
2.1501732,-9.355308,4.622544
2.1708722,-9.457684,4.702105
2.1916606,-9.560788,4.782672
2.2125459,-9.664597,4.864275
2.2335145,-9.769121,4.946888
2.2545738,-9.874369,5.0305505
2.275731,-9.980318,5.115275
2.2970023,-10.0,5.201097
2.31736,-10.0,5.2844505
2.3366752,-10.0,5.364663
2.3550315,-10.0,5.4418983
2.372533,-10.0,5.516326
2.3892517,-10.0,5.588096
2.4052587,-10.0,5.6573267
2.4206042,-10.0,5.724117
2.435379,-10.0,5.7886
2.4496272,-10.0,5.850882
2.4633992,-10.0,5.9110603
2.476748,-10.0,5.969205
2.4897137,-10.0,6.0254135
2.5023496,-10.0,6.0797725
2.5146775,-10.0,6.1323247
2.5267296,-10.0,6.1831355
2.538558,-10.0,6.23228
2.5501726,-10.0,6.2798
2.5616074,-10.0,6.32574
2.5728796,-10.0,6.3701487
2.5840292,-10.0,6.413084
2.5950608,-10.0,6.4545345
2.606018,-10.0,6.494625
2.616881,-10.0,6.5332828
2.6276946,-10.0,6.570624
2.6384704,-10.0,6.6066265
2.6492143,-10.0,6.641306
2.6599562,-10.0,6.6747384
2.6706676,-10.0,6.706868
2.6814015,-10.0,6.737781
2.692145,-10.0,6.767458
2.7029152,-10.0,6.7959204
2.7137222,-10.0,6.8231993
2.7245636,-10.0,6.8492823
2.7354612,-10.0,6.8741927
2.7463965,-10.0,6.897921
2.7574024,-10.0,6.920539
2.7684622,-10.0,6.9419923
2.7795944,-10.0,6.962294
2.790793,-10.0,6.9814796
2.802064,-10.0,6.999566
2.8133907,-10.0,7.0165024
2.8248167,-10.0,7.0323586
2.836317,-10.0,7.0471225
2.847886,-10.0,7.0607905
2.8595562,-10.0,7.0733786
2.8712912,-10.0,7.0848446
2.8830967,-10.0,7.0952587
2.8949986,-10.0,7.10463
2.906981,-10.0,7.1129255
2.9190416,-10.0,7.1201897
2.9311807,-10.0,7.1263933
2.9433954,-10.0,7.13155
2.9556794,-10.0,7.135676
2.968047,-10.0,7.138796
2.9804864,-10.0,7.140894
2.9929986,-10.0,7.141989
3.0055742,-10.0,7.142077
3.018216,-10.0,7.141175
3.0309286,-10.0,7.139287
3.0436912,-10.0,7.136427
3.0565157,-10.0,7.132621
3.0694027,-10.0,7.127857
3.0823398,-10.0,7.1221595
3.0953238,-10.0,7.1155524
3.1083584,-10.0,7.1080103
3.1214318,-10.0,7.099551
3.1345613,-10.0,7.0902367
3.147713,-10.0,7.0800314
3.1608915,-10.0,7.068944
3.1741104,-10.0,7.0570083
3.1873531,-10.0,7.044256
3.2006125,-10.0,7.030682
3.213901,-10.0,7.016284
3.2272115,-10.0,7.0011225
3.2405252,-10.0,6.985163
3.2538502,-10.0,6.9684324
3.2671845,-10.0,6.95099
3.2805195,-10.0,6.9327984
3.2938528,-10.0,6.913897
3.3071933,-10.0,6.8943243
3.320519,-10.0,6.874041
3.333834,-10.0,6.8531184
3.347139,-10.0,6.8315606
3.360416,-10.0,6.8093576
3.373698,-10.0,6.786574
3.3869433,-10.0,6.763207
3.4001675,-10.0,6.739217
3.4133615,-10.0,6.7147083