
10.0,10.0,10.0
10.0,10.0,10.0
10.0,10.0,10.0
10.0,10.0,10.0
10.0,10.0,10.0
10.0,10.0,10.0
10.0,10.0,10.0
10.0,10.0,10.0
10.0,10.0,10.0
10.0,10.0,10.0
10.0,10.0,10.0
10.0,10.0,10.0
10.0,10.0,10.0
10.0,10.0,10.0
10.0,10.0,10.0
10.0,10.0,10.0
10.0,10.0,10.0
10.0,10.0,10.0
10.0,10.0,10.0
10.0,10.0,10.0
10.0,10.0,10.0
10.0,10.0,10.0
10.0,10.0,10.0
10.0,10.0,10.0
10.0,10.0,10.0
10.0,10.0,10.0
10.0,10.0,10.0
10.0,10.0,10.0
10.0,10.0,10.0
10.0,10.0,10.0
10.0,10.0,10.0
10.0,10.0,10.0
10.0,10.0,10.0
10.0,10.0,10.0
10.0,10.0,10.0
10.0,10.0,10.0
10.0,10.0,10.0
10.0,10.0,10.0
10.0,10.0,10.0
10.0,10.0,10.0
10.0,10.0,10.0
10.0,10.0,10.0
10.0,10.0,10.0
10.0,10.0,10.0
10.0,10.0,10.0
10.0,10.0,10.0
10.0,10.0,10.0
10.0,10.0,10.0
10.0,10.0,10.0
10.0,10.0,10.0
10.0,10.0,10.0
10.0,10.0,10.0
10.0,10.0,10.0
10.0,10.0,10.0
10.0,10.0,10.0
10.0,10.0,10.0
10.0,10.0,10.0
10.0,10.0,10.0
10.0,10.0,10.0
10.0,10.0,10.0
10.0,10.0,10.0
10.0,10.0,10.0
10.0,10.0,10.0
10.0,10.0,10.0
10.0,10.0,10.0
10.0,10.0,10.0
10.0,10.0,10.0
10.0,10.0,10.0
10.0,10.0,10.0
10.0,10.0,10.0
10.0,10.0,10.0
10.0,10.0,10.0
10.0,10.0,10.0
10.0,10.0,10.0
10.0,10.0,10.0
10.0,10.0,10.0
10.0,10.0,10.0
10.0,10.0,10.0
10.0,10.0,10.0
10.0,10.0,10.0
10.0,10.0,10.0
10.0,10.0,10.0
10.0,10.0,10.0
10.0,10.0,10.0
10.0,10.0,10.0
10.0,10.0,10.0
10.0,10.0,10.0
10.0,10.0,10.0
10.0,10.0,10.0
10.0,10.0,10.0
10.0,10.0,10.0
10.0,10.0,10.0
10.0,10.0,10.0
10.0,10.0,10.0
10.0,10.0,10.0
10.0,10.0,10.0
10.0,10.0,10.0
10.0,10.0,10.0
10.0,10.0,10.0
10.0,10.0,10.0
10.0,10.0,10.0
10.0,10.0,10.0
10.0,10.0,10.0
10.0,10.0,10.0
10.0,10.0,10.0
10.0,10.0,10.0
9.940384,10.0,10.0
8.985517,10.0,10.0
8.079823,10.0,10.0
7.238197,10.0,10.0
6.471969,10.0,10.0
5.7872458,10.0,10.0
5.1850934,10.0,9.759481
4.663862,9.237784,8.86798
4.231382,8.296362,8.132515
3.8770747,7.412949,7.526965
3.5874898,6.5861244,7.0254083
3.3510864,5.8132124,6.607234
3.1582282,5.090796,6.256158
3.0010023,4.4151464,5.9593735
2.8729525,3.7824597,5.706767
2.7688365,3.1890597,5.4903316
2.6843948,2.6314876,5.3036957
2.6161678,2.1065784,5.1417704
2.5613241,1.6114177,5.000449
2.5175526,1.1434096,4.8764067
2.4829524,0.7002022,4.766925
2.4559445,0.27969742,4.669776
2.435237,-0.119970486,4.58311
2.4197378,-0.50048685,4.5053854
2.4085422,-0.8633312,4.435315
2.4008904,-1.2098517,4.3718085
2.3961399,-1.5412309,4.3139367
2.3937526,-1.8585491,4.2609105
2.3932643,-2.1627588,4.2120504
2.3942904,-2.4547267,4.1667643
2.3964984,-2.7352376,4.124541
2.3996062,-3.0049877,4.0849304
2.4033742,-3.2646208,4.0475426
2.4075975,-3.5147157,4.012025
2.4120977,-3.755786,3.9780672
2.4167302,-3.9883335,3.9453967
2.421362,-4.2127724,3.913765
2.425889,-4.429517,3.8829525
2.4302206,-4.6389356,3.852754
2.4342728,-4.841362,3.8229947
2.4379861,-5.037113,3.793509
2.4413033,-5.226471,3.7641463
2.44418,-5.4097114,3.73477
2.446577,-5.587068,3.7052586
2.4484656,-5.758778,3.6755028
2.4498253,-5.92507,3.6453981
2.450632,-6.086126,3.6148481
2.450868,-6.242137,3.5837708
2.45053,-6.3932853,3.5520878
2.4496088,-6.5397267,3.5197315
2.4481,-6.6816278,3.4866366
2.4459996,-6.819125,3.4527416
2.443315,-6.95237,3.4180021
2.4400392,-7.081477,3.3823662
2.4361858,-7.2065873,3.3458014
2.4317508,-7.327808,3.3082623
2.4267488,-7.445252,3.269722
2.421181,-7.5590396,3.2301557
2.4150574,-7.669254,3.189539
2.4083867,-7.776005,3.1478508
2.4011762,-7.8793864,3.1050792
2.3934326,-7.9794765,3.0612087
2.3851695,-8.076372,3.0162363
2.3763933,-8.170156,2.9701533
2.3671112,-8.2609005,2.9229574
2.3573349,-8.348681,2.874653
2.3470669,-8.433572,2.8252375
2.3363237,-8.515643,2.774723
2.32511,-8.594962,2.7231135
2.3134296,-8.671589,2.6704204
2.3012927,-8.745591,2.616659
2.2887068,-8.817025,2.5618386
2.275676,-8.885944,2.5059795
2.262213,-8.952415,2.4490955
2.248312,-9.016473,2.3912072
2.2339945,-9.078181,2.3323424
2.219251,-9.13758,2.2725127
2.2040892,-9.19472,2.2117455
2.1885166,-9.2496395,2.1500652
2.172537,-9.302383,2.0874977
2.1561534,-9.352998,2.0240672
2.1393676,-9.401512,1.959801
2.1221886,-9.447974,1.8947295
2.1046076,-9.492398,1.8288779
2.086637,-9.534835,1.7622763
2.0682762,-9.575307,1.6949532
2.0495245,-9.613853,1.6269367
2.0303912,-9.650489,1.5582638
2.0108705,-9.685255,1.4889544
1.9909602,-9.718156,1.4190438
1.9706725,-9.74923,1.3485652
1.9500018,-9.778499,1.2775488
1.9289526,-9.805971,1.2060239
1.9075253,-9.831681,1.134021
1.8857158,-9.855638,1.0615672
1.8635296,-9.877851,0.9887024
1.8409704,-9.898349,0.9154553
1.8180311,-9.917139,0.84185517
1.7947189,-9.934227,0.76792896
1.7710364,-9.949642,0.6937165
1.7469765,-9.963371,0.61924374
1.7225484,-9.975446,0.5445378
1.6977469,-9.985863,0.469635
1.6725831,-9.994632,0.39456153
1.6470469,-10.0,0.3193481
1.6211635,-10.0,0.24404132
1.5949514,-10.0,0.16869795
1.5684156,-10.0,0.093336105
1.5415301,-10.0,0.017971754
1.5143044,-10.0,-0.057378054
1.4867169,-10.0,-0.1327002
1.4587684,-10.0,-0.20797038
1.4304479,-10.0,-0.28318012
1.4017485,-9.993663,-0.3583076
1.3727107,-9.984576,-0.43328917
1.3433449,-9.973875,-0.5080905
1.3136615,-9.961558,-0.582677
1.2836652,-9.947622,-0.6570252
1.2533648,-9.932066,-0.7311053
1.2227685,-9.914894,-0.8048903
1.191883,-9.896092,-0.87835073
1.1607252,-9.875681,-0.95146036
1.1293012,-9.853636,-1.0241872
1.0976254,-9.829966,-1.0965087
1.0657096,-9.8046665,-1.1683968
1.0335686,-9.77774,-1.2398187
1.0012186,-9.74918,-1.3107516
0.9686761,-9.718991,-1.3811649
0.9359603,-9.687173,-1.451036
0.9030868,-9.653716,-1.5203288
0.87008286,-9.618627,-1.5890174
0.8369659,-9.581908,-1.6570791
0.80375767,-9.54355,-1.7244796
0.77048886,-9.503553,-1.7911923
0.7371831,-9.461936,-1.8571906
0.7038722,-9.418694,-1.9224411
0.6705806,-9.373814,-1.9869187
0.637341,-9.327307,-2.0505924
0.6041924,-9.279193,-2.1134357
0.571167,-9.229454,-2.175416
0.53829885,-9.178105,-2.2365012
0.50562847,-9.125147,-2.2966628
0.47319758,-9.070593,-2.3558729
0.44104457,-9.01445,-2.4140966
0.40921462,-8.956732,-2.4713087
0.3777504,-8.897432,-2.5274677
0.34670138,-8.836577,-2.5825486
0.31611073,-8.774166,-2.6365194
0.28602588,-8.710222,-2.689342
0.2564975,-8.644761,-2.7409947
0.2275722,-8.577786,-2.7914338
0.19930005,-8.509331,-2.8406382
0.1717341,-8.439409,-2.888566
0.14491987,-8.3680315,-2.9351873
0.118906975,-8.295233,-2.980473
0.09374416,-8.221033,-3.0243878
0.06948316,-8.145459,-3.0669007
0.046162724,-8.068547,-3.107986
0.023832798,-7.9903193,-3.1476064
0.0025372505,-7.9108143,-3.1857357
-0.017685294,-7.8300767,-3.2223494
-0.036800623,-7.748137,-3.257421
-0.054767013,-7.6650457,-3.2909212
-0.0715518,-7.580851,-3.32283
-0.08712685,-7.4956,-3.3531196
-0.10147047,-7.4093494,-3.381783
-0.114554405,-7.3221617,-3.408794
-0.12636542,-7.2340984,-3.4341416
-0.1368857,-7.1452227,-3.4578166
-0.14610791,-7.0556173,-3.479808
-0.1540286,-6.9653487,-3.5001173
-0.16064322,-6.874503,-3.5187383
-0.16595858,-6.7831593,-3.5356762
-0.1699754,-6.6914167,-3.5509374
-0.172714,-6.5993605,-3.5645337
-0.17419094,-6.507086,-3.5764823
-0.17442316,-6.414695,-3.5868013
-0.17343646,-6.3222837,-3.5955098
-0.1712631,-6.229967,-3.6026452
-0.16793263,-6.137834,-3.6082323
-0.1634804,-6.0460057,-3.612309
-0.15795296,-5.9545856,-3.614924
-0.1513859,-5.8636837,-3.6161125
-0.14382702,-5.773396,-3.615924
-0.13532418,-5.683841,-3.6144133
-0.12592757,-5.5951133,-3.611637
-0.11568475,-5.507319,-3.6076472
-0.104658425,-5.420557,-3.6025126
-0.09289324,-5.334907,-3.5962842
-0.08045232,-5.2504745,-3.5890365
-0.06738478,-5.1673307,-3.5808253
-0.053753078,-5.0855694,-3.5717304
-0.03960663,-5.00525,-3.5618086
-0.025004685,-4.9264474,-3.5511281
-0.010001659,-4.8492217,-3.5397596
0.0053489804,-4.773622,-3.5277684
0.020998657,-4.699703,-3.5152147
0.036886334,-4.6275,-3.5021753
0.052970946,-4.55706,-3.4887033
0.06920397,-4.488394,-3.4748588
0.08554071,-4.421535,-3.4607012
0.101930976,-4.3564963,-3.4462938
0.11833665,-4.2933006,-3.4316895
0.1347239,-4.231928,-3.4169283
0.15105078,-4.1723986,-3.4020727
0.16728467,-4.114697,-3.387158
0.18339181,-4.058815,-3.3722346
0.19934708,-4.0047345,-3.357337
0.21512139,-3.9524431,-3.3425026
0.23069158,-3.90191,-3.3277645
0.24603122,-3.8531218,-3.3131642
0.26112604,-3.8060355,-3.2987123
0.27595934,-3.7606187,-3.28444
0.2905087,-3.7168558,-3.2703786
0.30476993,-3.674686,-3.2565322
0.31872976,-3.6340878,-3.242927
0.33237368,-3.5950139,-3.229576
0.3456953,-3.55744,-3.216496
0.35869348,-3.5213034,-3.20369
0.37136072,-3.4865723,-3.1911678
0.38369524,-3.4532046,-3.1789374
0.39569527,-3.4211524,-3.166998
0.40735632,-3.3903878,-3.1553636
0.41868564,-3.3608506,-3.1440258
0.42968196,-3.3325083,-3.132985
0.44034445,-3.305317,-3.1222453
0.4506831,-3.2792351,-3.1117973
0.46069852,-3.2542157,-3.1016388
0.47039533,-3.230232,-3.0917702
0.47977558,-3.2072415,-3.0821915
0.48885095,-3.1851945,-3.0728765
0.49762464,-3.1640658,-3.063836
0.5061048,-3.1438088,-3.055054
0.5142966,-3.1243937,-3.0465279
0.5222097,-3.1057823,-3.038246
0.52984685,-3.087953,-3.030205
0.5372162,-3.0708587,-3.0223908
0.5443286,-3.0544708,-3.0147982
0.551191,-3.038758,-3.0074139
0.55780524,-3.023703,-3.0002353
0.5641867,-3.0092616,-2.9932485
0.5703344,-2.995419,-2.9864473
0.57626474,-2.982139,-2.9798176
0.58198106,-2.9693985,-2.9733512
0.58748645,-2.9571776,-2.9670455
0.5927942,-2.9454458,-2.9608831
0.59790415,-2.934196,-2.9548683
0.6028319,-2.9233847,-2.9489756
0.60757506,-2.9130077,-2.9432073
0.612147,-2.9030383,-2.937551
0.6165485,-2.893465,-2.9320035
0.6207942,-2.8842492,-2.9265451
0.6248766,-2.875403,-2.9211822
0.6288123,-2.8668928,-2.9159017
0.6325997,-2.8586984,-2.9106932
0.63625133,-2.8508189,-2.9055505
0.6397643,-2.8432336,-2.900473
0.64315265,-2.835924,-2.8954446
0.6464107,-2.8288836,-2.8904667
0.6495547,-2.8220887,-2.885521
0.65257776,-2.8155465,-2.8806157
0.65549177,-2.8092325,-2.8757372
0.65829635,-2.8031366,-2.8708801
0.66099393,-2.7972603,-2.8660467
0.663595,-2.791572,-2.8612194
0.6660974,-2.7860832,-2.8563995
0.6685096,-2.7807708,-2.8515768
0.6708284,-2.7756343,-2.8467536
0.6730608,-2.7706661,-2.8419232
0.6752071,-2.7658596,-2.8370843
0.67727447,-2.7612057,-2.832224
0.6792646,-2.7566872,-2.8273375
0.68117726,-2.7523127,-2.8224328
0.68301755,-2.7480667,-2.8174973
0.6847838,-2.7439532,-2.8125281
0.68648064,-2.7399607,-2.8075259
0.68811435,-2.736084,-2.8024786
0.6896804,-2.7323153,-2.797391
0.69118124,-2.7286608,-2.7922597
0.6926245,-2.7251024,-2.7870781
0.69400984,-2.7216425,-2.7818375
0.69533426,-2.7182808,-2.7765484
0.6966061,-2.715005,-2.7711954
0.69782,-2.711825,-2.7657907
0.69898343,-2.7087178,-2.7603126
0.70009017,-2.7057068,-2.7547786
0.70115346,-2.7027626,-2.74917
0.7021623,-2.6999,-2.7434916
0.70312667,-2.6971052,-2.7377415
0.7040417,-2.6943865,-2.7319183
0.7049141,-2.6917334,-2.7260118
0.70573866,-2.6891484,-2.7200332
0.70651865,-2.6866379,-2.7139735
0.707259,-2.684181,-2.707828
0.7079578,-2.681787,-2.7015977
0.70861316,-2.6794572,-2.6952825
0.70923436,-2.6771781,-2.688872
0.70981133,-2.67496,-2.6823778
0.71035224,-2.672801,-2.6757917
0.71085197,-2.670703,-2.6691139
0.7113203,-2.668655,-2.662339
0.71174943,-2.6666613,-2.6554706
0.71214795,-2.6647139,-2.6484947
0.71250635,-2.66283,-2.641429
0.7128321,-2.6609926,-2.6342592
0.71312547,-2.6592128,-2.6269894
0.71338236,-2.657486,-2.619618
0.7136146,-2.6557996,-2.612134
0.7138084,-2.6541786,-2.6045547
0.7139753,-2.652601,-2.59686
0.71411026,-2.651078,-2.5890613
0.7142165,-2.6496086,-2.5811496
0.7142966,-2.6481843,-2.5731235
0.7143459,-2.6468177,-2.5649939
0.71436375,-2.6455,-2.556749
0.71436095,-2.644233,-2.5483818
0.71432877,-2.6430259,-2.5399053
0.7142682,-2.6418743,-2.5313144
0.71418905,-2.6407666,-2.5225973
0.7140776,-2.6397254,-2.5137691
0.7139453,-2.6387372,-2.5048196
0.7137877,-2.6378083,-2.495747
0.71360886,-2.636937,-2.4865537
0.7134075,-2.6361172,-2.4772341
0.71318614,-2.6353667,-2.467793
0.7129421,-2.6346693,-2.4582229
0.71267503,-2.6340423,-2.4485307
0.7123947,-2.6334696,-2.4387043
0.71208775,-2.6329713,-2.4287577
0.7117642,-2.6325383,-2.4186792
0.71142614,-2.6321719,-2.4084644
0.7110704,-2.631872,-2.3981237
0.7106976,-2.6316476,-2.38765
0.71030796,-2.6314967,-2.3770432
0.7099038,-2.6314163,-2.3663
0.70948946,-2.63141,-2.355421
0.7090571,-2.6314876,-2.3444054
0.7086185,-2.6316376,-2.333244
0.70816374,-2.6318784,-2.321955
0.7077001,-2.6322026,-2.310524
0.70722723,-2.6326072,-2.2989469
0.7067457,-2.6331058,-2.2872314
0.7062496,-2.633702,-2.2753801
0.70575666,-2.634378,-2.2633739
0.7052523,-2.635161,-2.251225
0.7047443,-2.6360364,-2.238934
0.70422626,-2.6370184,-2.2264967
0.7037156,-2.6380992,-2.2139072
0.7031982,-2.6392865,-2.2011719
0.70268035,-2.640586,-2.1882792
0.70216274,-2.6419966,-2.1752462
0.7016424,-2.643529,-2.1620574
0.701128,-2.6451738,-2.1487126
0.7006195,-2.646939,-2.1352148
0.7001142,-2.648833,-2.1215603
0.6996175,-2.650849,-2.1077442
0.6991242,-2.6530046,-2.093782
0.6986437,-2.6552916,-2.0796518
0.69816977,-2.657722,-2.0653713
0.6977047,-2.6602917,-2.050928
0.6972598,-2.6630025,-2.036315
0.6968248,-2.665873,-2.0215454
0.6964043,-2.6688855,-2.0066123
0.6960022,-2.6720643,-1.9915128
0.6956179,-2.675413,-1.9762499
0.6952566,-2.6789124,-1.9608141
0.6949174,-2.6825843,-1.9452046
0.69459784,-2.6864395,-1.929438
0.69430023,-2.6904683,-1.9135036
0.6940397,-2.6946783,-1.89738
0.6937997,-2.6990805,-1.881095
0.6935863,-2.7036822,-1.8646427
0.6934116,-2.7084708,-1.8480016
0.69326884,-2.7134674,-1.8311859
0.69315517,-2.7186751,-1.8142029
0.6930846,-2.7240882,-1.797032
0.6930529,-2.7297208,-1.7796831
0.69306135,-2.735572,-1.7621515
0.69310665,-2.7416618,-1.7444484
0.6932051,-2.747979,-1.726548
0.6933423,-2.7545397,-1.7084754
0.6935268,-2.7613425,-1.6902099
0.69377106,-2.7683985,-1.6717541
0.69405836,-2.7757058,-1.6531222
0.69440603,-2.7832794,-1.6342905
0.6948048,-2.7911217,-1.6152787
0.69527304,-2.7992275,-1.5960557
0.6957911,-2.8076246,-1.5766611
0.6963837,-2.8162959,-1.5570507
0.69703126,-2.8252711,-1.5372634
0.6977493,-2.8345442,-1.5172722
0.698533,-2.8441205,-1.4970932
0.6994007,-2.854,-1.4766965
0.70032996,-2.8642113,-1.4561145
0.7013383,-2.8747454,-1.4353278
0.70242554,-2.885605,-1.4143395
0.70359594,-2.8968086,-1.3931475
0.70486075,-2.9083424,-1.3717346
0.70619094,-2.920246,-1.3501418
0.70763004,-2.9324946,-1.3283157
0.70914197,-2.945124,-1.3062985
0.710756,-2.9581175,-1.2840676
0.7124594,-2.9714944,-1.2616289
0.7142761,-2.9852562,-1.2389648
0.71618766,-2.9994082,-1.2160904
0.7181983,-3.0139713,-1.1930006
0.72031724,-3.0289407,-1.1696963
0.7225406,-3.0443296,-1.1461792
0.7248839,-3.0601368,-1.1224339
0.72733533,-3.0763855,-1.0984683
0.7298983,-3.0930629,-1.0742869
0.7325989,-3.1101851,-1.0498645
0.7353951,-3.1277802,-1.0252442
0.73833406,-3.1458201,-1.0003824
0.74139404,-3.1643384,-0.9752927
0.74458516,-3.183327,-0.94997454
0.74791056,-3.2028027,-0.9244287
0.7513601,-3.222783,-0.89865637
0.75495446,-3.243258,-0.87264895
0.7586847,-3.2642407,-0.84640265
0.7625659,-3.2857294,-0.81991935
0.7665849,-3.3077533,-0.793206
0.77074784,-3.3303113,-0.76625776
0.7750686,-3.353403,-0.73905826
0.7795401,-3.3770466,-0.7116256
0.7841648,-3.401236,-0.68395114
0.78893924,-3.426,-0.6560414
0.7938804,-3.4513319,-0.62787867
0.79898286,-3.4772415,-0.599468
0.804258,-3.5037286,-0.57080054
0.8096933,-3.5308077,-0.54190254
0.81529975,-3.5584965,-0.5127435
0.82108057,-3.586784,-0.4833336
0.82703114,-3.6156878,-0.45366907
0.83315617,-3.6452203,-0.42375684
0.83946633,-3.6753733,-0.39357948
0.84594953,-3.7061706,-0.3631513
0.8526132,-3.7376056,-0.3324697
0.8594691,-3.769692,-0.30152893
0.86651015,-3.8024352,-0.2703178
0.87373936,-3.8358421,-0.2388432
0.8811588,-3.8699162,-0.20710206
0.8887672,-3.904673,-0.17510962
0.8965634,-3.9401093,-0.14284873
0.9045664,-3.976231,-0.11030197
0.91276824,-4.0130534,-0.07749057
0.92116326,-4.050576,-0.044410706
0.9297563,-4.0888014,-0.011065006
0.9385599,-4.127736,0.022576094
0.9475635,-4.1673975,0.05649066
0.9567711,-4.2077727,0.09067631
0.9661732,-4.248884,0.12513375
0.9757905,-4.290718,0.15988708
0.98561376,-4.333295,0.19491434
0.9956305,-4.376627,0.23022437
1.005877,-4.4206896,0.26584005
1.0163243,-4.4655037,0.30173755
1.0269754,-4.5110817,0.33791614
1.0378476,-4.5574083,0.37441206
1.0489246,-4.6045017,0.4111836
1.0602012,-4.6523695,0.4482503
1.0716954,-4.7009926,0.48562813
1.0833958,-4.7504,0.52329993
1.0953131,-4.8005686,0.5612893
1.1074405,-4.8515153,0.5995846
1.1197662,-4.9032516,0.63818073
1.1323053,-4.955769,0.6770966
1.145051,-5.0090632,0.71632504
1.157998,-5.063144,0.7558634
1.1711541,-5.11802,0.79573536
1.1845006,-5.173685,0.83591604
1.1980742,-5.2301226,0.8764577
1.2118301,-5.2873707,0.9173033
1.2257869,-5.3453956,0.9584911
1.2399538,-5.4042087,1.0000293
1.2543062,-5.4638257,1.0419109
1.2688472,-5.5242233,1.0841181
1.2835786,-5.5854254,1.1266894
1.2985134,-5.647402,1.1696341
1.31362,-5.7101793,1.2129183
1.3289201,-5.7737403,1.2565813
1.344403,-5.8380904,1.3006272
1.3600581,-5.9032354,1.3450274
1.3758852,-5.969163,1.3898153
1.3918859,-6.0358796,1.4350059
1.4080651,-6.103364,1.4805906
1.4244088,-6.1716423,1.5265784
1.440905,-6.2406917,1.5729597
1.4575723,-6.310524,1.6197755
1.474386,-6.3811374,1.6670055
1.491362,-6.4525084,1.7146807
1.5084777,-6.524666,1.7627909
1.5257432,-6.5975804,1.8113446
1.5431491,-6.6712728,1.8603625
1.56068,-6.74572,1.909832
1.5783627,-6.8209248,1.9597967
1.5961777,-6.896892,2.0102587
1.6141074,-6.973612,2.0612035
1.6321652,-7.051082,2.112653
1.6503305,-7.129316,2.1646233
1.6686331,-7.2082787,2.2171373
1.6870359,-7.2879972,2.2701933
1.7055366,-7.368475,2.323786
1.7241547,-7.449664,2.3779624
1.7428788,-7.531593,2.43273
1.7616893,-7.6142693,2.488075
1.7805957,-7.6976852,2.5440378
1.7995985,-7.781825,2.6006331
1.8186913,-7.866691,2.657856
1.8378702,-7.9522862,2.715738
1.8571249,-8.03861,2.7742753
1.8764639,-8.125662,2.8335085
1.8958914,-8.213432,2.8934498
1.9153901,-8.301931,2.9541073
1.9349699,-8.39115,3.0154972
1.9546242,-8.481091,3.0776381
1.9743648,-8.571739,3.1405795
1.9941593,-8.663135,3.2042766
2.0140412,-8.755236,3.2687883
2.0339801,-8.848061,3.3341131
2.0540092,-8.941617,3.4002988
2.074111,-9.035894,3.4673538
2.0942774,-9.130901,3.535265
2.1145318,-9.226628,3.6041
2.1348677,-9.32309,3.6738453
2.1552756,-9.420279,3.7445164
2.1757758,-9.518195,3.8161654
2.196351,-9.616864,3.8887706
2.2170305,-9.716253,3.9623895
2.237791,-9.816391,4.0370154
2.2586725,-9.917265,4.1127033
2.2796226,-10.0,4.189406
2.3004704,-10.0,4.2664757
2.3202407,-10.0,4.34083
2.3390026,-10.0,4.412593
2.356869,-10.0,4.4818854
2.3739033,-10.0,4.5488415
2.3901825,-10.0,4.613561
2.405778,-10.0,4.6761556
2.4207504,-10.0,4.7367296
2.4351592,-10.0,4.7953696
2.4490647,-10.0,4.852154
2.4624863,-10.0,4.9071436
2.4755025,-10.0,4.9604206
2.4881382,-10.0,5.0120506
2.5004382,-10.0,5.0621066
2.5124338,-10.0,5.1106405
2.5241604,-10.0,5.1576853
2.5356512,-10.0,5.2032905
2.5469267,-10.0,5.2475195
2.558016,-10.0,5.290391
2.5689392,-10.0,5.3319316
2.5797284,-10.0,5.372205
2.5903935,-10.0,5.4112196
2.6009505,-10.0,5.448988
2.611429,-10.0,5.4855757
2.6218336,-10.0,5.520984
2.6322074,-10.0,5.555255
2.642516,-10.0,5.5883594
2.6528058,-10.0,5.620353
2.6630726,-10.0,5.6512494