
10.0,10.0,10.0
10.0,10.0,10.0
10.0,10.0,10.0
10.0,10.0,10.0
10.0,10.0,10.0
10.0,10.0,10.0
10.0,10.0,10.0
10.0,10.0,10.0
10.0,10.0,10.0
10.0,10.0,10.0
10.0,10.0,10.0
10.0,10.0,10.0
10.0,10.0,10.0
10.0,10.0,10.0
10.0,10.0,10.0
10.0,10.0,10.0
10.0,10.0,10.0
10.0,10.0,10.0
10.0,10.0,10.0
10.0,10.0,10.0
10.0,10.0,10.0
10.0,10.0,10.0
10.0,10.0,10.0
10.0,10.0,10.0
10.0,10.0,10.0
10.0,10.0,10.0
10.0,10.0,10.0
10.0,10.0,10.0
9.614484,10.0,10.0
8.6072645,10.0,10.0
7.659342,10.0,10.0
6.7869816,10.0,10.0
6.0017066,10.0,10.0
5.3084893,10.0,10.0
4.706412,10.0,9.340732
4.1943135,9.403771,8.485789
3.772848,8.310097,7.7894588
3.4338157,7.2876077,7.227394
3.1611912,6.3364506,6.7697735
2.9417636,5.4543552,6.3936844
2.7648466,4.6374345,6.081546
2.621938,3.8810534,5.8199015
2.5062819,3.1802616,5.5983806
2.412527,2.5301664,5.4089594
2.3364334,1.92612,5.245391
2.2746172,1.3638303,5.1027746
2.2243779,0.8393622,4.977223
2.1835477,0.3491977,4.865651
2.1503687,-0.10984138,4.765572
2.1234262,-0.5405866,4.6749787
2.1015584,-0.9455298,4.5922375
2.0838208,-1.326915,4.516003
2.06943,-1.6867383,4.44517
2.0577464,-2.0267582,4.3788137
2.048232,-2.3485541,4.3161716
2.040444,-2.6535375,4.256589
2.0340142,-2.942969,4.199525
2.028637,-3.2179708,4.1445146
2.0240464,-3.4795613,4.0911636
2.0200331,-3.728661,4.039136
2.0164075,-3.966078,3.9881368
2.0130243,-4.1925626,3.937924
2.009749,-4.4088,3.888278
2.006472,-4.615383,3.839014
2.003107,-4.8128963,3.789969
1.9995772,-5.0018234,3.7410083
1.9958166,-5.182644,3.6920085
1.9917754,-5.3557825,3.6428638
1.9874102,-5.521639,3.5934882
1.9826816,-5.6805573,3.5437975
1.9775622,-5.8328843,3.4937315
1.9720287,-5.9789205,3.4432297
1.966061,-6.11895,3.3922453
1.9596447,-6.2532387,3.3407345
1.9527707,-6.3820333,3.288669
1.9454278,-6.505553,3.2360194
1.9376085,-6.62402,3.1827617
1.9293165,-6.7376294,3.1288795
1.9205445,-6.8465614,3.0743628
1.9112937,-6.950992,3.0192032
1.9015645,-7.0510874,2.963395
1.8913602,-7.146986,2.9069371
1.8806865,-7.238851,2.8498316
1.8695433,-7.326796,2.7920842
1.8579382,-7.410966,2.733701
1.8458745,-7.4914637,2.674694
1.8333588,-7.568412,2.6150725
1.8203989,-7.6419144,2.5548527
1.8070012,-7.7120733,2.4940448
1.7931699,-7.7789755,2.432675
1.7789086,-7.842713,2.370751
1.7642297,-7.903375,2.3083022
1.7491397,-7.961046,2.2453377
1.733644,-8.015787,2.1818917
1.7177504,-8.067682,2.1179771
1.7014643,-8.116795,2.053622
1.6847935,-8.163194,1.9888517
1.6677463,-8.206935,1.9236851
1.6503297,-8.248076,1.8581512
1.6325494,-8.286678,1.7922778
1.6144128,-8.322789,1.7260869
1.5959251,-8.356455,1.6596018
1.5770996,-8.387733,1.5928572
1.557936,-8.416664,1.525873
1.5384462,-8.443288,1.458678
1.5186337,-8.467642,1.3913008
1.4985114,-8.489773,1.3237684
1.4780835,-8.509708,1.2561041
1.4573584,-8.5274935,1.1883407
1.4363402,-8.543151,1.1204929
1.4150393,-8.556708,1.0526009
1.3934689,-8.568206,0.9846897
1.37163,-8.577673,0.91677815
1.3495342,-8.585122,0.8488972
1.3271915,-8.590589,0.7810747
1.3046075,-8.594092,0.7133341
1.2817944,-8.595658,0.6457015
1.2587616,-8.595312,0.5782051
1.2355205,-8.593064,0.5108707
1.2120781,-8.5889435,0.44371986
1.188451,-8.582963,0.37678087
1.1646487,-8.57515,0.3100809
1.1406778,-8.56551,0.24363756
1.1165578,-8.554069,0.17748153
1.0922985,-8.540833,0.111636996
1.0679148,-8.5258255,0.046130538
1.0434194,-8.509061,-0.019021273
1.0188293,-8.490559,-0.08378863
0.99415743,-8.470324,-0.14814973
0.9694214,-8.448379,-0.21207952
0.9446385,-8.424727,-0.27555287
0.91982365,-8.399395,-0.33854985
0.8949963,-8.372392,-0.40104425
0.87017894,-8.34374,-0.463014
0.84538376,-8.313431,-0.5244373
0.8206383,-8.281505,-0.58528745
0.79595804,-8.24797,-0.64554393
0.77135813,-8.212827,-0.70518684
0.7468741,-8.176115,-0.76418996
0.72252166,-8.137828,-0.8225305
0.6983242,-8.098,-0.8801849
0.67430377,-8.056641,-0.937132
0.65048647,-8.013772,-0.99335325
0.6268953,-7.9694114,-1.0488247
0.6035569,-7.9235773,-1.10352
0.58049107,-7.8762903,-1.157427
0.557729,-7.8275847,-1.2105165
0.53529465,-7.7774734,-1.2627702
0.5132108,-7.7259793,-1.3141651
0.49150205,-7.673131,-1.3646882
0.47019947,-7.6189594,-1.414306
0.4493215,-7.563487,-1.463013
0.42890108,-7.5067587,-1.5107806
0.40894914,-7.448785,-1.5575949
0.38949847,-7.3896112,-1.6034378
0.37057328,-7.329278,-1.6482896
0.35218883,-7.2678123,-1.6921377
0.3343718,-7.2052627,-1.7349585
0.31713903,-7.14166,-1.7767457
0.3005103,-7.0770493,-1.8174808
0.28450656,-7.011477,-1.8571506
0.26913667,-6.9449916,-1.8957467
0.25442433,-6.877633,-1.9332504
0.24037623,-6.809459,-1.9696627
0.22700727,-6.74052,-2.0049686
0.21432626,-6.670872,-2.0391645
0.20234406,-6.6005645,-2.0722394
0.19106495,-6.529656,-2.104195
0.18049192,-6.4581985,-2.135027
0.17062652,-6.3862677,-2.1647377
0.16147852,-6.31391,-2.1933212
0.15303898,-6.241202,-2.2207875
0.14530718,-6.168194,-2.247136
0.13827848,-6.094953,-2.2723765
0.1319449,-6.0215445,-2.2965097
0.12630033,-5.9480414,-2.319556
0.12133503,-5.874498,-2.3415167
0.11703408,-5.800989,-2.3624115
0.11338842,-5.7275805,-2.3822527
0.11037719,-5.654334,-2.401061
0.10798913,-5.581313,-2.418847
0.106206894,-5.508588,-2.435636
0.10500902,-5.4362135,-2.4514453
0.10437894,-5.364263,-2.4663005
0.10429233,-5.2927814,-2.4802246
0.10472846,-5.221842,-2.4932418
0.10566753,-5.1514955,-2.5053787
0.10708594,-5.0818043,-2.5166647
0.10895789,-5.0128093,-2.527123
0.11126268,-4.9445662,-2.5367842
0.113972366,-4.877127,-2.545679
0.117070735,-4.810533,-2.553834
0.120524645,-4.74482,-2.5612855
0.12431562,-4.6800494,-2.5680585
0.1284197,-4.616232,-2.5741827
0.13281137,-4.553415,-2.579691
0.13746923,-4.4916315,-2.5846157
0.14236927,-4.430896,-2.5889826
0.14749086,-4.3712473,-2.592823
0.15281254,-4.3126984,-2.596167
0.15830958,-4.2552743,-2.5990477
0.1639669,-4.1989856,-2.6014872
0.16976094,-4.1438475,-2.6035168
0.17567849,-4.0898643,-2.6051583
0.18169212,-4.0370593,-2.6064472
0.18779498,-3.9854212,-2.6073985
0.1939621,-3.9349556,-2.6080465
0.20018387,-3.8856711,-2.6084108
0.20644277,-3.8375502,-2.6085114
0.21272814,-3.7906027,-2.6083732
0.21902335,-3.7448218,-2.6080165
0.22531742,-3.7001913,-2.6074598
0.2316001,-3.6566954,-2.6067224
0.23785967,-3.614339,-2.6058242
0.24408531,-3.5731022,-2.6047804
0.25027108,-3.5329623,-2.6036031
0.2564078,-3.493909,-2.6023104
0.26248628,-3.4559376,-2.6009212
0.26850128,-3.4190133,-2.5994408
0.2744459,-3.3831275,-2.5978832
0.2803145,-3.3482478,-2.59626
0.2861026,-3.3143628,-2.594583
0.2918052,-3.2814608,-2.5928583
0.2974192,-3.2495046,-2.5910997
0.30294126,-3.2184806,-2.5893102
0.30836862,-3.1883671,-2.5874977
0.31369817,-3.1591303,-2.5856705
0.3189267,-3.1307724,-2.5838368
0.3240546,-3.1032534,-2.5819972
0.32908183,-3.0765488,-2.5801578
0.334004,-3.0506403,-2.5783234
0.33882257,-3.0255132,-2.5764987
0.34353858,-3.0011294,-2.5746822
0.348145,-2.977485,-2.5728846
0.35265386,-2.954544,-2.5710979
0.35705814,-2.932286,-2.569329
0.3613589,-2.910695,-2.5675826
0.36555514,-2.8897629,-2.5658603
0.36965322,-2.8694391,-2.5641549
0.37365052,-2.8497226,-2.5624714
0.3775454,-2.8305998,-2.5608137
0.3813439,-2.8120382,-2.5591807
0.38504902,-2.794021,-2.5575643
0.38865584,-2.7765346,-2.555975
0.39217067,-2.7595553,-2.5544045
0.39559242,-2.7430747,-2.55286
0.39892656,-2.727056,-2.5513272
0.40217328,-2.7115,-2.5498183
0.40533012,-2.696392,-2.5483274
0.4084022,-2.6817088,-2.5468554
0.41139224,-2.6674337,-2.5453973
0.41429853,-2.6535559,-2.5439525
0.41712895,-2.6400537,-2.542522
0.41987932,-2.6269193,-2.5410998
0.42255312,-2.614146,-2.5396905
0.4251534,-2.6017046,-2.5382872
0.4276789,-2.5895963,-2.5368958
0.43013325,-2.5778008,-2.5355067
0.43251884,-2.5663042,-2.5341182
0.43483752,-2.5551052,-2.532736
0.43708804,-2.5441813,-2.5313523
0.4392721,-2.533527,-2.5299685
0.44139564,-2.5231318,-2.5285783
0.4434551,-2.5129833,-2.527186
0.44545653,-2.5030723,-2.5257845
0.44739622,-2.493397,-2.5243797
0.44928002,-2.483934,-2.5229626
0.45110413,-2.4746912,-2.5215387
0.4528739,-2.465641,-2.5200977
0.45458978,-2.4567976,-2.5186458
0.4562539,-2.4481251,-2.5171752
0.45786583,-2.4396405,-2.5156896
0.4594233,-2.431327,-2.5141885
0.46093774,-2.42317,-2.51266
0.46239936,-2.4151807,-2.511118
0.46381176,-2.4073415,-2.5095549
0.46517998,-2.3996406,-2.5079613
0.46650058,-2.3920846,-2.5063462
0.4677788,-2.384648,-2.5047011
0.46900934,-2.3773572,-2.5030346
0.47019997,-2.3701746,-2.5013342
0.47134626,-2.3631053,-2.4996052
0.4724487,-2.356158,-2.4978476
0.47351015,-2.3493137,-2.4960601
0.47453302,-2.3425636,-2.4942322
0.4755131,-2.3359184,-2.4923768
0.47645736,-2.32935,-2.490479
0.47735828,-2.32289,-2.4885557
0.4782224,-2.316503,-2.4865875
0.47905126,-2.3101935,-2.484581
0.47984123,-2.3039591,-2.482535
0.48059195,-2.297803,-2.4804564
0.48130593,-2.2917109,-2.4783304
0.48198402,-2.2856908,-2.4761682
0.48262885,-2.2797287,-2.47396
0.48323637,-2.273819,-2.4717073
0.4838087,-2.26797,-2.4694152
0.48434567,-2.262175,-2.4670763
0.4848484,-2.2564282,-2.4646912
0.485314,-2.2507324,-2.462264
0.48574963,-2.2450695,-2.459785
0.48614955,-2.2394562,-2.457263
0.48651665,-2.233881,-2.4546914
0.48684952,-2.2283435,-2.4520712
0.48714462,-2.2228436,-2.4494057
0.4874133,-2.217363,-2.4466848
0.48764592,-2.2119222,-2.4439209
0.48784488,-2.2065055,-2.4410996
0.48801085,-2.2011204,-2.4382317
0.4881466,-2.1957436,-2.4353065
0.48824838,-2.190403,-2.4323335
0.48831454,-2.1850805,-2.4293108
0.48835373,-2.1797647,-2.426226
0.48835552,-2.1744757,-2.4230943
0.4883269,-2.1691968,-2.4199073
0.4882648,-2.1639304,-2.4166656
0.48817092,-2.1586742,-2.4133677
0.48804745,-2.1534288,-2.410014
0.48788735,-2.1481926,-2.4066076
0.48769516,-2.1429625,-2.403143
0.4874722,-2.1377296,-2.39962
0.48721784,-2.1325092,-2.3960438
0.4869304,-2.127286,-2.392405
0.48661035,-2.122064,-2.3887126
0.48625898,-2.1168413,-2.3849592
0.48587176,-2.111621,-2.3811533
0.48545367,-2.1063948,-2.3772879
0.4850038,-2.1011653,-2.3733554
0.48452097,-2.0959265,-2.369368
0.48400325,-2.0906904,-2.3653245
0.48345613,-2.0854344,-2.3612154
0.4828757,-2.0801706,-2.357047
0.48226303,-2.0748992,-2.3528168
0.48161837,-2.0696182,-2.348526
0.48093963,-2.0643265,-2.3441753
0.48022568,-2.0590281,-2.3397675
0.4794839,-2.0536993,-2.3352857
0.47870404,-2.0483723,-2.3307536
0.4778929,-2.0430255,-2.3261538
0.4770494,-2.0376544,-2.3214898
0.4761725,-2.032269,-2.3167634
0.47526002,-2.0268784,-2.3119786
0.4743161,-2.021461,-2.3071268
0.47334242,-2.0160098,-2.3022044
0.47233057,-2.0105572,-2.2972276
0.47128677,-2.005077,-2.2921822
0.47021067,-1.9995685,-2.2870708
0.4691005,-1.9940511,-2.2818995
0.4679565,-1.9884996,-2.2766585
0.46677786,-1.9829332,-2.2713532
0.46556687,-1.9773352,-2.265982
0.46432456,-1.9717132,-2.2605486
0.46304363,-1.9660637,-2.255046
0.46173188,-1.9603986,-2.249475
0.46038795,-1.9546988,-2.243838
0.45901027,-1.9489684,-2.238133
0.45759887,-1.9432148,-2.2323651
0.45615312,-1.9374266,-2.2265234
0.45467216,-1.9316263,-2.2206237
0.45315692,-1.9257889,-2.2146525
0.4516114,-1.9199185,-2.2086134
0.4500293,-1.9140227,-2.2025056
0.44841504,-1.908093,-2.1963286
0.44676986,-1.9021349,-2.1900816
0.44508654,-1.8961552,-2.1837764
0.44337428,-1.8901291,-2.1773915
0.4416259,-1.8840762,-2.1709344
0.43984437,-1.8779931,-2.1644177
0.43803263,-1.8718764,-2.157826
0.4361867,-1.8657295,-2.1511662
0.43430328,-1.8595549,-2.1444383
0.4323924,-1.8533413,-2.1376371
0.43044448,-1.8471031,-2.1307712
0.42846847,-1.840826,-2.123829
0.42645538,-1.834519,-2.1168194
0.42441314,-1.8281782,-2.1097393
0.42233926,-1.8218051,-2.1025867
0.42022866,-1.8154023,-2.095366
0.41808927,-1.8089612,-2.0880704
0.41591954,-1.8024907,-2.0807095
0.41371775,-1.7959856,-2.0732713
0.41148263,-1.7894491,-2.0657644
0.40921715,-1.7828811,-2.0581844
0.40692014,-1.7762783,-2.0505383
0.40459198,-1.7696414,-2.0428138
0.40223402,-1.7629778,-2.0350223
0.39984614,-1.7562821,-2.0271559
0.3974291,-1.7495484,-2.0192175
0.39498124,-1.7427874,-2.0112066
0.3925024,-1.7360009,-2.0031266
0.3899953,-1.7291808,-1.9949762
0.38746023,-1.7223241,-1.9867481
0.38489562,-1.7154467,-1.9784509
0.38230187,-1.7085354,-1.9700824
0.37968206,-1.7015887,-1.9616383
0.37703097,-1.6946208,-1.9531239
0.37435728,-1.6876179,-1.9445323
0.37165362,-1.6805972,-1.9358732
0.36892408,-1.6735439,-1.9271433
0.36616367,-1.6664722,-1.918344
0.36338723,-1.6593553,-1.9094589
0.36057925,-1.6522279,-1.9005114
0.35774797,-1.6450754,-1.8914871
0.35488874,-1.6378964,-1.8823963
0.3520096,-1.6306878,-1.8732271
0.3491068,-1.6234598,-1.8639838
0.34617534,-1.6162081,-1.854674
0.34322652,-1.6089408,-1.8452885
0.34025112,-1.6016583,-1.835838
0.33725843,-1.5943439,-1.8263013
0.33424163,-1.587023,-1.8167045
0.3312019,-1.5796762,-1.8070337
0.32814866,-1.5723083,-1.797283
0.32506672,-1.5649369,-1.7874756
0.32197225,-1.5575403,-1.7775856
0.31885374,-1.5501336,-1.7676271
0.3157203,-1.5427163,-1.7575974
0.31257135,-1.5352857,-1.7474978
0.3094035,-1.5278444,-1.7373207
0.3062187,-1.5203948,-1.7270808
0.30301872,-1.5129266,-1.7167604
0.29979825,-1.5054761,-1.7063868
0.29657143,-1.4979949,-1.6959263
0.29332587,-1.4905226,-1.6854032
0.29007012,-1.4830403,-1.6748049
0.28679806,-1.4755614,-1.6641444
0.28351837,-1.4680741,-1.6534036
0.2802201,-1.4606066,-1.6426097
0.27691913,-1.4531171,-1.6317297
0.27360338,-1.445648,-1.6207952
0.27027947,-1.4381717,-1.6097828
0.26694852,-1.4307089,-1.5987025
0.2636034,-1.4232581,-1.5875638
0.26025808,-1.4158136,-1.5763489
0.2569049,-1.408376,-1.5650623
0.25354302,-1.4009521,-1.5537181
0.25018045,-1.3935416,-1.542299
0.2468088,-1.3861568,-1.5308225
0.24343489,-1.3787847,-1.5192766
0.2400577,-1.3714268,-1.5076648
0.23667832,-1.3640995,-1.4959874
0.23330028,-1.3567871,-1.4842423
0.22991472,-1.349508,-1.4724416
0.22653772,-1.3422413,-1.4605638
0.22315489,-1.3350127,-1.448632
0.21977559,-1.3278177,-1.4366341
0.21639651,-1.320653,-1.4245774
0.21302703,-1.3135124,-1.4124467
0.20965682,-1.3064125,-1.4002582
0.20629346,-1.2993464,-1.3880063
0.20293428,-1.2923281,-1.3756944
0.19958135,-1.2853465,-1.3633225
0.19623712,-1.2784111,-1.3508934
0.19289327,-1.2715247,-1.3384038
0.18956311,-1.2646816,-1.3258505
0.18624786,-1.2578824,-1.3132339
0.18293133,-1.2511528,-1.3005675
0.1796369,-1.2444532,-1.2878302
0.1763452,-1.2378268,-1.2750486
0.17307153,-1.2312517,-1.2622005
0.16981098,-1.2247301,-1.2492992
0.16656277,-1.2182786,-1.2363336
0.16332757,-1.2118938,-1.2233222
0.16011065,-1.2055669,-1.2102475
0.15691227,-1.1993129,-1.1971219
0.15372512,-1.1931405,-1.1839418
0.15056303,-1.1870234,-1.1707008
0.14741147,-1.1809909,-1.157413
0.14429003,-1.1750267,-1.1440632
0.14117956,-1.1691577,-1.130671
0.13809437,-1.1633606,-1.1172156
0.13502672,-1.1576552,-1.1037183
0.13198787,-1.1520298,-1.090162
0.12897393,-1.1464847,-1.0765467
0.12597251,-1.1410505,-1.0628974
0.12300703,-1.135691,-1.0491874
0.120064944,-1.1304376,-1.0354292
0.11714518,-1.125287,-1.0216303
0.114259064,-1.1202301,-1.0077693
0.11139777,-1.1152749,-0.9938624
0.10856369,-1.1104307,-0.97990775
0.10575932,-1.1056895,-0.96590495
0.102990896,-1.1010518,-0.95185375
0.10024938,-1.0965385,-0.93775725
0.09754202,-1.0921321,-0.9236083
0.09486714,-1.0878434,-0.9094176
0.09221685,-1.0836844,-0.89519334
0.089604974,-1.0796425,-0.8809109
0.087032884,-1.0757182,-0.8665793
0.08449498,-1.0719215,-0.85220003
0.08199024,-1.068263,-0.83779144
0.079523265,-1.0647312,-0.8233268
0.07709336,-1.0613354,-0.8088217
0.07470226,-1.0580757,-0.79427314
0.07235783,-1.0549487,-0.77966976
0.070043504,-1.0519724,-0.7650409
0.06777066,-1.0491407,-0.7503648
0.06554425,-1.0464523,-0.73564386
0.06334925,-1.0439174,-0.7208829
0.061207592,-1.0415308,-0.70607615
0.05910778,-1.0392985,-0.69122314
0.057054043,-1.0372207,-0.6763358
0.05504197,-1.0353044,-0.6614015
0.05307764,-1.0335476,-0.64642596
0.05115515,-1.0319667,-0.63141346
0.049283504,-1.0305434,-0.61635566
0.047459304,-1.0292931,-0.6012614
0.045680404,-1.0282129,-0.5861254
0.04395628,-1.0273061,-0.57093835
0.042277575,-1.026581,-0.5557215
0.040650487,-1.0260389,-0.5404639
0.039073944,-1.0256813,-0.52516556
0.037555337,-1.0254978,-0.50981855
0.03608185,-1.0255127,-0.4944408
0.034665346,-1.0257158,-0.4790194
0.033305764,-1.0261137,-0.46355486
0.031993985,-1.0267084,-0.4480548
0.030746698,-1.0275005,-0.43250704
0.029548347,-1.0284975,-0.41692376
0.028411627,-1.0297003,-0.4012959
0.027334511,-1.0311055,-0.38562083
0.026315033,-1.0327277,-0.36991644
0.025352478,-1.0345552,-0.35416317
0.024449408,-1.0366079,-0.33837128
0.023610592,-1.0388741,-0.32254314
0.022828758,-1.0413688,-0.30666757
0.02211672,-1.0440754,-0.29074693
0.021467924,-1.047014,-0.27478147
0.020873845,-1.0501926,-0.2587893
0.020356476,-1.0535926,-0.24273205
0.019903421,-1.0572386,-0.22664428
0.019510984,-1.0611159,-0.21051478
0.01918441,-1.0652475,-0.19433999
0.018923283,-1.0696152,-0.17812419
0.018742323,-1.0742368,-0.16184926
0.018631399,-1.0790969,-0.14553046
0.018582106,-1.084228,-0.12917733
0.01861465,-1.0896007,-0.112771034
0.01870054,-1.0952613,-0.0963335
0.018879056,-1.1011597,-0.07982135
0.019125462,-1.1073351,-0.06327987
0.019446671,-1.113776,-0.046684027
0.019842625,-1.1204983,-0.030047417
0.020317435,-1.1274883,-0.013354063
0.020870805,-1.1347644,0.0033938885
0.021495163,-1.142325,0.020183086
0.022211492,-1.1501665,0.03703451
0.022995353,-1.1583023,0.053925514
0.0238688,-1.1667348,0.07087445
0.024813712,-1.1754602,0.08787322
0.025852859,-1.1844875,0.10493159
0.026977658,-1.1938103,0.122051954
0.028183341,-1.2034473,0.13921833
0.029479325,-1.2133905,0.15645409
0.030848622,-1.2236584,0.17372179
0.032318294,-1.2342299,0.19106746
0.033879638,-1.2451241,0.20847249
0.035519183,-1.2563529,0.22592616
0.037258208,-1.267905,0.24345279
0.03908789,-1.2797872,0.26103544
0.041005254,-1.2920022,0.27867985
0.043023407,-1.3045608,0.2963934
0.045137286,-1.3174582,0.3141682
0.047344744,-1.3307012,0.33201623
0.049644053,-1.3443011,0.3499198
0.05204779,-1.3582509,0.36789942
0.054553926,-1.3725531,0.38594913
0.057152092,-1.3872222,0.40406847
0.05985701,-1.4022534,0.42225266
0.062667966,-1.4176491,0.44053054
0.06557691,-1.433423,0.45886087
0.068591595,-1.4495746,0.47727466
0.07170904,-1.466107,0.49575686
0.07494295,-1.4830104,0.5143318
0.07826632,-1.5003225,0.5329714
0.08171368,-1.5180155,0.55169725
0.08527237,-1.5360978,0.5705154
0.088933825,-1.5545908,0.58940506
0.09271121,-1.5734792,0.6083765
0.09660506,-1.5927719,0.62744665
0.10060477,-1.6124845,0.64659166
0.104732394,-1.6326041,0.66584206
0.10896969,-1.6531432,0.6851728