
10.0,-10.0,-10.0
10.0,-10.0,-10.0
10.0,-10.0,-10.0
10.0,-10.0,-10.0
10.0,-10.0,10.0
10.0,-10.0,10.0
10.0,-10.0,10.0
10.0,-10.0,10.0
10.0,10.0,-10.0
10.0,10.0,-10.0
10.0,10.0,-10.0
10.0,10.0,-10.0
-1.4761868,-4.2447567,10.0
-1.460249,-4.20063,10.0
-1.4448643,-4.157881,10.0
-1.4300461,-4.116417,10.0
10.0,-10.0,10.0
10.0,-10.0,10.0
10.0,-10.0,10.0
10.0,-10.0,10.0
-10.0,-10.0,-10.0
-10.0,-10.0,-10.0
-10.0,-10.0,-10.0
-10.0,-10.0,-10.0
10.0,10.0,10.0
10.0,10.0,10.0
10.0,10.0,10.0
10.0,10.0,10.0
1.9021835,10.0,10.0
2.08881,10.0,10.0
2.2805138,10.0,10.0
2.4777317,10.0,10.0
10.0,-1.5460701,10.0
10.0,-1.8248844,10.0
10.0,-2.1010513,10.0
10.0,-2.3744907,10.0
-10.0,-2.7057247,-10.0
-10.0,-3.4048767,-10.0
-10.0,-4.1219196,-10.0
-10.0,-4.856344,-10.0
-10.0,10.0,-10.0
-10.0,10.0,-10.0
-10.0,10.0,-10.0
-10.0,10.0,-10.0
-10.0,-10.0,0.5012665
-10.0,-10.0,0.567173
-10.0,-10.0,0.6212578
-10.0,-10.0,0.6627121
-10.0,10.0,-10.0
-10.0,10.0,-10.0
-10.0,10.0,-10.0
-10.0,10.0,-10.0
10.0,10.0,10.0
10.0,10.0,10.0
10.0,10.0,10.0
10.0,10.0,10.0
10.0,-10.0,10.0
10.0,-10.0,10.0
10.0,-10.0,10.0
10.0,-10.0,10.0
-5.8929996,4.991064,-10.0
-6.172632,4.9169807,-10.0
-6.461054,4.842821,-10.0
-6.7582264,4.7691364,-10.0
-6.080616,-10.0,6.4624443
-6.0659504,-10.0,6.4880257
-6.054489,-10.0,6.508995
-6.046526,-10.0,6.525116
6.493059,-10.0,10.0
6.5168324,-10.0,10.0
6.54142,-10.0,10.0
6.5668488,-10.0,10.0
-10.0,10.0,10.0
-10.0,10.0,10.0
-10.0,10.0,10.0
-10.0,10.0,10.0
10.0,10.0,-10.0
10.0,10.0,-10.0
10.0,10.0,-10.0
10.0,10.0,-10.0
-10.0,10.0,1.9341125
-10.0,10.0,2.055893
-10.0,10.0,2.1763077
-10.0,10.0,2.2952766
10.0,-10.0,10.0
10.0,-10.0,10.0
10.0,-10.0,10.0
10.0,-10.0,10.0
10.0,-10.0,10.0
10.0,-10.0,10.0
10.0,-10.0,10.0
10.0,-10.0,10.0
10.0,-10.0,10.0
10.0,-10.0,10.0
10.0,-10.0,10.0
10.0,-10.0,10.0
-10.0,-10.0,10.0
-10.0,-10.0,10.0
-10.0,-10.0,10.0
-10.0,-10.0,10.0
10.0,10.0,10.0
10.0,10.0,10.0
10.0,10.0,10.0
10.0,10.0,10.0
-10.0,-10.0,10.0
-10.0,-10.0,10.0
-10.0,-10.0,10.0
-10.0,-10.0,10.0
10.0,10.0,10.0
10.0,10.0,10.0
10.0,10.0,10.0
10.0,10.0,10.0
10.0,-10.0,10.0
10.0,-10.0,10.0
10.0,-10.0,10.0
10.0,-10.0,10.0
10.0,10.0,-10.0
10.0,10.0,-10.0
10.0,10.0,-10.0
10.0,10.0,-10.0
10.0,-10.0,10.0
10.0,-10.0,10.0
10.0,-10.0,10.0
10.0,-10.0,10.0
-10.0,-1.8473816,10.0
-10.0,-1.9088364,10.0
-10.0,-1.9703312,10.0
-10.0,-2.0318356,10.0
10.0,-5.516611,10.0
10.0,-5.214712,10.0
10.0,-4.9096813,10.0
10.0,-4.601721,10.0
10.0,10.0,10.0
10.0,10.0,10.0
10.0,10.0,10.0
10.0,10.0,10.0
-10.0,10.0,-10.0
-10.0,10.0,-10.0
-10.0,10.0,-10.0
-10.0,10.0,-10.0
-10.0,-10.0,-10.0
-10.0,-10.0,-10.0
-10.0,-10.0,-10.0
-10.0,-10.0,-10.0
-10.0,-10.0,-10.0
-10.0,-10.0,-10.0
-10.0,-10.0,-10.0
-10.0,-10.0,-10.0
-10.0,-10.0,8.227238
-10.0,-10.0,8.358269
-10.0,-10.0,8.489822
-10.0,-10.0,8.622383
10.0,2.283718,5.1823273
10.0,2.3086586,5.147053
10.0,2.3370113,5.1112022
10.0,2.368847,5.074177
-10.0,-10.0,-8.108421
-10.0,-10.0,-8.452774
-10.0,-10.0,-8.789814
-10.0,-10.0,-9.116661
-3.9650936,-10.0,-10.0
-4.070282,-10.0,-10.0
-4.163086,-10.0,-10.0
-4.2423954,-10.0,-10.0
-7.9501343,-1.5643425,10.0
-7.8342495,-1.5451374,10.0
-7.7209663,-1.5282097,10.0
-7.610222,-1.5134029,10.0
10.0,-10.0,-10.0
10.0,-10.0,-10.0
10.0,-10.0,-10.0
10.0,-10.0,-10.0
7.1888275,10.0,10.0
7.0742264,10.0,10.0
6.977745,10.0,10.0
6.8985443,10.0,10.0
-10.0,-10.0,-2.5799026
-10.0,-10.0,-2.3238754
-10.0,-10.0,-2.090023
-10.0,-10.0,-1.8788223
10.0,10.0,10.0
10.0,10.0,10.0
10.0,10.0,10.0
10.0,10.0,10.0
10.0,10.0,-1.7917137
10.0,10.0,-1.4661674
10.0,10.0,-1.1350632
10.0,10.0,-0.7983818
10.0,-10.0,-10.0
10.0,-10.0,-10.0
10.0,-10.0,-10.0
10.0,-10.0,-10.0
10.0,10.0,-10.0
10.0,10.0,-10.0
10.0,10.0,-10.0
10.0,10.0,-10.0
10.0,10.0,-10.0
10.0,10.0,-10.0
10.0,10.0,-10.0
10.0,10.0,-10.0
10.0,-10.0,10.0
10.0,-10.0,10.0
10.0,-10.0,10.0
10.0,-10.0,10.0
10.0,10.0,10.0
10.0,10.0,10.0
10.0,10.0,10.0
10.0,10.0,10.0
-10.0,10.0,-3.196991
-10.0,10.0,-3.2937965
-10.0,10.0,-3.3911743
-10.0,10.0,-3.4890938
-10.0,-10.0,-10.0
-10.0,-10.0,-10.0
-10.0,-10.0,-10.0
-10.0,-10.0,-10.0
-10.0,-10.0,10.0
-10.0,-10.0,10.0
-10.0,-10.0,10.0
-10.0,-10.0,10.0
-10.0,-10.0,-10.0
-10.0,-10.0,-10.0
-10.0,-10.0,-10.0
-10.0,-10.0,-10.0
10.0,-10.0,10.0
10.0,-10.0,10.0
10.0,-10.0,10.0
10.0,-10.0,10.0
10.0,5.0151596,10.0
10.0,4.694248,10.0
10.0,4.372217,10.0
10.0,4.0497513,10.0
-10.0,-10.0,10.0
-10.0,-10.0,10.0
-10.0,-10.0,10.0
-10.0,-10.0,10.0
-9.064484,-10.0,10.0
-8.958229,-10.0,10.0
-8.852032,-10.0,10.0
-8.745956,-10.0,10.0
10.0,-10.0,10.0
10.0,-10.0,10.0
10.0,-10.0,10.0
10.0,-10.0,10.0
10.0,5.1831303,10.0
10.0,5.09161,10.0
10.0,4.9945164,10.0
10.0,4.8922157,10.0
6.4395294,10.0,-10.0
6.5381603,10.0,-10.0
6.64126,10.0,-10.0
6.748825,10.0,-10.0
10.0,-10.0,10.0
10.0,-10.0,10.0
10.0,-10.0,10.0
10.0,-10.0,10.0
10.0,0.96580315,10.0
10.0,0.67136383,10.0
10.0,0.38184166,10.0
10.0,0.0981617,10.0
10.0,10.0,10.0
10.0,10.0,10.0
10.0,10.0,10.0
10.0,10.0,10.0
-10.0,-10.0,10.0
-10.0,-10.0,10.0
-10.0,-10.0,10.0
-10.0,-10.0,10.0
6.122224,10.0,10.0
6.2393255,10.0,10.0
6.3579884,10.0,10.0
6.478423,10.0,10.0
10.0,-10.0,10.0
10.0,-10.0,10.0
10.0,-10.0,10.0
10.0,-10.0,10.0
10.0,-10.0,10.0
10.0,-10.0,10.0
10.0,-10.0,10.0
10.0,-10.0,10.0
10.0,-10.0,10.0
10.0,-10.0,10.0
10.0,-10.0,10.0
10.0,-10.0,10.0
-10.0,3.4167805,9.479368
-10.0,3.479807,9.719181
-10.0,3.5440044,9.95579
-10.0,3.609373,10.0
10.0,-10.0,10.0
10.0,-10.0,10.0
10.0,-10.0,10.0
10.0,-10.0,10.0
10.0,-10.0,-10.0
10.0,-10.0,-10.0
10.0,-10.0,-10.0
10.0,-10.0,-10.0
-10.0,-10.0,10.0
-10.0,-10.0,10.0
-10.0,-10.0,10.0
-10.0,-10.0,9.908892
10.0,-10.0,-2.7788658
10.0,-10.0,-2.8232841
10.0,-10.0,-2.8664436
10.0,-10.0,-2.9083633
10.0,10.0,10.0
10.0,10.0,10.0
10.0,10.0,10.0
10.0,10.0,10.0
10.0,10.0,10.0
10.0,10.0,10.0
10.0,10.0,10.0
10.0,10.0,10.0
10.0,-10.0,10.0
10.0,-10.0,10.0
10.0,-10.0,10.0
10.0,-10.0,10.0
-10.0,10.0,-10.0
-10.0,10.0,-10.0
-10.0,10.0,-10.0
-10.0,10.0,-10.0
10.0,10.0,10.0
10.0,10.0,10.0
10.0,10.0,10.0
10.0,10.0,10.0
-10.0,10.0,-10.0
-10.0,10.0,-10.0
-10.0,10.0,-10.0
-10.0,10.0,-10.0
10.0,-10.0,10.0
10.0,-10.0,10.0
10.0,-10.0,10.0
10.0,-10.0,10.0
10.0,10.0,-10.0
10.0,10.0,-10.0
10.0,10.0,-10.0
10.0,10.0,-10.0
-10.0,-10.0,10.0
-10.0,-10.0,10.0
-10.0,-10.0,10.0
-10.0,-10.0,10.0
10.0,-10.0,-10.0
10.0,-10.0,-10.0
10.0,-10.0,-10.0
10.0,-10.0,-10.0
-10.0,10.0,10.0
-10.0,10.0,10.0
-10.0,10.0,10.0
-10.0,10.0,10.0
10.0,10.0,10.0
10.0,10.0,10.0
10.0,10.0,10.0
10.0,10.0,10.0
-10.0,3.1701908,10.0
-10.0,3.2295609,10.0
-10.0,3.2894535,10.0
-10.0,3.349843,10.0
10.0,-10.0,10.0
10.0,-10.0,10.0
10.0,-10.0,10.0
10.0,-10.0,10.0
-10.0,0.5051403,10.0
-10.0,0.5680723,10.0