
124.42558362671471,637.2332281254376,-228.00484651493412
124.94479030629337,638.0902040378525,-227.06019705051875
125.46412249912295,638.9271037322152,-226.13554637868975
125.96357728558841,639.7439291350084,-225.230894504364
126.44315174617154,640.540683145428,-224.346241432352
126.90284296145985,641.3173686630954,-223.481587167358
127.3426480121466,642.0739885880581,-222.63693171397978
127.76256397903076,642.8105458207891,-221.81227507670886
128.16258794301706,643.5270432621871,-221.0076172599304
128.54271698511607,644.223483813577,-220.22295826792325
128.9229481864352,644.8998694044212,-219.4582981048598
129.32327862808137,645.5561980754587,-218.71363677480625
129.7437053910635,646.1924668955664,-217.9889742817223
130.18422555628356,646.8086729340472,-217.28431062946146
130.6448362045368,647.4048132606295,-216.59964582177076
131.12553441651156,647.9808849454673,-215.934979862291
131.62631727278935,648.5368850591408,-215.29031275455648
132.14718185384493,649.0728106726558,-214.66564450199533
132.66812524005508,649.5886598297312,-214.0409751079381
133.1691445117962,650.0844344636618,-213.39630457571536
133.65023674954176,650.5601374804552,-212.7316329087552
134.11139903387124,651.0157717865451,-212.046960110592
134.55262844547002,651.451340288791,-211.3422861848666
134.97392206512953,651.866845894478,-210.61761113532611
135.37527697374716,652.262291511317,-209.87293496582404
135.7566902523264,652.6376800474446,-209.10825768032024
136.11815898197673,652.9930144114232,-208.34357928287204
136.45968024391365,653.3282975122407,-207.59889977753684
136.78125111945883,653.6435322593109,-206.8742191682745
137.08286869003996,653.9387215624729,-206.16953745893852
137.36453003719083,654.213868331992,-205.48485465327613
137.62623224255134,654.4689754785587,-204.8201707549281
137.86797238786758,654.7040459132892,-204.175485767429
138.08974755499176,654.9190825477253,-203.55079969420692
138.2936847392114,655.1140881902903,-202.92611253859255
138.4830832228956,655.2890651786649,-202.28142430391657
138.66011547269545,655.4440154706866,-201.6167349936071
138.8266437059993,655.5789407306607,-200.9320446111987
138.98427252611566,655.6938423706827,-200.22735316033223
139.13439396621015,655.7887215848273,-199.5026606447549
139.27822387388036,655.8635793773841,-198.75796706832037
139.4168303687912,655.9184165863987,-197.99327243498854
139.5430799214664,655.9732342961531,-197.20857674882572
139.64934115214342,656.0480350508943,-196.40388001400456
139.73561697711955,656.1428217655689,-195.5791822348041
139.80191031279836,656.257597354698,-194.73448341560973
139.84822407568964,656.3923647323774,-193.86978356091316
139.87456118240948,656.5471268122776,-192.98508267531247
139.88092454968012,656.7218865076438,-192.08038076351212
139.86731709433008,656.9166467312957,-191.1556778303229
139.83374076100657,657.1114103956629,-190.21097388066198
139.78019360531323,657.2861804131752,-189.24626891955285
139.70667271067254,657.4409596966523,-188.2615629521254
139.61317516061308,657.5757511593391,-187.25685598361585
139.4996980387697,657.6905577149062,-186.23214801936678
139.36623842888352,657.785382277449,-185.18743906482712
139.21279341480187,657.8602277614887,-184.1227291255522
139.0450452802134,657.915096805589,-183.03801820720366
138.88299208142638,657.9699902472689,-181.9333063155495
138.74095056413353,658.0449058640448,-180.80859345646408
138.6189236459525,658.1398407371381,-179.6638796359281
138.51691424439446,658.2547919473443,-178.49916486002869
138.43492527686422,658.3897565750337,-177.31444913495926
138.37295966066011,658.5447317001513,-176.1097324670196
138.33102031297392,658.719714402216,-174.88501486261583
138.309110150891,658.914701760322,-173.6402963282605
138.30723111910277,659.1096908531731,-172.37557687057242
138.3253812730443,659.2846787594731,-171.09085649627684
138.36355769575673,659.4396625583158,-169.7861352122053
138.42175747017478,659.5746393292208,-168.46141302529574
138.49997767912663,659.6896061521325,-167.11668994259244
138.59821540533397,659.7845601074212,-165.75196597124605
138.71646773141214,659.8594982758824,-164.36724111851353
138.85473173986998,659.9144177387374,-162.96251539175827
138.99300548540626,659.9693165498846,-161.53778879844995
139.11129091186942,660.0441966523729,-160.09306134616463
139.20959093549283,660.139060961148,-158.62833304258473
139.28790847261607,660.2539123907308,-157.143603895499
139.34624643968502,660.3887538552167,-155.63887391280264
139.3846077532518,660.5435882682759,-154.11414310249705
139.40299532997474,660.718418543153,-152.56941147269012
139.4014120866184,660.9132475926673,-151.004679031596
139.3998599677572,661.1080773569608,-149.41994578753526
139.41833702881567,661.2829058870259,-147.8152117489348
139.4568403528332,661.437730261957,-146.19047692432787
139.51536702274277,661.5725475612743,-144.54574132235413
139.59391412137077,661.6873548649233,-142.8810049517595
139.69247873143726,661.7821492532752,-141.19626782139633
139.81105793555577,661.8569278071263,-139.4915299402233
139.94964881623338,661.9116876076986,-137.76679131730543
140.08824942816713,661.9664267088916,-136.02205196181413
140.2068617152038,662.0411470537547,-134.25731188302714
140.30548859357492,662.1358515572348,-132.47257109032856
140.38413297961839,662.2505431338535,-130.66782959320884
140.44279778977833,662.385224697707,-128.84308740126477
140.48148594060513,662.5398991624664,-126.99834452419954
140.50020034875538,662.7145694413773,-125.13360097182264
140.4989439309919,662.9092384472598,-123.24885675404998
140.47771863189627,663.103909092544,-121.36411188089492
140.43652250700643,663.2785842896602,-119.49936636237081
140.37686406469678,663.4332668779517,-117.65462020839355
140.3050253119729,663.5679591712185,-115.82987342877267
140.22771830961594,663.6826623875826,-114.02512603321136
140.14770638415433,663.7773770959002,-112.24037803130648
140.06617425266512,663.8521035930471,-110.47562943254849
139.98364987106427,663.9068420574988,-108.73088024632155
139.8907172594228,663.9615930836354,-107.00613048190347
139.77779632393458,664.036359120969,-105.30138014846568
139.6448899820624,664.1311430844461,-103.61662925507328
139.49200115137538,664.2459478885879,-101.95187781068505
139.31913274954877,664.3807764474902,-100.30712582415336
139.12628769436415,664.5356316748232,-98.6823733042243
138.91388337819646,664.710516463682,-97.07762025953755
138.6853700380667,664.9054334786986,-95.4928666986265
138.4403351452778,665.1003849417956,-93.92811262991813
138.1753294375286,665.2753735978126,-92.38335806173312
137.89034999936598,665.430402359568,-90.85860300228579
137.58539391544298,665.5654741403055,-89.35384745968409
137.2604582705189,665.6805918536938,-87.86909144192965
136.9155401494593,665.7757584138271,-86.40433495691775
136.55063663723593,665.8509767352247,-84.9595780124373
136.1657448189269,665.9062497328305,-83.53482061617088
135.76086177971652,665.9415803220141,-82.11006277570355
135.33598460489551,665.9569714185702,-80.66530449862044
134.8911103798608,665.9524259387181,-79.2005457926041
134.42840616825654,665.9279466936104,-77.71578666544347
133.95449032681137,665.8835358564594,-76.21102712503385
133.47648814361818,665.8191944996868,-74.68626717937686
132.9990296894695,665.734922864104,-73.14150683658049
132.52554782484353,665.6307206085028,-71.57674610485911
132.06478537914336,665.5065866560342,-70.00739039041858
131.62400548257028,665.3625184454025,-68.44501799158454
131.20320522060584,665.1985130625031,-66.8820708097691
130.80238167862532,665.0145675936564,-65.3112783244932
130.4215319418978,664.8106791256076,-63.72578436678263
130.0606530955861,664.5868447455275,-62.12128118387792
129.71974222474697,664.3430615410117,-60.496777670648825
129.39879641433086,664.079326600081,-58.85227383573373
129.09781274918208,663.7956370111813,-57.20776968786852
128.8167883140388,663.4919898631837,-55.58326523578906
128.55572019353303,663.1683822453845,-53.97876048813374
128.31460547219072,662.8248112475052,-52.3942554534346
128.09344123443168,662.4612739596926,-50.82975014011734
127.89222456456964,662.0777674725184,-49.28524455650128
127.71095254681225,661.67428887698,-47.76073871079944
127.5496222652611,661.2508352644995,-46.256232611118435
127.38823102456111,660.8119432848671,-44.75172626546744
127.20795810555438,660.3669878620744,-43.2272196818556
127.01920406476387,659.9249724800648,-41.68326546257419
126.83104338616523,659.4903150355013,-40.12025897677976
126.64324754258823,659.0635752573279,-38.537960937777974
126.45562918437264,658.6453995192717,-36.936182920335725
126.26797101091661,658.236500325972,-35.314703775896675
126.08003583839158,657.8376692918912,-33.67331658578372
125.88187286804073,657.4540947562223,-32.03192921661109
125.66365742471815,657.0905505835515,-30.4105416770981
125.42539242644654,656.7470396981813,-28.80915397586656
125.16708079135518,656.4235650239884,-27.227766121431937
124.88872543768001,656.1201294844241,-25.666378122203344
124.59032928376352,655.8367360025139,-24.124989986483545
124.27189524805479,655.5733875008577,-22.603601722468955
123.93342624910942,655.3300869016299,-21.102213338249637
123.59492423329326,655.0868361543271,-19.620824841809306
123.27638725782256,654.8236333192958,-18.159436241025322
122.97781240752886,654.5404754849851,-16.7180475436687
122.69919676713748,654.237359740269,-15.296658757404101
122.44053742126768,653.9142831744465,-13.895269889789835
122.20183145443255,653.5712428772422,-12.513880948277864
121.9830759510391,653.2082359388057,-11.152491940213796
121.78426799538823,652.8252594497119,-9.811102872836893
121.60540467167483,652.4223105009609,-8.469713753288923
121.44648306398766,651.9993861839779,-7.1083245887116595
121.30750025630945,651.5564835906137,-5.72693538634436
121.18845333251694,651.093599813144,-4.325546153532637
121.08933937638085,650.6107319442702,-2.9041568977284538
121.01015547156588,650.1078770771189,-1.4627676264901226
120.95089870163078,649.5850323052418,-0.001378347482308806
120.9115661500283,649.0421947226163,1.4800109315239722
120.87391475301608,648.4993623103899,2.9736873597134865
120.81794645537802,647.9765366823395,4.471268042260648
120.74190529365964,647.4737206806601,5.971374987155665
120.64579418512763,646.9909172326279,7.472598930440817
120.52961604715536,646.5281292650939,8.973633681272519
120.39337379722295,646.0853597044833,10.473543033434792
120.23707035291721,645.662611476796,11.972037264138685
120.06070863193163,645.2598875076064,13.469513593656663
119.88429116254284,644.8691774149665,14.976658738683863
119.72781884487443,644.4810250730488,16.503803804063015
119.59129183320853,644.0924254748904,18.05094878167344
119.4747098268678,643.7001419412513,19.618093663288118
119.37807204512026,643.300879821016,21.205238440573662
119.30006135835883,642.8915966309937,22.81238310509035
119.23733161378347,642.4698758778566,24.43952764829211
119.18721348849017,642.0341838908457,26.086672061526507
119.13305023398284,641.6012398501181,27.75381633603476
119.05882719710817,641.1883051715542,29.440960462951743
118.96454729512318,640.7953827805228,31.14810443330598
118.85021344539155,640.4224756019667,32.87524823801964
118.71582856538356,640.0695865604033,34.62239186790853
118.56139557267615,639.7367185799246,36.389535313682146
118.38691738495285,639.4238745841972,38.17667856594358
118.1923969200038,639.131057496462,39.983821615189626
117.99585767982413,638.858269363475,41.81096445181069
117.80479615169206,638.6055092390933,43.65810706609084
117.60898979677579,638.372777333086,45.52524944820781
117.40877203882664,638.1600743065131,47.41239158823295
117.20419831652353,637.9674007985742,49.3195334761313
116.99531805660568,637.794757440937,51.24667510176152
116.78217935307534,637.6421448581561,53.19381645487593
116.5648290210801,637.5095636678685,55.16095752512051
116.35537618217232,637.3770138944981,57.13582889190695
116.1659044117225,637.2244932112964,59.1024459484884
115.99641079387581,637.0519987043747,61.05322039419611
115.84689241267124,636.8595274602696,62.98413681491094
115.71734635204153,636.647076565943,64.89505290071311
115.60776969581323,636.4146431087821,66.78596864144122
115.51767413418274,636.1622242001964,68.6568840270402
115.43812937688466,635.8898174568109,70.5077990475614
115.34961790101246,635.597422699168,72.35871369315359
115.24106416406549,635.2850423117919,74.22962795396558
115.11246524975869,634.9526792179214,76.12054182004867
114.97504385264159,634.600335795494,78.03145528134783
114.84415896310429,634.2280120388854,79.96236832770168
114.72391024314179,633.8357065944758,81.9132809488425
114.61426711759181,633.4234179142497,83.88419313439618
114.51523848190833,632.9911444507981,85.87510487388231
114.41148814446072,632.5588854014328,87.88601615671408
114.28767804975294,632.1466429461643,89.91692697219838
114.14381111530568,631.7544200103573,91.96783730953575
113.97989025874631,631.3822195189512,94.03874715782035
113.79591839780878,631.0300443964595,96.12965650604
113.59189845033372,630.6978975669705,98.24056534307618
113.36783333426833,630.3857819541468,100.37147365770402
113.12372596766642,630.0937004812256,102.5223814385923
112.87957829639208,629.8016550987663,104.67328867431233
112.65538837715982,629.4896438681784,106.80419535343539
112.45115329429946,629.1576638789738,108.91510146463027
112.26687013203468,628.8057122210896,111.00600699667211
112.10253597448313,628.4337859848881,113.07691193844242
111.9581479056563,628.0418822611571,115.12781627892905
111.83370300945968,627.6299981411091,117.1587200072262
111.72919836969268,627.1981307163827,119.16962311253442
111.64463204233613,626.7662770790058,121.16052558416065
111.58000597241457,626.3544343210066,123.13142741151815
111.53532307713401,625.9625995340227,125.08232858412654
111.51058627359437,625.5907698092669,127.0132290916118
111.50579847878953,625.2389422375263,128.92412892370626
111.52096260960725,624.9071139091626,130.81502807024862
111.55608158282924,624.5952819141121,132.6859265211839
111.61115831513108,624.3034433418856,134.5368242665635
111.66619542813787,624.0255290522525,136.38772129653634
111.70119428461032,623.7538476932984,138.25861760125127
111.71615555815012,623.4851696472796,140.14951317075975
111.71107947039984,623.216644242692,142.06040799500678
111.68596591100372,622.9467908908813,143.99130206383114
111.64081467933255,622.6757096173085,145.94219536696514
111.57562555771733,622.4022866203297,147.91308789403485
111.49039789472572,622.1216171895444,149.9039796345599
111.38513007050945,621.8256042242698,151.8948705779625
111.25981939446183,621.5096080731033,153.86576071366486
111.11446295038685,621.1736316593696,155.81665003118664
110.94905782219516,620.8176779068185,157.74753852015388
110.76360109390396,620.4417497396253,159.65842617029898
110.5580898496371,620.0458500823904,161.5493129714607
110.33395324531023,619.6299817905202,163.4201989135841
110.09700298812933,619.1941472283146,165.27108398672073
109.86580409079805,618.7383471490459,167.10196818102835
109.65453901479816,618.2625793349041,168.9128514867712
109.46320484439076,617.7668408788912,170.70373389431973
109.29179866373094,617.2511288744346,172.47461539415085
109.14031755686784,616.7154404153866,174.2254959768478
109.00875860774464,616.1597725960253,175.9563756331002
108.89711890019859,615.5841225110534,177.667254353704
108.805395517961,614.9884872555995,179.3581321295615
108.71358554466617,614.3728648975045,181.0290089516814
108.60168606394882,613.7372573941851,182.67988481117865
108.46969415954166,613.0816676757701,184.31075969927468
108.31760691528424,612.4060986728136,185.92214263954648
108.14542141512298,611.7105533162957,187.51570463534938
107.95313474311114,610.995034537621,189.09250318572404
107.74074398340888,610.2595452686198,190.651910910498
107.50824622028328,609.5040884415475,192.19274672056136
107.27563853809947,608.7286660167972,193.73396696757555
107.06291802122318,607.9332760660377,195.29518618439013
106.87008175392322,607.1179156890754,196.8764043627032
106.69712682036267,606.282581986142,198.47762149410656
106.54405030459893,605.4272720578945,200.09883757008566
106.41084929058363,604.5519830054151,201.74005258201962
106.29752086216277,603.6567119302113,203.40126652118113
106.20406210307667,602.741455934216,205.08247937873665
106.11047106925625,601.8262130920393,206.78369114574622
105.99674970578295,600.9309853674412,208.50490181316357
105.8629009301238,600.0557756960787,210.24611137183604
105.70892765985288,599.200587013184,212.00731981250468
105.53483281265127,598.3654222535629,213.78852712580414
105.34061930630708,597.5502843515962,215.58973330226277
105.12629005871537,596.7551762412393,217.41093833230258
104.89184798787817,595.9801008560216,219.2521422062392
104.64100323816272,595.205060948811,221.11334491428192
104.37792680181204,594.410058528795,222.99454644653372
104.10330362575866,593.5950953240608,224.8957467929912
103.81755099876295,592.7601729875583,226.81694594354457
103.52124390541475,591.9052931049789,228.7581438879778
103.21545585407186,591.0304571449883,230.7193406159685
102.90186459737447,590.1356663750107,232.70053611708786
102.58257187253163,589.2209217830979,234.70173038080077
102.2709201356193,588.2862234977772,236.72292339646577
101.97913225572873,587.3315692161783,238.76411515333507
101.70720531754918,586.3569560415069,240.82530564055452
101.4551364056643,585.3623810773939,242.90649484716363
101.22292260455218,584.3478414278956,245.00768276209553
101.01056099858529,583.3133341974932,247.1288693741771
100.81804867203053,582.2588564910934,249.27005467212877
100.64538270904929,581.184405414028,251.4312386445647
100.49256038829587,580.0939809721707,253.606532907574
100.35957971372119,578.9904931281924,255.78841661562365
100.24643862283695,577.8718417318119,257.9738396586936
100.15313475773698,576.7360609824165,260.16009810289205
100.07966548052282,575.581264997189,262.3447016659801
100.02602792530914,574.4065009343341,264.52529948528297
99.99221917662014,573.2117432481646,266.6994750185972
99.97823631777328,571.996989046998,268.86453669552475
99.984077404268,570.7822354395422,271.01432977661983
100.00974438064816,569.5874795345047,273.1441214165905
100.05524016363958,568.4127184402034,275.2539116041116
100.12056766986267,567.2579492645307,277.3437003279641
100.20572971387242,566.1210717939236,279.41348757703537
100.31072854810937,564.9968145459814,281.46327334031935
100.4355655551463,563.8788947026629,283.4930576069161
100.58024122869516,562.7615248662477,285.5028403660322
100.74475495595006,561.6330793893297,287.51262160697166
100.92910425412208,560.484608472741,289.54240131903845
101.13328620536862,559.3161092238126,291.59217949143914
101.3572978917416,558.1275787503015,293.6619561132739
101.6011363951875,556.9190141603901,295.7517311735366
101.86479879754737,555.6904125626864,297.86150466111474
102.14828218055682,554.4417710662241,299.9912765647894
102.45158362584611,553.1730867804622,302.14104687323555
102.77035922964387,551.8843570263199,304.3108155750216
103.1010160150675,550.5755799327734,306.5005826586097
103.4444739636959,549.2467536858748,308.7103481123557
103.8008032588377,547.8978764069611,310.93919398055493
104.15342003912886,546.5489470299385,313.18712025135534
104.48584320360585,545.2199676987711,315.4550448567576
104.79807566736332,543.9109413583463,317.7429677847018
105.09012034560327,542.6218709531262,320.0508890230219
105.36198015363507,541.3527594271476,322.3788085594454
105.61365800687543,540.1036097240224,324.72672638159344
105.84515682084835,538.8744247869372,327.0946424769808
106.05647951118515,537.6652075586533,329.482556833016
106.26762845840518,536.4649507051923,331.87046943701006
106.49860351888576,535.2547584760425,334.2383802762739
106.74940242671614,534.0256372838977,336.58628933821615
107.02002231747609,532.7764780690462,338.91419661035155
107.31046027286423,531.5072779409468,341.2221020803014
107.62071337447384,530.218034009484,343.51000573579324
107.95077870379276,528.908743384968,345.77790756466106
108.30065334220356,527.5794031781346,348.0258075548452
108.67033437098341,526.2300105001453,350.2537056943923
109.0598188713042,524.8605624625873,352.4616019714554
109.4691039242325,523.4710561774732,354.6494963742939
109.8981866107296,522.0614887572418,356.81738889127354
110.34475294216396,520.6318574271085,358.9652795108664
110.79970355231173,519.1821601919861,361.093168221651
111.25808807888508,517.7123963996819,363.2010550123122
111.72126000116609,516.2225653943052,365.28893987164116
112.17647491233205,514.7126671206892,367.35682278853545
112.61146994151397,513.1827039315417,369.40470375199897
113.02624216953643,511.6326787760063,371.43258275114204
113.4207886773315,510.06259460365203,373.4404597751813
113.79510654593885,508.47245436447395,375.42833481343973
114.14919285650569,506.8622610088927,377.3962078553467
114.48912641254364,505.2320171920954,379.3440788904379
114.82716953700024,503.58172408645055,381.2719479083555
115.15723856124625,501.9313819628933,383.1998148988391
115.46707018648388,500.300993176819,385.1476798516283
115.75666732792791,498.6905606795005,387.11554275636513
116.02603290090073,497.10008742178525,389.1034036025854
116.2751698208323,495.5295763540957,391.1112623797186
116.50408100326014,493.9790304264291,393.13911907708786
116.71276936382932,492.4484525883574,395.1869736839099
116.90123781829247,490.9378457890273,397.25482618929516
117.0827181859135,489.44177096784665,399.34207549753876
117.27086050016304,487.9561764351247,401.4477557076114
117.46667886414701,486.4842690929855,403.5710627311679
117.67156775526429,485.03009912734694,405.7107282616299
117.88692404656756,483.5958985312734,407.8641148621983
118.11318739464903,482.18166572779586,410.0265097833871
118.34985156752406,480.78739915842885,412.19164798134955
118.59651786374648,479.41309734265286,414.3524514569046
118.8580617922512,478.03875858709154,416.49922781819765
119.13940571775458,476.6443802432665,418.6260019647426
119.44054672189823,475.2299594236972,420.7327738852302
119.76148188621849,473.795493241329,422.8195435684575
120.10220829214646,472.34097880953254,424.8863110033281
120.46272302100796,470.86641324210444,426.9330761788518
120.84302315402361,469.3717936532668,428.95983908414485
121.24310577230882,467.85711715766746,430.9665997084298
121.64734602439066,466.34238162984224,432.9533580410356
122.03976460336908,464.8475879997387,434.9201140713975
122.42010981491183,463.3727380210525,436.86686778905727
122.7884387888131,461.9178334467098,438.7936191836629
123.14470652642528,460.48287603372023,440.7003682449688
123.48890177111592,459.06786754153046,442.5871149628357
123.82100191663868,457.67280973262564,444.4538593272307
124.14098917572787,456.2977043722602,446.30060132822734
124.44481643997385,454.92255342421305,448.1473409559966
124.72844367152834,453.5273596380332,450.01407820070943
124.99419219556533,452.11212584697756,451.9008130524394
125.24740277895714,450.67685428597383,453.8075455011537
125.48946495764169,449.2215465693256,455.7342755367132
125.71627509020468,447.7462046016128,457.6810031488724
125.92411356088651,446.25083090839826,459.6477283272794
126.11173448983666,444.7354283776326,461.6344510614761
126.29913495918625,443.1999989858305,463.6211713409068
126.50631205106757,441.6445408207823,465.587889155016
126.73326284751663,440.06905099841657,467.53460449334546
126.97998443046428,438.4735266350874,469.4613173455434
127.24647388173624,436.85796484757446,471.3680277013645
127.53272828305309,435.222362753083,473.25473555066964
127.83874471603035,433.566717469244,475.1214408834262
128.16452026217846,431.89102611411397,476.96814368970786
128.49005200291157,430.1952867784625,478.7948439596947
128.79533701964522,428.4795014426346,480.6015416836731
129.0803723938937,426.74367305968855,482.3882368520359
129.345155207279,424.987804583108,484.1549294552823
129.5896825415308,423.2118989668025,485.9016194840177
129.81395147848647,421.4159591651069,487.62830692895403
130.01795910009113,419.59998813278185,489.3349917809096
130.20170248839764,417.7639888250135,491.0216740308089
130.36517969785402,415.92796419737806,492.7083536696741
130.5083926721659,414.11191720545196,494.4150306885274
130.63134432743405,412.31585080442187,496.14170507829334
130.73403757986696,410.5397679490489,497.88837682979033
130.81647534578093,408.78367159366906,499.6550459337302
130.87866054159988,407.04756469219296,501.44171238071874
130.9205960838555,405.3314501981058,503.24837616125524
130.94228488918708,403.63533106446755,505.0750372657326
130.96372890204532,401.93920927166073,506.9216956844375
131.00492617773247,400.22308291091804,508.78835140755024
131.06587379916712,398.48694910157485,510.6750044251447
131.14656884916286,396.7308049633919,512.5816547271886
131.24700841042826,394.95464761655535,514.5083023035432
131.3671895655669,393.158474181677,516.4549471439635
131.50710939707736,391.3422817797939,518.421589238098
131.6667649873533,389.5060675323688,520.4082285754891
131.84615439097087,387.66982856125446,522.4148651455725
132.045279551551,385.85356198830374,524.4414989376781
132.2641433848972,384.0572649349797,526.488129941029
132.50274880670796,382.28093452232014,528.5547581447421
132.76109873257684,380.52456787093774,530.6413835378281
133.03919607799233,378.78816210101985,532.7480061091912
133.33704375833798,377.07171433232867,534.8746258476293
133.65464468889232,375.3752216842012,537.021242741834
133.99200081254133,373.67868127558484,539.1678567803996
134.34911018291623,371.962090225427,541.29446795192
134.72596988125576,370.2254456530655,543.4010762450869
135.12257698869362,368.4687446782638,545.4876816486982
135.5389285862585,366.69198442121115,547.5542841516584
135.9750217548741,364.8951620025224,549.6008837429781
136.43085357535915,363.07827454323814,551.6309961845925
136.90642112842738,361.2413191648248,553.6510866823401
137.4017224669751,359.404292989139,555.657639452661
137.91675953294336,357.58719313803783,557.6441892682515
138.45153524045577,355.7900167329889,559.610736118548
139.00605250353095,354.01276089503455,561.5572799930932
139.5803142360826,352.2554227447924,563.4838208815362
140.17251579958244,350.517999490328,565.3903587736327
140.76327537455234,348.80048954527774,567.2768936592444
141.33956251137667,347.10289460784554,569.1434255283398
141.92076485704482,345.425215625253,571.0099543709845
142.5217262410019,343.7674504374746,572.8964801772441
143.14244957691457,342.12959616257825,574.8030029370873
143.78293777834446,340.5116499182068,576.7295226403758
144.44319375874804,338.9136088215782,578.6760392768651
145.12322043147668,337.33546998948543,580.6425528362048
145.82302070977664,335.7772305382968,582.6290633079376
146.54259749833759,334.2387137367574,584.6355706815003
147.26195270411097,332.6999176727122,586.642074946232
147.96108437025407,331.1410181703585,588.6285760914718
148.6399895761869,329.5620181793734,590.5950741066564
149.298665401437,327.96292064985977,592.541568981329
149.93710892563954,326.34372853234646,594.4680607051388
150.55531722853718,324.70444477778835,596.3745492678416
151.15328738998028,323.04507233756607,598.2610346592998
151.73101648992676,321.36561416348616,600.1275168694815
152.30850160843332,319.66607223549363,601.993995888453
152.90573982555796,317.9464446448095,603.8804717062803
153.52272822126253,316.2067285107933,605.786944312932
154.15946387540382,314.4469209532303,607.7134136982701
154.8159438677336,312.66701909233177,609.6598798520507
155.49216527789872,310.8670200487349,611.6263427639234
156.18812518544098,309.0469209435027,613.6128024234313
156.90382066979726,307.2067188981241,615.6192588200113
157.6192497825958,305.36641200676615,617.6257119430029
158.314414464616,303.5460022527461,619.6121617817455
158.98931762902362,301.7454925912793,621.5786083256761
159.64396218909215,299.96488597715603,623.5250515643379
160.27835105820282,298.204185364742,625.4514914873806
160.89248714984453,296.46339370797773,627.3579280845604
161.48637337761392,294.74251396037903,629.2443613457395
162.0600126552153,293.04154907503664,631.110791260887
162.63340789645176,291.36050103232895,632.9610713166276
163.2265620151277,289.69936792305964,634.8037143414822
163.83947792495138,288.05814686531994,636.6481036149856
164.47215853952585,286.4368349767762,638.5040947238682
165.12460677234915,284.83542937466984,640.3784508723687
165.79682553681417,283.25392717581735,642.2728036156137
166.4888177462087,281.69232549661035,644.1871529435297
167.20058631371532,280.1506214530155,646.121498845937
167.91213318013294,278.60881313289764,648.0558413125586
168.6034563971118,277.04690251327185,649.9701803331175
169.27455304411353,275.4648925438311,651.8645158974339
169.92542020070712,273.8627861746945,653.7388479954345
170.55605494656925,272.2405863564068,655.5931766171526
171.16645436148414,270.5982960399388,657.4275017527278
171.756615632176,268.9381157231654,659.2418233924059
172.32653662880594,267.26751183593757,661.036141526539
172.87621689915636,265.60299852588173,662.830456145577
173.4056582564103,263.9521742090794,664.6447672399696
173.91486216312322,262.30753133167883,666.479074800069
174.40382896754724,260.6613812743751,668.3333788161214
174.87255790376256,259.0061595064197,670.2076792782664
175.3210471166019,257.3345016079294,672.1019761765372
175.74929386332494,255.64277977645133,674.0162695008607
176.1572952247921,253.9309969644227,675.9505592410578
176.54504925425894,252.21915612467097,677.8848453868515
176.91255789423846,250.52726021002397,679.799127927965
177.25982405963873,248.8553121729198,681.693406854219
177.58685066547545,247.2033149653715,683.5676821555406
177.89364062687198,245.57127153896695,685.4219538219634
178.1801968590593,243.95918484486884,687.2562218436269
178.44679000427396,242.36705782079932,689.0704862107775
178.6999350400306,240.79489304842943,690.8647469137677
178.95936618265102,239.2226912260597,692.6390039430563
179.23856942410208,237.63045012559593,694.3997712638725
179.53754184603676,236.0181668636264,696.1591018291509
179.85628053000298,234.38583855716504,697.9266423055958
180.19478255744343,232.7334623236514,699.7101002567415
180.55304500969584,231.06103528095073,701.5133150223726
180.9310649679928,229.36855454735394,703.3365260576602
181.3288395134618,227.6560172415776,705.1797333529091
181.74636669941276,225.94342048272856,707.0258620663632
182.18071140498455,224.25076153269748,708.8733975273708
182.62670890404604,222.57803833255744,710.7394145580627
183.08080996036324,220.92524946373993,712.6254278093506
183.54118384351762,219.29239389757328,714.5314372712058
184.0073343605628,217.6794707681542,716.457442933493
184.47947384513276,216.08647922197684,718.4034447859704
184.9579562362067,214.51341835876363,720.3694428182899
185.4295753421235,212.94028788785906,722.3461947008946
185.880966512483,211.3470901095714,724.3242739801769
186.31212682802257,209.7338279742187,726.3033431555368
186.72305336958712,208.1005044325448,728.2851709466133
187.11374321812926,206.44712243571917,730.2757468677066
187.4841936378931,204.77745303892988,732.2827286211646
187.83440341506983,203.1114991940823,734.3097064806609
188.16437467555605,201.46549574940903,736.3566804354172
188.49411033445062,199.83944468405838,738.4121096739821
188.84361330685363,198.2333440876038,740.4658514699762
189.21288650776884,196.64719107690607,742.5214383752098
189.58472469599377,195.08098360496462,744.5834995730097
189.9451324307926,193.53472281456612,746.6536814824256
190.29616078861693,192.00841011693845,748.7309250561949
190.637042729543,190.5020469736898,750.8146103510973
190.96801650301674,189.01563483391058,752.9040021980862
191.3038523623934,187.52917443211038,754.9860823260551
191.65947302151147,186.02266360818794,757.0481584393539
192.03487556161758,184.49609947687927,759.0902305270173
192.43005706385324,182.949479153346,761.1150019244378
192.84376926032485,181.3827998137174,763.1320791548486
193.27061649839865,179.79605907833835,765.1535682437045
193.70686508597208,178.18925541475798,767.1872189427878
194.15333752328866,176.5623873916865,769.2380423010433
194.61500701301213,174.91545325647374,771.3086820110251
195.09643794997118,173.24845034887284,773.3993176195229
195.59762741474344,171.5613757870256,775.5099491154193
196.11857248780146,169.8542266894997,777.6405764874911
196.6592702495128,168.12700017528854,779.7911997244086
197.21971778013986,166.37969336381138,781.9618188147357
197.79991215984018,164.61230337491327,784.1524337469301
198.39985046866622,162.82482732886513,786.3630445093429
198.9995307588617,161.03726331861574,788.573651090228
199.57895497182162,159.26961332626414,790.7642534778394
200.1381260213271,157.5218803058072,792.9348516605281
200.67704682126708,155.794067210817,795.0854456267523
201.19572028563817,154.08617699444048,797.2160353650758
201.6941493285446,152.3982126093997,799.326620864169
202.17233686419826,150.73017700799167,801.4172021128089
202.6302858069187,149.08207314208838,803.4877790998787
203.06799907113307,147.45390396313672,805.5383518143681
203.48547957137615,145.84567242215863,807.5689202453729
203.88273022229026,144.2573814697509,809.5794843820954
204.2597539386254,142.68903405608523,811.5701285348665
204.616553635239,141.1406331309083,813.5428358931731
204.9531322270961,139.61218164354156,815.5015889733027
205.26949262926922,138.10368254288142,817.4507686013243
205.56563775693846,136.61513877739904,819.3951941819633
205.8615705253825,135.14655232285307,821.3485016683144
206.1730751575803,133.6979214705162,823.3218047870918
206.48015456874668,132.26924512650328,825.3151035278025
206.7759734734257,130.8605250356229,827.328397879847
207.06393391295794,129.47176223991997,829.3616878325195
207.34396368377526,128.10295815845393,831.4149733750078
207.61614959216573,126.75411367770202,833.4882544963936
207.88065128252717,125.4252301955927,835.581531185652
208.13398815452769,124.1060479493448,837.6948034316518
208.3671360464785,122.78906488802244,839.8280712231559
208.5800956897322,121.47989320988935,841.9813345488202
208.77286865750213,120.18453545861536,844.1545933971947
208.94545734684417,118.90764610743368,846.347847756723
209.09786460054033,117.65073305707686,848.5610976157424
209.23009333464253,116.41379925065574,850.7943429624837
209.34214646530995,115.19684763085584,853.0475837850717
209.45402593651278,113.9798801676854,855.3008200715333
209.58572980307233,112.74289494200295,857.5340518098958
209.7372551474259,111.48588906276964,859.7472789882838
209.90859905190547,110.20885963937216,861.9405015949285
210.09975859873757,108.9118037816227,864.1137196181671
210.31073087004336,107.59471859975899,866.2669330464435
210.54151294783867,106.25760120444434,868.4001418683079
210.79029317627996,104.90044879469826,870.5133460724168
211.03706863719083,103.52325980604527,872.6065456475332
211.26364515015962,102.1260362997933,874.6797405825262
211.470020108436,100.71518502441619,876.7329308663716
211.6561926396757,99.30717212683355,878.7661164881516
211.82216430718114,97.9155177161401,880.7792974370545
211.96793783962386,96.54376153773092,882.7724737023751
212.09351614924879,95.19198557195803,884.7456452735145
212.1989021522505,93.86019276394302,886.6988121399803
212.28409876493092,92.54838605838215,888.6519742913777
212.34910890369935,91.25656839954635,890.6251317173117
212.39393548507243,89.98474273128123,892.6182844072898
212.4185814256741,88.732911997007,894.6314323507136
212.42304964223564,87.5010791397185,896.6645755368778
212.4073430515956,86.28924710198521,898.7177139549711
212.37146457069983,85.09741882595118,900.7908475940759
212.31541711660148,83.92559725333501,902.8839764431682
212.25702739841722,82.75378445892564,904.9971004911176
212.2145372005123,81.56197903098533,907.1302197266876
212.18870499606234,80.3503175581621,909.2833341385351
212.18013450088802,79.12005292568087,911.4564437152108
212.18911210013178,77.8735553057703,913.6495484451591
212.21550185597326,76.61351634704509,915.862648316718
212.25882894955575,75.34302601345503,918.0957433181193
212.31829167812083,74.06559630437073,920.3488334374885
212.39548780877425,72.79562065886748,922.6219186628443
212.4925035680612,71.54563230959721,924.9124546743923
212.60934174554495,70.31302042893633,927.2105339477686
212.74600447307134,69.09207882575679,929.5008324694476
212.90249310666437,67.87874211106254,931.7732577394429
213.07880869403792,66.67266437334231,934.0256780546928
213.27495237947497,65.47492611303313,936.25809340322
213.49092533060337,64.2840048631365,938.4705037731534
213.70672774800292,63.0854857462695,940.6829091527195
213.90235731814883,61.86693662710539,942.9153095301449
214.07781112313845,60.62836044792789,945.1677048935587
214.2330862451765,59.36976015144622,947.4400952309837