
-67.85052035026386,948.5117402226548,84.52767431701672
-67.88051954283402,948.5217436256146,84.55767364280935
-67.93051981741944,948.5117528622247,84.60767251895315
-68.00052409061655,948.481770849718,84.67767094518226
-68.09053527891545,948.4318005057527,84.76766892112444
-68.20055629869982,948.3618447484122,84.87766644630113
-68.33059006624694,948.2719064962055,85.00766352012742
-68.48063949772768,948.1619886680666,85.15766014191203
-68.65070750920647,948.032094183355,85.32765631085735
-68.82079701665015,947.8822249895678,85.49765202606828
-68.97091093602545,947.7123791454782,85.64764728664973
-69.10105218339646,947.5225537379965,85.77764209180408
-69.21122367493348,947.3127458544589,85.88763644084007
-69.30142832691298,947.0829525826263,85.9776303331728
-69.37166905571765,946.8331710106854,86.04762376832373
-69.4230033203773,946.5633982785141,86.09761674592069
-69.45810379532314,946.273631810002,86.1276092656978
-69.47591788240237,945.9838692649965,86.15760132748673
-69.47377387910356,945.7141078627134,86.20759293111914
-69.45166886857577,945.4643446921898,86.27758407632918
-69.40959993407421,945.2345768420375,86.36757476274467
-69.34756415896025,945.0248014004432,86.47756498988709
-69.26555862670146,944.8350154551676,86.60755475717156
-69.16358042087158,944.6652160935467,86.75754406390685
-69.04162662515056,944.5154004024907,86.92753290929538
-68.91969529560313,944.3655664408076,87.0975212924421
-68.81778837744372,944.1957161564552,87.24750921245192
-68.73590878807651,944.0058524700688,87.37749666852729
-68.67405944479925,943.7959783027093,87.48748365997699
-68.63224326480317,943.5660965758628,87.57747018621617
-68.61046316517293,943.3162102114412,87.64745624676632
-68.60872206288668,943.0463221317814,87.69744184125528
-68.62675933073349,942.7564352468339,87.72742696941727
-68.66457788547977,942.4465524285386,87.73741163109281
-68.72244409505527,942.1185857759638,87.72739582622883
-68.80036012992707,941.7802485173543,87.69737955487858
-68.89832665298756,941.4432397315026,87.64736281720167
-69.01634262711231,941.119043347294,87.57734561346406
-69.15440560293969,940.8140569457709,87.48732794403809
-69.31251270218722,940.5290921414664,87.37730980940242
-69.49066100715184,940.2641518574654,87.24729121014207
-69.67486374192158,940.0192383366106,87.09727214694843
-69.8557368436583,939.7943513258111,86.92725262061924
-70.04114971470958,939.5894909457161,86.73723263205858
-70.23566610764287,939.4046582391625,86.5272121822769
-70.44099824967185,939.2398546800601,86.29719127239099
-70.65769723132595,939.0950818928563,86.047169903624
-70.88594926298936,938.9703415509161,85.77714807730541
-71.12583107698802,938.865635345418,85.4871257948711
-71.38154799189299,938.7609651781275,85.19710305785442
-71.65728276661423,938.636333765087,84.92707986778872
-71.95303831654783,938.4917440259759,84.67705622610984
-72.26881755698342,938.3271988808992,84.44703213414732
-72.59479161599913,938.1427007724208,84.2370075931243
-72.91587363078412,937.938249976051,84.04698260415763
-73.22466494999118,937.7138451630951,83.87695716825775
-73.51821732936472,937.469484293575,83.72693128632878
-73.8137660655258,937.2251659437017,83.59398662134784
-74.12935014974366,937.0008921586214,83.4757263415568
-74.46496666347782,936.7966658601389,83.37348126576018
-74.82061268808131,936.6124899696333,83.28929535984045
-75.19628530480064,936.4483674080581,83.22475614389026
-75.59198159477582,936.3043010959409,83.18021648537909
-76.00769863904037,936.1802939533839,83.1556763845438
-76.44343351852139,936.0763489000634,83.15113584151487
-76.87918428633581,935.972467882978,83.16659485631646
-77.29495288475024,935.8486489599762,83.20205342886636
-77.69074222841614,935.7048892170087,83.25751155897602
-78.06655523209119,935.5411857404513,83.33296924635053
-78.42239481063933,935.3575356171048,83.42842649058863
-78.7582638790307,935.1539359341951,83.54388329118275
-79.0741653523416,934.9303837793736,83.67933964751892
-79.37010214575454,934.6868762407164,83.83479555887683
-79.6460771745582,934.423410406725,83.99025102443873
-79.90209335414738,934.1399833663261,84.12570604338684
-80.13815352645317,933.8381055450504,84.24116061500085
-80.3542601683518,933.5207454014272,84.33661473866682
-80.55041533443716,933.1907011443769,84.4120684138772
-80.72662070796406,932.8501232169782,84.46752164023071
-80.88287776678537,932.4994621342533,84.50297441743253
-81.01918807218188,932.1372613126728,84.5184267452941
-81.15555262234467,931.7787509360411,84.53387862372439
-81.31196929349922,931.4402619095077,84.56933005263241
-81.48843516795147,931.1217971573237,84.62478103182961
-81.68494732790069,930.8233596033147,84.70023156102113
-81.90150285543962,930.5449521708805,84.79568163980576
-82.13809883255436,930.2865777829956,84.91113126767594
-82.3947323411245,930.0482393622087,85.04658044401778
-82.67140046292303,929.8299398306433,85.20202916811098
-82.94810125191275,929.6116811377449,85.37747743912897
-83.20483665120601,929.373461343809,85.57292525613877
-83.44160957629995,929.1152775372337,85.78837261810109
-83.65842294279784,928.8371268068422,86.02381952387027
-83.85527966640907,928.5390062418828,86.27926597219432
-84.03218266294921,928.2209129320291,86.55471196171489
-84.18913484833988,927.88284396738,86.85015749096725
-84.3261391386088,927.5247964384598,87.16560255838039
-84.46319844988089,927.1467684085053,87.50104716227689
-84.62031554160818,926.7519845943378,87.85649130087303
-84.79264123985422,926.355198879572,88.2319349722787
-84.9730671680298,925.971131609887,88.62737817449745
-85.15894086804452,925.6031422503611,89.0428209054265
-85.34970251029628,925.2512237537709,89.4782631628567
-85.54505126571769,924.9149957030122,89.9337049444726
-85.74472353769752,924.5940516698776,90.40914624785232
-85.93666395493094,924.2706630835504,90.9045870704677
-86.1088007973458,923.9273010498282,91.42002740968418
-86.26099054705888,923.5639626664711,91.95546726276092
-86.39323612012325,923.1806450245455,92.51090662685066
-86.505540432698,922.7773452155432,93.08634549899982
-86.59790640104828,922.3540603313812,93.68178387614847
-86.67033694154523,921.910787464402,94.29573259745432
-86.72283497066607,921.4475237073733,94.92400385924711
-86.75540243270649,920.9842661534527,95.54808681587086
-86.76803738291844,920.541011895798,96.15216926442139
-86.76073690437238,920.1177580271766,96.73625120168647
-86.73349808024483,919.7145016399309,97.3003326245602
-86.69459208839625,919.3312402282177,97.84441353004306
-86.65768038270193,918.9679731567728,98.36849391524186
-86.62963386202928,918.6247013124478,98.87257377736978
-86.61263504114456,918.3014261663205,99.35665311374635
-86.59311807794309,917.9981487041784,99.82073192179745
-86.55946835370614,917.7148673005844,100.2648101990553
-86.51734743672553,917.4515802985146,100.68888794315852
-86.47184821648248,917.2082868564165,101.09296515185204
-86.42631428056656,916.984986745397,101.47704182298716
-86.3827972014924,916.7816801214126,101.84111795452152
-86.34260530568572,916.5983673806637,102.18519354451914
-86.3066009547416,916.4350490751799,102.50926859115036
-86.2628749872561,916.2717252534893,102.81334309269192
-86.19917567448857,916.0883935981444,103.09741704752687
-86.1155059336401,915.8850511963831,103.36149045414464
-86.0118686820179,915.6616951358685,103.60556331114101
-85.88826683703542,915.4183225046895,103.8296356172181
-85.74470331621224,915.1549303913603,104.03370737118439
-85.58118103717408,914.8715158848205,104.21777857195472
-85.39770291765281,914.5680760744356,104.38184921855029
-85.21427187547755,914.2446090222836,104.54591931008976
-85.05089082847718,913.9011166800183,104.72998884569184
-84.9075626943828,913.5376019720061,104.93405782437772
-84.7842903908189,913.1540678230391,105.15812624506226
-84.68037043538601,912.7505171239937,105.40219410655396
-84.5873523210491,912.3269522521904,105.66626140755498
-84.49443772234152,911.8833738960877,105.95032814666112
-84.39740825458908,911.4197817173008,106.25439432236185
-84.29906867308996,910.9361751953898,106.55845993304914
-84.20362885209096,910.4325545369612,106.84252497711495
-84.11167428380601,909.9089202050317,107.10658945304877
-84.0240859125483,909.3652727675482,107.35065335944641
-83.94225546103472,908.8016129549542,107.57471669501007
-83.86840688156539,908.2179417567705,107.77877945854826
-83.80598068771492,907.614260570821,107.96284164897587
-83.75996936824674,906.9905714064828,108.12690326531414
-83.73367266853633,906.34687696008,108.27096430669066
-83.7274726416712,905.6831801439297,108.39502477233938
-83.74137220454665,904.9994838892062,108.4990846616006
-83.77537427395107,904.2957911275088,108.583143973921
-83.82299047563868,903.574770019804,108.64720270885356
-83.8738389120265,902.8415499891588,108.69126086605765
-83.9228817779319,902.0993179043292,108.71531844529899
-83.96862433651131,901.3489817474508,108.71937544644965
-84.01185109318844,900.6046886823947,108.7234318694792
-84.0547907648144,899.8804018740898,108.7474877143572
-84.09971762545965,899.1761214445071,108.79154298095575
-84.14911642605924,898.4918478615435,108.85559766904058
-84.20574709547999,897.827581975083,108.93965177827106
-84.27265006963785,897.183325058315,109.04370530820023
-84.35309263108898,896.5590788453679,109.16775825827479
-84.45046957715664,895.9548455576235,109.31181062783506
-84.54721517815663,895.3506268942322,109.4558624161239
-84.62405163725943,894.7278449428281,109.5799136223842
-84.68098136088979,894.0912919044877,109.68396424595629
-84.71800586793988,893.4476864365511,109.76801428628688
-84.73838695581641,892.80424643142,109.83206374292904
-84.75490051597733,892.1695578382964,109.87611261554216
-84.7791502947987,891.5497222245178,109.90016090389202
-84.81383584800979,890.9467615085651,109.90420860785073
-84.86408873438734,890.3425606454674,109.90058070192823
-84.93443255096193,889.7183685764337,109.90927718613493
-85.02487021422185,889.0741882318006,109.93797308588428
-85.13540464054851,888.41002254233,109.9866684010237
-85.26603874621648,887.7258744392091,110.05536313129426
-85.41677544739342,887.0217468540504,110.14405727633064
-85.58761766014011,886.2976427188918,110.25275083566123
-85.7785683004104,885.5535649661963,110.38144380870804
-85.98963028405124,884.7895165288523,110.53013619478673
-86.22080652680263,884.0055003401735,110.69882799310665
-86.4720999442976,883.2015193338987,110.88751920277073
-86.74351345206219,882.3775764441918,111.09620982277562
-87.0350499655155,881.5336746056423,111.3248998520116
-87.34671239996958,880.6698167532645,111.57358928926259
-87.67850367062948,879.786005822498,111.84227813320616
-88.03042669259321,878.8822447492079,112.13096638241356
-88.38248438086059,877.9585354973963,112.41965403535853
-88.71467965043072,877.0148761423411,112.68834109051483
-89.02701541639948,876.051263787458,112.93702754645368
-89.31949459396832,875.0676955365875,113.16571340185268
-89.59212009844427,874.0641684939956,113.37439865549581
-89.84489484523999,873.0406797643732,113.56308330627336
-90.07782174987365,871.9972264528366,113.73176735318197
-90.29090372796898,870.9338056649274,113.88045079532466
-90.48414272296779,869.8704145065766,114.02913363190196
-90.65753678926764,868.8270500837154,114.19781586211435
-90.81108300908416,867.8037095018848,114.38649748506488
-90.94477846473852,866.8003898662001,114.59517849975019
-91.0586202386575,865.8170882813515,114.82385890506065
-91.15260541337338,864.8538018516032,115.07253869978021
-91.22673107152409,863.9105276807943,115.3412178825865
-91.2809942958531,862.9872628723382,115.62989645205082
-91.31539218539766,862.0836715395309,115.9385744066381
-91.32992188786483,861.199750784942,116.26725174470693
-91.32458050250312,860.3358307004149,116.61592846450954
-91.29936511247863,859.4919083876756,116.98460456419183
-91.25427300205554,858.6638465233455,117.36229947100506
-91.18930263447955,857.839795950722,117.73025684006126
-91.10445452933317,857.0047269195322,118.07945724020092
-90.99973104444467,856.1504827885892,118.40865701245562
-90.87513408417178,855.296221935242,118.7178561550748
-90.73066170460213,854.4619414609747,119.00705466641425
-90.56631098964164,853.6476384668815,119.27625254493617
-90.38207902330194,852.8533100536316,119.52544978920909
-90.17796294064902,852.0779053049222,119.75464639790788
-89.95396041593486,851.3134764639645,119.96384236981376
-89.71007091132704,850.5449838304843,120.15303770381435
-89.4462959975948,849.7603693608393,120.32223239890357
-89.18263840266006,848.9557159438147,120.47142645418172
-88.93910104477831,848.1310255413083,120.60061986885547
-88.71568684210688,847.2863010879311,120.70981264223782
-88.51239871269613,846.4215455187195,120.79900477374814
-88.32923957448936,845.5367617691355,120.87652268655346
-88.16116687318004,844.6319525297843,120.94278207733916
-87.99983760977986,843.7071193501175,120.98945652211158
-87.8404258407746,842.7622628186309,121.01613032352495
-87.68019551931783,841.7973830077347,121.0228034814374
-87.51675178604445,840.8124796228446,121.00947599581349
-87.3477547180154,839.8075520239076,120.97614786672405
-87.17101952413795,838.7825992386872,120.92281909434631
-86.97997684419437,837.737619769162,120.86354504213588
-86.76908941538218,836.6726109902315,120.81556633005974
-86.53836015568511,835.5875700078885,120.78482759519213
-86.28779198319242,834.4824939285512,120.77408821803586
-86.01738781609885,833.3573798590637,120.78334819864803
-85.72715057270459,832.2122249066955,120.8126075369794
-85.41708317141533,831.0470261791417,120.86186623287438
-85.08718853074221,829.8617807845231,120.93112428607104
-84.74781179578599,828.6764863341789,121.0203816962011
-84.40979195852505,827.511142474958,121.12963846278993
-84.07414388610538,826.3657494782179,121.25889458525654
-83.7418513673217,825.2403077629016,121.40815006291362
-83.41377424762211,824.1348178828094,121.57740489496747
-83.0906391841847,823.0492805072399,121.7666590805181
-82.77305914092395,821.9836964028972,121.97591261855912
-82.46155141483955,820.9380664187493,122.20516550797782
-82.16327444241968,819.8923917998826,122.434417747564
-81.88515274672655,818.8266751490913,122.64366933610745
-81.62718924610142,817.7409194060969,122.83292027249547
-81.38938685877835,816.6351275110458,123.00217055572172
-81.1717485028842,815.5093024045107,123.16089071443827
-80.97427709643858,814.3634470274893,123.32908074779225
-80.79697555735392,813.1975643214054,123.51727012532835
-80.63606900764536,812.0116570444528,123.7254588460459
-80.47789202951846,810.8094654626113,123.93364690884667
-80.31285384085442,809.5951292366373,124.12183431263247
-80.14159319303317,808.3693679972557,124.29002105640264
-79.96485379005895,807.1327687464309,124.4382071392628
-79.78353431709284,805.8858631986242,124.56639256042499
-79.59874975924451,804.6292209273952,124.67457731920756
-79.41187897804795,803.3635325159468,124.76276141503526
-79.22455409075154,802.0896554589717,124.83094484743913
-79.03374391333575,800.821906835105,124.87912761605662
-78.83355870698259,799.5741297474933,124.90730972063152
-78.61854964735016,798.3463224674666,124.91549116101396
-78.3844855586712,797.1354420074481,124.90367193716044
-78.13059856354502,795.9331585434259,124.87185204913379
-77.85688806340168,794.7311983524841,124.82003149710323
-77.56335441765292,793.5240944395802,124.75077282902691
-77.24999871639642,792.3072395223799,124.67028741001644
-76.93682278208126,791.074422756658,124.59601269280837
-76.64382933466935,789.8215617880849,124.54173731304546
-76.37102111519776,788.5523083421199,124.50333575698768
-76.11839974027468,787.2788463673035,124.47539583726537
-75.8859647906745,786.0138083496136,124.45385551155411
-75.66537400767052,784.763156656847,124.43301674461162
-75.45420725262797,783.5269903845477,124.40910440031799
-75.24699200752407,782.3043474117868,124.37924291458408
-75.03079589064049,781.0788509172555,124.35011762797023
-74.80489084662321,779.8333221643456,124.3285335242442
-74.57053029802897,778.5677598373574,124.31128397519953
-74.32847544205114,777.282162761707,124.29606252698576
-74.0793324862047,775.9765298601201,124.2810925274677
-73.82368947126186,774.6508601414866,124.26509481783526
-73.5621624448214,773.3051527023005,124.24741891992998
-73.29539460895907,771.9394067311028,124.22825589337555
-73.03627106359448,770.5536221058127,124.21851684938544
-72.7973522516434,769.1478011624623,124.22877714484784
-72.57768924384214,767.7373332214945,124.25903677970818
-72.36868728589461,766.3422206271802,124.30400773224343
-72.1597368004308,764.967077627211,124.35738614536757
-71.94640954594892,763.61118541814,124.41932885578323
-71.72619838619447,762.2677564030864,124.49264157252182
-71.49824394527734,760.925680347035,124.58073884215852
-71.27660861291503,759.5917435789007,124.6826583739383
-71.07516750698085,758.2777759594087,124.79932519898074
-70.89391771168364,756.9837804335353,124.93519975443817
-70.7328563111249,755.7097599458315,125.09107364553711
-70.59198038929877,754.4557174404231,125.26694687144868
-70.471287030092,753.2216558610106,125.46281943123769
-70.37077331728408,752.0075781508692,125.67869132386257
-70.29043633454715,750.8134872528487,125.9145625481754
-70.21027411721911,749.6198073020379,126.17043310292192
-70.11028852821687,748.4065363794506,126.44630298674153
-69.99326716671092,747.1732495646546,126.74217219816727
-69.863087851002,745.919944697065,127.05804073562585
-69.72117955836697,744.6466199802237,127.39390859743763
-69.56796290623639,743.3532737403867,127.7497757818166
-69.40352477568148,742.039904336581,128.1256422868704
-69.22784887171618,740.7065101316131,128.5215081106004
-69.05664338671194,739.3530902492085,128.91737325091034
-68.9056378505256,737.9796468706388,129.29323770570412
-68.77483518082242,736.5861829421402,129.64910147298303
-68.66423829516032,735.1727014103744,129.98496455085476
-68.57385011098971,733.7392052224287,130.30082693753332
-68.50367354565358,732.2856973258158,130.5966886313391
-68.45371151638741,730.812180668474,130.87254963069887
-68.4239669403192,729.3186581987668,131.12840993414568
-68.41444176218202,727.825132865448,131.38426954031013
-68.42513403745161,726.3516076172713,131.66012844782284
-68.4560408492088,724.8980854026001,131.95598665521686
-68.50715928042692,723.464569169373,132.271844160919
-68.5784864139718,722.0510618651027,132.60770096324964
-68.67001933260184,720.6575664368766,132.96355706042286
-68.78175511896798,719.2840858313566,133.33941245054635
-68.91369085561374,717.9306229947792,133.73526713162153
-69.04582362498408,716.597179900668,134.15112110154337
-69.1581505095229,715.2837546329712,134.58697435810058
-69.25066859177058,713.990344302924,135.04282689897545
-69.32337495437281,712.7169460213362,135.518678721744
-69.37626668008066,711.4635568985922,136.01452982387585
-69.40934085175054,710.2301740446508,136.53038020273428
-69.42259455234425,709.0167945690455,137.06622985557618
-69.41602486492899,707.8234155808843,137.62207877955223
-69.38962887267736,706.6500341888498,138.1779269717155
-69.3434036588674,705.4966475011992,138.71377442911904
-69.27734630688258,704.3632526257644,139.22962114891354
-69.19145395579011,703.2487034223495,139.7254671283559
-69.08572433765563,702.1442309035294,140.20131236480947
-68.96015715515324,701.0333106226078,140.6571568557439
-68.81475432558679,699.9047057809786,141.09300059873522
-68.64951865306756,698.7560782870704,141.5088435914658
-68.46445224962113,697.6039988536435,141.92123959081508
-68.25955401984231,696.4647229493339,142.33478254104503
-68.03482230637496,695.3341813369402,142.73291868086585
-67.79793558349758,694.2046985463938,143.11126116638843
-67.56132326929529,693.0710828409634,143.4702725858183
-67.32758777547028,691.931981955313,143.81071991169514
-67.09510056662312,690.7867349763949,144.13356595081729
-66.86386547829848,689.6343285900251,144.43973326311303
-66.62308413033276,688.468107259071,144.74506484545194
-66.36247539157168,687.2818493659348,145.06228900488242
-66.08204218026336,686.0755520191411,145.3852637156801
-65.78178741476135,684.84921232764,145.70583229387833
-65.4617140135246,683.6028274008069,146.01353258720337
-65.12182489511744,682.3363943484429,146.30189632681945
-64.76212297820958,681.0499102807751,146.5702592884762
-64.38261118157607,679.743372308456,146.8186214707466
-63.983291451809876,678.4367775425283,147.06404647045835
-63.56416184645953,677.1501230940352,147.324706903257
-63.125219450891436,675.8834060736302,147.60242636709418
-62.66646135057737,674.6366235915417,147.89855741004544
-62.18788463109448,673.409772757573,148.21421283304107
-61.68948637812529,672.2028506811025,148.54986746789083
-61.17126367745774,671.0158544710832,148.90552131280984
-60.633213614985166,669.8487812360437,149.28117436590685
-60.09533424898495,668.6816290564099,149.65682662519322
-59.5776275268833,667.4943999017581,150.01247808868024
-59.080096368295486,666.2870967143429,150.34812875447673
-58.602743692729476,665.0597224368438,150.66377862079784
-58.145572419585946,663.8122800123667,150.9594276859651
-57.70858546815826,662.5447723844431,151.23507594840635
-57.291785757632454,661.2572024970303,151.49072340665583
-56.8951762070872,659.9495732945113,151.7263700593541
-56.498758763215235,658.6418867493718,151.9620159052393
-56.08253148355851,657.3541409449482,152.21766094304945
-55.646491453468016,656.0863329918998,152.49330517142516
-55.190635758400084,654.8384600004607,152.7889485889007
-54.714961483916426,653.6105190804402,153.10459119390393
-54.21946571568414,652.4025073412223,153.44023298475642
-53.704145539475725,651.2144218917662,153.79587395967337
-53.1689980411691,650.0462598406057,154.17151411676366
-52.63402030673874,648.8980192681375,154.54715345403866
-52.11920942215824,647.769702143483,154.90279196950974
-51.6245624733028,646.6613114076256,155.23842966128578
-51.150076545940415,645.5728500011243,155.554066527582
-50.695748725731846,644.5043208641125,155.84970256671997
-50.26157609823069,643.455726936299,156.12533777712767
-49.84755574888335,642.4270711569675,156.38097215733936
-49.45368476302909,641.4183564649763,156.61660570599568
-49.074270673595386,640.429585522165,156.8322384218437
-48.703766689091985,639.4607598906537,157.0278703037367
-48.34245149557875,638.5118808904789,157.20350135063447
-47.99058331703057,637.5829498808532,157.35913156160305
-47.64839827120146,636.6739682570538,157.49476093581487
-47.316109167993645,635.7849374471069,157.6103894725487
-46.993904658778966,634.915858908322,157.7060171711897
-46.681948824410554,634.0667341237322,157.78164403122935
-46.38521610182506,633.2375648335542,157.83727005226552
-46.10860359252054,632.4283537341839,157.87289523400239
-45.85210838110557,631.6391037598034,157.88851957625053
-45.61572755208176,630.8698178441695,157.88414307892685
-45.39945818984373,630.1204989206137,157.85976574205466
-45.20329737867919,629.3911499220425,157.81538756576356
-45.0272422027689,628.681773780937,157.7510085502895
-44.87128974618674,627.9923734293529,157.66662869597485
-44.715437377761454,627.3170913877478,157.58224800325945
-44.5396836858135,626.6484190283729,157.51786647258314
-44.34402794528628,625.9830327909683,157.47348410428825
-44.12846991843597,625.3175753579941,157.4491008986108
-43.893009857297415,624.6486876795619,157.44471685568044
-43.637648502110686,623.9730330351863,157.4603319755205
-43.36238707655576,623.2873175078126,157.49594625804792
-43.067227280025314,622.5883106094783,157.55155970307334
-42.772171326876126,621.8718376691712,157.6071723103099
-42.497222010227894,621.1353231631562,157.64278407947072
-42.24238224840501,620.3787700240605,157.65839501036643
-42.00765495962491,619.6021811849371,157.65400510291406
-41.7930430619981,618.8055595792646,157.6296143571369
-41.59854947352812,617.9889081409473,157.58522277316467
-41.42417711211153,617.1522298043146,157.52083035123343
-41.26992889553789,616.2955275041219,157.43643709168558
-41.1298414119178,615.4188038855006,157.352042994961
-40.99411860005733,614.5220602474881,157.28764806149968
-40.856859364863055,613.6052967535129,157.24325229164398
-40.714812145474056,612.6685129207985,157.21885568563
-40.566126780666664,611.7117079036607,157.21445824358744
-40.409781812178764,610.7348806518149,157.2300599655397
-40.24525420822615,609.7380300055753,157.26566085140382
-40.072300483805655,608.7211547514556,157.32126090099047
-39.905171954980496,607.7042543498263,157.37686011401289
-39.75819091397429,606.7073310428731,157.41245849018426
-39.6313544447063,605.7303877687558,157.42805602931534
-39.52465964057265,604.7732303216546,157.42365273132313
-39.43810372530642,603.8337698296137,157.39924859623108
-39.37168435656111,602.9089624027358,157.35596896558383
-39.32539953476074,601.9971091181746,157.29866010301805
-39.29924745358316,601.097036725243,157.23543419383628
-39.27322635727214,600.2101341892641,157.18144497495933
-39.22733401199021,599.3408197420435,157.14745492025276
-39.1615676181177,598.4914971525292,157.13346402989728
-39.075924259142006,597.6621635220151,157.13947230396735
-38.970401018656204,596.8528159513702,157.16547974243096
-38.8449949803591,596.0634515410379,157.21148634514986
-38.69970322805521,595.2940673910364,157.27749211187938
-38.53452284565482,594.5446606009584,157.36349704226853
-38.35617360775324,593.815228596791,157.44950113586884
-38.17156534486292,593.1057701206129,157.51550439223186
-37.98110793712351,592.4162842886828,157.56150681100658
-37.78526378545771,591.7467702811803,157.58750839194838
-37.584527021468695,591.0972273482292,157.59350913491903
-37.37941299794655,590.4676548136297,157.57950903988657
-37.17045836515945,589.8580520778307,157.54550810692552
-36.95823094328733,589.2684186216457,157.49150633621664
-36.754556688811476,588.6787545569292,157.41750372804708
-36.57097047966619,588.0690622525409,157.32350028281036
-36.40747523369003,587.4393446383965,157.20949600100636
-36.264073868614716,586.7896046448376,157.0754908832413
-36.140769302065124,586.1198452026312,156.92148493022773
-36.03756445155926,585.4300692429696,156.74747814278462
-35.95446223450825,584.7202796974709,156.55347052183726
-35.89146556821631,583.9904794981786,156.33946206841725
-35.8485764489051,583.2596160918025,156.10545278366263
-35.82579321532417,582.5460910476194,155.85144266881775
-35.82311340879855,581.8490012775887,155.57743172523334
-35.840534672985925,581.1678688327472,155.28341995436645
-35.87805469658458,580.502490315183,154.9694073577805
-35.93567120949906,579.8523963545123,154.6353939371453
-36.01338206220874,579.2163531757307,154.28137969423693
-36.1111853487341,578.5922885550121,153.90736463093793
-36.22908018976958,577.9636099636218,153.5133487492371
-36.36706875433311,577.3149500316127,153.09933205122968
-36.525153725287986,576.6511099675753,152.66531453911722
-36.70293826302292,575.9854475792644,152.2112962152076
-36.891993165412295,575.330261528988,151.73727708191512
-37.088421285273384,574.6868833568499,151.2432571417604
-37.294274719938,574.0537103901917,150.7292363973704
-37.50828090661294,573.4308311994998,150.19521485147848
-37.719391052472304,572.8027560284911,149.64655230487648
-37.91745158336095,572.1547106534258,149.0855957300854
-38.10512435254105,571.4866933833515,148.50772269785833
-38.28381934603626,570.7987028183948,147.91063682836506
-38.454015820052355,570.0907376944887,147.29360075905834
-38.615477152830834,569.3627967619971,146.65671022876916
-38.76762619846316,568.6148787060813,146.00050159399524
-38.909943074464636,567.8469821280979,145.32596767610428
-39.048820789781416,567.0609206083268,144.63257212557218
-39.18832049388777,566.2589085074712,143.91917580595745
-39.324881127652446,565.4408355618989,143.18577872105365
-39.45685417301027,564.6055816337871,142.43238087476067
-39.58313990218252,563.7518993585909,141.6594522169921
-39.70279904433405,562.8786930734395,140.86891863515032
-39.814869372631414,561.9855036984421,140.0637555429455
-39.91850517338989,561.0723300615488,139.24713065353146
-40.01458442490917,560.13917095837,138.43559861582798
-40.10268110658254,559.1860253257607,137.64406584197692
-40.18053588533512,558.2128918093351,136.8725323361873
-40.247363383777085,557.2197688477123,136.1209981025618
-40.30293730660826,556.2066548129468,135.3894631450967
-40.34720022999096,555.1735480586806,134.67792746768203
-40.38014476276331,554.1204469344411,133.98639107410136
-40.40178162362202,553.0473497901628,133.31485396803203
-40.4278487780783,551.954255742189,132.66331615304492
-40.4740774558181,550.8411669661047,132.03177763260467
-40.540470573457924,549.7080864025415,131.4202384100695
-40.627031047507046,548.5550169925573,130.82869848869126
-40.73376179436751,547.3819616776345,130.25715787161556
-40.8606657303341,546.1889233996815,129.70561656188158
-41.007745771594315,544.9759051010316,129.17407456242216
-41.175004834228375,543.7429097244435,128.6625318760638
-41.34244486193062,542.5099392407783,128.17098850552668
-41.49006390924466,541.2969917317472,127.69944445342456
-41.617859058523194,540.104064306384,127.24789972226495
-41.725827392224346,538.9311540732967,126.81635431444894
-41.81396599291165,537.7782581406682,126.4048082322713
-41.882271943254096,536.6453736162555,126.01326147792045
-41.93074232602614,535.5324976073904,125.64171405347845
-41.95937422410772,534.4396272209792,125.29016596092104
-41.96816569277169,533.3467595635383,124.94541222031955
-41.957118676546195,532.2338917415839,124.59732211337315
-41.92623609235229,531.1010208620222,124.25056631482431
-41.87552085721653,529.9481440321849,123.90747310124274
-41.804975888270924,528.7752583598292,123.56922971409924
-41.71460410275292,527.5823609531376,123.23638960911445
-41.60440841800541,526.369448920718,122.90853495544549
-41.474391635394916,525.1389071794458,122.58389077619883
-41.34455618432627,523.8912236429403,122.27022197497378
-41.23490477101009,522.6240124745693,121.9765525235614
-41.145440289078905,521.3367867863216,121.70288242352329
-41.076165655870774,520.0295495225348,121.44921167631472
-41.027083788616395,518.702303627972,121.21554028328458
-40.98946208121909,517.3550516231501,121.00186824567544
-40.950936223192386,515.98779415377,120.80819556462352
-40.90660723036054,514.6005306733246,120.63452224115868
-40.848844275091864,513.2132599028315,120.4608482762133
-40.77128283759044,511.84597926430837,120.26717367071974
-40.67392000140638,510.49868587007,120.0534984257079
-40.55675285019509,509.17137683200616,119.81982254231401
-40.419778467717286,507.8640492615811,119.56614602178065
-40.262993937839,506.57670026983385,119.29246886545675
-40.08639634453163,505.3093269673781,118.99879107479761
-39.88998277187191,504.0619264644024,118.68511265136488
-39.69375127632052,502.81449684299275,118.3714335968177
-39.517703803486974,501.54704007438517,118.0777539128152
-39.36184327116973,500.2595591024932,117.80407360091904
-39.226172597059914,498.95205687165594,117.55039266258456
-39.11069453470205,497.62791062186665,117.31671109916067
-39.01541114602723,496.2912247253147,117.10302891189002
-38.94032411029131,494.9443158766941,116.90934610190888
-38.885435017804376,493.58352744615104,116.73566267024717
-38.830745451,492.2231733627218,116.56197861783728
-38.75625344412263,490.88280985920636,116.3682939456117
-38.66195608070605,489.5624340473425,116.15460865460032
-38.54785044438937,488.2620430384426,115.92092274593945
-38.41393361891702,486.9816339433938,115.66723622087171
-38.26674534908751,485.72120419072513,115.39354908074611
-38.12628271881231,484.48075313503006,115.09986132701798
-38.00482921729552,483.26028300850004,114.78617296124902
-37.90238272458717,482.0434172853882,114.4524839851073
-37.82011541544612,480.8101588516394,114.09879440036721
-37.758030031151236,479.5568898914318,113.72510420890951
-37.716129488895,478.2836133483729,113.33141341272135
-37.69441670576253,476.99033216649576,112.91772201389617
-37.687462956201685,475.6770490262029,112.48403001463382
-37.68656069645277,474.34376539270096,112.03033741724046
-37.686297316041575,472.9904817261007,111.55664422412863
-37.675386192499666,471.6171974670823,111.08295043780836
-37.644677412627544,470.2239101730402,110.62925606078969
-37.59417389345084,468.8106169568353,110.19556109548515
-37.52387855210042,467.3773149317538,109.78113608253133
-37.43379430581242,465.9240012115074,109.38039352260857
-37.32392407192819,464.4506729102333,108.98253474040816
-37.1942707678943,462.95732714249414,108.57539590252561
-37.044837311262526,461.443961023278,108.15050515024406
-36.89562661968094,459.9105726402861,107.72561382286638
-36.76664161079645,458.3571639707947,107.32072192264312
-36.65788520215726,456.78373796479326,106.9358294517273
-36.569360311204015,455.1902975726966,106.57093641216561
-36.50106985526978,453.576845745345,106.22604280589839
-36.45301675158002,451.9433854340043,105.90114863475962
-36.4252039172526,450.2899195903658,105.59625390047694
-36.41763426929773,448.6164511665461,105.31135860467165
-36.4103097523394,446.9429821427644,105.0372384408489
-36.38322842185055,445.2895106100901,104.76571870496453
-36.33638736111286,443.6560336869153,104.4991606541071
-36.26978365351308,442.0425484912067,104.24031170714278
-36.183414382543056,440.4490521405055,103.99206842993037
-36.07727663179973,438.87554175192787,103.75729974888326
-35.951367484985155,437.3220144421643,103.53926769298884
-35.80568402590656,435.78846732748013,103.34053062636623
-35.64022410384451,434.25915386186284,103.16179301021594
-35.45498875206378,432.7158096006543,103.00305484548842
-35.24998034343989,431.1541753217903,102.86431613302777
-35.025201711412166,429.5725097021501,102.74557687357174
-34.78065577403821,427.97080985859554,102.64683706775172
-34.51634544948073,426.349072908414,102.56809671609277
-34.232273656007536,424.7072959693184,102.5093558190136
-33.928443311991536,423.04547615944745,102.47061437682657
-33.62485636361437,421.38361156961724,102.43187238974656
-33.341510867906635,419.7417041797941,102.37312985798845
-33.078403909512716,418.119756941842,102.29438678186457
-32.83553257296936,416.51777280719966,102.19564316179367
-32.61289394270573,414.9357547268806,102.07689899830082
-32.41048510304339,413.37370565147313,101.93815429201744
-32.22830313819634,411.8316285311404,101.77940904368133
-32.066345132270996,410.3095263156202,101.6017852729502
-31.90460914156257,408.78740098197306,101.4252829807597
-31.72309711151485,407.24525061810994,101.26878014922596
-31.521811959955357,405.68307234004436,101.1322767791812
-31.300756604816765,404.1008632642155,101.01577287135126
-31.059933964136878,402.49862050748806,100.91926842635567
-30.799346956058606,400.87634118715226,100.84276344470759
-30.518998498829966,399.23402242092396,100.78625792681383
-30.218891510804045,397.57166132694465,100.74975187297488
-29.91902804431501,395.9070720265396,100.73324528338486
-29.63940658106288,394.26025649972445,100.73673815813154
-29.38002431184453,392.6334016679526,100.76023049719636
-29.140878321176917,391.02651048275874,100.80372230045438
-28.921965693469385,389.4395858952521,100.86721356767434
-28.723283513023688,387.87263085611676,100.95070429851862
-28.544828864034002,386.32564831561166,101.05419449254325
-28.385638776189783,384.79864117689783,101.1776841491979
-28.22571033348407,383.29161123040643,101.32117326782594
-28.046000674310978,381.8045565170109,101.48466184766433
-27.846506882763805,380.3374741515443,101.66814988784374
-27.627226043041038,378.8903612484145,101.87163738738843
-27.391780629974413,377.46321509785014,102.09512434521636
-27.14842755127224,376.0560339199391,102.33706871931493
-26.903864124554506,374.66881711221794,102.59040090710333
-26.661751362766505,373.30156477650013,102.84544904153707
-26.41176072661705,371.95427684570404,103.08928272256301
-26.141965846114452,370.6208341562183,103.31311585541502
-25.852659722515515,369.28872035135413,103.51694843890286
-25.550767102734216,367.94892483595953,103.70078047194264
-25.244670029765093,366.59802948389273,103.86461195355682
-24.936971478512305,365.23412005764413,104.0084428828742
-24.628986041911595,363.8549006726181,104.13227325912999
-24.32142680535952,362.4583402619947,104.23610308166568
-24.024309132728764,361.0426656462129,104.33993234992029
-23.737802478397896,359.60694870488356,104.46376106333285
-23.44789753458939,358.1522112622955,104.60758922124491
-23.149042131431383,356.6802566138695,104.77141682289162
-22.839998557587943,355.1914871883177,104.95524386740186
-22.520515655791552,353.6851793920208,105.1590703537981
-22.19028480768409,352.1606287295977,105.38289628099646
-21.848986524947037,350.617099175314,105.62672164780676
-21.51218620980391,349.07386754043245,105.88510846322309
-21.1956098526543,347.55058826034127,106.15262171877852
-20.899254538319294,346.04726428435293,106.42959364028047
-20.623117351512455,344.5638985613548,106.716781066008
-20.367195376839828,343.100494039809,107.01519276060783
-20.13148569879996,341.65705366775245,107.32623781730301
-19.915985401783928,340.23358039279685,107.65160272163668
-19.720691570075335,338.83007716212876,107.99259867202
-19.52560226014665,337.4265459502574,108.35163617574813
-19.310719417619012,336.0029848425424,108.73067310330177
-19.076045960497403,334.55939095244605,109.12970945266535
-18.82673555418895,333.0957616442566,109.54874522171698
-18.568120455906747,331.61209529297133,109.98778040822843
-18.300368192843628,330.1083905584623,110.44681500986509
-18.023460985692026,328.5846461066638,110.92584902418602
-17.737389094667545,327.0408606016612,111.42488244864393
-17.436845824434904,325.49703244866066,111.92391528059406
-17.11652653388435,323.97315902143015,112.40294751739162
-16.77642830785687,322.4692374355607,112.86197915648934
-16.416548979256348,320.9698792795883,113.3010101954463
-16.036889597252443,319.4550816686164,113.72004063192792
-15.637452856396624,317.9202272447057,114.11907046370598
-15.218241675675243,316.3653131236775,114.49809968865864
-14.779258974179804,314.79033642177865,114.85712830477037
-14.340506698810643,313.2152952279339,115.21615631012314
-13.921982907317101,311.66019152021795,115.59518370279896
-13.523684685062374,310.12502824860337,115.99421048078233
-13.145609117302108,308.60980836263775,116.4132366419514
-12.78775328918441,307.11453481144343,116.85226218407797
-12.450114285749875,305.6392105437177,117.31128710482751
-12.132689191931588,304.1838385077327,117.79031140175913
-11.835475092555146,302.7484216513354,118.28933507232558
-11.55423753642899,301.33296271623414,118.8083581138733
-11.282829772882845,299.93746352789316,119.34738052364233
-11.018672395858108,298.5619253014877,119.9064022987664
-10.760949776512856,297.20634902242523,120.48542343627287
-10.509584069402628,295.87073561809535,121.08444393308278
-10.264797769463073,294.5550860299332,121.70346378601081
-10.026891960557375,293.2594012394467,122.34248299176528
-9.796130211825561,291.9836822702486,123.00150154694816
-9.563526543815904,290.7178000098111,123.66051944806397
-9.324002991284235,289.452665216787,124.29953669161719
-9.083343877702855,288.1896581478859,124.91855327420981
-8.844164468180747,286.9292607639556,125.5175691925502
-8.607720726332587,285.67170516901695,126.09658444345303
-8.374618141551426,284.4171532729877,126.65559902383937
-8.145168377479772,283.1657432232966,127.19461293073662
-7.919553831315866,281.9176028331079,127.71362616127857
-7.705984061898049,280.66111257712146,128.2126387127053
-7.5125991265236385,279.38459264532844,128.69165058236334
-7.337661873429642,278.0890125891396,129.15066176770546
-7.166850061531739,276.7775363894619,129.59312550811447
-6.989470355079148,275.4525062774055,130.02146101214723
-6.80743131915866,274.1143885246007,130.4353736498597
-6.620831030884878,272.7638075477686,130.83625598382386
-6.429830395537349,271.40135937021336,131.22538052243596
-6.246770554235611,270.0231094104589,131.59893548794415
-6.083913281189076,268.624834225854,131.95248975367682
-5.941261494126074,267.2065367630169,132.2860433177539
-5.81881811066749,265.76821996899145,132.5995961784017
-5.716586048326748,264.3098867912469,132.8931483339529
-5.634568224509802,262.83154017767816,133.1666997828465
-5.572767556515112,261.33318307660545,133.42025052362794
-5.531186961533633,259.81481843677443,133.65380055494887
-5.48982838437022,258.2964482350335,133.8673498755674
-5.428689880678778,256.7980705590811,134.060898484348
-5.347768533922087,255.31968252393855,134.23444638026143
-5.247061505062065,253.85968924705784,134.38799356238485
-5.126566421702259,252.41326715726527,134.52154002990176
-4.986281704217975,250.9753862412192,134.63508578210204
-4.826206351782034,249.54276388949157,134.7286308183819
-4.64633982194674,248.11221278367952,134.80217513824388
-4.454944945814652,246.68848544871707,134.87571874128807
-4.264985768120324,245.27690661170936,134.96926162711452
-4.078206109312411,243.87694068545235,135.08280379522583
-3.893236339222009,242.48881009697843,135.2163452450182
-3.70020615808795,241.10695751671355,135.34988597579041
-3.4957072398379436,239.71563705261102,135.46342598684123
-3.2863966310929227,238.30428644673913,135.55696527756686
-3.0704674253623314,236.87290484177203,135.6305038474699
-2.847397894374748,235.4214912269601,135.6840416961593
-2.617056024614413,233.95004454926408,135.71757882335044
-2.37941441733884,232.4585637455679,135.73111522886492
-2.134470260521901,230.94704775095,135.7246509126308
-1.8888661603404675,229.4154958233416,135.71818587467357
-1.6380524279054187,227.86390796820868,135.73172011501867
-1.3739903006035246,226.29228249088814,135.76525363359426
-1.098895125746927,224.70061772016578,135.81878643022196
-0.8121270547085566,223.08891197026418,135.89231850461712
-0.5139146332978777,221.45716356435412,135.9858498563887
-0.20422894393012436,219.8053708285889,136.0993804850394
0.11688212389639865,218.13353209395484,136.23291038996547
0.43357964642445757,216.4616464645231,136.3664395704657
0.7300347979666906,214.8097161230784,136.47996802583896
1.006250409589937,213.1760116312179,136.57349575548153
1.262228820834208,211.55562016716817,136.64702275889607
1.4979714885609048,209.94166826606076,136.7005490356916
1.721712530231249,208.32739556225565,136.73407458558347
1.9430726456825265,206.71003026738498,136.74759940839346
2.163069297753024,205.09055702303303,136.7411235040496
2.3720817422607348,203.48035799109002,136.71464687258634
2.5608608444177277,201.890129951603,136.66816951414447
2.729409520082486,200.3198758552531,136.60169142897115
2.8777306852210702,198.76959865229608,136.51521261741988
3.005827255907102,197.2393012925625,136.40873307995048
3.1137021483217473,195.72898672545756,136.2822528171292
3.201358278753703,194.2386578999612,136.1357718296286
3.2687985635991796,192.76831776462802,135.96929011822755
3.316025919361887,191.31796926758724,135.80066577134315
3.345960046938224,189.88761521474515,135.6498987898632
3.3650335314550057,188.4772576736154,135.51913108704875
3.378286349454839,187.08689781228517,135.4083626635952
3.3880823815499426,185.7165362905723,135.31759352009158
3.3957093212376055,184.36617350927395,135.2468236570205
3.4017997926757446,183.03580973213315,135.19605307475834
3.406565868730585,181.72544516401834,135.16528177357503
3.4081712714488193,180.41508008593644,135.15450975363424
3.405214314121182,179.08471511770173,135.16373701499322
3.399290403722383,177.73435082456388,135.1929635576029
3.3928341863630203,176.36398746589344,135.2421893813079
3.388304689794086,174.9736249364012,135.31141448584643
3.387771510756743,173.56326279831043,135.40063887085037
3.3928437376245495,172.13290034611435,135.50986253584531
3.404738847642188,170.68253666933794,135.63908548025043
3.4101999903381928,169.2215752940349,135.76830770338742
3.3954481702835064,167.7623219040411,135.87752920457802
3.3604840231416326,166.30983203570347,135.96674998324144
3.3053088290768,164.86800507917766,136.03597003890323
3.229924383383864,163.44005487561148,136.08518937119533
3.134939854527652,162.02872133937228,136.114407979856
3.022718737126515,160.63626801541153,136.12362586472983
2.896253362059392,159.26376034193592,136.11284302576786
2.753185742493454,157.91127223584286,136.0820594630274
2.589922375765306,156.57880646791813,136.03127517667215
2.4064661796054363,155.26636598335963,135.96049016697216
2.2028200718517104,153.97395372693978,135.86970443430383
1.9789869704493541,152.70157264300545,135.7589179791499
1.7349697934509387,151.4492256754779,135.62813080209952
1.4707714590163659,150.21691576785278,135.47734290384815
1.186394885412851,149.00464586320024,135.30655428519762
0.9018429910060465,147.81241793187726,135.11576494705608
0.6371186941625365,146.6402300546655,134.90497489043807
0.3922249131523336,145.48807933963352,134.6741841164645
0.1671645661400006,144.3559628944243,134.42339262636256
-0.0380594288153652,143.24387782625524,134.15260042146588
-0.22733563134326165,142.15182143109993,133.86180750321444
-0.41067231779956515,141.07979205873943,133.55101387315452
-0.5970238781586287,140.02778957568356,133.22021953293876
-0.7763764690813997,138.99028610046634,132.88942448431735
-0.9358799586314431,137.95707006290752,132.57862872904042
-1.0755343106681408,136.92075768015133,132.28783226876067
-1.1953402724451647,135.87801377818099,132.0170351050244
-1.2952988100635496,134.82893364976258,131.76623723927162
-1.375410713179951,133.77558604036184,131.5354386728359
-1.435676433514956,132.72016848066858,131.32463940694458
-1.4760961940111201,131.6634664139788,131.1338394427186
-1.496669779654872,130.6138422656239,130.96007853604138
-1.4973953903274602,129.5786623355653,130.79810620623374
-1.4782710107026729,128.55711849167082,130.6429602468418
-1.439294684748254,127.54827108410822,130.49355542595634
-1.3804647700331625,126.54900334447755,130.35421368526883
-1.3017801341404442,125.5557671601435,130.22940394336493
-1.203240141049385,124.56515681053034,130.12133198761234
-1.084844651720039,123.5738964464639,130.03064552843196
-0.9665943394108868,122.57155100750497,129.9587392911513
-0.8684916873481562,121.54918979171528,129.90683236279918
-0.7905396129158401,120.50681573770515,129.8749247436517
-0.7308750675484058,119.4444316937976,129.85727764575307
-0.6847380418490387,118.36204000505614,129.8404837355907
-0.6455941553218305,117.25964218594858,129.8113247501105
-0.6064952492480253,116.13723874169395,129.7632080230828
-0.5627236902820525,114.99482928862898,129.6950906060412
-0.5161828906173789,113.85154258200875,129.60697249934782
-0.47490488052046415,112.721127150054,129.49885370347127
-0.44190636818074575,111.59974246836116,129.37073421898648
-0.4159825942494701,110.48816605219439,129.22261404657473
-0.3973683547015924,109.38571231212983,129.0544931870237
-0.38581917394045767,108.29226174738042,128.86637164122732
-0.38128357287835174,107.20754392440637,128.65824941018596
-0.38366101089909677,106.1313862894377,128.43012649500633
-0.37955852317894295,105.06775489647573,128.1877892376124
-0.35561014068376007,104.01689469143695,127.93123763929282
-0.3118141221976062,102.98012000908048,127.65468536070087
-0.24816789488601818,101.96295004454562,127.35813240330715
-0.1646685610606213,100.96576934996261,127.0415787686886
-0.061313204303100874,99.98857502967985,126.7050244585285
0.06190109169927243,99.0313641876204,126.3484694746165
0.20497724315362692,98.09413392728203,125.97191381884859
0.347918166170337,97.17688232402463,125.57535749322714
0.4707267768604962,96.2796113419326,125.15880049986085
0.57340599143339,95.40232391695243,124.72224284096478
0.6559587262053431,94.54502298460532,124.26568451886037
0.7183878975997039,93.70771147998715,123.78912553597537
0.7606964221468289,92.89039233776843,123.29256589484392
0.7828872164840669,92.09306849219433,122.7760055981065
0.7849631973557444,91.31574287708462,122.23944464850993
0.7669263093257065,90.53841842586912,121.70288304889857
0.728774607914981,89.74109807197769,121.18632080211674
0.6705051764641148,88.92378474923005,120.68975791091128
0.5921150984206316,88.08648139187135,120.2131943779227
0.49652843831004095,87.2291907922787,119.75663020568514
0.39425952220528326,86.35191480508543,119.3200653966264
0.29670810655043833,85.45465348173566,118.90349995306796
0.20987048201906164,84.53740565744143,118.50693387722491
0.13941505075559055,83.62016938787723,118.11036717121489
0.08221824892569723,82.72294226630059,117.69379983715552
0.024370207218256237,81.8457233564756,117.25723187726193
-0.04365884247241744,80.98851357166002,116.80066329385556
-0.12497609987948874,80.15131465602683,116.32409408936427
-0.2208617602335932,79.33412865257162,115.82752426632223
-0.33191379441451874,78.53695773453546,115.31095382736997
-0.4584347487601715,77.75980413813784,114.7743827752544
-0.6027982334368656,76.99610022567155,114.23781111281988
-0.7672727335355436,76.23667326278502,113.71921227831363
-0.9518580343401626,75.47576716837587,113.21274786984046
-1.1513744193147302,74.7066218778051,112.71168602969723
-1.3486586341108393,73.92191690182582,112.21253152445118
-1.5353826282595986,73.11789846698359,111.71732867614692
-1.7123353556808152,72.29421585821363,111.22997486174795
-1.877932693766596,71.45055819756138,110.7535160242436
-2.0285564337558855,70.5869237153582,110.27338843259619
-2.1593076181236697,69.70330975141749,109.773260254573
-2.2701891630369997,68.79971340767648,109.2541024458207
-2.361203796060412,67.88001352276933,108.72230365450768
-2.4323532169502093,66.95370622902087,108.19017727085027
-2.4836376122583452,66.03118387290338,107.67133465226152
-2.5150558968690433,65.11865285292119,107.17249146111583
-2.5303011761106204,64.21536926891197,106.69364770006578
-2.529372723589077,63.31071139289526,106.21480337166655
-2.5085770744725115,62.39399539745785,105.71595847847325
-2.467916314228368,61.460726187259574,105.19711302313854
-2.4073931051471416,60.50804617713221,104.6582670084214
-2.3270103354106997,59.53535589188586,104.09942043718718