
64.14801774221755,726.6777706623321,-111.91694871953264
64.11802149446802,726.6974164457056,-111.94694782685936
64.0680301166421,726.730595453359,-111.99694633889332
63.9980456115902,726.7777187243155,-112.06694425536865
63.908070041343656,726.8391859028011,-112.15694157591314
63.79810552391135,726.915369309014,-112.2669383000482
63.66815422983826,727.006625267814,-112.39693442718892
63.5382184884839,727.1155159805475,-112.54692995664406
63.42830110146278,727.2444241837803,-112.716924887616
63.338404986221725,727.3933469577606,-112.90691921920079
63.268533060101085,727.5622813823109,-113.11691295038811
63.21868824033474,727.7512245368282,-113.34690608006132
63.188873444050074,727.9601735002843,-113.5968986069974
63.17909158826794,728.1891253512255,-113.86689052986702
63.189345589902686,728.4380771677726,-114.15688184723449
63.199637393483535,728.6870269999437,-114.46687255755775
63.18996505438973,728.915976786907,-114.7968626591884
63.1603256558104,729.1249294405081,-115.14685215037173
63.11071628104081,729.3138878730178,-115.51684102924662
63.041134013482434,729.4828549971323,-115.90682929384565
62.95157593664295,729.6318337259734,-116.31681694209502
62.84203913413627,729.7608269730877,-116.74680397181461
62.712520689682535,729.8698376524477,-117.19679038071797
62.5666147516181,729.9788685035937,-117.64677616642109
62.409486114717694,730.1079214906122,-118.07676132654004
62.24437726729543,730.2569980163869,-118.48674585878834
62.07448499763463,730.4260990079731,-118.87672976098587
61.90257291991094,730.6152249546326,-119.24671303105887
61.73082878924117,730.8243759842488,-119.59669566703994
61.560893432335746,731.053551946539,-119.92667766706803
61.39395746532435,731.3027524860781,-120.23665902938845
61.218788565486065,731.5519776873322,-120.54663975234398
61.0236555335064,731.7812298915446,-120.87661983427742
60.808555453560665,731.9905120105593,-121.22659927343409
60.573485409930335,732.1798269566455,-121.59657806795295
60.31844248700308,732.3491776424974,-121.98655621586661
60.043423769272785,732.4985669812347,-122.39653371510137
59.74842634133954,732.6279978864022,-122.82651056347711
59.43344728790969,732.7374732719697,-123.27648675870745
59.098484666083266,732.846996052297,-123.74646229839959
58.743540422216334,732.9765691417433,-124.23643718005441
58.368617475058656,733.126195454278,-124.74641140106644
57.973718743466236,733.2958779034445,-125.27638495872388
57.558847146401284,733.4856194023607,-125.82635785020855
57.124005602932236,733.6954228637186,-126.39633007259596
56.66919703223372,733.9252911997845,-126.98630162285524
56.19442435358653,734.1752273223991,-127.59627249784918
55.7196895140813,734.4252331707253,-128.22624269433425
55.264990571658736,734.6553067947755,-128.8762122089605
54.830324611874374,734.8654452726648,-129.54618103827175
54.41568872017726,735.0556456829331,-130.23614917870535
54.02107998190991,735.2259051045454,-130.94611662659239
53.64649548230835,735.3762206168917,-131.67608337815756
53.29193230650213,735.5065892997873,-132.42604942951922
52.957387539514336,735.6170082334723,-133.1960147766894
52.622858266270455,735.7074754708999,-133.96597941558264
52.268341571695906,735.7779929545976,-134.71594334211346
51.893834540813515,735.8285635998059,-135.44590655229388
51.49933425875242,735.8591903221903,-136.15586904224227
51.08483781074808,735.8698760378414,-136.8458308081834
50.65034228214226,735.8606236632751,-137.51579184644834
50.1958447583831,735.8314361154318,-138.16575215347453
49.721342325025084,735.7823163116775,-138.7957117258058
49.226833040016515,735.7332671697677,-139.4056705600923
48.71231885056186,735.7042916074574,-139.99562865309053
48.1778026762594,735.6953925421113,-140.56558600166335
47.623287436813776,735.7065728906684,-141.11554260278
47.048776052036,735.7378355696417,-141.64549845351604
46.45427144184337,735.7891834951183,-142.1554535510534
45.839776526259534,735.8606195827597,-142.64540789268037
45.205294225414434,735.9521467478013,-143.1153614757916
44.57082654152722,736.0448834594025,-143.5853142978792
43.95637199870486,736.1239332559005,-144.07526635643532
43.361929188674075,736.1976027651043,-144.58521764885464
42.78749795729591,736.2747381390163,-145.11516817242546
42.228263730824516,736.3645269244545,-145.6651179243297
41.67595257142592,736.4730129858283,-146.235066901643
41.124822441421436,736.6015794563701,-146.8250151013346
40.571240356293536,736.7502264514306,-147.43496252026748
40.00576889054863,736.8989548530282,-148.04490915520702
39.42031830164273,737.0277671816199,-148.6348550029187
38.815286283889236,737.1366663317606,-149.20480006026543
38.196758226252726,737.2256548440249,-149.75474432421646
37.57484365907939,737.2947339188162,-150.28468779184746
36.956359884989844,737.3439035035789,-150.79463046034044
36.34494688706119,737.3731628046168,-151.28457232698375
35.7425037120544,737.3825106378125,-151.75451338917208
35.13487149767803,737.3719463515547,-152.22272140467524
34.50905347006187,737.341472054532,-152.7091963709946
33.87247246306269,737.2910899499208,-153.21567052526572
33.233253913457496,737.2208009398009,-153.74214386479545
32.59504542858296,737.1306051091142,-154.2886163867842
31.95953005144782,737.020502173803,-154.85508808832614
31.327551624550228,736.8904916731797,-155.44155896640896
30.699558717399476,736.7405730554681,-156.04802901791408
30.063625392300352,736.570746311502,-156.6620779009914
29.40766632711088,736.3810137743068,-157.26537286206337
28.73167860845684,736.171378364711,-157.85033423655597
28.035659323070497,735.9418430039684,-158.4152947716798
27.31960555779065,735.6924106137576,-158.9602544644307
26.583514399562617,735.4230841161819,-159.48521331191077
25.827382935438283,735.1338664337698,-159.9901713113285
25.051208252576092,734.824760489474,-160.4751284599988
24.274988410519644,734.5157682343497,-160.94008475534284
23.518725357962552,734.2268877303015,-161.3850401948882
22.78242201578861,733.958116066556,-161.80999477626884
22.066081304775484,733.7094503319139,-162.214948497225
21.369706145594673,733.4808876147498,-162.59990248856843
20.69329945881152,733.2724250030125,-162.97195542588415
20.036864164885184,733.0840595842247,-163.34379633688172
19.40040318416862,732.9157884454835,-163.72569747404634
18.763918464629988,732.7476096457825,-164.10496867269416
18.108027466065625,732.5595251031532,-164.46423899871385
17.436535083975286,732.3515374328541,-164.80350845019498
16.755361541775837,732.1236484675001,-165.12277702533348
16.069348889298713,731.8758592507522,-165.42204472243162
15.382104565844074,731.6081702104711,-165.70131153989803
14.696297547507978,731.3205813236805,-165.9605774762477
14.014224574142862,731.014603053581,-166.19984253010193
13.34455836504905,730.6902343792051,-166.41910670018848
12.694843610544716,730.3459619161094,-166.61836998534133
12.065077397222424,729.9817827547243,-166.79763238450093
11.455256811568665,729.5976939859047,-166.95689389671404
10.865378939963867,729.1936927009305,-167.09615452113377
10.295440868682407,728.7697759915067,-167.21541425701957
9.745439683892636,728.3259409497631,-167.31467310373733
9.215372471656888,727.8621846682546,-167.39393106075917
8.685237290227803,727.398505212213,-167.47318812765482
8.13503608700815,726.9549045360194,-167.57244430399396
7.5647717817859785,726.5313855659521,-167.69169958924877
6.974447294456028,726.1279512278634,-167.8309539827851
6.364065545019707,725.7446044471799,-167.9902074838625
5.73362945358508,725.3813481489024,-168.16946009163405
5.083141940366852,725.0381852576055,-168.36871180514663
4.412605925686353,724.7151186974382,-168.5879626233407
3.742023357675215,724.3921504198715,-168.82721254505034
3.090781641438562,724.0492785169126,-169.08646156900338
2.457722040823686,723.68650025392,-169.36570969382123
1.8418232039958067,723.3038130553836,-169.664956918019
1.2422011500920611,722.9012144845767,-169.98420324000537
0.6581024733430304,722.4787022241645,-170.32344865808275
0.08890880150417202,722.0362740569619,-170.6826931704472
-0.46585181726955877,721.5739278454514,-171.0619367751884
-1.0035299483733233,721.0916613654832,-171.46117947028972
-1.521279883489496,720.5894718489387,-171.88042125362816
-2.019104536727241,720.0673563896404,-172.31966212297436
-2.497006822301675,719.5253120818354,-172.77890207599265
-2.954989654533855,718.9633360201962,-173.258141110241
-3.393055947850759,718.3814252998199,-173.75737922317106
-3.8112086167852737,717.779577016229,-174.27661641212802
-4.209450575976176,717.1577882653711,-174.81585267435088
-4.587783767880677,716.5360561435834,-175.36155208397403
-4.952099371892141,715.925550907185,-175.90520725058062
-5.310387800167637,715.3115608261609,-176.45423764587815
-5.665091897812925,714.690206127877,-177.01155098119355
-6.017149662485408,714.0639381286583,-177.5784436102407
-6.367647175471246,713.4338762644715,-178.1563055436993
-6.717530949810037,712.8012650395165,-178.74627314867803
-7.067658559722197,712.1672136123237,-179.34929753001813
-7.419988529192315,711.5234731062541,-179.95412864827833
-7.7771644907374275,710.8634641597357,-180.54402505184746
-8.141033491417556,710.1906039716148,-181.11392049537287
-8.51323584828089,709.5075619004938,-181.66381497582418
-8.895516996890619,708.8173911883814,-182.1937084902773
-9.28927116611905,708.1230211273175,-182.70360103591443
-9.695296481696294,707.4267328074338,-183.1934926100242
-10.114069398317486,706.7301137690519,-183.66338321000165
-10.529370625058936,706.0436804412769,-184.11327283334805
-10.924770668543752,705.3773062311374,-184.5431614776711
-11.300266609807046,704.7309882359698,-184.95304914068487
-11.655855529989768,704.104723552685,-185.34293582020973
-11.991534510338733,703.498509277768,-185.7181596894669
-12.311711115780053,702.9105335214034,-186.08584544438153
-12.630160672866165,702.3311284428439,-186.4476088259196
-12.952383226333687,701.7556155673998,-186.80379217429552
-13.276471806164581,701.1736616284986,-187.15004081733107
-13.606553242187497,700.5717553400343,-187.47888771312637
-13.950759781452303,699.9498980766879,-187.7877336120015
-14.315058691596075,699.3080924786273,-188.07657851231414
-14.699452887543963,698.6463414763992,-188.34542241252836
-15.103945284114253,697.9646480009754,-188.59426531121454
-15.528538796018363,697.2630149837524,-188.82310720704945
-15.973236337860824,696.5414453565521,-189.03194809881623
-16.438039851851816,695.819942051586,-189.22078798540437
-16.922947390944834,695.1185080010654,-189.38962686580965
-17.427956035699033,694.4371461368108,-189.5384647391343
-17.953062866566675,693.7758593902173,-189.66730160458687
-18.49826496389315,693.1346506922541,-189.77613746148225
-19.063559407916983,692.5135229734645,-189.8649723092417
-19.648943278769874,691.9124791639662,-189.93380614739283
-20.254413656476675,691.3315221934507,-189.9826389755696
-20.87996859324289,690.7506549912194,-190.0114707935124
-21.525610030316972,690.1498804865731,-190.0203016010678
-22.191340881128024,689.529201609202,-190.00913139818897
-22.877164058998307,688.8886212892213,-189.97796018493526
-23.583082477143254,688.2281424571709,-189.9267879614724
-24.309099048671424,687.5477680440158,-189.8556147280725
-25.055216686584515,686.8475009811457,-189.76444048511408
-25.821438303777335,686.1273442003752,-189.65326523308192
-26.58776681304665,685.3872996616564,-189.54208897255833
-27.334205127188653,684.627365436216,-189.45091170412567
-28.06075615909645,683.8475386234186,-189.37973342826874
-28.76742282176889,683.0478163230533,-189.32855414536604
-29.45420802831056,682.2281956353343,-189.29737385568976
-30.121114691931773,681.3886736609003,-189.28619255940566
-30.768145725948543,680.5292475008152,-189.29501025657325
-31.395304043782577,679.6499142565677,-189.3238269471456
-32.00259158667381,678.7706710300359,-189.35264263097832
-32.59000640681807,677.9115149230976,-189.36145730792708
-33.157545584229425,677.0724430372399,-189.350270977945
-33.70520619902763,676.2534524735241,-189.31908364109157
-34.23298533143814,675.454540332586,-189.26789529753262
-34.74088006179213,674.6757037146352,-189.1967059475403
-35.22888747052652,673.9169397194557,-189.10551559149323
-35.697004638183984,673.1782454464058,-188.9943242298763
-36.1652291321932,672.4496056908611,-188.86313186328076
-36.65356043558065,671.7216582891738,-188.71193849240424
-37.1619983580254,670.9957507168714,-188.54074411805075
-37.690542506290136,670.2733223816169,-188.3495487411306
-38.23919227083919,669.5559046403438,-188.13835236266047
-38.807946812315144,668.8451225651902,-187.9071549837634
-39.39680504766726,668.1426979338294,-187.65595660566885
-40.00576563575617,667.4504534365673,-187.38475722971253
-40.614827764626405,666.753812495357,-187.1135568573277
-41.2039935936949,666.0372589307611,-186.86235548994765
-41.77326603669108,665.3007898412538,-186.63115312890815
-42.32264800745013,664.5444023257339,-186.41994977543862
-42.852142419913,663.7680934835257,-186.22874543066214
-43.36175218812641,662.971860414378,-186.05754009559544
-43.85148022624281,662.155700218465,-185.90633377114895
-44.32132944852037,661.3196099963855,-185.7751264581267
-44.79130276931411,660.4635878214511,-185.66391815722633
-45.28140310297837,659.5876356565482,-185.57270886903927
-45.791633363769364,658.6917564372756,-185.50149859405053
-46.32199646583623,657.7759530996569,-185.45028733263874
-46.87249532322106,656.8402285801412,-185.41907508507623
-47.443132849858884,655.8845858156022,-185.407861851529
-48.03391195957763,654.9090277433387,-185.41664763205665
-48.644835566098116,653.9135573010742,-185.44543242661246
-49.275905610746605,652.9181774269222,-185.47421623505224
-49.92712014559248,651.9428910589951,-185.48299905723178
-50.59847625031054,650.9877011350154,-185.47178089310438
-51.28997100446848,650.0526105922795,-185.44056174272973
-52.001601487526905,649.1376223676577,-185.38934160627377
-52.73336477883937,648.2427393975946,-185.31812048400892
-53.48525795765236,647.3679646181087,-185.22689837631387
-54.2572781031053,646.5133009647924,-185.11567528367374
-55.02942229423948,645.6787504005249,-184.9844512066799
-55.78168761009551,644.8643109986094,-184.83322614603017
-56.51407112981086,644.069979859636,-184.66200010252874
-57.226569932628706,643.2957540837683,-184.47077307708608
-57.919181097897976,642.5416307707446,-184.25954507071904
-58.59190170507334,641.8076070198767,-184.02831608455085
-59.24472883371525,641.0936799300507,-183.7770861198111
-59.877659563489935,640.3998465997266,-183.50585517783568
-60.51069097416056,639.7261050992263,-183.2146232600669
-61.16382014548976,639.0724573875951,-182.90339036805338
-61.83704415714215,638.4389063957402,-182.57215650345015
-62.530360088675515,637.8254550541428,-182.22092166801852
-63.24376501954077,637.2321062928582,-181.84968586362623
-63.977256029082014,636.6588630415157,-181.45844909224735
-64.73083019653656,636.1057282293184,-181.0472113559623
-65.5044846010349,635.5727047850439,-180.61597265695784
-66.27821729389706,635.0397946647914,-180.18473299751827
-67.03203021559243,634.48699593551,-179.77349237992783
-67.76592627897487,633.9143056922505,-179.38225080637335
-68.47990839700422,633.3217210304887,-179.01100827893526
-69.17397948274613,632.7092390461252,-178.65976479958766
-69.8481424493722,632.0768568354854,-178.32852037019833
-70.50240021015985,631.4245714953196,-178.01727499252866
-71.13675567849234,630.752380122803,-177.7260286682337
-71.75121176785878,630.0602798155355,-177.4445214196187
-72.3457713918541,629.3482676715424,-177.16215436360275
-72.92043746417902,628.6163407892736,-176.87830744553528
-73.47521289864004,627.864496267604,-176.5924679601693
-74.01010060914946,627.0927312058333,-176.3042151326578
-74.5251035097253,626.3010427036866,-176.01320627120484
-75.02022451449135,625.4894278613135,-175.71916442652184
-75.49546653767707,624.657883779289,-175.42186711939854
-75.95083152133026,623.8264075585777,-175.13289211401445
-76.38631751845458,623.0149963001435,-174.86391617734296
-76.80192160987198,622.2236471045602,-174.61493931081435
-77.19764087651016,621.4523570719758,-174.38596151575257
-77.57347239940252,620.7011233021127,-174.1769827933752
-77.92941325968823,619.9699428942675,-173.98800314479354
-78.26546053861222,619.2588129473112,-173.81902257101248
-78.58161131752523,618.567730559689,-173.6700410729306
-78.87786365017121,617.876692829456,-173.54105865134005
-79.15421947954972,617.165696854667,-173.43207530692678
-79.41068172105355,616.4347397337665,-173.34309104027025
-79.64725329018127,615.6838185656242,-173.2741058518437
-79.86393710253722,614.9129304495351,-173.22511974201393
-80.0607360738315,614.1220724852195,-173.19613271104143
-80.23765311987997,613.3112417728228,-173.18714475908035
-80.39469115660417,612.4804354129155,-173.19815588617845
-80.53185212774392,611.6496505064584,-173.20916609228607
-80.64913408799498,610.8388841544119,-173.20017537735353
-80.74653425958554,610.0452595302348,-173.17118374142862
-80.83293599391253,609.2604139397089,-173.12219118466552
-80.91787133662618,608.4785859695901,-173.05319770732473
-81.00182112574556,607.6995545410097,-172.96420330977313
-81.08464278749315,606.9233481850707,-172.85520799248397
-81.16634207649301,606.1499367170156,-172.72621175603683
-81.25752755381261,605.3879264297802,-172.5972146011088
-81.36882400191554,604.6459309078779,-172.48821652837697
-81.50022850334764,603.9239530841423,-172.3992175384209
-81.65173814054783,603.2219958909822,-172.33021763171394
-81.82334999584813,602.5400622603802,-172.2812168086229
-82.01506115147366,601.8781551238937,-172.25221506940838
-82.22660109329794,601.2362773996456,-172.24321241422462
-82.45596940005404,600.6144318691986,-172.25420884311947
-82.68343172220095,599.9926200891429,-172.28520435603446
-82.89098750639262,599.35084003125,-172.33619895280475
-83.07863966838768,598.6890887925009,-172.4071926331592
-83.24639112405063,598.007363470302,-172.49818539672032
-83.39424478935176,597.3056611624849,-172.6091772430042
-83.52220358036716,596.5839789673063,-172.7401681714207
-83.63027041327875,595.8423139834485,-172.89115818127317
-83.7184482043742,595.0806633100192,-173.0621472717588
-83.80673928327504,594.311094763404,-173.23990277881956
-83.91514377617897,593.5427255932215,-173.40551683217961
-84.043661707408,592.7744459275078,-173.55222209411593
-84.19229270575289,592.0118221006362,-173.67892643318785
-84.36103541011673,591.2622099811871,-173.78562984872164
-84.54988749008962,590.5309338126739,-173.87233234014988
-84.7588461099694,589.8196866531722,-173.93903390701152
-84.9879083517826,589.1284714348698,-173.9857345489519
-85.22133294086551,588.4572903244183,-174.01243426572265
-85.44760988285627,587.8061426333037,-174.02035571057024
-85.67339349292456,587.1750278482164,-174.0121212618007
-85.9021700955596,586.5639461845578,-173.98970046768235
-86.13547779307522,585.9728982052297,-173.95403942856896
-86.37402114970612,585.4018846284666,-173.90593245331223
-86.61814016571734,584.8509062454806,-173.8463503459052
-86.86799202674628,584.3199638825151,-173.7765674282202
-87.13077197144895,583.7890587276573,-173.6920444183084
-87.41363219057357,583.2381933616952,-173.58752048478868
-87.71558250980287,582.6673706651324,-173.46299562821687
-88.03662584439355,582.0765933740629,-173.31846984925514
-88.37775819917624,581.465864369841,-173.153943148672
-88.73898248919927,580.8351865825248,-172.96941552734233
-89.12030162940415,580.184562942597,-172.76488698624743
-89.5217185346255,579.513996380966,-172.54035752647482
-89.92323611959998,578.8234888566774,-172.29582714921847
-90.30485729906366,578.1130384400524,-172.03129585577867
-90.66658498784959,577.3826422295497,-171.7467636475621
-91.00842210089658,576.6322973240533,-171.44223052608172
-91.33037149273376,575.8632456291596,-171.11769649295695
-91.63243569443213,575.0784055502274,-170.77316154991354
-91.91461677440797,574.2810188877273,-170.40862569878354
-92.17691633944868,573.4741995434657,-170.02408894150537
-92.43933591260321,572.6534560835296,-169.61955128012386
-92.72187811579082,571.8127523630199,-169.19501271679013
-93.02454586437139,570.9520913168963,-168.75047325376173
-93.34734207359782,570.0714758805436,-168.28593289340247
-93.69026965861593,569.170908989772,-167.80139163818262
-94.05333153446452,568.2503935808164,-167.29684949067874
-94.43653061607532,567.3099325903374,-166.77230645357372
-94.83986981827297,566.3495289554202,-166.2277625296569
-95.24335205578389,565.3691846412878,-165.66321772182388
-95.6269802433337,564.3688977244387,-165.07867203307669
-95.9907572957448,563.3486653095089,-164.47412546652367
-96.33468612794509,562.3084845015595,-163.84957802537954
-96.65876965496804,561.2483524060768,-163.20502971296534
-96.96301079195266,560.1682661289723,-162.5404805327085
-97.24741245414344,559.0682227765824,-161.85593048814277
-97.5119775568904,557.948219455669,-161.15137958290833
-97.75670843241922,556.820250338942,-160.42682782075167
-97.98160502207242,555.6975040892348,-159.68227520552557
-98.18666639179062,554.5824065080378,-158.9177217411893
-98.37189124714429,553.4774726009905,-158.13316743180837
-98.5372777756031,552.3882737151589,-157.32861228155468
-98.6828232680075,551.3190975030103,-156.50405629470654
-98.80852480672118,550.2699410706533,-155.65949947564854
-98.91437947421342,549.2408015237712,-154.79494182887169
-99.00038435305899,548.2316759676216,-153.91038335897326
-99.06653652593825,547.2425615070368,-153.00582407065698
-99.11283307563708,546.2734552464235,-152.08126396873288
-99.13927108504699,545.324354289763,-151.13670305811738
-99.14584860945249,544.3752557406468,-150.19214134382435
-99.13256759339349,543.4061567026661,-149.26757883086768
-99.09943095380295,542.417054279802,-148.36301552416379
-99.0464416077194,541.4079455764614,-147.47845142852273
-98.97360247228694,540.3788276974765,-146.61388654864822
-98.88091646475522,539.3296977481048,-145.76932088913767
-98.76838650247943,538.2605528340292,-144.94475445448208
-98.63601550292029,537.1713900613585,-144.14018724906612
-98.48380549788415,536.0804266598853,-143.33561927717696
-98.31175547788025,534.9955611662978,-142.51105054310182
-98.11986576563275,533.9021250872407,-141.6664810512254
-97.90813811207315,532.7940988190672,-140.8019108060387
-97.67657485134592,531.668841235531,-139.91733981213918
-97.42517863174078,530.5244647240861,-139.01276807423054
-97.15395232691199,529.360050102157,-138.0881955971229
-96.86289885516413,528.1755944778749,-137.14362238573275
-96.55202049674492,526.9842219896694,-136.19904844507403
-96.2213175789146,525.7867238717995,-135.27447378016072
-95.87079222770805,524.5699702032256,-134.36989839590925
-95.50044732324564,523.3331639676339,-133.48532229712978
-95.11028578435901,522.0763022746919,-132.6207454885261
-94.7003105299852,520.7993822344926,-131.77616797469562
-94.2705244791666,519.5024009575549,-130.95158976012942
-93.82093055105094,518.1853555548234,-130.14701084921228
-93.35153069260384,516.868243137633,-129.36243124622254
-92.86591769975149,515.571060992075,-128.5978509553323
-92.3712703636855,514.2938072772525,-127.85326998060721
-91.87378476003927,513.0364811510947,-127.12868832600664
-91.37787314717085,511.79908254106977,-126.42410599538357
-90.88654370780793,510.5816119105627,-125.73952299248468
-90.40179664430765,509.38407008374315,-125.07493932095026
-89.92494364046826,508.20645812295794,-124.43035498431429
-89.44238178730973,507.04877654338526,-123.80576998600436
-88.93998874762943,505.9110231394024,-123.20118432934174
-88.41776160723654,504.7931950185549,-122.61659801754136
-87.8756974520457,503.69528928796313,-122.05201105371178
-87.31379336807706,502.6173030543226,-121.5074234408552
-86.73204644145622,501.55923342390366,-120.98283518186754
-86.13045375841433,500.521077502552,-120.4782462795383
-85.50901240528809,499.502832395688,-119.99365673655065
-84.88772044079828,498.48449618063034,-119.50906655549029
-84.28657981281467,497.4460708238478,-119.00447573894293
-83.70559344139619,496.3875592644869,-118.47988428959174
-83.14476424649459,495.3089644421203,-117.93529221022627
-82.60409514795445,494.2102892967463,-117.37069950374242
-82.08358906551312,493.091536768789,-116.78610617314244
-81.58324891880075,491.9527097990986,-116.18151222153494
-81.10307762734026,490.79381132895077,-115.55691765213489
-80.64307794056353,489.61834087444277,-114.91232246826358
-80.20325195781925,488.4291816914958,-114.24772667334871
-79.7836017435235,487.2254052878233,-113.56313027092428
-79.38412945255881,486.0067132831418,-112.85853326463067
-79.00483724689673,484.7732342126521,-112.13393565821461
-78.64572718713494,483.52670500267396,-111.3893374555292
-78.3068007693688,482.2737597628558,-110.62473866053388
-77.98805817534935,481.02478634173593,-109.84013927729443
-77.68837276970586,479.7704657300867,-109.05553930997415
-77.40306060913079,478.4990554259066,-108.29093876273633
-77.12656843390731,477.2157635400857,-107.54633763964677
-76.85584661429444,475.92376878063175,-106.82173594466492
-76.58905890914559,474.62419221584986,-106.1171336816439
-76.32469053042499,473.31684477154477,-105.43253085433047
-76.06128889262189,472.00051843208183,-104.76792746636502
-75.79738534547353,470.67324269586265,-104.12332352128165
-75.52295457847445,469.329898403177,-103.49871902250806
-75.23437999748684,467.9665129177083,-102.8941139733656
-74.9432487928102,466.5830850150943,-102.30950837706932
-74.65452724697705,465.17961485209395,-101.74490223672788
-74.36846569631172,463.7561027455498,-101.19815556644531
-74.0876799747124,462.3125492695005,-100.66266404336058
-73.81471569939356,460.8489553853806,-100.12915621086502
-73.55077501981626,459.3653223478518,-99.5880671356388
-73.28148549327051,457.8816507771739,-99.03080826892247
-72.99241206352164,456.4179384898346,-98.45354887561338
-72.6835518152445,454.97418260027524,-97.85628895878112
-72.35490183321913,453.55038022251193,-97.23902852160165
-72.00645920233082,452.14652847013565,-96.6017675673573
-71.6382210075701,450.7626244563123,-95.94450609943674
-71.25329307769898,449.3986654449121,-95.26724412133498
-70.85902798000022,448.05464951035145,-94.56998163665341
-70.45231502832924,446.71057534601437,-93.85271864909973
-70.02580068732543,445.3464404214093,-93.11545516248806
-69.57948787611915,443.9622418488527,-92.35819118073881
-69.113379513946,442.557976741087,-91.5809267078788
-68.62747852014688,441.13364221128006,-90.78366174804117
-68.12178781416793,439.68923537302584,-89.96639630546541
-67.5963103155605,438.2247533403439,-89.12913038449736
-67.05104894398117,436.7401932276796,-88.27186398958925
-66.50600661918287,435.2355531221916,-87.39459712529961
-65.98118626091735,433.7108350006143,-86.49732979629339
-65.47659078883771,432.16604181239506,-85.58006200734182
-64.99222312248948,430.60117650740733,-84.64279376332256
-64.52808613382939,429.0172187271944,-83.68552506921955
-64.08418224446841,427.4205027708685,-82.70825593012316
-63.6605124707204,425.8228957427681,-81.71098635123003
-63.2570759546202,424.23806924544215,-80.69371633784321
-62.87387012948863,422.6731853849663,-79.67597945516263
-62.51089208050107,421.1282471116351,-78.67142272750355
-62.168138892725366,419.6032573753179,-77.6680990848461
-61.84560765112179,418.0982191254589,-76.65364236212463
-61.54329544054309,416.61313531107714,-75.62046608030471
-61.25637776866449,415.1480086463686,-74.56728939637777
-60.978592799482584,413.70284083763676,-73.49411231594414
-60.708042073560904,412.2776330545846,-72.40093484471046
-60.45098159614257,410.87238663406254,-71.28775698848982
-60.214125572853476,409.48710419641503,-70.15457875320155
-59.99747108809079,408.12178868811003,-69.00140014487141
-59.80101522614426,406.77644305519027,-67.82822116963149
-59.62475507119622,405.45107024327325,-66.63504183372022
-59.468687707321614,404.14567319755116,-65.42186214348241
-59.33281021848802,402.86025486279095,-64.18936130458765
-59.21711968855564,401.59481818333427,-62.94113877417646
-59.12161417356478,400.3293661031329,-61.676515359667874
-59.04629561859819,399.0439015661387,-60.39189161719998
-58.991166940918696,397.73842751669355,-59.08726755360382
-58.95576616815562,396.41294687696455,-57.76264317581681
-58.93862927934138,395.0674624304289,-56.41801849088271
-58.937759893334615,393.70197669505256,-55.053393505951625
-58.95121142596554,392.316491900297,-53.66876822828004
-58.977147540114686,390.91198122501424,-52.26414266523076
-58.99898643042064,389.5084456408398,-50.83951682427295
-59.00102949930145,388.1249117982105,-49.39489071298215
-58.98327382988392,386.76137680982936,-47.930264339040235
-58.945716505400135,385.4178377879739,-46.44563771023543
-58.88835460918749,384.09429184449647,-44.94101083446232
-58.81118522468868,382.7907360908238,-43.41638371972183
-58.71420543545173,381.50716763795754,-41.871756374121254
-58.59741232513001,380.24358359647374,-40.307128805874235
-58.460802977482246,378.9999810765233,-38.742501023291894
-58.304374476372544,377.77635718783176,-37.19787303468536
-58.12812390577038,376.57270903969936,-35.673244848268276
-57.93204834975066,375.38903374100107,-34.16861647214794
-57.71614489249369,374.22532840018664,-32.683987914325286
-57.48041061828523,373.0815901252805,-31.219359182694912
-57.22484261151648,371.95781602388195,-29.77473028504506
-56.95870722614641,370.8540036537847,-28.350101229057618
-56.70200186498647,369.7636061192671,-26.945472022308127
-56.46545639623889,368.6705791274325,-25.560842672265785
-56.249072315257315,367.5614723957961,-24.196213186293427
-56.05285234786805,366.4323355763941,-22.851583571647545
-55.876799411976826,365.2831716102365,-21.526953835478277
-55.72091642538216,364.11398343875874,-20.222323984829416
-55.58520630577527,362.9247740038218,-18.937694026638397
-55.46967197074015,361.7155462477123,-17.673063967736315
-55.3543153654749,360.5063021408194,-16.416606103032542
-55.219134546026915,359.3170397643825,-15.156109100216886
-55.0641265962527,358.14775622696385,-13.8941204277391
-54.889288600114185,356.9984486367003,-12.636498923474504
-54.69461764167876,355.8691141013034,-11.389064637194991
-54.48011080511927,354.7597497280596,-10.158170083360714
-54.24576517471403,353.67035262382996,-8.94727547550096
-53.991577834846865,352.60091989505025,-7.756380820054728
-53.73754684228569,351.53144962005416,-6.565486123363524
-53.50367414294734,350.4419437663251,-5.354591391768857
-53.28996265493778,349.3324052740242,-4.123696631709725
-53.09641494363264,348.2100905584376,-2.872801849731478
-52.92303169635376,347.09187158848493,-1.6019070524858159
-52.76981122566605,345.99049783020155,-0.3110122467307892
-52.63675076773216,344.90910319590216,0.9994957637180765
-52.52384740639734,343.84769062557325,2.328107268256584
-52.41109822540848,342.8062620864886,3.655209056779756
-52.278500308511674,341.7848156563466,4.96231082587502
-52.12605090639921,340.77991633745916,6.249412568591794
-51.95374821718217,339.78237126302906,7.516514278085842
-51.761591799904075,338.7848909717653,8.763615947619286
-51.54958183701994,337.7849950948883,9.990717570560594
-51.31788910463199,336.78063521107174,11.19781914038459
-51.075756157777946,335.7711522372413,12.384920650672443
-50.84301378879159,334.7493102584406,13.55202209511168
-50.61616782134838,333.70743511220326,14.699123467496173
-50.38395121979417,332.645526417817,15.826224761726152
-50.1466736572919,331.56358355224853,16.933325971808195
-49.90417567460822,330.4616056395119,18.02042709185523
-49.65665596373481,329.33959205027963,19.08752811608654
-49.40387632441923,328.19754192787104,20.134629038827757
-49.14603358737398,327.0354546158669,21.16172985451087
-48.874804120352465,325.8533288796335,22.16883055767421
-48.58374929927514,324.6511621407182,23.155931142962466
-48.27287204255203,323.4289515079424,24.12321848809931
-47.94217526869857,322.1866940905531,25.07380137166169
-47.59166189633558,320.924386998223,26.015409368516945
-47.221334844189265,319.64202734105044,26.958211563924507
-46.831197031091186,318.33961222955946,27.912418113121888
-46.421251375978244,317.0171387746998,28.88475113703914
-45.99149982560524,315.6946040878115,29.877084007351314
-45.54194043768251,314.39200528023486,30.889416718781632
-45.07257029773829,313.10933946292056,31.921749265946953
-44.583386491406145,311.84660374639435,32.9740816433578
-44.07438610442501,310.60379524075677,34.046413845418336
-43.545566222639195,309.3809110556835,35.138745866426376
-42.99692393199841,308.1779483004251,36.25107770057338
-42.42845631855776,306.9949040838072,37.383409341944486
-41.860160468468905,305.831776486518,38.515740784527296
-41.31203346788261,304.68856747797025,39.62807202230945
-40.78407240285122,303.56527999943944,40.72040304937608
-40.2762743593199,302.4619169917759,41.79273385991864
-39.78863642312655,301.3784813954051,42.84506444823496
-39.32115568000189,300.31497615032737,43.87739480872921
-38.87382921556943,299.271404196118,44.889724935911914
-38.446654115345545,298.24776847192726,45.882054824399965
-38.03962843702688,297.22407191651587,46.85438446891659
-37.65275412735268,296.18031746864483,47.806713864291375
-37.28603410524251,295.11650806746536,48.73904300546026
-36.939471289508745,294.03264665255443,49.65137188746553
-36.61254851447571,292.9287361386311,50.54370050545583
-36.30064699845934,291.80477914030837,51.416028854686154
-35.99660570429523,290.66077730087756,52.26835693051785
-35.695438716083544,289.4967313755079,53.10068472841861
-35.40483202006683,288.33264206347405,53.9130122439625
-35.13439420787922,287.18851183923584,54.70533947282991
-34.88412236409646,286.0643436440736,55.477666410807615
-34.65401357318706,284.96014041884234,56.22999305378871
-34.4440649195123,283.875905103972,56.96231939777266
-34.25427348732627,282.81164063946716,57.674645438865284
-34.084636360775875,281.76734996490717,58.36697117327875
-33.93515062390083,280.7430360194462,59.03929659733158
-33.805814332921166,279.71870174184846,59.69162170744865
-33.69662943309951,278.6743500708784,60.32394650016118
-33.60759884187878,277.6099839456904,60.93627097210674
-33.52956792006499,276.52560586067546,61.52859512002928
-33.45188424093071,275.4212164570808,62.10091894077908
-33.3722091957209,274.2968155991162,62.653242431312776
-33.28911985848336,273.15240288623306,63.18556558869335
-33.20159665602131,271.9879777426868,63.69788841009015
-33.10172369052832,270.80358819365176,64.20052651796505
-32.982025197134114,269.60428762596393,64.69820236085314
-32.84250258571742,268.40076315172337,65.18060031092188
-32.683155637208365,267.2044652636458,65.64299791439814
-32.505959308295935,266.02465208508954,66.08539516882308
-32.32461916764786,264.8648124763693,66.50779207184426
-32.153090693410505,263.7249470818274,66.91018862121555
-31.9938520868811,262.60505756108887,67.2925848147972
-31.85096529429355,261.50514591630673,67.6749806505469
-31.72823796739949,260.42521490256456,68.07737612642241
-31.625667189989198,259.365267459769,68.49977124028395
-31.541992979019643,258.3253064662898,68.94216598988541
-31.472875012870592,257.30533440587686,69.40456037287434
-31.412810871437173,256.3053529841419,69.88695438679196
-31.356729894400473,255.3253631573388,70.38934802907306
-31.299395358707798,254.36536512297488,70.91174129704619
-31.237214437789405,253.40535839780225,71.43486775231882
-31.17042624450517,252.42534223775587,71.93935041991932
-31.101299717204032,251.42531614168973,72.42525099989332
-31.031468680866798,250.4052798978144,72.89375006788829
-30.96165319054038,249.36523346800138,73.34815130659982
-30.8915981852799,248.30517684750905,73.794316668298
-30.820219014633658,247.22510993088585,74.2400783554256
-30.745933696657158,246.12503241316506,74.69388636541777
-30.659845421113573,245.00838936131657,75.16380953874567
-30.553921597532657,243.87551129884025,75.65373231237712
-30.428164911057166,242.7229493677576,76.16365468370692
-30.2825782630283,241.5503676498607,76.69357665002354
-30.12124276331478,240.3577634515577,77.2434982085091
-29.94798874462462,239.1451348605259,77.81341935623934
-29.762815249009016,237.9124801263643,78.40334009018369
-29.56585198722262,236.65979752907893,79.01326040720521
-29.373026588379002,235.40708611776898,79.62318030406948
-29.200382901024344,234.17434805591927,80.21309977754208
-29.047918009214367,232.9615862866808,80.78301882448608
-28.91562899689748,231.76880375277938,81.33293744187091
-28.803512947914804,230.5960033965155,81.86285562677233
-28.7115669460002,229.44318815976433,82.37277337637249
-28.63978807478027,228.31036098397576,82.86269068795987
-28.588173417774374,227.19752481017426,83.33260755892931
-28.53672005840351,226.1046816066716,83.78812906595357
-28.465425091992774,225.0315845667601,84.22925520661036
-28.37428564967876,223.9782307964688,84.65038089938244
-28.281738003540013,222.94486318325974,85.05150614203045
-28.20286730759225,221.93148315144947,85.43263093242138
-28.13684721104004,220.93809249257168,85.79375526852856
-28.084336731747584,219.96469323564588,86.13487914843171
-28.044833295977927,219.01128723575192,86.45600257031687
-28.022584954595988,218.0578766627223,86.75942289671038
-28.02047756724119,217.08446431359948,87.05241354156104
-28.01986439831425,216.09105221937463,87.34737500646392
-28.007504603385588,215.07763904770357,87.65145222497847
-27.983669167696732,214.04422336147047,87.96685047149919
-27.948081544707293,212.99080322388681,88.29594805788928
-27.9002695166195,211.91737713427744,88.64101441112774
-27.840607337009867,210.82394306877754,89.00411057216442
-27.78121058448592,209.7254175177314,89.38606396693223
-27.727829980282866,208.6329320797814,89.78801688637598
-27.679680693839117,207.5394322223983,90.20996932835828
-27.637393907949097,206.43883305231685,90.65192129063537
-27.603363252592196,205.32604571446979,91.11387277085714
-27.581560938520134,204.19782018448248,91.59582376656715
-27.577124860406848,203.05418294692294,92.09777427520258
-27.59285706191476,201.89619116636203,92.61972429409428
-27.62875977002968,200.7210512975074,93.16167382046677
-27.684835762962173,199.5259181358475,93.72362285143821
-27.761087957276374,198.31079462372975,94.30557138402038
-27.857519269429133,197.07568370392693,94.90751941511876
-27.974132615770007,195.82058831963712,95.52946694153245
-28.110930912541217,194.5455114144838,96.17141395995421
-28.267917075877662,193.25045593251562,96.83336046697045
-28.445094021806888,191.93542481820663,97.51530645906125
-28.64246369396163,190.62042101642064,98.19725193260916
-28.86002414671748,189.32544747202138,98.85919688399679
-29.097772462055218,188.0505071294824,99.5011413097042
-29.35570572184828,186.79560293285175,100.12308520631781
-29.633821007862768,185.5607378257518,100.72502857053041
-29.932115401757457,184.34591475137935,101.30697139914113
-30.250585985083827,183.15113665250556,101.86891368905546
-30.589229839286066,181.97640647147594,102.41085543728524
-30.928044045709953,180.8217261779229,102.93353739412215
-31.247025685700365,179.68709385190346,103.43863736364034
-31.546171840698765,178.57250660076144,103.92806517133907
-31.825479592252105,177.47796153141513,104.40380314493719
-32.08494602201282,176.4034557503571,104.86790705659273
-32.324568211738864,175.34898636365435,105.32250514251483
-32.544343243293696,174.31455047694826,105.7698039184584
-32.74426819864633,173.30014519545466,106.21215149796485
-32.92434111642059,172.2860913592358,106.65166409343327
-33.08456385952613,171.25275129317959,107.08859997279006
-33.224939238092254,170.20019172928784,107.52169473323019
-33.345470053555665,169.12846484117955,107.94969053706302
-33.44615909918769,168.03762894740527,108.37134091060818
-33.52700915854966,166.92775327409535,108.78544289351707
-33.58802300529908,165.798893034495,109.19091238000387
-33.62920340854572,164.65104239946785,109.58689172669276
-33.66617535575678,163.50368655511318,109.98121227369492
-33.714334497606046,162.37633692416793,110.3817425749327
-33.77326837679889,161.26899510712056,110.78787031119126
-33.84264365471199,160.1816626501715,111.1990425747517
-33.92219873949265,159.11434105622044,111.61477005077904
-34.01173675557312,158.06703179482338,112.03463252908551
-34.11111737068275,157.03973631105677,112.45828577535626
-34.22024633404152,156.032456033035,112.88546959351383
-34.32430322448793,155.04457933929882,113.32436438737663
-34.408503755747766,154.0675018135744,113.78325857862218
-34.47284731079949,153.0895371115681,114.26215216481029
-34.517334438213574,152.10577873280042,114.7610451433944
-34.54196613419702,151.11434180195195,115.27993751172164
-34.546743615475464,150.1139153054646,115.81882926703277
-34.5316682686376,149.10358497183782,116.37772040646219
-34.49674152843015,148.08382116665825,116.95661092703797
-34.44196400038145,147.06971011948735,117.55550082568185
-34.367333465084606,146.07558963571427,118.17439009920918
-34.27284700607416,145.1014568197019,118.81327874432897
-34.158501706990215,144.14730877538776,119.47216675764392
-34.02429465157848,143.21314260628407,120.15105413565037
-33.8760571789062,142.2989556991064,120.84994087473827
-33.72469325804158,141.40474682126234,121.56882697119126
-33.576679081734724,140.53051607814885,122.30771242118662
-33.44110484875925,139.67626446852162,123.04659722080417
-33.32565427894143,138.84199455381008,123.76548136612371
-33.23032445603284,138.02770926869928,124.46436485332251
-33.15511246367808,137.23341154744904,125.14324767868423
-33.09940835263916,136.45910429438325,125.8021298385989
-33.06017484260466,135.70479017735522,126.44101132956285
-33.03393496926159,134.97047131138424,127.0598921481788
-33.01918851001776,134.25614946761402,127.65877229115583
-33.02001460081161,133.54182649859672,128.2576517553005
-33.040946855828324,132.80750511619647,128.8765305374193
-33.08198819181891,132.05318825297158,129.51540863422142
-33.14314152542745,131.2788788419058,130.17098143491964
-33.2244097731911,130.4845798164082,130.84158582624931
-33.32579585154003,129.67029411031322,131.53052641203433
-33.44730267679744,128.83602465788064,132.23946629838989
-33.58893316517955,127.98177439379556,132.9684054815461
-33.735843026686396,127.10754553138077,133.71734395762684
-33.87271143167837,126.21333737406724,134.48628172264955
-33.998797554301184,125.29914839826709,135.2752187725254
-34.11370878004619,124.36497699945296,136.08415510305912
-34.21728510516656,123.41082153389688,136.9130907099492
-34.30952688631199,122.43668034688818,137.76202558878768
-34.39055190229628,121.4425517927155,138.63095973506037
-34.46057048036318,120.4284342498134,139.51989314414664
-34.515224542665635,119.39432590723077,140.42882581131954
-34.55003143105504,118.3402240882446,141.35775773174572
-34.56499406220863,117.2661258984939,142.3066889004856
-34.560115352909186,116.17202844404304,143.27561931249318
-34.53539822004496,115.05792883138182,144.2645489626161
-34.49084558060973,113.9238241674254,145.27347784559566
-34.426460351702715,112.76971155951442,146.30240595606685
-34.34224545052863,111.59558811541494,147.3513332885583
-34.23820379439761,110.40145094331852,148.40025983750112
-34.11433830072523,109.18729715184216,149.42918559732647
-33.970651887032474,107.95312385002835,150.43811056256294
-33.80714747094574,106.69892814734509,151.42703472784555
-33.6238279701968,105.42470715368593,152.39595808791566
-33.42069630262278,104.13045797936995,153.34488063762095
-33.19775538616617,102.81617773514178,154.27380237191548
-32.95500813887481,101.4818635321716,155.18787240237347
-32.6924565066144,100.14751248201975,156.08709072413433
-32.410098546206186,98.83312169624674,156.9663082159026
-32.11372910706486,97.53868856787807,157.8255248730029
-31.81705303375517,96.26421200147225,158.6659776407865
-31.52929302553601,95.00969278513311,159.4924053100626
-31.25160682018904,93.77513233937724,160.30955109771745
-30.98360603289207,92.56053210691388,161.11988556806165
-30.724796211113983,91.36589346498047,161.9259329906575
-30.46053739398845,90.17343417116044,162.72203289407344
-30.176453986063475,88.96797409022335,163.50110173888493
-29.872547500217948,87.75469890007754,164.26402630740975
-29.54881870067682,86.53865185004138,165.01296528985725
-29.20526764152169,85.32446878661912,165.74925217643076
-28.841893734660587,84.11636729009817,166.47307688459404
-28.458695787962014,82.918462847297,167.18470918779596
-28.05567199968572,81.7350277248205,167.88490376193192
-27.652820932099,80.54989717729885,168.58962164853673
-27.270144611451595,79.34470934786056,169.3143386386483
-26.907645956640728,78.11946717906645,170.05905472841295
-26.565327886456334,76.87417361390303,170.82376991387056
-26.243193319581035,75.60883159578249,171.60848419095475
-25.94124517459013,74.32344406854267,172.41319755549276
-25.659486369951566,73.0180139764471,173.23791000320549
-25.39791982402594,71.69254426418487,174.0826215297075
-25.136548455075335,70.3470369045833,174.94733213050694
-24.8553751813608,68.98148998174553,175.8320418010057
-24.554402921239806,67.59590060791284,176.73675053649927
-24.233634593175125,66.1902658957522,177.66145833217684
-23.893073115734786,64.7645829583562,178.6061651831212
-23.532721407592067,63.31884890924305,179.57087108430883
-23.152582387525488,61.8530608623567,180.55557603060987
-22.752658974418782,60.36721593206674,181.56028001678808