
235.3371421700606,787.7647806067863,-34.29168148027793
235.30714439874072,787.7347840094194,-34.32168120676944
235.25714454833087,787.6847932455684,-34.37168075074471
235.18713970223462,787.6148112326113,-34.441680111937856
235.09712694396188,787.5248408883517,-34.531679289976665
234.98710335712897,787.4148851310188,-34.64167828438254
234.8570660254586,787.2849468792666,-34.77167709457058
234.70701203277994,787.1350290521749,-34.92167571984949
234.5369384630286,786.9651345692483,-35.09167415942166
234.34684240024663,786.7752663504172,-35.28167241238311
234.13672092858252,786.5654273160368,-35.49167047772351
233.9065711322913,786.335620386888,-35.721668354326184
233.65639009573448,786.0858484841764,-35.97166604096811
233.38617490338007,785.8161145295333,-36.241663536319905
233.0959226398026,785.5264214450149,-36.531660838945854
232.78563038968323,785.2167721531027,-36.84165794730387
232.45529621009703,784.9071695766683,-37.17165485974553
232.10492204737548,784.6176166385821,-37.521651574516056
231.73451082024403,784.3481162613253,-37.89164808975433
231.3440654475347,784.0986713669529,-38.28164440349286
230.933588848186,783.8692848770941,-38.69164051365784
230.503083941243,783.6599597129526,-39.12163641806908
230.0525536458573,783.4706987953064,-39.57163211444006
229.5820008812869,783.3015050445075,-40.04162760037789
229.11142856688744,783.1523804081952,-40.51670297058846
228.66083962201472,783.0233229444327,-40.98192923695643
228.23023696592708,782.9143297385704,-41.437275528477684
227.8196235177766,782.8253978755325,-41.88268083427755
227.42900219660905,782.7565244398181,-42.318046229258115
227.05837592136396,782.7077065155,-42.74323011335655
226.70774761087443,782.6789411862258,-43.158045911283445
226.37712018386728,782.6702255352168,-43.562261500319174
226.04649655897182,782.6815576175567,-43.95111314540626
225.6958796548174,782.7129393770529,-44.31996455678981
225.32527239013072,782.7643737293748,-44.66881573250843
224.93467768374484,782.8358635897661,-44.99766667070708
224.5240984545991,782.9274118730445,-45.3065173696371
224.09353762173913,783.0390214936025,-45.59536782765614
223.64299810431675,783.1706953654065,-45.86421804322823
223.17248282159005,783.322436401997,-46.11306801492374
222.6819946929234,783.4942475164893,-46.36191774141054
222.17153663778728,783.6861316215725,-46.630767221356486
221.6411115757584,783.89809162951,-46.91961645333197
221.0907224265197,784.1301304521393,-47.228465435801006
220.5203721098602,784.3822510008723,-47.557314167121284
219.93006354567507,784.654456186695,-47.90616264554413
219.31979965396565,784.9467489201674,-48.27501086921452
218.68958335483939,785.2591321114236,-48.66385883617109
218.03941756850983,785.5916086701721,-49.052706544354976
217.36930521529658,785.9441815056954,-49.42155399170733
216.67924921562533,786.3168535268499,-49.77040117626678
215.96925249002783,786.7096276420662,-50.099248096178314
215.2393179591418,787.1225067593488,-50.40809474969327
214.4894485437111,787.5554937862765,-50.69694113516935
213.71964716458544,788.0085916300021,-50.96578725107058
212.92991674272068,788.4818031972522,-51.21463309596737
212.12026019917857,788.9751313943275,-51.443478668536464
211.29068045512682,789.4885791271026,-51.65232396756096
210.4411804318391,790.0221493010263,-51.84116899193032
209.57176305069498,790.575844821121,-52.01001374064034
208.68243123317995,791.1496685919833,-52.158858212793184
207.77318790088546,791.7436235177836,-52.287702407597365
206.84403597550875,792.3577125022662,-52.39654632436775
205.89497837885298,792.9919384487492,-52.485389962525545
204.92811766127468,793.6463041580527,-52.55423332159833
203.9459701419932,794.3208120021668,-52.60307640122002
202.9493830729271,795.0154641491916,-52.63191920113089
201.93923214845452,795.7302626414623,-52.640761721177576
200.91641150327231,796.4652093921371,-52.62960396131305
199.88182419853626,797.2203061832068,-52.59844592159664
198.83637362352874,797.9955546648373,-52.54728760219403
197.78095637361403,798.7909563558595,-52.47612900337727
196.710839733604,799.6065129182498,-52.404970125515874
195.62084664482197,800.4422269992427,-52.353810968979374
194.51098002992637,801.2981014974688,-52.322651534039814
193.38124281168132,802.1741393111316,-52.311491820862884
192.23163791295656,803.0703433380087,-52.32033182950793
191.06216825672752,803.9867164754514,-52.34917155992793
189.87283676607524,804.9232616203849,-52.39801101196955
188.66364636418638,805.8799816693077,-52.466850185373076
187.43459900206577,806.8368795183275,-52.53568907978131
186.18569274167405,807.7739580635513,-52.58452769483706
184.91692467278997,808.691220201475,-52.61336603028062
183.628291885298,809.5886688290185,-52.62220408595865
182.31979146918817,810.4663068435269,-52.63104186181529
180.99142055774956,811.3250256324907,-52.65987935779468
179.6431765462416,812.16754919441,-52.70871657374347
178.27505731145794,812.9973971161475,-52.77755350940197
176.88706122251747,813.8178124307316,-52.86639016440413
175.4791871033143,814.6317983652198,-52.97522653827757
174.0514341997346,815.442147170686,-53.104062630443536
172.60380215056284,816.2514619965892,-53.25289844021693
171.15629041772428,817.0509941833925,-53.401733966815186
169.7288965784685,817.8307360127544,-53.53056920945571
168.3216177235234,818.5906845508308,-53.639404167453435
166.93445094350992,819.330836864202,-53.72823884022961
165.56739332894207,820.0511900198721,-53.79707322731185
164.22044197022697,820.7517410852703,-53.845907328334135
162.89359395766476,821.4324871282496,-53.874741143036786
161.58684638144868,822.0934252170875,-53.883574671266466
160.28019730396142,822.7545533927381,-53.882749021293776
158.9536486767349,823.4358735853037,-53.88320478874508
157.60720342368543,824.1373886967838,-53.88613995068347
156.24086446883513,824.8591016287509,-53.89275073512015
154.85463473631194,825.6010152823512,-53.90423182127969
153.44851715034952,826.3631325583048,-53.92177596003129
152.02251463528728,827.1454563569046,-53.94657302783754
150.57663011557042,827.9479895780174,-53.97980862103211
149.11086651574985,828.7707351210837,-54.027559098230746
147.62522676048212,829.6136958851171,-54.095309288126074
146.11971377452957,830.4768747687046,-54.18305919035783
144.59433048276014,831.3602746700072,-54.2908088044594
143.0490798101475,832.2638984867586,-54.41855812985782
141.4839646817709,833.1877491162664,-54.56630716587378
139.8989880228153,834.1318294554113,-54.73405591172161
138.2941527585712,835.0961424006478,-54.9218043665093
136.68691984558797,836.0606899992799,-55.12955252923848
135.09380672458477,837.0054709492567,-55.35730039880445
133.51308980121266,837.9304833208452,-55.605047973996136
131.94333756670417,838.8357254137784,-55.872795253496136
130.38336447246908,839.7211957181173,-56.16054223588068
128.83219188285943,840.5868928813015,-56.468288919619674
127.289014982676,841.4328156804551,-56.79603530307665
125.75317494323399,842.2589629991244,-57.14378138450879
124.23091605729441,843.0853334781227,-57.511527162066955
122.72878114819045,843.9319245006648,-57.89927263379562
121.24677314077212,844.7987331315937,-58.30701779763294
119.78489495978239,845.6857564353262,-58.7347626514107
118.34314952985721,846.5929914758524,-59.182507192854345
116.92153977552549,847.5204353167359,-59.65025141958297
115.520068621209,848.4680850211137,-60.13799532910932
114.1387389912225,849.4359376516965,-60.6457389188398
112.76612940990942,850.4039908261464,-61.17348218607444
111.39104784981933,851.3522443721523,-61.721225128006935
110.0139306981242,852.2806986177476,-62.28896774172465
108.63516278637327,853.1893538311593,-62.87671002420857
107.25508315449864,854.0782102278906,-63.48445197233335
105.87398988022014,854.9472679770403,-64.11219358286729
104.4921442408785,855.7965272069641,-64.75993485247234
103.10977427254649,856.6259880103768,-65.42767577770411
101.71725570963773,857.4490087767878,-66.11541635501183
100.30485926939488,858.2781993584617,-66.82315658073841
98.87258571746389,859.1120121318258,-67.55089645112041
97.42043558611341,859.9487979595883,-68.29863596228803
95.94840915909674,860.7868015044178,-69.06637511026514
94.45650645580336,861.6241563480758,-69.85411389096922
92.94472721475356,862.4588810756694,-70.66185230021144
91.41307087671332,863.2888784970188,-71.48959033369661
89.86153628350601,864.1060867332807,-72.33732798702319
88.29012086613888,864.9035226998882,-73.20506525568328
86.69882171610567,865.6811892965347,-74.09280213506266
85.08763592500588,866.439089423338,-75.00053862044071
83.45656058454477,867.1772259808398,-75.9282747069905
81.80559278653332,867.8956018700059,-76.87601038977877
80.13472962288832,868.5942199922265,-77.84374566376586
78.44396818563234,869.2730832493157,-78.8314805238058
76.73330556689379,869.932194543512,-79.8192149646551
75.00810250922645,870.571556516727,-80.78694898107032
73.27705626782557,871.1911706060923,-81.73468256790547
71.54621857961574,871.7910372074631,-82.6624157201209
69.82048937373588,872.3711559201464,-83.57014843278338
68.10393310719122,872.931525695377,-84.45788070106597
66.40029797517002,873.472144921675,-85.32561252024811
64.71312325851193,873.9930114517593,-86.1733438857156
63.037684816783596,874.5015846651349,-87.00107479296057
61.36974979317606,875.0052334049024,-87.80880523758151
59.71235452798602,875.5033641522975,-88.59653521528328
58.06696591285404,875.994907795397,-89.36426472187709
56.434700907926434,876.4787248971415,-90.11199375328049
54.81658158038355,876.953680826629,-90.8397223055174
53.21359273087691,877.4186614997146,-91.54745037471807
51.62669700313842,877.8725784185598,-92.23517795711912
50.058119623570384,878.3308091964169,-92.90813719198648
48.50961134743592,878.8092672770528,-93.5823957880415
46.981175099831646,879.3079497333133,-94.27272159876696
45.472813805747414,879.8268536376181,-94.9830469081833
43.98453039006635,880.36597606196,-95.71337171251334
42.516327777564804,880.9253140779056,-96.46369600787351
41.06820889291236,881.5048647565943,-97.23401979027393
39.64017666067179,882.1046251687397,-98.02434305561839
38.23223303301162,882.704592384664,-98.81466579971314
36.844376072843765,883.2847634746882,-99.58498801836447
35.476602870685916,883.8451355095224,-100.33530970747616
34.128910516948956,884.3857055603008,-101.0656308630583
32.80129610193698,884.9064706985821,-101.7759514812274
31.493756715847315,885.4074279963493,-102.46627155820627
30.20628944877055,885.8885745260098,-103.1365910903241
28.938891390690536,886.3499073603956,-103.78691007401645
27.67155977315339,886.7943385007335,-104.43722850581634
26.384292354889,887.2239722180054,-105.10754638225679
25.077086844357527,887.6372962745734,-105.79786369977336
23.749940760243817,888.033329906308,-106.50818045469526
22.402851552994303,888.4122141384277,-107.23849664324534
21.03581678122202,888.7752000467175,-107.98734322162375
19.649072102412713,889.1236718873248,-108.75041997918915
18.246784210621232,889.4583062804616,-109.5207771619403
16.84871303936483,889.7761860554851,-110.282714972449
15.47068705386033,890.0742682678037,-111.02465219653232
14.112703344573125,890.3525499941773,-111.74658883024495
12.774759001862042,890.6110283117898,-112.44852486974796
11.456851115979344,890.8497002982498,-113.13046031130877
10.158976777070752,891.0685630315902,-113.79239515130114
8.881133075175454,891.2676135902683,-114.43432938620522
7.623317100226125,891.4468490531658,-115.05626301260747
6.365525942057806,891.6062674718761,-115.65819602720073
5.087756690505404,891.745870787567,-116.2401284267842
3.7900064355011978,891.8656619141182,-116.8020602082634
2.4722722670837176,891.9656437658335,-117.34399136865025
1.1345512753977591,892.0458192574416,-117.865921905063
-0.22315944930560183,892.1061913040951,-118.36785181472624
-1.6008624918607601,892.1534441425034,-118.84978109497095
-2.998558934268355,892.1984479017559,-119.31170974323443
-4.405361585039934,892.2545236473455,-119.75363775706035
-5.810606412346315,892.3308044463822,-120.17556513409875
-7.214905380520495,892.4272901122921,-120.57749187210598
-8.619193790024775,892.5439805714735,-120.9594179689448
-10.024677533057236,892.6808759076031,-121.32134342258429
-11.43271621837371,892.8379763931393,-121.66326823109989
-12.844685961865176,893.0152825016677,-121.9851923926734
-14.261865348559931,893.212794901497,-122.28711590559296
-15.691935399235303,893.4305147551498,-122.56903876825308
-17.141972473612483,893.6684446307377,-122.83096097915464
-18.611973647118496,893.9265874401001,-123.07288253690483
-20.101935995074207,894.2049460946502,-123.29480344021722
-21.61185659269433,894.5035235053746,-123.49672368791175
-23.141732515087455,894.8223225828334,-123.67864327891468
-24.691560837256056,895.1613462371602,-123.84056221225866
-26.26133863409651,895.5205973780617,-123.98248048708265
-27.831063952695427,895.8800779425662,-124.12255304799753
-29.380738729289444,896.2197859785509,-124.278936930078
-30.910365872500417,896.5397185619945,-124.45162594886824
-32.4199482910568,896.8398727692996,-124.64059415587917
-33.90948889379363,897.1202456772935,-124.84579765819922
-35.37899058965252,897.3808343632272,-125.06717616344696
-36.82845628768164,897.6216359047762,-125.30465417377164
-38.25788889703571,897.8426473800404,-125.55814175260777
-39.68729132696712,898.0438668398311,-125.80960952544646
-41.136666486728394,898.2252962245341,-126.04107662929466
-42.606017285474735,898.3869384472466,-126.25254306292155
-44.095346632255115,898.5287964214903,-126.44400882520263
-45.60465743601228,898.6508730612109,-126.61547391511978
-47.13395260558271,898.7531712807785,-126.76693833176121
-48.68323504969662,898.8356939949873,-126.89840207432151
-50.252507676977956,898.8984441190559,-127.0098651421016
-51.8417724236569,898.9614245685916,-127.10132753450878
-53.45102733670757,899.0446382592004,-127.1727892510567
-55.080269490710336,899.1480881060971,-127.22425029136535
-56.729495960139296,899.2717770240699,-127.2557106551611
-58.39870381936227,899.4157079274804,-127.26717034227663
-60.08789014264082,899.5798837302633,-127.25862935265103
-61.7970520041303,899.7643073459267,-127.2300876863297
-63.526186477879804,899.968981687552,-127.1815453434644
-65.25529063784111,900.1939086955063,-127.13300232430443
-66.96436155796616,900.4390864205803,-127.10120382258192
-68.65339631230452,900.7045119408507,-127.07666312887544
-70.32239197501237,900.9901823339671,-127.04639512064057
-71.97134598320396,901.2886308023492,-126.99988650763765
-73.60025742776187,901.5882301458576,-126.9333772193149
-75.20912668166909,901.8825518471083,-126.84686725602596
-76.79795482158983,902.1680763968544,-126.74035661823086
-78.36674351398261,902.4386903414949,-126.61384530649597
-79.91549543114378,902.689531622019,-126.46733332149404
-81.44421348170009,902.9205973164131,-126.30082066400414
-82.95290057438483,903.1318845030878,-126.11430733491171
-84.44155961803779,903.323390260878,-125.90779333520855
-85.91019352160528,903.4951116690426,-125.6812786659928
-87.3588051941401,903.6470458072649,-125.43476332846899
-88.7873975448015,903.7791897556525,-125.16824732394795
-90.2159734828463,903.8915415670247,-124.8817306538469
-91.66453591753145,903.9841031837748,-124.57521331968941
-93.1330877580165,904.056877521008,-124.24869532310541
-94.62163191335465,904.1098674942535,-123.90217666583116
-96.1301712924928,904.1430760194652,-123.53565734970931
-97.65870880427155,904.1565060130208,-123.14913737668884
-99.20724735742516,904.1501603917225,-122.74261674882507
-100.7757898605815,904.1240420727964,-122.31609546827971
-102.34433922227096,904.0781530016058,-121.86957353732082
-103.89289835102389,904.012491234788,-121.4030509583228
-105.42147015546806,903.9270538571172,-120.9165277337664
-106.93005754433753,903.821837953792,-120.41000386623875
-108.41866342647265,903.6968406104351,-119.8834793584333
-109.88729071082,903.5520589130932,-119.3369542131499
-111.33594230643239,903.3874899482377,-118.77042843329468
-112.76462112246887,903.2031308027639,-118.1839020218802
-114.18491433485217,902.9989791271533,-117.57737498202536
-115.6093164414791,902.7750348690683,-116.95084731695538
-117.03969074134632,902.5312987625255,-116.30431903000184
-118.47799437306405,902.2677718200766,-115.63779012460272
-119.92628287302435,901.9848163659651,-114.9512606043023
-121.3866767742825,901.6835088989197,-114.24473047275126
-122.86128870273765,901.3652169491581,-113.51819973370658
-124.35218996179762,901.0311910594979,-112.77166839103165
-125.84177525864324,900.6866514962446,-112.0051364486962
-127.3114132396623,900.3362547203842,-111.21860391077628
-128.76110477770177,899.9800652323171,-110.41207078145433
-130.1908507366836,899.6181363536001,-109.58553706501912
-131.60065197332466,899.2505090043346,-108.73900276586582
-132.9905093390261,898.8772106464945,-107.8724678884959
-134.36042368190292,898.4982543626763,-106.98593243751722
-135.71039584894217,898.1136380702712,-106.07939641764395
-137.04042703136085,897.7162863053825,-105.15285983369667
-138.35051979528902,897.2991270624103,-104.20632269060226
-139.64067705062251,896.862157433686,-103.23978499339401
-140.91090170736322,896.4053745119649,-102.25324674721152
-142.16119667561892,895.928775390427,-101.24670795730079
-143.39156486560347,895.4323571626765,-100.2201686290141
-144.6020091876366,894.9161169227423,-99.17362876781014
-145.79253255214408,894.3800517650777,-98.10708837925397
-146.98313786964866,893.8241597568477,-97.02054746901695
-148.19382805067275,893.2484428547918,-95.91400604287682
-149.42460600564073,892.6529039883615,-94.78746410671769
-150.6754746448702,892.0375460874322,-93.64092166653
-151.94643687857197,891.4023720823044,-92.47437872841056
-153.2374956168499,890.7473849037027,-91.2878352985625
-154.54865376970108,890.0725874827762,-90.08129138329534
-155.87991424701565,889.3779827510982,-88.85474698902493
-157.2112789862983,888.6835726683437,-87.60820212227351
-158.52274603590345,888.0093553050368,-86.34165678966964
-159.81431247199498,887.3553277590235,-85.05511099794823
-161.08597537084253,886.7214871277226,-83.74856475395059
-162.3377318088217,886.1078305081274,-82.42201806462431
-163.56957886241386,885.5143549968044,-81.0754709370234
-164.78151360820627,884.9410576898936,-79.70892337830817
-165.97353312289206,884.3879356831088,-78.32237539574534
-167.14563545555774,883.834986071773,-76.91582699670793
-168.29782254454545,883.2622059512081,-75.48927818867536
-169.43009730059072,882.6695924171253,-74.04272897923336
-170.54246263453493,882.05714256566,-72.57617937607404
-171.63492145732536,881.4248534933724,-71.08962938699585
-172.70747668001513,880.7727222972472,-69.58307901990361
-173.7601312137632,880.1007460746937,-68.05652828280847
-174.79288796983434,879.4089219235454,-66.50997718382796
-175.80574888731167,878.7172469420254,-64.94342573118593
-176.79871201623442,878.045718228356,-63.35687393321262
-177.77177443446007,877.3943328803684,-61.750321798344594
-178.72493321995202,876.7630879954679,-60.123769335124784
-179.65818545077946,876.1519806706336,-58.477216552202464
-180.57152820511743,875.5610080024186,-56.810663458333266
-181.46495856124687,874.9901670869496,-55.12411006237919
-182.3384735975546,874.4394550199273,-53.41755637330856
-183.19207136482078,873.8888688966621,-51.711002400187205
-184.02575380308122,873.3184058124632,-50.024448152080964
-184.83952382476508,872.7280628630293,-48.35789363795817
-185.63338434240745,872.117837144484,-46.71133886668082
-186.40733826864923,871.4877257533756,-45.08478384700456
-187.16138851623722,870.837725786677,-43.47822858757868
-187.89553799802408,870.1678343417861,-41.891673096946114
-188.6097896269682,869.4780485165259,-40.32511738354348
-189.30414534384641,868.7883654091081,-38.75856145570986
-189.97860320039158,868.1187821177446,-37.172005321784376
-190.63316027615488,867.4692957402561,-35.56544899020363
-191.26781365079339,866.8399033740382,-33.93889246951055
-191.88256040406995,866.2306021160599,-32.292335768354455
-192.47739761585328,865.6413890628646,-30.625778895491
-193.05232236611798,865.0722613105698,-28.93922185978218
-193.6073317349445,864.5232159548672,-27.23266467019636
-194.14886869823636,863.9815473251543,-25.526107335799388
-194.68366501700592,863.4350442392085,-23.839549865657105
-195.21224536249298,862.8845989037268,-22.172992268737875
-195.7350463863196,862.3309360995509,-20.526434553903705
-196.25243371773863,861.7746471514375,-18.899876729910257
-196.76471548511265,861.216216572016,-17.293318805406837
-197.27215307591243,860.656042935867,-15.706760788936403
-197.77496979973662,860.0944555054407,-14.140202688935563
-198.26557006776954,859.5355569489348,-12.573644513743439
-198.73625458659293,858.9820499210291,-10.987086271699148
-199.187022750806,858.4316178688767,-9.380527971239298
-199.61787426700022,857.8822853078334,-7.75396962090685
-200.02880910782477,857.3323671432468,-6.107411229351115
-200.41982747207385,856.7804415327356,-4.440852805327756
-200.7909297460025,856.2253599760946,-2.754294357698787
-201.1421164614048,855.666275422008,-1.0477358954325722
-201.47926528797615,855.1150414681199,0.6788225723961714
-201.80748489637406,854.5838560526054,2.4253810366063773
-202.1254044175521,854.0727177692145,4.191939487910626
-202.43182604007455,853.5816250282165,5.97849791691515
-202.72530660077572,853.1105760536359,7.785056314119828
-203.00354813728833,852.6595688051631,9.61161466991819
-203.26347828661548,852.2286008404471,11.458172974597412
-203.50347307109564,851.8176693310718,13.32473121833832
-203.7235302293756,851.4132612642793,15.211289391215393
-203.92365009314963,851.002567114569,17.117847483196755
-204.10383348318283,850.5869255880555,19.044405484144182
-204.26408103316288,850.1675662829879,20.9909633838131
-204.40439320264773,849.745649065029,22.95752117185258
-204.5247702848305,849.3222957788091,24.94407883780535
-204.62521241025965,848.8986138379893,26.95063637110778
-204.70571954773757,848.4757113924743,28.977193761089893
-204.7662920492227,848.0434809320776,31.02375099697536
-204.8069323129436,847.5912578522381,33.0903080678815
-204.82764325554638,847.1190392461887,35.176864962819295
-204.82842779378333,846.6268222075877,37.28342167069336
-204.80928884451257,846.1146038305191,39.40997818030196
-204.7702293246982,845.5823812094919,41.556534480337035
-204.71125215141024,845.0301514394409,43.72309055938414
-204.63236024182464,844.4579116157261,45.9096464059225
-204.55355651321437,843.8656598064205,48.096202008333854
-204.49484388285194,843.2533979691722,50.262757354999934
-204.4562252679119,842.6211290343424,52.40931243439997
-204.4377035854619,841.9688559327177,54.53586723511954
-204.43928175246276,841.2965815955099,56.64242174585058
-204.46096268576844,840.6043089543565,58.728975955391356
-204.50274930212598,839.8920409413204,60.79552985264651
-204.5646445181755,839.1597804888895,62.84208342662704
-204.6466512504502,838.4075305299774,64.88863666644143
-204.7487724153763,837.6352939979231,66.95518956119814
-204.8710109292731,836.8430738264908,69.04174209990818
-205.01336970835294,836.03087294987,71.14829427147619
-205.17585166872115,835.1986943026753,73.27484606470047
-205.35845972637603,834.3465408199471,75.42139746827296
-205.56119679720888,833.4744154371507,77.58794847077925
-205.78406579700396,832.5823210901767,79.7744990606986
-206.0270696414385,831.670260715341,81.96104922641278
-206.2902112460826,830.7382372493847,84.12759895630354
-206.57349352639937,829.7862536294741,86.27414823885015
-206.87691939774476,828.8143127932007,88.4006970626382
-207.20049177536757,827.8224176785811,90.50724541635967
-207.54421357440955,826.8105712240573,92.59379328881286
-207.90808770990526,825.7787763684961,94.66034066890246
-208.29211709678208,824.7270360511898,96.70688754563949
-208.68723756887323,823.6753527710769,98.75343390813245
-209.08440884561392,822.6437272654731,100.81997974548986
-209.48367407431405,821.6321598368513,102.90652504672276
-209.88506226500425,820.6406507928284,105.01306980073583
-210.28860192034912,819.6692004450015,107.13961399632741
-210.69434259250139,818.7178091103493,109.28615762218948
-211.10238273420626,817.7864771162768,111.45270066690767
-211.51289922455777,816.8752048099154,113.63924311896129
-211.91477736579594,815.9639920175055,115.84578496672327
-212.29679323595323,815.032836387833,118.07232619846022
-212.65894974986054,814.0817350243348,120.31886680233237
-213.00124982245447,813.1106850308731,122.58540676639362
-213.3236963687771,812.1196835117354,124.87194607859153
-213.62629230397613,811.108727571634,127.17848472676732
-213.90904054330485,810.0778143157063,129.50502269865584
-214.17194400212205,809.0269408495153,131.85155998188557
-214.415005595892,807.9561042790489,134.21809656397872
-214.63822824018462,806.8653017107202,136.60463243235105
-214.84161485067517,805.7545302513678,139.01116757431205
-215.02516834314451,804.6237870082551,141.43770197706488
-215.18889163347887,803.4730690890711,143.88423562770626
-215.33278763767,802.3023736019301,146.35076851322665
-215.45685927181503,801.1116976553712,148.8373006205101
-215.56110945211654,799.9010383583595,151.34383193633437
-215.66554012258618,798.6903937925368,153.8703624473708
-215.7901493380849,797.499765928695,156.4168921401845
-215.93493418108775,796.3291577095231,158.98342100123412
-216.09989173396255,795.1785720772848,161.569949016872
-216.28501907896973,794.0480119738182,164.17647617334413
-216.49031329826258,792.937480340536,166.80300245679018
-216.7157714738871,791.8469801184251,169.44952785324344
-216.96139068778206,790.776514248047,172.1160523486309
-217.22716899406652,789.7060856695728,174.80257592877314
-217.51310833590205,788.6156973231738,177.50909857938444
-217.81921162863046,787.5053521494108,180.23562028607273
-218.1454817874864,786.3750530892698,182.98214103433958
-218.49192172759723,785.2248030841621,185.7486608095802
-218.858534363983,784.0546050759239,188.5351795970835
-219.24532261155665,782.8644620068167,191.341697382032
-219.65228938512368,781.654376819527,194.16821414950192
-220.05943759939123,780.424351484879,197.01472988446307
-220.44677016906545,779.1743840849724,199.88124457177898
-220.814290008949,777.9044717300443,202.76775819620676
-221.1620000339499,776.614611530757,205.67427074239725
-221.48990315908156,775.3048005981979,208.60078219489492
-221.7980022994626,773.9750360438795,211.54729253813787
-222.08630037031705,772.6253149797398,214.51380175645787
-222.35480028697418,771.2556345181414,217.50030983408038
-222.60350399258112,769.8859917718371,220.50681675512445
-222.83240954124048,768.5363838535793,223.53332250360282
-223.04151401487272,767.2068078757303,226.5798270634219
-223.23081449550358,765.8972609502268,229.64633041838172
-223.40030806526414,764.6077401885801,232.732832552176
-223.54999180639078,763.3382427018757,235.83933344839213
-223.6798628012252,762.0887656007736,238.96583309051107
-223.7899181322145,760.8593059955085,242.1123314619075
-223.90015488190224,759.649861968177,245.27882854584973
-224.03057013283106,758.4604354895997,248.46532432549978
-224.18116096744515,757.2910295024595,251.67181878391327
-224.35192446808136,756.1416469490138,254.89831190403953
-224.5428577169694,755.012290771094,258.14480366872147
-224.75395779623156,753.9029639101063,261.4112940606957
-224.98522178788303,752.8136693070315,264.69778306259246
-225.2366467738317,751.7444099024246,268.0042706569357
-225.5082298358783,750.695188636415,271.330756826143
-225.79996805571633,749.6660084487064,274.6772415525256
-226.11185851493212,748.6568722785772,278.04372481828835
-226.44389829500486,747.6677830648799,281.4302066055298
-226.7960844773066,746.6987437460415,284.8366868962422
-227.16841414310224,745.749757260063,288.2631656723114
-227.56088437354956,744.8208265445202,291.7096429155169
-227.97349224969923,743.9119545365629,295.17611860753186
-228.3948613283274,743.0031436199866,298.6625927299231
-228.81456374983202,742.0743940126564,302.16906526415113
-229.23463241236323,741.1257056163265,305.69553619157006
-229.6574072666814,740.1570786509973,309.24200549342765
-230.0855921322457,739.1685137037165,312.8084731508655
-230.52231734215826,738.1600117861967,316.3949391449186
-230.97118848734908,737.1315744009307,320.00140345651585
-231.43626529076352,736.0832036103053,323.62786606647956
-231.90059159849997,735.0149010572272,327.25432695553474
-232.3450788637785,733.9266647762155,330.8607861044063
-232.76973000109786,732.8184918740951,334.4472434939168
-233.17454792506229,731.6903794581157,338.013699104995
-233.5595355503814,730.5423246359522,341.56015291867607
-233.92469579187042,729.3743245157046,345.0866049161015
-234.27003156444988,728.186376205898,348.5930550785193
-234.59554578314575,726.9784768154826,352.0795033872837
-234.90124136308944,725.7506234538339,355.56594982384644
-235.1871212195177,724.5028132307524,359.0723943696593
-235.45318826777273,723.2350432564638,362.5988370060766
-235.69944542330197,721.947310641619,366.14527771434626
-235.92589560165828,720.639612497294,369.71171647560993
-236.13254171849982,719.3119459349904,373.29815327090284
-236.3193866895901,717.9643080666345,376.9045880811539
-236.48643343079783,716.5966960045785,380.5310208871858
-236.65368485808824,715.2091078338865,384.1774516697146
-236.84114388742543,713.8015455291983,387.84388040935045
-237.04881343467486,712.3740120378661,391.5303070865967
-237.2766964155946,710.9265103076676,395.2367316818507
-237.5247957458352,709.4590432868056,398.9631541754033
-237.7931143409397,707.9716139239079,402.70957454743905
-238.0816551163436,706.4642251680276,406.4759927780362
-238.3904209873749,704.9368799686434,410.26240884716657
-238.69941486926297,703.3895803033713,414.0688227346957
-238.98863967723585,701.8223242611027,417.8952344203828
-239.25809832661793,700.2351089588669,421.7416438838807
-239.50779373283865,698.6279315141185,425.608051104736
-239.73772881143256,697.0007890447368,429.49445606238874
-239.94790647803933,695.353678669027,433.4008587361728
-240.13832964840364,693.6865975057189,437.32725910531565
-240.30900123837523,691.9995426739679,441.2736571489385
-240.47992416390002,690.2925122656421,445.2400528460562
-240.67110134092255,688.5655082621846,449.2264461755771
-240.8825356852886,686.8185336177512,453.2328371163034
-241.11423011273612,685.0515912869228,457.259225646931
-241.36618753889547,683.2646842247058,461.3056117460492
-241.6384108792891,681.4578153865316,465.37199539214123
-241.93090304933182,679.630987728257,469.45837656358384
-242.2436669643306,677.7842042061637,473.5647552386475
-242.55670456720605,675.9374668046361,477.69113139549626
-242.85001391172756,674.1107736189081,481.83750501218793
-243.12359207947313,672.3041217715363,486.00387606667397
-243.37743615212563,670.5175083846516,490.19024453679947
-243.6115432114729,668.7509305799592,494.3966104003032
-243.82591033940778,667.0043854787389,498.6229736348175
-244.020534617928,665.2778702018446,502.8693342178686
-244.19541312913637,663.5713818697051,507.13569212687617
-244.3705429552317,661.8849185746105,511.4020473391625
-244.56592117841157,660.2184822975757,515.6483998320498
-244.7815448807747,658.5720759914773,519.874749582958
-245.01741114431218,656.945702608766,524.0810965694131
-245.27351705090746,655.3393651014676,528.2674407690479
-245.54985968233638,653.7530664211816,532.433782159601
-245.8464361202671,652.1868095190824,536.5801207189178
-246.16324344626025,650.6405973459185,540.7064564249498
-246.4802787417777,649.1144318797254,544.8327892557462
-246.7775390882802,647.6083112089633,548.9791191893562
-247.05502156732467,646.122232449379,553.1454462037315
-247.31272326057328,644.656192716294,557.3317702767173
-247.55064124979336,643.2101891246039,561.5380913860525
-247.76877261685743,641.7842187887788,565.76440950937
-247.96711444374324,640.3782788228636,570.0107246241961
-248.14566381253374,638.9923663404771,574.2770367079507
-248.30441780541722,637.6264784548129,578.5633457379475
-248.44337350468712,636.2806122786386,582.8696516913938
-248.56252799274222,634.9547649242969,587.1959545453906
-248.6618783520866,633.6489335037046,591.5422542769326
-248.74142166532963,632.3631151283531,595.908550862908
-248.801155015186,631.0973069093084,600.2948442800988
-248.84107548447574,629.8515059572109,604.7011345051808
-248.86118015612425,628.6257093822755,609.1274215147231
-248.8614661131623,627.4199142942921,613.5737052851888
-248.84193043872602,626.2341178026247,618.0399857929345
-248.802570216057,625.0683170162122,622.5262630142106
-248.7433825285022,623.922509043568,627.032536925161
-248.66436445951402,622.7966909927801,631.5588075018235
-248.5655130926503,621.6908599715113,636.1050747201292
-248.44682551157436,620.6050130869987,640.6713385559033
-248.30829880005504,619.5391474460547,645.2575989848642
-248.1499304658499,618.4845408557649,649.8638559826244
-247.9717197783393,617.431113823173,654.4901095246898
-247.7736667480608,616.376411183897,659.1363595864601
-247.5557717086903,615.3184274577236,663.8026061432286
-247.3180356087984,614.2483313207105,668.4709946245968
-247.06046098144625,613.1581990648318,673.1230086406974
-246.78305074486582,612.0480277969878,677.7573418694914
-246.48580781739457,610.9178146245041,682.3727201393023
-246.16873511747545,609.7675566551322,686.9683042684834
-245.83183556365682,608.5972509970492,691.5438847446825
-245.4751120745925,607.4068947588576,696.0994615435689
-245.09856756904168,606.1964850495857,700.6350346409178
-244.70220399358158,604.9860189786522,705.1706040126023
-244.28601940574498,603.7954936554759,709.7261696344955
-243.85001089088266,602.6249061890861,714.3017314823728
-243.39417553445077,601.474253688087,718.8972895319035
-242.91851042201094,600.3435332606575,723.5128437586505
-242.42301263923017,599.232742014552,728.1483941380702
-241.907679271881,598.1418770570991,732.803940645513
-241.3725074058414,597.0709354952033,737.4794832562226
-240.8174950993823,595.9999144353789,742.1750219453365
-240.24264430002992,594.9088109841406,746.8905566878863
-239.64795792770337,593.797622248394,751.6260874587964
-239.03343890242724,592.66634533547,756.3816142328857
-238.39909014433158,591.5149773531259,761.1571369848663
-237.74491457365193,590.3435154095445,765.9526556893442
-237.0709151107292,589.1519566133345,770.7681703208187
-236.3770946760098,587.9402980735308,775.6036808536835
-235.66345619004545,586.7085368995939,780.4591872622251
-234.93000257349328,585.4566702014107,785.3346895206242
-234.17673674711583,584.1846950892935,790.2301876029552
-233.40366163178092,582.892608673981,795.1456814831859
-232.61078014846174,581.5804080666378,800.0811711351778
-231.79809521823682,580.2480903788543,805.0366565326864
-230.96560976229,578.8956527226472,810.0121376493605
-230.11332670191038,577.5230922104593,815.0076144587428
-229.24124895849238,576.1304059551591,820.0030869342783
-228.3493794535356,574.7175910700413,824.9785550494122
-227.43772110864492,573.2846446688271,829.9340187776874
-226.5062768455305,571.8315638656633,834.8694780927527
-225.55504958600764,570.3583457751229,839.7849329683637
-224.58404225199692,568.8649875122052,844.6803833783821
-223.593257765524,567.3514861923355,849.555829296776
-222.58269904871977,565.8178389313655,854.4112706976201
-221.55236902382026,564.2640428455728,859.2667075550864
-220.50227061316664,562.6900950516614,864.1421398433472
-219.4324067392052,561.0959926667612,869.0375675364768
-218.34278032448728,559.4817328084288,873.9529906084437
-217.23339429166938,557.8473125946466,878.8884090331098
-216.10425156351306,556.1927291438236,883.8438227842307
-214.95535506288493,554.5179795747948,888.8192318354559
-213.78670771275662,552.8230610068217,893.8146361603283
-212.59831146391736,551.1279705595566,898.8300357322845
-211.39016437811162,549.4527053526526,903.8654305246548
-210.16226354490146,547.7972625053739,908.9208205106635
-208.914606053954,546.1616391365599,913.9962056634281
-207.64718899504138,544.5458323646262,919.0915859559599
-206.36000945804082,542.9498393075636,924.2069613611641
-205.05306453293468,541.3736570829384,929.3423318518393
-203.72635130981035,539.8172828078926,934.4976974006779
-202.37986687886038,538.2807135991438,939.653057980275
-201.01360833038245,536.7639465729852,944.7884135632253
-199.62757275477938,535.2669788452858,949.9037641222213
-198.22175724255916,533.7898075314903,954.999109630062
-196.79615888433497,532.3324297466187,960.0744500596525
-195.35077477082518,530.8948426052671,965.1297853840044
-193.88560199285337,529.477043221607,970.1651155762358
-192.40063764134834,528.079028709386,975.1804406095712
-190.91587977962274,526.6807971542498,980.1957604573322
-189.45133036013786,525.2623505309956,985.2310750928408
-188.0069923075438,523.8236917870986,990.2863844893213
-186.5828685463833,522.364823870461,995.3616886198921
-185.17896200109155,520.8857497294113,1000.4569874575648
-183.79527559599615,519.3864723127044,1005.5722809752449
-182.43181225531734,517.866994569522,1010.7075691457317
-181.08857490316765,516.3273194494719,1015.8628519417177
-179.7455664635611,514.7674489303012,1021.0381293357899
-178.38278986051031,513.1873811010333,1026.233401300428
-177.0002480181243,511.5871130788312,1031.4486678080063
-175.5979438606171,509.9666419812838,1036.683928830792
-174.17588031230792,508.3259649264068,1041.9391843409462
-172.73406029762094,506.6650790326424,1047.2144343105242
-171.27248674108543,504.98398141885906,1052.5096787114744
-169.79116256733573,503.2826692043521,1057.824917515639
-168.31009070110235,501.5611404811306,1063.160150694754
-166.8492740671144,499.81939723078005,1068.515378220449
-165.40871559000223,498.0574424076,1073.8906000642476
-163.98841819428836,496.2752789663163,1079.2858161975662
-162.58838480438763,494.4729098620815,1084.7010265917158
-161.20861834460712,492.65033805047466,1090.1362312179006
-159.84912173914614,490.8075664875012,1095.5914300472186
-158.50989791209622,488.9445981295931,1101.0666230506615
-157.1909497874411,487.0614359336087,1106.5618101991147
-155.89228028905669,485.158082856833,1112.0769914633572
-154.613892340711,483.2345418569771,1117.612166814062
-153.3557888660643,481.2908158921787,1123.1673362217953
-152.11797278866896,479.326907921002,1128.7424996570169
-150.90044703196943,477.3428209024372,1134.337657090081
-149.70321451930235,475.33855779590124,1139.952808491235
-148.52627817389632,473.3141215612372,1145.5879538306197
-147.36707299437373,471.2695150338764,1151.223093078279
-146.2207368677525,469.2047404386519,1156.8382262042564
-145.08247655152644,467.1197993078043,1162.4333531786936
-143.94776443577575,465.0146924776093,1168.008473971838
-142.81297082926253,462.88942019040417,1173.5635885540432
-141.67519534983097,460.74398221553673,1179.0986968957702
-140.53205335478188,458.57837793896033,1184.6137989675856
-139.38154721011136,456.3926064281971,1190.1088947401622
-138.21706410851695,454.1866662433401,1195.6039841842712
-137.0329064039028,451.9605547919003,1201.1190672706828
-135.82907701942813,449.7142692046854,1206.6541439700704
-134.60557887835662,447.4478066129296,1212.209214253001
-133.3624149040567,445.1611641482932,1217.7842780899352
-132.09958802000122,442.854338942863,1223.3793354512275
-130.8171011497677,440.52732812915224,1228.9943863071255
-129.51495721703813,438.1801288401004,1234.6294306277712
-128.19315914559908,435.8127382090734,1240.2844683831997
-126.85170985934158,433.4251533698637,1245.9594995433401
-125.49061228226121,431.01737145669006,1251.6545240780151
-124.109869338458,428.5893896041977,1257.3695419569412
-122.70948395213645,426.14120494745845,1263.1045531497286
-121.2894590476055,423.6728146219704,1268.8595576258808
-119.84979754927856,421.18421576365836,1274.6345553547953
-118.39050238167341,418.67540550887355,1280.4295463057633
-116.91157646941228,416.1463809943937,1286.2245304479786
-115.41302273722175,413.5971393574231,1291.9995077506348
-113.89484410993279,411.0276777355926,1297.7544781830231
-112.35704351248073,408.43799326695967,1303.4894417145413
-110.79962386990522,405.82808309000825,1309.2043983146934
-109.22258810735026,403.19794434364906,1314.8993479530898
-107.62593915006416,400.54757416721924,1320.574290599447
-106.00967992339947,397.8769697004828,1326.2292262235887
-104.3738133528131,395.18612808363014,1331.8841547954353
-102.7183423638662,392.4750464572785,1337.5590762849074
-101.04326988222412,389.74372196247174,1343.2539906618285
-99.34859883365648,386.99215174068047,1348.9688978959157
-97.63433214403712,384.22033293380196,1354.7037979567795
-95.90047273934407,381.4282626841602,1360.4586908139242
-94.14702354565954,378.61593813450594,1366.233576436748
-92.37398748916992,375.78335642801665,1372.0284547945425
-90.58136652387832,372.9505147082612,1377.8433258564933
-88.7691587147422,370.1374101188098,1383.6781895916795
-86.93736115453575,367.34403980284407,1389.5330459690738
-85.08597093613731,364.5704009031217,1395.4078949575428
-83.21498515252945,361.81649056197637,1401.3027365258465
-81.32440089679889,359.08230592131775,1407.217570642639
-79.4142152621366,356.3678441226317,1413.1523972764676
-77.48442534183775,353.67310230698007,1419.1072163957738
-75.53502920158923,350.97807761503617,1425.0620279689012
-73.56602879633192,348.26276718747494,1430.9968319641937
-71.57742705339845,345.52716816536275,1436.9116283500925
-69.56922690022563,342.77127769019285,1442.8064170951457
-67.54143126435449,339.99509290388556,1448.681198168007
-65.49404307343028,337.19861094878803,1454.5359715374373
-63.4270652552024,334.38182896767455,1460.3707371723033
-61.340500737524465,331.54474410374627,1466.1854950415784
-59.25435244834535,328.6873544729188,1471.9802451143423
-57.188623315611736,325.8096620806847,1477.7549873597811
-55.14331626717056,322.9116699052508,1483.5097217471873
-53.11843423076019,319.9933809252511,1489.24444824596
-51.11398013401036,317.05479811974647,1494.9591668256041
-49.1299569044422,314.0959244682247,1500.6538774557316
-47.166367469468184,311.11676295060073,1506.3285801060604
-45.223214756392125,308.1173165472162,1511.9832747464152
-43.30050072012173,305.1175882388044,1517.637961346718
-41.39822342630626,302.13758100609994,1523.3126398768902
-39.51637996819883,299.1772978294492,1529.007310306757
-37.65496743894393,296.2367416887744,1534.7219726060366
-35.813982931577385,293.31591556357387,1540.456626744341
-33.99342353902641,290.4148224329221,1546.2112726911757
-32.1932863541096,287.5334652754695,1551.9859104159402
-30.413568469536955,284.6718470694424,1557.7805398879275
-28.63426697791875,281.8299698203557,1563.5951610763243
-26.83537897186305,279.00783164415066,1569.4297739502113
-25.01690154407322,276.2054296840569,1575.2843784785623
-23.17883178735678,273.42276108288013,1581.1589746302452
-21.32116679462544,270.659822983002,1587.0535623740216
-19.443903658895106,267.9166125263804,1592.9681416785465
-17.5470394732859,265.19312685454895,1598.9027125123691
-15.630571331022164,262.4893631086175,1604.857274843932
-13.694497297719945,259.78531842930744,1610.8118286415802
-11.7388193282493,257.0609899573416,1616.746373873659
-9.763540349871977,254.31637483383426,1622.660910508611
-7.76866328995396,251.55147020032678,1628.5554385149853
-5.754191075965439,248.76627319878727,1634.4299578614375
-3.720126635480806,245.9607809716109,1640.2844685167297
-1.666472896178633,243.13499066161975,1646.11897044973
0.40676721415833783,240.28889941206296,1651.9334636294134
2.499590767643214,237.42250436661664,1657.727948024861
4.611994836284967,234.5358026693839,1663.5024236052598
6.743976491988448,231.62879146489493,1669.256890339904
8.895532806554405,228.70146789810696,1674.9913481981941
11.066660851679492,225.75382911440425,1680.7057971496367
13.257357698956294,222.78587225959816,1686.400237163845
15.467620419873336,219.7975944799272,1692.0746682105384
17.697446085815102,216.78899292205688,1697.729090259543
19.946832740349485,213.78006473304447,1703.3635032807908
22.21578231609014,210.79080705994897,1708.9779072443207
24.504297717834135,207.82121704944115,1714.5723021202778
26.812381850274488,204.87129184776813,1720.1466878789136
29.140037618000164,201.94102860075347,1725.7010644905858
31.48726792549606,199.03042445379708,1731.235431925759
33.85407567714297,196.13947655187525,1736.749790155004
36.24046377721761,193.26818203954076,1742.2441391489974
38.646434157605114,190.39653806095825,1747.7384788785141
41.07198486093671,187.5045417602942,1753.2528093143287
43.51711295745208,184.5921902821069,1758.7871304271189
45.9818155172868,181.65948077138208,1764.3414421874552
48.46608961047235,178.70641037353255,1769.9157445658022
50.96993230693615,175.7329762343986,1775.5100375325187
53.49334067650155,172.7391755002478,1781.1243210578562
56.036311788887865,169.7250053177751,1786.7585951119606
58.59884368599782,166.71046283406739,1792.4128596648716
61.18093829877991,163.71554519621347,1798.087114686522
63.78259853036602,160.7402495509142,1803.781360146739
66.40382728378404,157.7845730444471,1809.4955960152429
69.04462746195773,154.84851282266627,1815.229822261648
71.70500196770683,151.93206603100245,1820.9840388554624
74.38495370374702,149.03522981446304,1826.7582457660876
77.0844855726898,146.15800131763206,1832.552442962819
79.80359950475516,143.28037768470574,1838.3466304148544
82.54229354090917,140.38235605988237,1844.1208080913918
85.30056474972639,137.4639335877523,1849.874975961727
88.07841019967721,134.52510741333344,1855.6091339952613
90.87582695912796,131.56587468207124,1861.3232821615034
93.6928120963409,128.5862325398387,1867.017420430068
96.52936267947425,125.58617813293644,1872.691548770676
99.38547577658214,122.56570860809263,1878.3456671531553
102.26114845561473,119.5248211124631,1883.9797755474397
105.15637778441814,116.46351279363127,1889.5938739235694
108.07116083073451,113.38178079960821,1895.187962251691
111.00549466220201,110.27962227883265,1900.7620405020577
113.95937634635483,107.15703438017101,1906.3161086450293
116.93280295062321,104.01401425291738,1911.8501666510715
119.92577154233348,100.85055904679353,1917.3642144907567
122.93827918870804,97.666665911949,1922.8582521347637
125.97032392915281,94.48233199892556,1928.352279553869
129.02190769211964,91.31755445826737,1933.8662967188486
132.0930333782439,88.17233044013095,1939.4003036003817
135.183703888057,85.04665709424984,1944.9543001690406
138.29392212198653,81.94053156993452,1950.5282863952918
141.423690980356,78.8539510160725,1956.1222622494954
144.5730133633851,75.78691258112828,1961.736227701905
147.74189217118936,72.73941341314342,1967.370182722668
150.93032933149306,69.69145065977196,1973.024127281826
154.13832288276657,66.62302146867039,1978.6980613493133
157.36586989108895,63.53412298788766,1984.3919848949586
160.6129674224352,60.424752365900616,1990.1058978884842