
-1.493822305147713,-1.3104951613719207,-1.8299558976119334
-1.474010845696703,-1.2902787423185207,-1.849956392516668
-1.454196461545234,-1.2700652128433825,-1.8699568775841602
-1.4343791527986705,-1.2498545733730462,-1.8899573527080564
-1.4145589195623918,-1.229646824334036,-1.9099578177820031
-1.3947357619417933,-1.2094419661528608,-1.9299582726996467
-1.3749096800422855,-1.1892399992560143,-1.9499587173546336
-1.3550806739692949,-1.169040924069975,-1.96995915164061
-1.3352487438282632,-1.1488447410212057,-1.9899595754512234
-1.3154139452821882,-1.1294133314080865,-2.00995998868012
-1.2955764411209885,-1.111453885198274,-2.0299603912209463
-1.2757364489526122,-1.0950109527125906,-2.049960782967349
-1.2558941926472666,-1.0801258608204707,-2.069961163812976
-1.2360499018118078,-1.0668359519069788,-2.0899615336514725
-1.2162038111516782,-1.0551738028127542,-2.1099618923764867
-1.196356159700086,-1.0451661853283156,-2.129962239881666
-1.1765071899183903,-1.0368333394936662,-2.1499625760606564
-1.156657146670474,-1.030187972239834,-2.1699629008071057
-1.1368062760722855,-1.0252345469012378,-2.1899632140146608
-1.1169548242396379,-1.0219685984774367,-2.209963515576969
-1.0971030359552005,-1.0203763102018293,-2.2299638053876776
-1.077251153279715,-1.0204341721265435,-2.249964083340434
-1.0573994141405416,-1.022109011640515,-2.2699643493288857
-1.0375480509181165,-1.0253579343423849,-2.28996460324668
-1.0176972890212863,-1.03012823058133,-2.309964844987465
-0.9978473454334311,-1.036357068375055,-2.3299650744448877
-0.9779984271809086,-1.0439707352400496,-2.3499652915125964
-0.9581507296621338,-1.0528834852009128,-2.3699654960842382
-0.9383044348117007,-1.0629964296689498,-2.3899656880534614
-0.9184597091639454,-1.0741972675544456,-2.409965867313914
-0.8986167019995435,-1.086361693846013,-2.4299660337592437
-0.8787755438916344,-1.0993574698952058,-2.4499661872830987
-0.8589363460478008,-1.1130512669862007,-2.4699663277791273
-0.8390992007870669,-1.1273173876902267,-2.4899664551409773
-0.8192641832750054,-1.1420462974386423,-2.5099665692622968
-0.7994313543074912,-1.1571504734098277,-2.5299666700367345
-0.7796007635943323,-1.1725654106574466,-2.549966757357939
-0.7597724528015158,-1.1882453057818771,-2.5699668311195585
-0.7399464576715867,-1.2041547313544334,-2.589966891215241
-0.7201228088510752,-1.2202592307820443,-2.609966937538636
-0.7003015315071729,-1.2365181199742716,-2.629966969983392
-0.6804826442091971,-1.2528816034330523,-2.649966988443157
-0.6606661577380066,-1.269292670158293,-2.669966992811581
-0.6408520744247832,-1.285692457113418,-2.689966982982312
-0.6210403883585492,-1.3020267990618035,-2.709966958848999
-0.6012310864962197,-1.3182520555179829,-2.7299669203052916
-0.5814241504789369,-1.3343389693148442,-2.7499668672448387
-0.5616195588512017,-1.3502743317196044,-2.7699667995612893
-0.5418172893953064,-1.3660608985107499,-2.7899667171482925
-0.5220173213764747,-1.3817162493834996,-2.809966619899498
-0.5022196375748512,-1.39727100553214,-2.829966507708556
-0.48242422603764756,-1.4127667744812302,-2.849966380469115
-0.46263108150554777,-1.4282537382423774,-2.8699662380748245
-0.44284020647088074,-1.4437880154500213,-2.8899660804193346
-0.4230516118356401,-1.4594288117813923,-2.909965907396295
-0.4032653171546775,-1.4752355808668227,-2.9299657188993558
-0.38348135048402826,-1.4912654484141625,-2.949965514822167
-0.3636997478865967,-1.5075710893285434,-2.969965295058378
-0.3439205526789312,-1.5241993000608118,-2.989965059501639
-0.3241438145178406,-1.5411902299450375,-3.0099648080456007
-0.3043695884224744,-1.5585772648493927,-3.029964540583913
-0.2845979338143455,-1.5763873895716818,-3.049964257010226
-0.2648289136331543,-1.594641864947529,-3.0699639572181905
-0.24506259356624774,-1.6133571090449916,-3.0899636411014573
-0.22529904140923668,-1.6325456145989001,-3.1099633085536764
-0.20553832655512944,-1.652216793966033,-3.129962959468499
-0.18578050578327343,-1.6721882584224614,-3.149962593739575
-0.16602560088584656,-1.692162604208416,-3.1699622112605566
-0.14627361196789657,-1.7121398308986286,-3.189961811925094
-0.12652453913445572,-1.732119938067816,-3.2099613956268387
-0.10677838249054078,-1.7521029252906801,-3.2299609622594407
-0.08703514214115299,-1.7720887921419066,-3.2499605117165524
-0.0672948181912781,-1.7920775381961667,-3.2699600438918246
-0.04755741074588633,-1.8120691630281158,-3.289959558678909
-0.027822919909932416,-1.8320636662123941,-3.3099590559714565
-0.008091345788355558,-1.8520610473236268,-3.329958535663119
0.011637311513920529,-1.8720613059364233,-3.349957997647549
0.03136305189198766,-1.892064441625378,-3.3699574418183973
0.05108587524095314,-1.91207045396507,-3.389956868069316
0.07080578145593983,-1.9320793425300629,-3.4099562762939577
0.09052277043208602,-1.9520911068949052,-3.429955666385974
0.11023684206454559,-1.97210574663413,-3.4499550382390165
0.12994799624848793,-1.9921232613222555,-3.469954391746738
0.14965623287909788,-2.0121436505337837,-3.489953726802791
0.16936155185157586,-2.032166913843202,-3.509953043300828
0.18906395306113777,-2.052193050824983,-3.5299523411345017
0.20876343640301503,-2.0722220610535826,-3.549951620197464
0.2284600017724546,-2.092253944103443,-3.5699508803833684
0.2481536490647189,-2.11228869954899,-3.5899501215858676
0.26784437817508594,-2.1323263269646344,-3.609949343698614
0.2875321889988492,-2.152366825924772,-3.629948546615261
0.30721708143131765,-2.172410196003783,-3.649947730229462
0.3268990553678159,-2.192456436776033,-3.66994689443487
0.34657811070368394,-2.212505547815871,-3.6899460391251386
0.36625424733427736,-2.232557528697632,-3.7099451641939214
0.3859274651549673,-2.252612378995635,-3.729944269534872
0.40559776406114023,-2.272670098284184,-3.7499433550416432
0.42526514394819837,-2.2927306861375687,-3.7699424206078898
0.4449296047115594,-2.3127941421300617,-3.789941466127265
0.46459114624665643,-2.3328604658359215,-3.8099404914934234
0.48424976844893813,-2.3529296568293914,-3.8299394966000184
0.5039054712138689,-2.373001714684699,-3.849938481340705
0.5235582544369283,-2.3930766389760563,-3.8699374456091373
0.5432081180136117,-2.413154429277662,-3.8899363892989696
0.5628550618394298,-2.433235085163697,-3.9099353123038565
0.582499085809909,-2.453318606208328,-3.9299342145174525
0.602140189820591,-2.473404991985707,-3.9499330958334125
0.6217783737670334,-2.4934942420699704,-3.969931956145391
0.641413637544809,-2.513586356035239,-3.989930795347044
0.6610459810495062,-2.5336813334556196,-4.009929613332026
0.6806754041767291,-2.553779173905202,-4.029928409993992
0.7003019068220971,-2.5738798769580615,-4.049927185226597
0.7199254888812453,-2.5939834421882586,-4.069925938923497
0.739546150249824,-2.6140898691698387,-4.089924670978347
0.7591638908234994,-2.634199157476831,-4.109923381284805
0.7787787104979532,-2.65431130668325,-4.129922069736523
0.7983906091688826,-2.6744263163630957,-4.149920736227159
0.8179995867320001,-2.6945441860903516,-4.169919380650369
0.8376056430830341,-2.714664915438987,-4.18991800289981
0.8572087781177281,-2.734788503982955,-4.209916602869136
0.8768089917318416,-2.754914951296195,-4.2299151804520045
0.8964062838211492,-2.7750442569526297,-4.249913735542073
0.9160006542814413,-2.7951764205261673,-4.269912268032996
0.9355921030085239,-2.8153114415907017,-4.289910777818433
0.9551806298982184,-2.8354493197201096,-4.309909264792038
0.9747662348463617,-2.8555900544882538,-4.32990772884747
0.9943489177488064,-2.8757336454689812,-4.349906169878385
1.0139286785014203,-2.8958800922361245,-4.36990458777844
1.0335055170000873,-2.9160293943635005,-4.389902982441294
1.0530794331407063,-2.936181551424911,-4.409901353760603
1.0726504268191919,-2.9563365629941423,-4.429899701630025
1.0922184979314744,-2.9764944286449664,-4.449898025943218
1.1117836463734994,-2.996655147951139,-4.46989632659384
1.1313458720412284,-3.0168187204864014,-4.489894603475548
1.1509051748306383,-3.0369851458244796,-4.509892856482001
1.1704615546377208,-3.0571544235390844,-4.529891085506856
1.1900150113584846,-3.0773265532039114,-4.549889290443772
1.2095655448889526,-3.0975015343926406,-4.569887471186408
1.2291131551251642,-3.1176793666789377,-4.589885627628422
1.2486578419631735,-3.1378600496364526,-4.609883759663473
1.268199605299051,-3.15804358283882,-4.62988186718522
1.287738445028882,-3.1782299658596602,-4.649879950087321
1.3072743610487678,-3.198419198272577,-4.669878008263437
1.3268073532548252,-3.2186112796511606,-4.689876041607226
1.3463374215431865,-3.238806209568985,-4.709874050012347
1.3658645658099993,-3.2590039875996095,-4.729872033372461
1.385388785951427,-3.2792046133165775,-4.7498699915812255
1.4049100818636486,-3.2994080862934183,-4.769867924532302
1.4244284534428586,-3.319614406103646,-4.78986583211935
1.443943900585267,-3.3398235723207583,-4.809863714236029
1.4634564231870992,-3.3600355845182395,-4.829861570776001
1.4829660211445965,-3.3802504422695576,-4.849859401632924
1.5024726943540154,-3.400468145148166,-4.86985720670046
1.5219764427116282,-3.420688692727502,-4.889854985872269
1.5414772661137226,-3.44091208458099,-4.9098527390420115
1.5609751644566021,-3.461138320282037,-4.929850466103348
1.5804701376365855,-3.4813673994040353,-4.94984816694994
1.5999621855500072,-3.5015993215203625,-4.96984584147545
1.6194513080932174,-3.5218340862043815,-4.989843489573537
1.6389375051625812,-3.5420716930294396,-5.009841111137863
1.65842077665448,-3.5623121415688686,-5.029838706062091
1.6779011224653106,-3.582555431395986,-5.049836274239882
1.697378542491485,-3.602801562084094,-5.069833815564897
1.7168530366294308,-3.6230505332064786,-5.0898313299308
1.7363246047755916,-3.6433023443364125,-5.109828817231252
1.7557932468264261,-3.663556995047152,-5.129826277359914
1.7752589626784092,-3.683814484911939,-5.14982371021045
1.7947217522280305,-3.7040748135039996,-5.169821115676522
1.8141816153717956,-3.724337980396545,-5.189818493651793
1.8336385520062257,-3.7446039851627724,-5.209815844029925
1.8530925620278575,-3.764872827375862,-5.229813166704582
1.8725436453332434,-3.785144506608981,-5.249810461569427
1.891991801818951,-3.805419022435279,-5.269807728518124
1.9114370313815638,-3.8256963744278933,-5.2898049674443355
1.9308793339176806,-3.845976562159944,-5.309802178241725
1.950318709323916,-3.8662595852045376,-5.329799360803957
1.9697551574969003,-3.8865454431347644,-5.349796515024694
1.9891886783332788,-3.9068341355236997,-5.369793640797602
2.008619271729713,-3.927125661944405,-5.389790738016344
2.028046937582879,-3.9474200219699243,-5.409787806574584
2.04747167578947,-3.9677172151732893,-5.429784846365987
2.066893486246194,-3.9880172411275154,-5.449781857284218
2.086312368849774,-4.008320099405602,-5.469778839222942
2.1057283234969484,-4.028625789580535,-5.489775792075823
2.125141350084473,-4.048934311225285,-5.509772715736527
2.1445514485091177,-4.069245663912806,-5.529769610098719
2.1639586186676683,-4.089559847216038,-5.549766475056065
2.183362860456925,-4.1098768607079075,-5.569763310502229
2.2027641737737063,-4.130196703961323,-5.589760116330879
2.2221625585148437,-4.15051937654918,-5.609756892435679
2.2415580145771856,-4.17084487804436,-5.629753638710296
2.260950541857596,-4.191173208019725,-5.649750355048396
2.280340140252953,-4.211504366048126,-5.669747041343645
2.2997268096601524,-4.231838351702398,-5.68974369748971
2.319110549976104,-4.25217516455536,-5.709740323380258
2.338491361097734,-4.272514804179818,-5.729736918908955
2.357869242921984,-4.292857270148561,-5.749733483969469
2.3772441953458108,-4.3132025620343635,-5.7697300184554665
2.396616218266187,-4.333550679409984,-5.789726522260615
2.4159853115801013,-4.353901621848169,-5.809722995278583
2.435351475184557,-4.374255388921648,-5.829719437403037
2.4547147089765735,-4.394611980203133,-5.849715848527645
2.4740750128531857,-4.414971395265326,-5.869712228546074
2.4934323867114445,-4.435333633680911,-5.889708577351994
2.512786830448416,-4.455698695022558,-5.909704894839073
2.5321383439611815,-4.47606657886292,-5.929701180900978
2.5514869271468386,-4.496437284774637,-5.94969743543138
2.5708325799025,-4.516810812330333,-5.969693658323947
2.590175302125295,-4.5371871611026195,-5.989689849472347
2.6095150937123663,-4.5575663306640894,-6.00968600877025
2.6288519545608744,-4.577948320587322,-6.029682136111325
2.6481858845679946,-4.598333130444883,-6.049678231389242
2.667516883630917,-4.618720759809319,-6.069674294497671
2.6868449516468482,-4.639111208253167,-6.089670325330281
2.706170088513011,-4.659504475348947,-6.1096663237807425
2.7254922941266417,-4.679900560669162,-6.1296622897427255
2.744811568384994,-4.700299463786301,-6.1496582231099
2.7641279111853367,-4.720701184272841,-6.1696541237759375
2.7834413224249537,-4.7411057217012385,-6.189649991634508
2.8027518020011457,-4.76151307564394,-6.209645826579282
2.8220593498112274,-4.781923245673374,-6.2296416285039315
2.8413639657525303,-4.802336231361956,-6.249637397302127
2.860665649722401,-4.822752032282085,-6.269633132867541
2.879964401618201,-4.843170648006146,-6.289628835093844
2.8992602213373093,-4.863592078106509,-6.309624503874709