
0.5370949059896302,0.7903550102332538,0.7975802545510323
0.5572056626135291,0.7702752120951603,0.7775789114347404
0.5773134994121301,0.7501924811545642,0.7575775641836311
0.5974184162785086,0.7301068178373098,0.7375762129040624
0.6175204131057557,0.710018222569257,0.7175748577023925
0.6376194897869779,0.6899266957762811,0.6975734986849799
0.6577156462152973,0.6698322378842732,0.6775721359581828
0.6778088822838516,0.6497348493191396,0.6575707696283595
0.6978991978857939,0.6296345305068028,0.6375693998018683
0.7179865929142929,0.6095312818732005,0.6175680265850677
0.7380710672625327,0.5894251038442858,0.597566650084316
0.758152620823713,0.5693159968460277,0.5775652704059716
0.7782312534910493,0.5492039613044108,0.5575638876563929
0.7983069651577721,0.529088997645435,0.5375625019419382
0.8183797557171278,0.5089711062951159,0.5175611133689662
0.8384496250623784,0.4888502876794848,0.49755972204383503
0.8585165730868012,0.46872654222458837,0.47755832807290344
0.8785805996836891,0.44859987035648896,0.45755693156252986
0.8986417047463506,0.4284702725012644,0.4375555326190727
0.9186998881681098,0.40833774908500814,0.4175541313488905
0.938755149842306,0.3882023005338292,0.39755272785834184
0.9588074896622943,0.3680639272738521,0.37755132225378524
0.9788569075214455,0.34792262973121696,0.3575499146415792
0.9989034033131456,0.32777840833207944,0.33754850512808227
1.0189469769307964,0.3076312635026107,0.31754709381965307
1.038987628267815,0.28748119566899755,0.2975456808226502
1.0590253572176342,0.2673282052574422,0.2775442662434322
1.0790601636737025,0.24717229269416258,0.2575428501883577
1.0990920475294836,0.22701345840539192,0.23754143276378525
1.1191210086784567,0.2068517028173792,0.21754001407607348
1.1391470470141167,0.18668702635638884,0.19753859423158102
1.1591701624299744,0.16651942944870082,0.17753717333666647
1.1791903548195557,0.1463489125206106,0.15753575149768848
1.199207624076402,0.12617547599842927,0.13753432882100566
1.2192219700940705,0.10599912030848331,0.11753290541297672
1.2392333927661339,0.08581984587711484,0.09753148137996022
1.2592418919861803,0.06563765313068143,0.07753005682831483
1.2792474676478134,0.045452542495556206,0.057528631864399216
1.2992501196446526,0.025264514398127783,0.03752720659457201
1.3192498478703325,0.00507356926480031,0.017525781125191875
1.3392466522185036,-0.015120292478006564,-0.0024756444373825424
1.3592405325828318,-0.03531707040385767,-0.022477069986792587
1.379231488856999,-0.05551676408630234,-0.0424784954166796
1.3992195209347016,-0.07571937309887442,-0.06247992062068494
1.4192046287096525,-0.0959248970150922,-0.08248134549244995
1.4391868120755797,-0.11613333540845852,-0.102482769925616
1.4591660709262269,-0.1363446878524607,-0.1224841938138244
1.4791424051553532,-0.15655895392057062,-0.14248561705071652
1.4991158146567334,-0.17677613318624455,-0.16248703952993374
1.519086299324158,-0.19699622522292337,-0.1824884611451174
1.5390538590514327,-0.2172192296040324,-0.2024898817899089
1.559018493732379,-0.23744514590298155,-0.2224913013579496
1.578980203260834,-0.2576739736931652,-0.24249271974288084
1.5989389875306501,-0.2779057125479622,-0.26249413683834405
1.6188948464356954,-0.2981403620407361,-0.2824955525379806
1.6388477798698535,-0.3183779217448347,-0.30249696673543186
1.6587977877270237,-0.33861839123359055,-0.3224983793243393
1.6787448699011207,-0.35886177008032066,-0.34249979019834426
1.698689026286075,-0.3791080578583265,-0.36250119925108826
1.7186302567758325,-0.3993572541408942,-0.3825026063762127
1.7385685612643542,-0.4196093585012943,-0.402504011467359
1.7585039396456175,-0.439864370512782,-0.42250541441816863
1.7784363918136148,-0.46012228974859687,-0.44250681512228307
1.7983659176623543,-0.48038311578196313,-0.46250821347334375
1.8182925170858595,-0.5006468481860896,-0.4825096093649922
1.83821618997817,-0.5209134865341696,-0.5025110026908699
1.8581369362333402,-0.5411830303993809,-0.5225123933446184
1.8780547557454406,-0.5614554793548858,-0.5425137812198791
1.897969648408557,-0.5817308329738314,-0.5625151662102938
1.9178816141167914,-0.6020090908293493,-0.5825165482095039
1.9377906527642603,-0.6222902524945553,-0.602517927111151
1.9576967642450964,-0.6425743175425501,-0.6225193028088768
1.977599948453448,-0.662861285546419,-0.6425206751963227
1.997500205283479,-0.6831511560792316,-0.6625220441671305
2.017397534629368,-0.7034439287140423,-0.6825234096149416
2.0372919363853113,-0.7237396030238898,-0.7025247714333981
2.0571834104455182,-0.7440381785817978,-0.7225261295161414
2.077071956704215,-0.7643396549607742,-0.7425274837568131
2.0969575750556433,-0.7846440317338115,-0.7625288340490551
2.1168402653940603,-0.804951308473887,-0.7825301802865092
2.136720027613739,-0.8252614847539623,-0.8025315223628171
2.156596861608967,-0.845574560146984,-0.8225328601716205
2.1764707672740484,-0.8658905342258827,-0.8425341936065613
2.196341744503303,-0.8862094065635742,-0.8625355225612814
2.2162097931910654,-0.9065311767329584,-0.8825368469294225
2.236074913231686,-0.9268558443069198,-0.9025381666046266
2.255937104519532,-0.947183408858328,-0.9225394814805356
2.2757963669489842,-0.9675138699600367,-0.9425407914507913
2.2956527004144403,-0.9878472271848845,-0.9625420964090359
2.315506104810313,-1.0081834801056944,-0.9825433962489112
2.3353565800310307,-1.0285226282952737,-1.0025446908640594
2.355204125971038,-1.0488646713264154,-1.0225459801481223
2.375048742524794,-1.0692096087718959,-1.0425472639947422
2.394890429586774,-1.0895574402044768,-1.062548542297561
2.4147291870514684,-1.109908165196904,-1.0825498149502208
2.4345650148133844,-1.1302617833219084,-1.102551081846364
2.454397912767043,-1.1506182941522052,-1.1225523428796327
2.4742278808069824,-1.1709776972604946,-1.142553597943669
2.494054918827755,-1.191339992219461,-1.1625548469321152
2.51387902672393,-1.2117051786017734,-1.1825560897386138
2.5337002043900916,-1.2320732559800858,-1.2025573262568068
2.5535184517208394,-1.2524442239270366,-1.2225585563803367
2.5733337686107887,-1.272818082015249,-1.2425597800028458
2.593146154954571,-1.2931948298173308,-1.262560997017977
2.6129556106468326,-1.313574466905874,-1.282562207319372
2.6327621355822353,-1.3339569928534558,-1.302563410800674
2.6525657296554574,-1.3543424072326375,-1.322564607355525
2.6723663927611923,-1.3747307096159656,-1.3425657968775677
2.6921641247941483,-1.3951218995759709,-1.3625669792604447
2.7119589256490504,-1.415515976685169,-1.3825681543977988
2.731750795220638,-1.43591294051606,-1.4025693221832725
2.7515397334036678,-1.4563127906411288,-1.4225704825105088
2.7713257400929106,-1.4767155266328449,-1.44257163527315
2.7911088151831525,-1.4971211480636624,-1.4625727803648392
2.810888958569197,-1.51752965450602,-1.4825739176792192
2.8306661701458613,-1.5379410455323412,-1.5025750471099328
2.8504404498079796,-1.5583553207150342,-1.522576168550623
2.870211797450401,-1.578772479626492,-1.5425772818949328
2.8899802129679903,-1.5991925218390914,-1.562578387036505
2.909745696255628,-1.6196154469251953,-1.5825794838689828
2.9295082472082097,-1.6400412544571499,-1.6025805722860094
2.9492678657206475,-1.660469944007287,-1.6225816521812277
2.969024551687868,-1.6809015151479223,-1.6425827234482813
2.9887783050048142,-1.701335967451357,-1.662583785980813
3.0085291255664446,-1.7217733004898765,-1.6825848396724663
3.028277013267733,-1.7422135138357508,-1.7025858844168842
3.048021968003669,-1.762656607061235,-1.7225869201077104
3.067763989669258,-1.7831025797385684,-1.7425879466385883
3.08750307815952,-1.8035514314399754,-1.7625889639031613
3.107239233369492,-1.8240031617376646,-1.7825899717950728
3.1269724551942257,-1.84445777020383,-1.8025909702079668
3.1467027435287886,-1.8649152564106497,-1.8225919590354864
3.166430098268264,-1.8853756199302867,-1.8425929381712753
3.1861545193077507,-1.905838860334889,-1.8625939075089777
3.205876006542363,-1.9263049771965888,-1.882594866942237
3.2255945598672304,-1.9467739700875029,-1.902595816364697
3.245310179177499,-1.9672458385797333,-1.9225967556700017
3.26502286436833,-1.9877205822453667,-1.9425976847517952
3.284732615334899,-2.0081982006564743,-1.962598603503721
3.3044394319723995,-2.0286786933851118,-1.9825995118194237
3.3241433141760393,-2.0491620600033205,-2.002600409592547
3.3438442618410416,-2.069648300083125,-2.0226012967167355
3.3635422748626453,-2.0901374131965356,-2.042602173085633
3.383237353136106,-2.1106293989155476,-2.0626030385928837
3.4029294965566934,-2.13112425681214,-2.082603893132132
3.422618705019694,-2.151621986458277,-2.102604736597023
3.442304978420409,-2.172122587425908,-2.1226055688812
3.4619883166541556,-2.192626059286966,-2.142606389878308
3.481668719616267,-2.213132401613371,-2.1626071994819913
3.501346187202091,-2.233641613977025,-2.182607997585895
3.5210207193069922,-2.2541536959498165,-2.2026087840836635
3.54069231582635,-2.274668647103618,-2.2226095588689416
3.5603609766555593,-2.2951864670102866,-2.242610321835374
3.580026701690031,-2.3157071552416646,-2.262611072876606
3.5996894908251917,-2.336230711369579,-2.282611811886282
3.6193493439564834,-2.3567571349658416,-2.302612538758047
3.639006260979364,-2.377286425602249,-2.322613253385547
3.658660241789307,-2.3978185828505816,-2.3426139556624257
3.6783112862818004,-2.418353606282606,-2.362614645482329
3.6979593943523494,-2.438891495470073,-2.3826153227389026
3.717604565896474,-2.4594322499847174,-2.4026159873257913
3.7372468008097095,-2.47997586939826,-2.422616639136641
3.756886098987608,-2.5005223532824057,-2.4426172780650965
3.776522460325736,-2.521071701208844,-2.4626179040048037
3.796155884719677,-2.5416239127492495,-2.482618516849408
3.815786372065028,-2.5621789874752814,-2.5026191164925553
3.8354139222574033,-2.582736924958584,-2.5226197028278907
3.8550385351924326,-2.6032977247707865,-2.542620275749061
3.874660210765761,-2.623861386483502,-2.562620835149711
3.8942789488730485,-2.6444279096683285,-2.5826213809234875
3.913894749409972,-2.66499729389685,-2.6026219129640364
3.9335076122722232,-2.6855695387406344,-2.6226224311650035
3.9531175373555096,-2.7061446437712338,-2.642622935420035
3.972724524555555,-2.726722608560186,-2.6626234256227774
3.9923285737680976,-2.747303432679014,-2.682623901666877
4.011929684888892,-2.7678871156992244,-2.70262436344598
4.031527857813707,-2.788473657192309,-2.722624810853733
4.05112309243833,-2.809063056729745,-2.742625243783783
4.070715388658562,-2.829655313882993,-2.7626256621297753
4.09030474637022,-2.850250428223501,-2.7826260657853576
4.109891165469135,-2.870848399322699,-2.8026264546441766
4.129474645851157,-2.8914492267520027,-2.822626828599879
4.149055187412149,-2.9120529100828136,-2.842627187546112
4.16863279004799,-2.9326594488865174,-2.8626275313765226
4.188207453654576,-2.953268842734484,-2.8826278599847575
4.207779178127818,-2.973881091198068,-2.902628173264464
4.227347963363641,-2.994496193848611,-2.9226284711092894
4.246913809257987,-3.0151141502574372,-2.9426287534128814
4.266476715706815,-3.035734959995856,-2.9626290200688867
4.286036682606095,-3.0563586226351616,-2.9826292709709534
4.30559370985182,-3.076985137746634,-3.002629506012729
4.3251477973399926,-3.0976145049015376,-3.022629725087861
4.344698944966632,-3.118246723671121,-3.0426299280899975
4.364247152627775,-3.138881793626618,-3.062630114912786
4.383792420219473,-3.159519714339247,-3.0826302854498744
4.403334747637793,-3.180160485380212,-3.102630439594911
4.422874134778817,-3.2008041063207013,-3.122630577241544
4.442410581538644,-3.2214505767318884,-3.142630698283421
4.461944087813386,-3.242099896184931,-3.162630802614191
4.481474653499174,-3.262752064250972,-3.182630890127502
4.501002278492154,-3.2834070805011395,-3.2026309607170025
4.5205269626884865,-3.3040649445065458,-3.2226310142763412
4.540048705984347,-3.3247256558382885,-3.2426310506991665
4.5595675082759275,-3.34538921406745,-3.2626310698791268
4.579083369459437,-3.3660556187650967,-3.2826310717098717
4.598596289431097,-3.386724869502282,-3.30263105608505
4.618106268087149,-3.407396965850042,-3.3226310228983102
4.637613305323845,-3.428071907379399,-3.3426309720433016
4.657117401037457,-3.448749693661359,-3.3626309034136734
4.6766185551242705,-3.469430324266914,-3.382630816903075
4.696116767480587,-3.49011379876704,-3.402630712405156
4.715612038002723,-3.510800116732699,-3.4226305898135654
4.735104366587013,-3.531489277734837,-3.4426304490219533
4.754593753129805,-3.5521812813443847,-3.462630289923969
4.774080197527462,-3.572876127132258,-3.4826301124132626
4.793563699676364,-3.593573814669358,-3.502629916383483
4.813044259472908,-3.61427434352657,-3.5226297017282815
4.832521876813503,-3.634977713274765,-3.5426294683413073
4.851996551594578,-3.6556839234847986,-3.562629216116211
4.871468283712574,-3.6763929737275114,-3.582628944946643
4.890937073063948,-3.697104863573728,-3.602628654726253
4.910402919545175,-3.717819592594259,-3.6226283453486916
4.929865823052744,-3.7385371603598996,-3.64262801670761
4.94932578348316,-3.7592575664414296,-3.6626276686966586
4.968782800732945,-3.7799808104096138,-3.6826273012094877
4.988236874698633,-3.800706891835202,-3.7026269141397488
5.007688005276777,-3.8214358102889294,-3.7226265073810922
5.027136192363944,-3.8421675653415153,-3.74262608082717
5.046581435856718,-3.8629021565636643,-3.762625634371633
5.066023735651697,-3.8836395835260658,-3.7826251679081317
5.085463091645497,-3.904379845799394,-3.8026246813303186
5.104899503734747,-3.925122942954309,-3.8226241745318443
5.124332971816092,-3.9458688745614543,-3.842623647406361
5.143763495786196,-3.9666176401914592,-3.86262309984752
5.163191075541735,-3.987369239414938,-3.8826225317489738
5.182615710979401,-4.0081236718024895,-3.902621943004374
5.202037401995902,-4.028880936924698,-3.922621333507373
5.221456148487964,-4.049641034352132,-3.942620703151623
5.240871950352326,-4.0704039636553455,-3.962620051830775
5.260284807485744,-4.091169724404877,-3.9826193794384825
5.279694719784987,-4.111938316171252,-4.002618685868398
5.299101687146844,-4.132709738524977,-4.022617971014173
5.318505709468115,-4.1534839910365475,-4.042617234769462
5.337906786645621,-4.1742610732764405,-4.062616477027917
5.357304918576195,-4.19504098481512,-4.082615697683191
5.376700105156685,-4.215823725223034,-4.102614896628936
5.3960923462839565,-4.236609294070617,-4.1226140737588075
5.415481641854891,-4.257397690928287,-4.142613228966456
5.434867991766384,-4.278188915366447,-4.162612362145538
5.454251395915348,-4.298982966955486,-4.182611473189705
5.473631854198711,-4.319779845265777,-4.2026105619926115
5.493009366513416,-4.340579549867678,-4.222609628447911
5.512383932756421,-4.3613820803315315,-4.242608672449256
5.531755552824703,-4.382187436227667,-4.262607693890303
5.551124226615251,-4.402995617126398,-4.282606692664704
5.570489954025071,-4.423806622598021,-4.302605668666114
5.589852734951185,-4.4446204522128205,-4.322604621788188
5.60921256929063,-4.465437105541064,-4.342603551924579
5.628569456940459,-4.486256582153005,-4.362602458968944
5.647923397797742,-4.507078881618882,-4.382601342814936
5.667274391759562,-4.527904003508917,-4.40260020335621
5.6866224387230195,-4.5487319473933185,-4.422599040486421
5.70596753858523,-4.56956271284228,-4.442597854099225
5.725309691243325,-4.590396299425978,-4.462596644088277
5.744648896594452,-4.611232706714579,-4.482595410347232
5.7639851545357725,-4.632071934278228,-4.502594152769745
5.783318464964466,-4.652913981687059,-4.522592871249471
5.802648827777728,-4.673758848511189,-4.542591565680068
5.821976242872766,-4.694606534320722,-4.562590235955191
5.841300710146805,-4.715457038685747,-4.582588881968494
5.860622229497087,-4.736310361176336,-4.602587503613635
5.87994080082087,-4.757166501362548,-4.622586100784271
5.899256424015425,-4.778025458814425,-4.642584673374056
5.91856909897804,-4.798887233101996,-4.662583221276649
5.9378788256060195,-4.819751823795273,-4.682581744385706
5.957185603796684,-4.840619230464256,-4.702580242594883
5.976489433447367,-4.861489452678927,-4.722578715797837
5.995790314455419,-4.882362490009255,-4.7425771638882255
6.015088246718208,-4.903238342025192,-4.762575586759705
6.034383230133116,-4.924117008296678,-4.782573984305934
6.0536752645975405,-4.944998488393635,-4.802572356420568
6.072964350008895,-4.965882781885972,-4.822570702997267
6.092250486264608,-4.986769888343582,-4.842569023929688
6.111533673262126,-5.007659807336344,-4.862567319111487
6.130813910898909,-5.028552538434122,-4.882565588436324
6.150091199072433,-5.049448081206763,-4.902563831797856
6.169365537680189,-5.070346435224102,-4.922562049089743
6.1886369266196875,-5.091247600055957,-4.942560240205642
6.2079053657884495,-5.112151575272132,-4.9625584050392115
6.227170855084015,-5.133058360442416,-4.982556543484111
6.2464333944039385,-5.153967955136582,-5.002554655433999
6.26569298364579,-5.174880358924389,-5.022552740782532
6.284949622707156,-5.195795571375581,-5.042550799423373
6.304203311485638,-5.216713592059888,-5.062548831250179
6.323454049878855,-5.237634420547024,-5.08254683615661
6.342701837784437,-5.258558056406687,-5.102544814036327
6.361946675100036,-5.2794844992085626,-5.122542764782987
6.381188561723315,-5.300413748522319,-5.142540688290251
6.400427497551955,-5.32134580391761,-5.162538584451779
6.41966348248365,-5.342280664964076,-5.182536453161231
6.438896516416114,-5.363218331231343,-5.202534294312268
6.458126599247073,-5.384158802289017,-5.222532107798549
6.477353730874271,-5.405102077706696,-5.242529893513736
6.496577911195466,-5.426048157053957,-5.262527651351489
6.515799140108433,-5.446997039900367,-5.282525381205468
6.535017417510961,-5.467948725815476,-5.302523082969335
6.554232743300856,-5.488903214368818,-5.322520756536752
6.5734451173759405,-5.5098605051299145,-5.342518401801379
6.592654539634052,-5.530820597668269,-5.362516018656877
6.611861009973041,-5.5517834915533735,-5.382513606996909
6.6310645282907785,-5.572749186354702,-5.402511166715136
6.650265094485147,-5.593717681641717,-5.42250869770522
6.669462708454048,-5.614688976983862,-5.442506199860824
6.688657370095395,-5.635663071950569,-5.462503673075608
6.707849079307121,-5.656639966111253,-5.482501117243236
6.727037835987173,-5.677619659035317,-5.50249853225737
6.746223640033513,-5.698602150292146,-5.522495918011673
6.7654064913441205,-5.719587439451111,-5.542493274399808
6.784586389816989,-5.740575526081568,-5.562490601315438
6.803763335350128,-5.761566409752859,-5.582487898652226
6.822937327841564,-5.782560090034311,-5.602485166303834
6.842108367189337,-5.803556566495235,-5.622482404163927
6.861276453291506,-5.824555838704929,-5.642479612126168
6.880441586046142,-5.845557906232673,-5.662476790084222
6.899603765351333,-5.866562768647737,-5.682473937931751
6.9187629911051856,-5.887570425519371,-5.7024710555624205
6.937919263205816,-5.9085808764168135,-5.722468142869895