
-0.7605619236341814,-0.19531833745714883,-0.5350064538265012
-0.7405936486932311,-0.17520887081820682,-0.5550056279133805
-0.7206224529518075,-0.15510231662770219,-0.5750047990489875
-0.7006483365161084,-0.13499867531160578,-0.5950039671269757
-0.6806712994923472,-0.11489794729587305,-0.6150031320409983
-0.660691341986753,-0.09480013300644391,-0.6350022936847088
-0.64070846410557,-0.07470523286924277,-0.6550014519517606
-0.6207226659550587,-0.05461324731017858,-0.6750006067358071
-0.6007339476414942,-0.03452417675514476,-0.6949997579305015
-0.5807423092711679,-0.014438021630019237,-0.7149989054294975
-0.5607477509503862,0.005645217639335565,-0.7349980491264484
-0.5407502727854714,0.025725540627072722,-0.7549971889150077
-0.520749874882761,0.04580294690736082,-0.774996324688829
-0.5007465573486083,0.06587743605438395,-0.7949954563415657
-0.480740320289382,0.08594900764234173,-0.8149945837668714
-0.46073123834837904,0.10499550930205136,-0.8349937068583997
-0.44071951924761166,0.12221413568543144,-0.8549928255098043
-0.4207054308311985,0.13758321513219754,-0.8749919396147385
-0.40068924337061423,0.15109113156331547,-0.8949910490668562
-0.38067122790044455,0.1627390357773203,-0.914990153759811
-0.3606516542760372,0.17254194789779773,-0.9349892535872565
-0.3413383888549448,0.18052791871736165,-0.9549883484428465
-0.32514288917087597,0.1867891975373312,-0.9749874382202347
-0.31117537848566756,0.1916005672606231,-0.994986522813075
-0.29881153687301326,0.1951632421850031,-1.014985602115021
-0.28760694758540517,0.19762744295612447,-1.0342149864604724
-0.27723702898050473,0.1991150346921551,-1.0523805053677977
-0.26746280997086963,0.1997244022471481,-1.069788158495989
-0.25810720785095653,0.19953160036928563,-1.086671061902176
-0.24903650313699224,0.19859624077816093,-1.103211176555992
-0.24014794484827026,0.19696563605486686,-1.1195540025524604
-0.23136134830623856,0.19467774670399227,-1.1358185831547918
-0.22261335617738098,0.1917632935538598,-1.1521044093957948
-0.21385342158333337,0.1882473322882924,-1.1684962132444578
-0.20504102125361695,0.18415038676549644,-1.1850672463377947
-0.19614361430838242,0.17948928312718557,-1.201881687054428
-0.18713518363180331,0.17427774857177084,-1.218996208354823
-0.17799514719893517,0.1685268037097268,-1.236461139356301
-0.16870746581185234,0.1622450245979598,-1.2543212549751073
-0.159259932959981,0.15543866017566763,-1.272616336686669
-0.14964351426087072,0.14811166138537102,-1.2913816016788262
-0.13985177940902688,0.1402656300957105,-1.3106480518964438
-0.12988027500811822,0.13189971739234685,-1.330442773494982
-0.1197259641765794,0.12301050366245089,-1.3504417345396345
-0.10938730971987269,0.1135943610586433,-1.3704406884032405
-0.09886353036077808,0.10364654958022332,-1.3904396349794548
-0.08815386095169801,0.09315982667231174,-1.4104385741619316
-0.07725712844231536,0.08212461504396226,-1.4304375058443257
-0.06617148803574743,0.07052922956391952,-1.4504364299202916
-0.05489419936161048,0.05836016324862298,-1.470435346283484
-0.04342153230282776,0.04560243140115539,-1.4904342548275575
-0.0317486756327686,0.03223992241238171,-1.510433155446167
-0.019869721894598125,0.018255756183717733,-1.530432048032967
-0.007777668438852371,0.0036326692517526307,-1.5504309324816126
0.004535595894375431,-0.011646681150341036,-1.5704298086857582
0.017079282203728,-0.027599404448674543,-1.5904286765390592
0.02986371493055027,-0.044242125120018946,-1.6104275359351705
0.04290032622580416,-0.061590734898445,-1.630426386767747
0.05620170089440162,-0.07966019266854554,-1.6504252289304437
0.06978147545573492,-0.09846433579866654,-1.6704240623169158
0.08365439458981078,-0.11801566667536126,-1.6904228868208182
0.09783617082524841,-0.13802890128564715,-1.7104217023358061
0.11234310127205756,-0.15804422792112818,-1.730420508755535
0.12719119423015784,-0.17806169517065798,-1.7504193059736601
0.1423962167180529,-0.198081353940196,-1.7704180938838365
0.15797348752542006,-0.21810325740252726,-1.7904168723797198
0.1739378962865152,-0.23812746093328208,-1.8104156413549652
0.19030375470690036,-0.25815402203749804,-1.8304144007032284
0.20708490242121663,-0.27818300027305226,-1.850413150318165
0.2242947460937575,-0.29821445718466444,-1.8704118900934301
0.24194635478582915,-0.3182484562477055,-1.8904106199226796
0.2600527632241133,-0.3382850628410752,-1.9104093396995694
0.27862721975592,-0.35832434426027604,-1.930408049317755
0.2976835411159623,-0.37836636977443844,-1.950406748670892
0.3172364328608532,-0.3984112107325828,-1.9704054376526365
0.3371719422500014,-0.41845893124647016,-1.9904041161566446
0.3571045329838928,-0.4385095590043425,-2.010402784076572
0.37703420495653467,-0.4585630935805263,-2.0304014413060747
0.39696095806195003,-0.4786195345493326,-2.050400087738809
0.4168847921941773,-0.49867888148505696,-2.0703987232684304
0.43680570724727036,-0.5187411339619795,-2.090397347788596
0.45672370311529875,-0.5388062915543649,-2.1103959611929612
0.47663877969234736,-0.5588743538364624,-2.130394563375183
0.4965509368725168,-0.5789453203825059,-2.150393154228917
0.516460174549923,-0.5990191907667135,-2.1703917336478202
0.5363664926186976,-0.6190959645632882,-2.1903903015255493
0.5562698909729877,-0.6391756413464175,-2.21038885775576
0.5761703695069559,-0.6592582206902733,-2.2303874022321097
0.5960679281147803,-0.6793437021690123,-2.2503859348482544
0.6159625666906545,-0.6994320853567757,-2.2703844554978514
0.6358542851287879,-0.7195233698276892,-2.2903829640745568
0.6557430833234051,-0.739617555155863,-2.310381460472028
0.6756289611687464,-0.7597146409153921,-2.330379944583922
0.6955119185590674,-0.779814626680356,-2.3503784163038954
0.7153919553886395,-0.7999175120248184,-2.3703768755256056
0.7352690715517497,-0.8200232965228282,-2.39037532214271
0.7551432669427001,-0.8401319797484186,-2.4103737560488647
0.7750145414558087,-0.8602435612756072,-2.4303721771377282
0.7948828949854091,-0.8803580406783966,-2.450370585302957
0.8147483274258501,-0.9004754175307735,-2.470368980438209
0.8346108386714962,-0.9205956914067096,-2.490367362437141
0.8544704286167275,-0.9407188618801611,-2.5103657311934113
0.8743270971559395,-0.9608449285250686,-2.530364086600677
0.8941808441835433,-0.9809738909153576,-2.550362428552596
0.9140316695939655,-1.001105748624938,-2.570360756942826
0.9338795732816484,-1.0212405012277042,-2.590359071665025
0.9537245551410497,-1.0413781482975355,-2.6103573726128504
0.9735666150666425,-1.0615186894082957,-2.63035565967996
0.9934057529529157,-1.0816621241338331,-2.650353932760013
1.0132419686943734,-1.1018084520479807,-2.6703521917466664
1.0330752621855357,-1.121957672724556,-2.690350436533579
1.052905633320938,-1.142109785737361,-2.710348667014409
1.072733081995131,-1.162264790660183,-2.730346883082814
1.0925576081026815,-1.1824226870667933,-2.7503450846324533
1.1123792115381714,-1.202583474530948,-2.770343271556985
1.1321978921961984,-1.2227471526263878,-2.7903414437500675
1.1520136499713753,-1.2429137209268382,-2.8103396011053596
1.1718264847583308,-1.2630831790060089,-2.8303377435165205
1.1916363964517094,-1.2832555264375944,-2.8503358708772084
1.2114433849461705,-1.3034307627952744,-2.8703339830810823
1.2312474501363895,-1.3236088876527126,-2.8903320800218015
1.251048591917057,-1.3437899005835574,-2.910330161593025
1.2708468101828796,-1.363973801161442,-2.9303282276884115
1.2906421048285792,-1.384160588959984,-2.95032627820162
1.3104344757488935,-1.404350263552786,-2.970324313026311
1.330223922838575,-1.4245428245134355,-2.9903223320561425
1.3500104459923925,-1.444738271415504,-3.010320335184775
1.3697940451051303,-1.4649366038325475,-3.0303183223058676
1.3895747200715876,-1.4851378213381075,-3.0503162933130796
1.4093524707865799,-1.5053419235057097,-3.0703142481000714
1.429127297144938,-1.5255489099088644,-3.090312186560502
1.4488991990415079,-1.5457587801210668,-3.110310108588032
1.4686681763711518,-1.5659715337157964,-3.1303080140763213
1.488434229028747,-1.5861871702665176,-3.1503059029190297
1.5081973569091862,-1.6064056893466796,-3.1703037750098173
1.5279575599073782,-1.626627090529716,-3.1903016302423444
1.547714837918247,-1.646851373389045,-3.2102994685102715
1.5674691908367322,-1.6670785374980701,-3.230297289707259
1.5872206185577888,-1.6873085824301788,-3.250295093726967
1.6069691209763879,-1.7075415077587435,-3.2702928804630567
1.6267146979875156,-1.7277773130571215,-3.2902906498091884
1.6464573494861736,-1.7480159978986545,-3.3102884016590237
1.6661970753673794,-1.768257561856669,-3.330286135906223
1.685933875526166,-1.788502004504476,-3.3502838524444467
1.7056677498575816,-1.8087493254153715,-3.370281551167356
1.7253986982566907,-1.8289995241626362,-3.3902792319686124
1.7451267206185725,-1.8492526003195353,-3.410276894741877
1.7648518168383227,-1.8695085534593185,-3.4302745393808114
1.7845739868110517,-1.8897673831552209,-3.450272165779077
1.804293230431886,-1.9100290889804616,-3.4702697738303354
1.824009547595967,-1.9302936705082447,-3.490267363428248
1.8437229381984523,-1.9505611273117591,-3.510264934466477
1.8634334021345154,-1.9708314589641782,-3.5302624868386836
1.8831409392993443,-1.9911046650386601,-3.5502600204385297
1.9028455495881433,-2.011380745108348,-3.5702575351596777
1.9225472328961322,-2.031659698746369,-3.59025503089579
1.942245989118546,-2.051941525525836,-3.6102525075405287
1.9619418181506356,-2.0722262250198455,-3.630249964987556
1.9816347198876676,-2.09251379680148,-3.6502474031305345
2.0013246942249237,-2.112804240443806,-3.6702448218631263
2.021011741057701,-2.1330975555198743,-3.6902422210789942
2.0406958602813137,-2.153393741602721,-3.7102396006718013
2.0603770517910895,-2.1736927982653667,-3.73023696053521
2.0800553154823724,-2.193994725080817,-3.750234300562884
2.099730651250523,-2.2142995216220624,-3.7702316206484863
2.1194030589909163,-2.234607187462078,-3.790228920685679
2.139072538598943,-2.2549177221738224,-3.810226200568126
2.15873908997001,-2.275231125330241,-3.830223460189491
2.178402712999539,-2.2955473965042628,-3.850220699443437
2.198063407582968,-2.3158665352688015,-3.870217918223628
2.21772117361575,-2.336188541196756,-3.8902151164237275
2.237376010993353,-2.356513413861009,-3.9102122939373998
2.257027919611263,-2.3768411528344298,-3.930209450658308
2.2766768993649786,-2.3971717576898706,-3.950206586480117
2.296322950150016,-2.4175052280001696,-3.9702037012964904
2.3159660718619057,-2.4378415633381487,-3.9902007950010923
2.3356062643961946,-2.4581807632766153,-4.010197867487587
2.355243527648445,-2.4785228273883613,-4.030194918649641
2.3748778615142347,-2.498867755246164,-4.050191948380916
2.394509265889157,-2.5192155464227843,-4.070188956575079
2.414137740668821,-2.539566200490969,-4.0901859431257925
2.433763285748851,-2.559919717023449,-4.110182907926724
2.4533859010248875,-2.58027609559294,-4.130179850871537
2.4730055863925857,-2.6006353357721426,-4.150176771853896
2.492622341747617,-2.6209974371337426,-4.170173670767469
2.5122361669856685,-2.64136239925041,-4.19017054750592
2.5318470620024423,-2.6617302216948,-4.210167401962913
2.551455026693657,-2.6821009040395523,-4.230164234032116
2.571060060955045,-2.702474445857291,-4.250161043607193
2.5906621646823567,-2.7228508467206263,-4.270157830581811
2.610261337771356,-2.7432301062021516,-4.290154594849635
2.629857580117824,-2.7636122238744463,-4.310151336304331
2.649450891617556,-2.7839971993100745,-4.330148054839568
2.6690412721663646,-2.804385032081584,-4.35014475034901
2.6886287216600757,-2.8247757217615086,-4.3701414227263236
2.7082132399945325,-2.845169267922367,-4.3901380718651755
2.7277948270655927,-2.865565670136661,-4.410134697659233
2.747373482769131,-2.8859649279768793,-4.430131300002163
2.7669492070010366,-2.9063670410154945,-4.450127878787632
2.7865219996572144,-2.926772008824964,-4.470124433909307
2.806091860633585,-2.94717983097773,-4.490120965260855
2.8256587898260848,-2.967590507046219,-4.510117472735945
2.8452227871306652,-2.988004036602844,-4.530113956228242
2.864783852443294,-3.0084204192200006,-4.5501104156314165
2.884341985659954,-3.0288396544700715,-4.570106850839133
2.903897186676644,-3.0492617419254224,-4.590103261745063
2.923449455389378,-3.0696866811584047,-4.610099648242872
2.9429987916941855,-3.0901144717413547,-4.630096010226229
2.9625451954871123,-3.1105451132465927,-4.650092347588802
2.982088666664219,-3.130978605246425,-4.670088660224259
3.0016292051215823,-3.1514149473131416,-4.69008494802627
3.0211668107552945,-3.1718541390190187,-4.710081210888501
3.0407014834614627,-3.1922961799363163,-4.730077448704623
3.060233223136211,-3.2127410696372793,-4.750073661368305
3.079762029675678,-3.233188807694138,-4.770069848773215
3.0992879029760183,-3.2536393936791073,-4.790066010813023
3.1188108429334016,-3.2740928271643868,-4.810062147381398
3.1383308494440145,-3.2945491077221605,-4.830058258372009
3.157847922404058,-3.3150082349245986,-4.850054343678527
3.1773620617097484,-3.3354702083438545,-4.87005040319462
3.196873267257319,-3.3559350275520683,-4.890046436813959
3.2163815389430175,-3.3764026921213635,-4.910042444430214
3.2358868766631077,-3.396873201623849,-4.930038425937054
3.2553892803138686,-3.4173465556316187,-4.950034381228151
3.2748887497915953,-3.437822753716751,-4.970030310197174
3.294385284992599,-3.45830179545131,-4.990026212737794
3.313878885813205,-3.478783680407343,-5.010022088743683
3.333369552149755,-3.499268408156884,-5.03001793810851
3.352857283898607,-3.5197559782719514,-5.050013760725947
3.3723420809561335,-3.5402463903245476,-5.070009556489665
3.391823943218723,-3.5607396438866608,-5.090005325293335
3.41130287058278,-3.5812357385302636,-5.110001067030629
3.4307788629447242,-3.601734673827314,-5.129996781595218
3.4502519202009907,-3.6222364493497543,-5.149992468880773
3.4697220422480304,-3.6427410646695124,-5.169988128780968
3.48918922898231,-3.6632485193585,-5.189983761189474
3.5086534803003118,-3.683758812988615,-5.209979365999962
3.5281147960985337,-3.70427194513174,-5.229974943106105
3.547573176273489,-3.7247879153597405,-5.249970492401576
3.567028620721706,-3.74530672324447,-5.269966013780047
3.5864811293397305,-3.7658283683577647,-5.289961507135191
3.6059307020241222,-3.786352850271447,-5.3099569723606805
3.625377338671457,-3.8068801685573233,-5.32995240935019
3.6448210391783267,-3.8274103227871854,-5.349947817997391
3.664261803441338,-3.8479433125328097,-5.369943198195958
3.6836996313571135,-3.8684791373659575,-5.389938549839563
3.7031345228222916,-3.8890177968583757,-5.409933872821881
3.7225664777335266,-3.9095592905817953,-5.429929167036586
3.7419954959874873,-3.9301036181079327,-5.449924432377351
3.7614215774808595,-3.9506507790084897,-5.469919668737851
3.7808447221103436,-3.9712007728551515,-5.489914876011759
3.800264929772656,-3.9917535992195896,-5.5099100540927495
3.819682200364529,-4.0123092576734605,-5.529905202874499
3.83909653378271,-4.032867747788404,-5.54990032225068
3.8585079299239626,-4.0534290691360475,-5.5698954121149695
3.877916388685065,-4.073993221288,-5.5898904723610405
3.897321909962812,-4.09456020381586,-5.609885502882569
3.916724493654014,-4.115130016291205,-5.629880503573229
3.936124139655496,-4.135702658285603,-5.6498754743266995
3.9555208478641,-4.156278129370604,-5.6698704150366535
3.9749146181766832,-4.176856429117744,-5.689865325596767
3.9943054504901174,-4.197437557098542,-5.709860205900716
4.0136933447012915,-4.218021512884506,-5.729855055842178
4.033078300707109,-4.238608296047124,-5.749849875314828
4.0524603184044885,-4.259197906157873,-5.769844664212343
4.071839397690367,-4.279790342788212,-5.7898394224283996
4.091215538461693,-4.300385605509589,-5.809834149856674
4.110588740615435,-4.320983693893432,-5.829828846390844
4.1299590040485725,-4.341584607511156,-5.849823511924585
4.149326328658105,-4.362188345934164,-5.8698181463515775
4.168690714341045,-4.382794908733839,-5.889812749565497
4.188052160994421,-4.403404295481553,-5.90980732146002
4.207410668515279,-4.42401650574866,-5.929801861928826
4.226766236800678,-4.4446315391065,-5.9497963708655925
4.246118865747695,-4.465249395126398,-5.969790848163998
4.265468555253419,-4.485870073379666,-5.989785293717721
4.284815305214957,-4.506493573437598,-6.009779707420438
4.304159115529434,-4.527119894871475,-6.029774089165829
4.323499986093988,-4.547749037252561,-6.049768438847574
4.342837916805771,-4.568381000152106,-6.069762756359349
4.362172907561954,-4.589015783141348,-6.089757041594836
4.381504958259721,-4.609653385791505,-6.109751294447713
4.400834068796274,-4.630293807673782,-6.12974551481166
4.420160239068829,-4.65093704835937,-6.149739702580355
4.439483468974617,-4.671583107419443,-6.169733857647481
4.4588037584108875,-4.692231984425163,-6.189727979906715
4.4781211072749025,-4.712883678947675,-6.20972206925174
4.497435515463941,-4.733538190558108,-6.229716125576233
4.516746982875298,-4.754195518827578,-6.249710148773877
4.5360555094062835,-4.774855663327187,-6.269704138738351
4.555361094954224,-4.795518623628016,-6.289698095363338
4.57466373941646,-4.8161843993011395,-6.309692018542518
4.593963442690349,-4.836852989917612,-6.329685908169571
4.6132602046732645,-4.857524395048473,-6.34967976413818
4.6325540252625945,-4.878198614264749,-6.369673586342027
4.651844904355743,-4.898875647137449,-6.389667374674793
4.67113284185013,-4.91955549323757,-6.40966112903016
4.69041783764319,-4.940238152136091,-6.4296548493018095
4.709699891632376,-4.96092362340398,-6.4496485353834245
4.728979003715152,-4.981611906612186,-6.469642187168688
4.748255173789001,-5.002303001331646,-6.489635804551281
4.767528401751422,-5.02299690713328,-6.509629387424888
4.786798687499927,-5.043693623587993,-6.529622935683192
4.8060660309320475,-5.064393150266677,-6.549616449219875
4.825330431945327,-5.085095486740208,-6.569609927928621
4.844591890437326,-5.105800632579446,-6.589603371703114
4.8638504063056205,-5.126508587355238,-6.6095967804370375
4.8831059794478024,-5.147219350638414,-6.629590154024076
4.90235860976148,-5.167932921999792,-6.6495834923579125
4.921608297144275,-5.188649301010171,-6.669576795332232
4.940855041493828,-5.209368487240339,-6.689570062840719
4.960098842707792,-5.230090480261067,-6.709563294777059
4.979339700683837,-5.250815279643112,-6.729556491034936
4.998577615319649,-5.2715428849572135,-6.749549651508035
5.017812586512929,-5.292273295774101,-6.769542776090042
5.0370446141613945,-5.313006511664485,-6.789535864674642
5.056273698162779,-5.333742532199061,-6.809528917155521
5.07549983841483,-5.354481356948512,-6.8295219334263635
5.094723034815311,-5.375222985483505,-6.849514913380857
5.113943287262002,-5.395967417374692,-6.869507856912688
5.133160595652698,-5.41671465219271,-6.889500763915542
5.15237495988521,-5.437464689508182,-6.909493634283107
5.171586379857366,-5.458217528891715,-6.929486467909069
5.190794855467006,-5.478973169913901,-6.949479264687114