
-0.6551720574962049,-1.5487684051985817,-1.9047498918221608
-0.6353967309657172,-1.5636963248148497,-1.9247500118253689
-0.6156235998962316,-1.5787365624942733,-1.9447501215936154
-0.5958526740409291,-1.5938025567127923,-1.9647502210205487
-0.5760839511758641,-1.6088166217926754,-1.9847503099998174
-0.5563174189516271,-1.6237175887427697,-2.00475038842507
-0.5365530576646506,-1.6384657758103205,-2.0247504561899548
-0.5167908435277656,-1.6530448643591888,-2.0447505131881205
-0.49703075202928865,-1.6674612370202264,-2.0647505593132154
-0.47727276106080624,-1.6817414676203468,-2.0847505944588884
-0.4575168535977958,-1.69592869912692,-2.1047506185187888
-0.43776301980894705,-1.7100784312674142,-2.124750631386564
-0.41801125854529514,-1.7242542280401316,-2.1447506329558643
-0.3982615782133383,-1.7385235625538753,-2.164750623120338
-0.3785139970695543,-1.7529540376152115,-2.1847506017736342
-0.3587685430184462,-1.767610356857413,-2.2047505688094016
-0.3390252530143296,-1.7825519195724662,-2.2247505241212893
-0.31928417218459887,-1.7978314064108,-2.244750467602947
-0.29954535279165195,-1.8134939811547675,-2.264750399148024
-0.2798088531343826,-1.829577260200105,-2.2847503186501688
-0.26007473647651574,-1.8461117111909968,-2.3047502260030313
-0.2403430700597863,-1.863121417866224,-2.324750121100261
-0.22061392423561954,-1.8806249402728852,-2.344750003835507
-0.20088737173409038,-1.8986363371048627,-2.364749874102419
-0.1811634870690486,-1.9171660106579662,-2.384749731794647
-0.16144234607092578,-1.9362216128203091,-2.4047495768058402
-0.14172402553734875,-1.955808754605834,-2.4247494090296486
-0.12200859261831012,-1.9757895228478104,-2.4447492283597216
-0.1022960759128112,-1.9957731662373115,-2.4647490346897096
-0.08258647552567436,-2.0157596843490198,-2.4847488279132626
-0.06287979156170641,-2.035749076757603,-2.5047486079240304
-0.04317602412569873,-2.055741343037713,-2.524748374615663
-0.023475173322427163,-2.075736482763987,-2.5447481278818107
-0.003777239256652031,-2.0957344955110466,-2.5647478676161235
0.015917777966881843,-2.1157353808534975,-2.5847475937122524
0.035609878243445144,-2.135739138365931,-2.604747306063847
0.05529906146832407,-2.155745767622923,-2.624747004564558
0.07498532753682034,-2.1757552681990338,-2.644746689108036
0.09466867634425119,-2.195767639668808,-2.6647463595879315
0.11434910778594934,-2.215782881606777,-2.684746015897895
0.13402662175726304,-2.235800993587454,-2.704745657931578
0.15370121815355606,-2.255821975185339,-2.724745285582631
0.17337289687020768,-2.275845825974916,-2.7447448987447047
0.19304165780261268,-2.295872545530654,-2.76474449731145
0.21270750084618137,-2.315902133427007,-2.7847440811765183
0.2323704258963396,-2.3359345892384127,-2.80474365023356
0.25203043284852866,-2.3559699125392948,-2.8247432043762277
0.2716875215982055,-2.3760081029040605,-2.8447427434981716
0.29134169204084237,-2.3960491599071028,-2.864742267493043
0.31099294407192724,-2.416093083122799,-2.8847417762544936
0.33064127758696354,-2.4361398721255116,-2.904741269676175
0.35028669248147015,-2.456189526489587,-2.9247407476517395
0.36992918865098157,-2.4762420457893572,-2.944740210074838
0.3895687659910477,-2.4962974295991383,-2.9647396568391224
0.4092054243972342,-2.516355677493232,-2.9847390878382445
0.4288391637651219,-2.536416789045924,-3.004738502965856
0.4484699839903074,-2.556480763831485,-3.0247379021156098
0.4680978849684028,-2.5765476014241706,-3.0447372851811574
0.48772286659503566,-2.5966173013982212,-3.064736652056151
0.5073449287658491,-2.6166898633278617,-3.0847360026342434
0.5269640713765017,-2.636765286787302,-3.104735336809086
0.5465802943226676,-2.6568435713507363,-3.124734654474332
0.5661935975000365,-2.676924716592345,-3.1447339555236344
0.5858039808043137,-2.6970087220862915,-3.164733239850645
0.60541144413122,-2.717095587406725,-3.1847325073490174
0.6250159873764913,-2.73718531212778,-3.2047317579124033
0.6446176104358797,-2.7572778958235737,-3.2247309914344564
0.6642163132051525,-2.7773733380682106,-3.2447302078088294
0.6838120955800925,-2.7974716384357783,-3.2647294069291752
0.703404957456498,-2.8175727965003503,-3.284728588689147
0.7229948987301831,-2.837676811835984,-3.3047277529823984
0.7425819192969769,-2.8577836840167223,-3.3247268997025827
0.7621660190527246,-2.8778934126165923,-3.3447260287433536
0.7817471978932867,-2.8980059972096064,-3.364725139998364
0.8013254557145393,-2.918121437369762,-3.3847242333612684
0.8209007924123738,-2.9382397326710405,-3.40472330872572
0.8404732078826974,-2.9583608826874084,-3.4247223659853723
0.8600427020214327,-2.9784848869928173,-3.44472140503388
0.8796092747245179,-2.9986117451612038,-3.464720425764897
0.8991729258879065,-3.0187414567664885,-3.484719428072077
0.9187336554075681,-3.0388740213825782,-3.5047184118490744
0.9382914631794872,-3.059009438583363,-3.524717376989544
0.9578463490996642,-3.0791477079427185,-3.54471632338714
0.9773983130641147,-3.0992888290345055,-3.5647152509355164
0.9969473549688705,-3.119432801432569,-3.5847141595283283
1.0164934747099783,-3.1395796247107395,-3.6047130490592303
1.0360366721835006,-3.1597292984428313,-3.6247119194218773
1.0555769472855154,-3.179881822202645,-3.644710770509924
1.0751142999121164,-3.200037195563965,-3.6647096022170262
1.0946487299594123,-3.2201954181005608,-3.6847084144368383
1.1141802373235279,-3.2403564893861865,-3.7047072070630156
1.1337088219006033,-3.2605204089945814,-3.7247059799892135
1.1532344835867945,-3.2806871764994696,-3.7447047331090877
1.1727572222782725,-3.30085679147456,-3.7647034663162935
1.192277037871224,-3.321029253493547,-3.7847021795044866
1.2117939302618514,-3.341204562130108,-3.804700872567323
1.2313078993463729,-3.3613827169579076,-3.8246995453984582
1.2508189450210214,-3.381563717550593,-3.8446981978915487
1.2703270671820461,-3.4017475634817984,-3.8646968299402498
1.2898322657257117,-3.4219342543251416,-3.884695441438218
1.3093345405482981,-3.4421237896542256,-3.90469403227911
1.3288338915461009,-3.462316169042638,-3.9246926023565822
1.3483303186154312,-3.482511392063952,-3.9446911515642906
1.3678238216526157,-3.5027094582917253,-3.9646896797958924
1.3873144005539968,-3.5229103672994997,-3.984688186945044
1.4068020552159322,-3.543114118660803,-4.004686672905403
1.4262867855347952,-3.5633207119491477,-4.024685137570625
1.4457685914069747,-3.5835301467380303,-4.044683580834368
1.4652474727288753,-3.6037424226009334,-4.064682002590289
1.484723429396917,-3.623957539111323,-4.084680402732046
1.5041964613075351,-3.644175495842652,-4.104678781153295
1.523666568357181,-3.664396292368356,-4.124677137747694
1.5431337504423213,-3.6846199282618577,-4.1446754724089026
1.562598007459438,-3.704846403096563,-4.164673785030576
1.5820593393050293,-3.725075716445864,-4.1846720755063735
1.601517745875608,-3.745307867883136,-4.204670343729953
1.6209732270677035,-3.7655428569817406,-4.224668589594972
1.6404257827778599,-3.7857806833150245,-4.2446668129950895
1.6598754129026374,-3.8060213464563186,-4.264665013823963
1.6793221173386113,-3.826264845978938,-4.284663191975252
1.6987658959823726,-3.8465111814561848,-4.304661347342614
1.7182067487305284,-3.866760352461344,-4.324659479819708
1.7376446754797006,-3.887012358567686,-4.344657589300194
1.757079676126527,-3.9072671993484676,-4.36465567567773
1.776511750567661,-3.927524874376928,-4.384653738845976
1.7959408986997718,-3.9477853832262944,-4.4046517786985895
1.8153671204195434,-3.968048725469776,-4.4246497951292305
1.834790415623676,-3.9883149006805683,-4.44464778803156
1.8542107842088855,-4.008583908431852,-4.464645757299236
1.8736282260719024,-4.028855748296793,-4.484643702825918
1.8930427411094737,-4.049130419848539,-4.5046416245052665
1.9124543292183618,-4.069407922660227,-4.524639522230943
1.9318629902953444,-4.089688256304978,-4.544637395896604
1.951268724237215,-4.109971420355895,-4.564635245395913
1.9706715309407827,-4.130257414386069,-4.584633070622529
1.9900714103028718,-4.150546237968575,-4.604630871470113
2.0094683622203227,-4.170837890676472,-4.624628647832325
2.028862386589991,-4.191132372082805,-4.644626399602826
2.0482534833087476,-4.211429681760605,-4.664624126675277
2.0676416522734793,-4.2317298192828865,-4.68462182894334
2.087026893381089,-4.2520327842226475,-4.7046195063006735
2.106409206528494,-4.272338576152874,-4.724617158640942
2.125788591612628,-4.292647194646536,-4.744614785857804
2.1451650485304397,-4.312958639276587,-4.764612387844922
2.1645385771788948,-4.3332729096159674,-4.784609964495958
2.183909177454973,-4.353590005237602,-4.804607515704575
2.2032768492556696,-4.3739099257144,-4.824605041364434
2.2226415924779968,-4.394232670619255,-4.844602541369196
2.242003407018981,-4.414558239525048,-4.864600015612524
2.261362292775665,-4.434886632004643,-4.88459746398808
2.280718249645107,-4.455217847630889,-4.9045948863895275
2.3000712775243803,-4.47555188597662,-4.924592282710528
2.3194213763105744,-4.495888746614657,-4.944589652844746
2.338768545900794,-4.516228429117803,-4.964586996685843
2.358112786192159,-4.536570933058848,-4.984584314127481
2.377454097081806,-4.556916258010566,-5.004581605063326
2.396792478466886,-4.577264403545717,-5.024578869387039
2.416127930244567,-4.5976153692370465,-5.0445761069922845
2.4354604523120313,-4.617969154657281,-5.064573317772726
2.4547900445664768,-4.638325759379138,-5.084570501622027
2.4741167069051175,-4.658685182975316,-5.104567658433852
2.493440439225183,-4.679047425018498,-5.124564788101864
2.5127612414239184,-4.699412485081354,-5.144561890519729
2.5320791133985843,-4.7197803627365404,-5.16455896558111
2.5513940550464564,-4.7401510575566945,-5.184556013179671
2.570706066264827,-4.760524569114442,-5.204553033209078
2.590015146951003,-4.780900896982391,-5.224550025562994
2.6093212970023076,-4.801280040733138,-5.244546990135086
2.6286245163160795,-4.821661999939262,-5.264543926819018
2.6479248047896724,-4.842046774173327,-5.284540835508454
2.6672221623204564,-4.862434363007883,-5.3045377160970615
2.6865165888058167,-4.882824766015464,-5.324534568478504
2.7058080841431535,-4.903217982768591,-5.344531392546449
2.725096648229884,-4.923614012839767,-5.364528188194561
2.74438228096344,-4.944012855801484,-5.3845249553165075
2.7636649822412687,-4.964414511226215,-5.404521693805953
2.7829447519608337,-4.984818978686421,-5.424518403556565
2.802221590019614,-5.005226257754546,-5.444515084462009
2.8214954963151033,-5.0256363480030215,-5.464511736415952
2.8407664707448124,-5.046049249004261,-5.484508359312061
2.860034513206266,-5.0664649603306655,-5.504504953044003
2.8792996235970065,-5.08688348155462,-5.524501517505444
2.8985618018145898,-5.107304812248493,-5.544498052590051
2.917821047756588,-5.1277289519846425,-5.564494558191494
2.9370773613205894,-5.148155900335407,-5.584491034203437
2.956330742404197,-5.1685856568731126,-5.60448748051955
2.975581190905031,-5.18901822117007,-5.6244838970335
2.994828706720725,-5.209453592798574,-5.644480283638955
3.01407328974893,-5.229891771330905,-5.664476640229584
3.0333149398873114,-5.25033275633933,-5.684472966699054
3.0525536570335507,-5.270776547396099,-5.704469262941034
3.0717894410853455,-5.291223144073448,-5.724465528849192
3.0910222919404085,-5.311672545943598,-5.744461764317198
3.1102522094964677,-5.332124752578753,-5.764457969238721
3.129479193651267,-5.352579763551107,-5.784454143507429
3.1487032443025655,-5.373037578432835,-5.804450287016992
3.1679243613481387,-5.393498196796099,-5.8244463996610785
3.1871425446857775,-5.413961618213043,-5.844442481333359
3.2063577942132877,-5.4344278422558006,-5.864438531927504
3.2255701098284915,-5.454896868496487,-5.884434551337181
3.244779491429226,-5.475368696507205,-5.9044305394560626
3.2639859389133448,-5.495843325860041,-5.9244264961778175
3.283189452178716,-5.516320756127066,-5.944422421396117
3.3023900311232244,-5.536800986880339,-5.964418315004632
3.3215876756447695,-5.5572840176919,-5.984414176897032
3.3407823856412673,-5.5777698481337765,-6.004410006966989
3.3599741610106486,-5.598258477777982,-6.024405805108173
3.37916300165086,-5.618749906196513,-6.044401571214256
3.398348907459864,-5.639244132961352,-6.064397305178909
3.4175318783356388,-5.659741157644466,-6.084393006895804
3.4367119141761773,-5.680240979817809,-6.104388676258613
3.4558890148794887,-5.700743599053317,-6.124384313161007
3.475063180343598,-5.721249014922916,-6.14437991749666
3.4942344104665453,-5.741757226998511,-6.164375489159243
3.513402705146387,-5.762268234851998,-6.184371028042428
3.5325680642811945,-5.782782038055253,-6.20436653403989
3.5517304877690545,-5.803298636180141,-6.224362007045299
3.57088997550807,-5.823818028798511,-6.244357446952329
3.59004652739636,-5.8443402154821955,-6.264352853654654
3.6092001433320577,-5.864865195803015,-6.284348227045946
3.6283508232133133,-5.885392969332772,-6.304343567019879
3.6474985669382916,-5.9059235356432565,-6.324338873470127
3.6666433744051736,-5.926456894306242,-6.344334146290365
3.685785245512156,-5.94699304489349,-6.364329385374264
3.704924180157451,-5.967531986976744,-6.3843245906155
3.7240601782392857,-5.988073720127733,-6.4043197619077485
3.743193239655904,-6.008618243918174,-6.424314899144683
3.7623233643055642,-6.029165557919766,-6.444310002219978
3.7814505520865414,-6.0497156617041945,-6.464305071027308
3.8005748028971253,-6.07026855484313,-6.48430010546035
3.819696116635622,-6.090824236908229,-6.504295105412779
3.8388144932003527,-6.1113827074711295,-6.524290070778268
3.8579299324896543,-6.13194396610346,-6.544285001450496
3.8770424344018797,-6.152508012376831,-6.564279897323137