
-0.842683712598276,-1.5519036295798982,-0.2472746013163756
-0.8229095276421455,-1.531782171889979,-0.26727543103228035
-0.8031325075285253,-1.5128440544991548,-0.2872762593269336
-0.7833528413242846,-1.4953196664488932,-0.30727708609397997
-0.7635707369994594,-1.479237845313973,-0.3272779112270639
-0.7437864064300048,-1.464623317348572,-0.34727873461983
-0.7240000647513181,-1.4514960547092548,-0.3672795561659228
-0.704211929623094,-1.439870702296284,-0.38728037575898683
-0.6844222204046783,-1.4297559235327317,-0.4072811932926667
-0.6646311572430039,-1.4211538558162615,-0.42728200866060695
-0.644838960077772,-1.4140595201946833,-0.44728282175645223
-0.6250458475680473,-1.4084603340384863,-0.4672836324738471
-0.6052520359571004,-1.4043357515058887,-0.4872844407064362
-0.5854577378811975,-1.4016568544169967,-0.5072852463478641
-0.5656631611370804,-1.4003861948981562,-0.5272860492917755
-0.5458685074278898,-1.4004776570999744,-0.5472868494318149
-0.526073971111035,-1.4018766221839574,-0.5672876466616273
-0.5062797379905012,-1.4045204127359012,-0.5872884408748573
-0.4864859842159769,-1.40833931319874,-0.6072892319651494
-0.46669287539735627,-1.4132585029718623,-0.6272900198261485
-0.44690056606668105,-1.4192008878717357,-0.6472908043514992
-0.4271091996302242,-1.4260909901710719,-0.6672915854348463
-0.4073189089242106,-1.4338593364559447,-0.6872923629698346
-0.3875298173789731,-1.442446413468319,-0.707293136850109
-0.3677420406324983,-1.451804874909677,-0.7272939069693142
-0.3479556882448104,-1.461898717467418,-0.7472946732210949
-0.32817086501957327,-1.4726987184377116,-0.7672954354990961
-0.30838767142719253,-1.4841746766319082,-0.7872961936969627
-0.28860620278413296,-1.4962861150063032,-0.8072969477083396
-0.2688265471638336,-1.508974183968081,-0.8272976974268716
-0.24904878240794,-1.5221574203868968,-0.8472984427462038
-0.2292729729238295,-1.535733057945115,-0.867299183559981
-0.20949916708368693,-1.5495839660742965,-0.8872999197618483
-0.18972739592870197,-1.5635896086292211,-0.9073006512454507
-0.1699576735756893,-1.5776384311661045,-0.927301377904433
-0.1501899993367719,-1.5916389655286698,-0.9466558384178034
-0.1304243612528821,-1.6055281134651778,-0.9649394301744748
-0.11066074049502529,-1.6192747629627628,-0.9823507176064662
-0.0908991158696505,-1.6328775995655471,-0.9990753791030831
-0.07113946781517151,-1.6463603170222678,-1.015283180047653
-0.051381781614316446,-1.65976565300662,-1.0311257793656963
-0.03162604971750395,-1.6731491625767583,-1.0467359856581544
-0.011872273191432553,-1.6865734484445198,-1.0622285621018053
0.007879537612607066,-1.7001032304778956,-1.0777022806631287
0.027629363024099532,-1.713801586315512,-1.09324237685547
0.047377174487255785,-1.727727284891909,-1.1089230474116187
0.06712293530568415,-1.7419331918928398,-1.1248094148525045
0.0868666015535484,-1.7564655812012913,-1.1409588740749845
0.10660812303937017,-1.7713641015178998,-1.1574218877159164
0.1263474442376329,-1.7866622512899148,-1.1742423514091538
0.14608450513644672,-1.802388054865575,-1.1914577921495704
0.1658192419703975,-1.818564960854715,-1.2090996028967418
0.18555158782759143,-1.8352126689638952,-1.2271933191403301
0.20528147313590317,-1.8523479596926362,-1.2457590747562715
0.22500882603746744,-1.8699853971910299,-1.2648122524125511
0.24473357266323675,-1.8881379968314487,-1.2843641644925843
0.26445563732533894,-1.9068176848792884,-1.3043647620643217
0.2841749426624233,-1.92603548350553,-1.3243653527000294
0.3038914098716579,-1.9458001374954956,-1.3443659362933533
0.32360497889148143,-1.9658458955454032,-1.3643665127379392
0.3433156293281912,-1.9858945284708258,-1.384367081927433
0.36302336107697475,-2.005946035846101,-1.4043676437554806
0.38272817403303516,-2.02600041724555,-1.424368198115728
0.40243006809159104,-2.0460576722434793,-1.444368744901821
0.4221290431478765,-2.066117800414181,-1.4643692840074056
0.44182509909714124,-2.08618080133193,-1.4843698153261282
0.46151823583465035,-2.106246674570987,-1.5043703387516345
0.48120845325568457,-2.1263154197055987,-1.524370854177571
0.5008957512555401,-2.146387036309994,-1.5443713614975836
0.5205801297295286,-2.166461523958388,-1.5643718606053185
0.5402615885729775,-2.1865388822249807,-1.5843723513944223
0.5599401276812294,-2.206619110683956,-1.6043728337585412
0.5796157469496427,-2.226702208909484,-1.6243733075913214
0.5992884462735913,-2.246788176475717,-1.6443737727864092
0.6189582255484645,-2.266877012956795,-1.6643742292374513
0.6386250846696672,-2.28696871792684,-1.684374676838094
0.6582890235326198,-2.3070632909599613,-1.7043751154819844
0.6779500420327582,-2.327160731630251,-1.7243755450627685
0.6976081400655341,-2.347261039511787,-1.7443759654740931
0.7172633175264143,-2.3673642141786315,-1.764376376609605
0.7369155743108814,-2.3874702552048315,-1.7843767783629507
0.7565649103144334,-2.4075791621644185,-1.8043771706277771
0.776211325432584,-2.4276909346314097,-1.8243775532977313
0.7958548195608622,-2.447805572179806,-1.84437792626646
0.8154953925948129,-2.467923074383594,-1.86437828942761
0.8351330444299961,-2.488043440816744,-1.8843786426748284
0.8547677749619877,-2.508166671053212,-1.9043789859017624
0.8743995840863789,-2.528292764666938,-1.924379319002059
0.8940284716987763,-2.5484217212318483,-1.9443796418693653
0.9136544376948025,-2.568553540321852,-1.9643799543973284
0.9332774819700953,-2.5886882215108433,-1.9843802564795958
0.9528976044203081,-2.608825764372703,-2.0043805480098147
0.9725148049411099,-2.6289661684812944,-2.0243808288816325
0.9921290834281851,-2.6491094334104672,-2.044381098988697
1.0117404397772336,-2.669255558734055,-2.064381358224655
1.0313488738839711,-2.689404544025877,-2.0843816064831544
1.0509543856441288,-2.709556388859736,-2.1043818436578428
1.0705569749534531,-2.7297110928094206,-2.1243820696423676
1.0901566417077064,-2.7498686554487035,-2.1443822843303773
1.1097533858026665,-2.770029076351343,-2.164382487615519
1.1293472071341262,-2.790192355091082,-2.1843826793914403
1.1489381055978949,-2.8103584912416477,-2.2043828595517896
1.1685260810897964,-2.8305274843767516,-2.224383027990215
1.1881111335056709,-2.8506993340700917,-2.2443831846003643
1.207693262741374,-2.8708740398953494,-2.2643833292758853
1.227272468692776,-2.8910516014261916,-2.284383461910427
1.2468487512557642,-2.9112320182362703,-2.304383582397637
1.2664221103262403,-2.9314152898992214,-2.3243836906311635
1.285992545800122,-2.951601415988666,-2.344383786504655
1.3055600575733426,-2.9717903960782097,-2.3643838699117596
1.3251246455418504,-2.991982229741444,-2.3843839407461265
1.34468630960161,-3.012176916551944,-2.4043839989014035
1.364245049648601,-3.0323744560832706,-2.42438404427124
1.3838008655788188,-3.0525748479089687,-2.444384076749284
1.4033537572882744,-3.0727780916025687,-2.464384096229185
1.4229037246729939,-3.0929841867375854,-2.484384102604591
1.4424507676290195,-3.113193132887518,-2.504384095769151
1.461994886052409,-3.1334049296258524,-2.524384075616515
1.4815360798392354,-3.153619576526057,-2.5443840420403308
1.5010743488855873,-3.173837073161587,-2.5643839949342477
1.5206096930875688,-3.1940574191058806,-2.5843839341919157
1.5401421123412997,-3.2142806139323623,-2.6043838597069833
1.5596716065429155,-3.234506657214441,-2.6243837713730995
1.579198175588567,-3.2547355485255105,-2.6443836690839144
1.5987218193744204,-3.274967287438949,-2.6643835527330775
1.6182425377966578,-3.2952018735281197,-2.684383422214238
1.637760330751477,-3.315439306366372,-2.7043832774210457
1.6572751981350906,-3.335679585527038,-2.7243831182471503
1.6767871398437275,-3.3559227105834357,-2.7443829445862016
1.696296155773632,-3.3761686811088687,-2.764382756331849
1.7158022458210638,-3.3964174966766243,-2.784382553377743
1.735305409882298,-3.4166691568599754,-2.8043823356175337
1.7548056478536258,-3.4369236612321794,-2.824382102944871
1.7743029596313535,-3.4571810093664785,-2.8443818552534044
1.7937973451118032,-3.4774412008361,-2.864381592436785
1.8132888041913122,-3.4977042352142558,-2.884381314388662
1.8327773367662339,-3.5179701120741433,-2.9043810210026875
1.8522629427329367,-3.538238830988944,-2.924380712172511
1.871745621987805,-3.5585103915318252,-2.944380387791783
1.8912253744272387,-3.578784793275938,-2.964380047754154
1.910702199947653,-3.5990620357944194,-2.9843796919532757
1.930176098445479,-3.619342118660391,-3.0043793202827977
1.949647069817163,-3.6396250414469584,-3.024378932636372
1.9691151139591674,-3.6599108037272132,-3.044378528907649
1.9885802307679694,-3.680199405074232,-3.0643781089902795
2.0080424201400624,-3.7004908450610756,-3.084377672777915
2.0275016819719553,-3.72078512326079,-3.104377220164207
2.0469580161601724,-3.7410822392464054,-3.124376751042806
2.066411422601253,-3.761382192590938,-3.1443762653073644
2.085861901191753,-3.781684982867389,-3.1643757628515337
2.1053094518282442,-3.801990609648744,-3.1843752435689647
2.124754074407312,-3.8222990725079726,-3.2043747073533098
2.144195768825559,-3.842610371018031,-3.22437415409822
2.1636345349796033,-3.862924504751859,-3.2443735836973477
2.183070372766078,-3.8832414732823826,-3.264372996044345
2.202503282081632,-3.9035612761825114,-3.2843723910328637
2.2219332628229296,-3.923883913025141,-3.3043717685565563
2.2413603148866508,-3.944209383383151,-3.3243711285090747
2.2607844381694915,-3.9645376868294067,-3.344370470784071
2.2802056325681628,-3.9848688229367584,-3.364369795275198
2.2996238979793913,-4.00520279127804,-3.3843691018761084
2.319039234299919,-4.025539591426073,-3.4043683904804545
2.338451641426505,-4.04587922295366,-3.424367660981889
2.357861119255922,-4.066221685433592,-3.444366913274065
2.3772676676849587,-4.086566978438643,-3.464366147250635
2.3966712866104203,-4.106915101541574,-3.484365362805252
2.416071975929127,-4.127266054315127,-3.504364559831569
2.435469735537914,-4.1476198363320345,-3.5243637382232396
2.4548645653336334,-4.1679764471650085,-3.544362897873917
2.4742564652131516,-4.188335886386749,-3.5643620386772548
2.4936454350733515,-4.208698153569942,-3.584361160526906
2.5130314748111306,-4.229063248287255,-3.6043602633165244
2.532414584323403,-4.249431170111342,-3.6243593469397637
2.551794763507099,-4.269801918614845,-3.644358411290278
2.571172012259162,-4.290175493370385,-3.6643574562617203
2.590546330476553,-4.3105518939505725,-3.684356481747746
2.609917718056248,-4.330931119928002,-3.704355487642008
2.6292861748952383,-4.351313170875253,-3.724354473838161
2.648651700890532,-4.371698046364888,-3.7443534402298595
2.668014295939151,-4.392085745969458,-3.7643523867107573
2.687373959938134,-4.4124762692614965,-3.7843513131745095
2.7067306927845345,-4.432869615813521,-3.8043502195147707
2.7260844943754226,-4.453265785198038,-3.824349105625195
2.745435364607883,-4.473664776987535,-3.8443479713994386
2.7647833033790166,-4.494066590754486,-3.8643468167311554
2.7841283105859396,-4.514471226071351,-3.8843456415140007
2.803470386125784,-4.534878682510574,-3.90434444564163
2.822809529895698,-4.555288959644583,-3.9243432290076976
2.8421457417928435,-4.575702057045794,-3.9443419915058597
2.8614790217143997,-4.596117974286603,-3.9643407330297715
2.8808093695575607,-4.616536710939396,-3.984339453473089
2.9001367852195363,-4.636958266576543,-4.004338152729468
2.919461268597552,-4.657382640770396,-4.0243368306925635
2.9387828195888486,-4.677809833093296,-4.044335487256032
2.9581014380906834,-4.698239843117564,-4.0643341223135305
2.977417124000328,-4.718672670415512,-4.084332735758713
2.996729877215071,-4.7391083145594335,-4.104331327485237
3.0160396976322144,-4.759546775121607,-4.12432989738676
3.035346585149078,-4.779988051674297,-4.144328445356937
3.054650539662997,-4.800432143789753,-4.164326971289425
3.0739515610713206,-4.820879051040209,-4.184325475077881
3.093249649271415,-4.841328772997884,-4.204323956615962
3.1125448041606614,-4.861781309234983,-4.224322415797325
3.131837025636457,-4.882236659323695,-4.244320852515627
3.151126313596214,-4.902694822836194,-4.264319266664525
3.1704126679373608,-4.92315579934464,-4.284317658137676
3.189696088557341,-4.943619588421177,-4.304316026828738
3.208976575353615,-4.964086189637934,-4.3243143726313695
3.2282541282236568,-4.984555602567026,-4.344312695439227
3.247528747064957,-5.005027826780553,-4.364310995145969
3.266800431775022,-5.025502861850598,-4.384309271645253
3.2860691822513735,-5.0459807073492335,-4.404307524830737
3.3053349983915488,-5.0664613628485125,-4.424305754596079
3.324597880093101,-5.086944827920474,-4.444303960834938
3.3438578272535984,-5.107431102137144,-4.464302143440972
3.363114839770626,-5.127920185070533,-4.484300302307839
3.3823689175417826,-5.148412076292635,-4.5042984373292
3.4016200604646842,-5.16890677537543,-4.524296548398712
3.420868268436962,-5.1894042818908845,-4.544294635410034
3.4401135413562622,-5.209904595410947,-4.564292698256826
3.4593558791202472,-5.230407715507553,-4.584290736832746
3.478595281626595,-5.250913641752624,-4.604288751031454
3.4978317487729984,-5.271422373718064,-4.62428674074661
3.517065280457167,-5.291933910975764,-4.644284705871874
3.5362958765768253,-5.3124482530976005,-4.6642826463009035
3.555523537029714,-5.332965399655433,-4.68428056192736
3.574748261713588,-5.353485350221108,-4.704278452644904
3.5939700505262198,-5.374008104366456,-4.724276318347195
3.613188903365396,-5.394533661663292,-4.744274158927893
3.6324048201289196,-5.415062021683419,-4.764271974280659
3.6516178007146087,-5.435593183998622,-4.784269764299153
3.6708278450202974,-5.456127148180672,-4.804267528877036
3.6900349529438348,-5.476663913801326,-4.824265267907968
3.7092391243830867,-5.497203480432324,-4.8442629812856115
3.728440359235934,-5.517745847645394,-4.864260668903626
3.7476386574002722,-5.5382910150122475,-4.8842583306556735
3.766834018774014,-5.5588389821045805,-4.904255966435415
3.786026443255087,-5.5793897484940755,-4.924253576136513
3.805215930741434,-5.5999433137524,-4.944251159652628
3.824402481131014,-5.620499677451205,-4.964248716877423
3.843586094321802,-5.6410588391621275,-4.984246247704558
3.862766770211788,-5.661620798456791,-5.004243752027697
3.881944508698977,-5.682185554906802,-5.024241229740501
3.901119309681391,-5.702753108083754,-5.044238680736632
3.9202911730570675,-5.723323457559224,-5.064236104909754
3.9394600987240582,-5.743896602904774,-5.084233502153529
3.9586260865804315,-5.764472543691955,-5.10423087236162
3.977789136524271,-5.785051279492297,-5.124228215427689
3.9969492484536766,-5.805632809877319,-5.144225531245399
4.0161064222667635,-5.826217134418525,-5.164222819708415
4.035260657861661,-5.846804252687403,-5.184220080710398
4.054411955136517,-5.867394164255428,-5.204217314145013
4.073560313989494,-5.887986868694058,-5.224214519905923
4.092705734318768,-5.908582365574736,-5.244211697886792