
-0.08397321261002853,-1.9458988625008244,-0.2598480476983067
-0.06425967179991487,-1.9606132099380693,-0.27984839310191234
-0.04454828452581058,-1.9754170316526327,-0.29984873701740905
-0.024839055672042438,-1.9902026718046815,-0.31984907933844403
-0.005131976275788257,-2.004887894743629,-0.33984941995866436
0.014572972453104946,-2.019420169868573,-0.3590628630204615
0.03427581469128686,-2.033778160315014,-0.37742908089181304
0.05397657571865516,-2.047968073243715,-0.3950691424294162
0.07367527830759157,-2.0620180875215572,-0.4120959244314588
0.09337193995416017,-2.075972379905045,-0.42861430809392814
0.11306657096267295,-2.089885396317766,-0.44472187709965233
0.13275917331338385,-2.103816841244395,-0.4605098684310739
0.15244974018507318,-2.1178277075832574,-0.47606426432685595
0.17213825598682897,-2.131977263987876,-0.4914665914605016
0.19182469674874203,-2.1463211456097384,-0.5067943806109403
0.21150903073451402,-2.1609102201783523,-0.5221212191142031
0.23119121917388885,-2.175790078738083,-0.5375164208917178
0.2508712170311772,-2.1910010499522965,-0.5530445601032008
0.2705489737529876,-2.2065784709460083,-0.5687648779608885
0.29022443396692943,-2.222553088802016,-0.5847308192435058
0.3098975381132065,-2.238951579359072,-0.6009897414253149
0.32956822300562416,-2.2557969963919184,-0.6175826943770973
0.3492364223239569,-2.2731092637067416,-0.6345446168228439
0.3689020670410845,-2.2909055775913076,-0.6519045842948915
0.38856508579087706,-2.3092008168945526,-0.6696862916929721
0.4082254051808625,-2.3280078901637147,-0.6879085701755656
0.42788295005899557,-2.3473380179316576,-0.7065860165848479
0.44753764373425,-2.3672010836687782,-0.72572965338924
0.4671894328079304,-2.3872677870280126,-0.745347565737792
0.486838302534979,-2.4073373562525267,-0.7653478345809536
0.5064842528109119,-2.427409790916546,-0.7853480993543369
0.5261272835312606,-2.447485090594281,-0.8053483599515896
0.5457673945915723,-2.467563254859927,-0.8253486162663591
0.5654045858874097,-2.487644283287664,-0.8453488681922932
0.585038857314351,-2.507728175451657,-0.8653491156230392
0.6046702087679898,-2.5278149309260556,-0.8853493584522449
0.6242986401439354,-2.5479045492849948,-0.905349596573558
0.6439241513378127,-2.567997030102593,-0.9253498298806259
0.6635467422452618,-2.5880923729529544,-0.9453500582670964
0.6831664127619386,-2.6081905774101672,-0.9653502816266173
0.7027831627835144,-2.6282916430483056,-0.9853504998528363
0.7223969922056761,-2.6483955694414276,-1.0053507128394013
0.742007900924126,-2.668502356163576,-1.0253509204799598
0.7616158888345822,-2.688612002788779,-1.0453511226681598
0.7812209558327782,-2.708724508891049,-1.0653513192976491
0.8008231018144628,-2.728839874044384,-1.0853515102620757
0.8204223266754007,-2.748958097822766,-1.1053516954550873
0.8400186303113719,-2.769079179800162,-1.125351874770332
0.8596120126181721,-2.7892031195505234,-1.1453520481014576
0.8792024734916124,-2.809329916647788,-1.1653522153421123
0.8987900128275194,-2.829459570665876,-1.1853523763859442
0.9183746305217353,-2.849592081178694,-1.2053525311266011
0.937956326470118,-2.8697274477601336,-1.2253526794577314
0.9575351005685406,-2.8898656699840704,-1.245352821272983
0.9771109527128921,-2.9100067474243647,-1.2653529564660042
0.9966838827990766,-2.9301506796548624,-1.285353084930443
1.0162538907230143,-2.950297466249394,-1.305353206559948
1.0358209763806405,-2.9704471067817746,-1.3253533212481672
1.0553851396679061,-2.990599600825804,-1.345353428888749
1.0749463804807777,-3.0107549479552667,-1.3653535293753416
1.0945046987152371,-3.0309131477439326,-1.3853536226015937
1.1140600942672825,-3.051074199765557,-1.4053537084611536
1.1336125670329265,-3.071238103593878,-1.4253537868476698
1.1531621169081978,-3.0914048588026204,-1.4453538576547909
1.1727087437891408,-3.111574464965493,-1.4653539207761652
1.1922524475718153,-3.1317469216561897,-1.4853539761054413
1.2117932281522963,-3.151922228448389,-1.5053540235362681
1.231331085426675,-3.1721003849157543,-1.525354062962294
1.2508660192910577,-3.1922813906319343,-1.5453540942771677
1.2703980296415662,-3.212465245170562,-1.5653541173745384
1.2899271163743382,-3.2326519481052554,-1.5853541321480544
1.3094532793855265,-3.2528414990096177,-1.605354138491365
1.3289765185712996,-3.2730338974572364,-1.6253541362981188
1.3484968338278422,-3.2932291430216845,-1.6453541254619648
1.3680142250513536,-3.313427235276519,-1.6653541058765517
1.387528692138049,-3.333628173795282,-1.6853540774355291
1.407040234984159,-3.3538319581515017,-1.7053540400325458
1.4265488534859303,-3.3740385879186894,-1.7253539935612505
1.4460545475396245,-3.3942480626703424,-1.745353937915293
1.4655573170415193,-3.414460381979942,-1.7653538729883222
1.4850571618879074,-3.434675545420955,-1.7853537986739876
1.5045540819750975,-3.4548935525668334,-1.8053537148659382
1.5240480771994136,-3.4751144029910135,-1.8253536214578236
1.5435391474571953,-3.4953380962669165,-1.8453535183432934
1.563027292644798,-3.5155646319679486,-1.8653534054159968
1.582512512658592,-3.535794009667501,-1.8853532825695836
1.601994807394964,-3.55602622893895,-1.905353149697703
1.6214741767503156,-3.5762612893556556,-1.9253530066940048
1.6409506206210647,-3.5964991904909644,-1.9453528534521387
1.6604241389036436,-3.6167399319182065,-1.9653526898657545
1.6798947314945012,-3.636983513210698,-1.9853525158285017
1.6993623982901016,-3.6572299339417387,-2.0053523312340302
1.7188271391869243,-3.677479193684614,-2.0253521359759903
1.7382889540814648,-3.697731292012595,-2.045351929948032
1.7577478428702333,-3.717986228498936,-2.065351713043805
1.7772038054497565,-3.7382440027168773,-2.0853514851569597
1.7966568417165762,-3.758504614239644,-2.105351246181146
1.8161069515672499,-3.778768062640446,-2.1253509960100136
1.8355541348983504,-3.799034347492478,-2.145350734537214
1.8549983916064665,-3.8193034683689198,-2.165350461656396
1.874439721588202,-3.839575424842936,-2.185350177261211
1.8938781247401768,-3.8598502164876765,-2.205349881245309
1.9133136009590261,-3.8801278428762753,-2.2253495735023407
1.932746150141401,-3.900408303581852,-2.2453492539259567
1.9521757721839674,-3.9206915981775112,-2.265348922409808
1.9716024669834076,-3.940977726236342,-2.2853485788475445
1.991026234436419,-3.961266687331418,-2.305348223132817
2.0104470744397145,-3.9815584810357993,-2.325347855159277
2.029864986890023,-4.001853106922529,-2.345347474820575
2.0492799716840886,-4.022150564564637,-2.3653470820103624
2.068692028718671,-4.0424508535351364,-2.3853466766222895
2.088101157890546,-4.062753973407028,-2.405346258550008
2.107507359096504,-4.083059923753294,-2.425345827687168
2.1269106322333515,-4.103368704146903,-2.445345383927422
2.1463109771979108,-4.123680314160809,-2.4653449271644203
2.165708393887019,-4.143994753367951,-2.4853444572918146
2.18510288219753,-4.164312021341252,-2.5053439742032566
2.204494442026312,-4.184632117653622,-2.525343477792398
2.2238830732702497,-4.2049550418779535,-2.5453429679528896
2.2432687758262433,-4.225280793587125,-2.5653424445783837
2.2626515495912076,-4.245609372354001,-2.5853419075625315
2.282031394462074,-4.265940777751429,-2.6053413567989847
2.301408310335789,-4.286275009352243,-2.6253407921813956
2.3207822971093153,-4.306612066729262,-2.645340213603416
2.3401533546796296,-4.326951949455287,-2.665339620958698
2.3595214829437263,-4.347294657103109,-2.6853390141408937
2.378886681798614,-4.367640189245499,-2.705338393043655
2.3982489511413174,-4.387988545455218,-2.725337757560635
2.417608290868876,-4.408339725305007,-2.7453371075854847
2.4369647008783466,-4.428693728367596,-2.765336443011857
2.4563181810667993,-4.449050554215696,-2.7853357637334044
2.4756687313313215,-4.469410202422007,-2.8053350696437795
2.4950163515690154,-4.489772672559212,-2.8253343606366346
2.514361041676999,-4.51013796419998,-2.8453336366056226
2.5337028015524057,-4.530506076916963,-2.8653328974443966
2.5530416310923854,-4.5508770102828,-2.8853321430466092
2.572377530194102,-4.571250763870114,-2.9053313733059136
2.591710498754736,-4.591627337251513,-2.9253305881159624
2.6110405366714837,-4.612006729999591,-2.9453297873704085
2.630367643841556,-4.632388941686925,-2.9653289709629056
2.6496918201621806,-4.652773971886079,-2.9853281387871067
2.6690130655305997,-4.673161820169602,-3.0053272907366657
2.688331379844072,-4.693552486110026,-3.0253264267052353
2.707646762999871,-4.71394596927987,-3.0453255465864695
2.726959214895286,-4.734342269251638,-3.0653246502740217
2.746268735427622,-4.754741385597817,-3.085323737661546
2.7655753244941996,-4.775143317890881,-3.105322808642695
2.7848789819923554,-4.795548065703288,-3.1253218631111235
2.804179707819441,-4.815955628607483,-3.145320900960485
2.8234775018728233,-4.8363660061758935,-3.165319922084435
2.842772364049886,-4.8567791979809325,-3.1853189263766257
2.8620642942480266,-4.877195203594999,-3.2053179137307124
2.88135329236466,-4.897614022590476,-3.225316884040349
2.900639358297216,-4.918035654539733,-3.24531583719919
2.9199224919431397,-4.938460099015123,-3.26531477310089
2.939202693199892,-4.958887355588985,-3.2853136916391033
2.958479961964949,-4.979317423833642,-3.3053125927074847
2.9777542981358036,-4.999750303321404,-3.3253114761996896
2.997025701609963,-5.020185993624565,-3.345310342009372
3.01629417228495,-5.040624494315403,-3.365309190030187
3.0355597100583043,-5.061065804966182,-3.38530802015579
3.05482231482758,-5.081509925149151,-3.405306832279836
3.0740819864903477,-5.101956854436544,-3.4253056262959807
3.0933387249441924,-5.122406592400581,-3.4453044020978782
3.112592530086715,-5.142859138613466,-3.465303159579185
3.1318434018155337,-5.1633144926473875,-3.4853018986335567
3.15109134002828,-5.18377265407452,-3.5053006191546485
3.1703363446226014,-5.204233622467024,-3.5252993210361163
3.189578415496163,-5.224697397397043,-3.545298004171616
3.208817552546643,-5.245163978436707,-3.5652966684548026
3.228053755671737,-5.265633365158129,-3.585295313779333
3.2472870247691543,-5.28610555713341,-3.6052939400388637
3.266517359736622,-5.306580553934635,-3.6252925471270503
3.2857447604718817,-5.327058355133875,-3.645291134937549
3.3049692268726902,-5.347538960303183,-3.6652897033640164
3.3241907588368207,-5.368022369014599,-3.6852882523001096
3.3434093562620615,-5.38850858084015,-3.7052867816394848
3.3626250190462166,-5.4089975953518445,-3.7252852912757985
3.381837747087106,-5.429489412121679,-3.745283781102708
3.401047540282565,-5.449984030721634,-3.7652822510138697
3.420254398530444,-5.470481450723674,-3.7852807009029417
3.43945832172861,-5.490981671699751,-3.80527913066358
3.4586593097749447,-5.5114846932217985,-3.8252775401894423
3.477857362567346,-5.5319905148617385,-3.845275929374186
3.4970524800037275,-5.552499136191478,-3.8652742981114687
3.516244661982018,-5.573010556782907,-3.8852726462949483
3.5354339084001616,-5.593524776207902,-3.9052709738182823
3.554620219156119,-5.614041794038325,-3.925269280575128
3.573803594147866,-5.634561609846022,-3.945267566459144
3.5929840332733933,-5.655084223202824,-3.9652658313639875
3.6121615364307083,-5.675609633680549,-3.9852640751833177
3.6313361035178335,-5.696137840850997,-4.005262297810792
3.6505077344328076,-5.716668844285956,-4.025260499140069
3.669676429073684,-5.737202643557198,-4.0452586790648075
3.6888421873385324,-5.757739238236479,-4.065256837478666
3.7080050091254373,-5.778278627895544,-4.085254974275303
3.7271648943324998,-5.7988208121061176,-4.105253089348378
3.746321842857836,-5.819365790439914,-4.125251182591549
3.7654758545995777,-5.839913562468631,-4.145249253898477