
0.01999963313740561,-0.020001458439862924,-0.01999898447088036
0.03999634930613516,-0.04000583347584108,-0.039997968835415044
0.05999014839985505,-0.06001312468250691,-0.05999695298725838
0.07998103031224717,-0.08002333163441736,-0.0799959368200647
0.09996899493700895,-0.10003645390611383,-0.09999492022748833
0.1199540421678533,-0.12005249107212229,-0.11999390310318361
0.13993617189850865,-0.14007144270695315,-0.1399928853408049
0.159915384022719,-0.16009330838510136,-0.15999186683400649
0.17989167843424375,-0.1801180876810463,-0.17999084747644273
0.19986505502685792,-0.200145780169252,-0.199989827161768
0.219835513694352,-0.22017638542416684,-0.21998880578363664
0.239803054330532,-0.24020990302022383,-0.239987783235703
0.2597676768292195,-0.2602463325318404,-0.25998675941162147
0.2797293810842515,-0.28028567353341854,-0.27998573420504635
0.2996881669894806,-0.3003279255993448,-0.29998470750963213
0.3196440344387748,-0.3203730883039902,-0.3199836792190331
0.3395969833260178,-0.3404211612217103,-0.33998264922690363
0.3595470135451087,-0.3604721439268452,-0.35998161742689827
0.3794941249899621,-0.3805260359937194,-0.3799805837126713
0.39943831755450826,-0.40058283699664216,-0.3999795479778772
0.41937959113269274,-0.4206425465099071,-0.41997851011617043
0.43931794561847687,-0.4407051641077924,-0.43997747002120535
0.4592533809058373,-0.46077068936456084,-0.4599764275866365
0.4791858968887663,-0.48083912185445965,-0.4799753827061183
0.49911549346127165,-0.5009104611517207,-0.49997433527330526
0.5190421705173767,-0.5209847068305603,-0.5199732851818518
0.5389659279511201,-0.5410618584651793,-0.5399722323254126
0.5588867656565564,-0.5611419156297632,-0.5599711765976421
0.5788046835277555,-0.5812248778984821,-0.5799701178921948
0.5987196814588027,-0.6013107448454904,-0.5999690561027252
0.6186317593437989,-0.6213995160449272,-0.619967991122888
0.6385409170768606,-0.6414911910709162,-0.6399669228463378
0.6584471545521198,-0.6615857694975658,-0.6599658511667292
0.678350471663724,-0.6816832508989685,-0.6799647759777167
0.6982508683058362,-0.7017836348492019,-0.699963697172955
0.718148344372635,-0.7218869209223278,-0.7199626146460989
0.7380428997583145,-0.7419931086923925,-0.7399615282908029
0.7579345343570844,-0.7621021977334274,-0.7599604380007218
0.7778232480631698,-0.7822141876194478,-0.7799593436695103
0.7977090407708115,-0.8023290779244541,-0.799958245190823
0.8175919123742657,-0.822446868222431,-0.819957142458315
0.8374718627678039,-0.8425675580873477,-0.8399560353656408
0.8573488918457137,-0.8626911470931584,-0.8599549238064553
0.8772229995022979,-0.8828176348138015,-0.8799538076744134
0.8970941856318747,-0.9029470208232001,-0.89995268686317
0.9169624501287782,-0.9230793046952619,-0.9199515612663799
0.9368277928873576,-0.9432144860038791,-0.9399504307776979
0.9566902138019782,-0.9633525643229288,-0.9599492952907791
0.9765497127670203,-0.9834935392262724,-0.9799481546992784
0.9964062896768799,-1.0036374102877557,-0.9999470088968508
1.0162599444259686,-1.0237841770812095,-1.0199458577771514
1.0361106769087138,-1.0439338391804494,-1.0399447012338352
1.0559584870195577,-1.064086396159275,-1.0599435391605572
1.075803374652959,-1.0842418475914706,-1.0799423714509726
1.095645339703391,-1.1044001930508054,-1.0999411979987366
1.1154843820653433,-1.1245614321110333,-1.1199400186975041
1.1353205016333208,-1.1447255643458927,-1.1399388334409306
1.1551536983018436,-1.164892589329106,-1.159937642122671
1.1749839719654476,-1.1850625066343812,-1.1799364446363807
1.1948113225186845,-1.20523531583541,-1.1999352408757153
1.214635749856121,-1.2254110165058698,-1.21993403073433
1.23445725387234,-1.2455896082194218,-1.23993281410588
1.2542758344619394,-1.2657710905497117,-1.2599315908840205
1.2740914915195327,-1.2859554630703705,-1.2799303609624073
1.2939042249397492,-1.3061427253550133,-1.2999291242346958
1.3137140346172336,-1.3263328769772402,-1.3199278805945414
1.3335209204466463,-1.3465259175106357,-1.3399266299355996
1.3533248823226631,-1.366721846528769,-1.359925372151526
1.3731259201399753,-1.3869206636051938,-1.3799241071359765
1.3929240337932898,-1.407122368313449,-1.3999228347826063
1.4127192231773291,-1.4273269602270573,-1.4199215549850714
1.4325114881868313,-1.4475344389195268,-1.4399202676370275
1.4523008287165498,-1.4677448039643497,-1.4599189726321304
1.4720872446612536,-1.487958054935003,-1.4799176698640357
1.4918707359157277,-1.508174191404949,-1.4999163592263993
1.5116513023747722,-1.5283932129476334,-1.5199150406128772
1.531428943933203,-1.5486151191364876,-1.5399137139171255
1.551203660485851,-1.5688399095449272,-1.5599123790328
1.5709754519275634,-1.5890675837463526,-1.5799110358535569
1.5907443181532028,-1.609298141314149,-1.5999096842730518
1.610510259057647,-1.6295315818216856,-1.6199083241849412
1.6302732745357895,-1.6497679048423173,-1.6399069554828813
1.6500333644825396,-1.670007109949383,-1.6599055780605283
1.6697905287928219,-1.6902491967162063,-1.679904191811538
1.6895447673615764,-1.7104941647160958,-1.6999027966295672
1.709296080083759,-1.7307420135223446,-1.7199013924082722
1.7290444668543412,-1.7509927427082304,-1.739899979041309
1.7487899275683096,-1.7712463518470154,-1.7598985564223344
1.768532462120667,-1.7915028405119469,-1.7798971244450048
1.7882720704064312,-1.8117622082762566,-1.7998956830029769
1.8080087523206356,-1.8320244547131612,-1.819894231989907
1.8277425077583296,-1.852289579395862,-1.8398927712994517
1.8474733366145777,-1.8725575818975448,-1.859891300825268
1.8672012387844603,-1.8928284617913802,-1.8798898204610128
1.8869262141630732,-1.913102218650523,-1.8998883301003424
1.906648262645528,-1.9333788520481139,-1.9198868296369138
1.9263673841269513,-1.9536583615572771,-1.939885318964384
1.9460835785024857,-1.9739407467511223,-1.95988379797641
1.9657968456672894,-1.9942260072027436,-1.979882266566649
1.9855071855165358,-2.0145141424852193,-1.9998807246287575
2.0052145979454146,-2.0348051521716135,-2.0198791720563936
2.02491908284913,-2.0550990358349748,-2.0398776087432133
2.044620640122903,-2.0753957930483353,-2.0598760345828744
2.0643192696619685,-2.095695423384713,-2.079874449469034
2.084014971361579,-2.1159979264171107,-2.0998728532953503
2.1037077451170014,-2.136303301718515,-2.1198712459554794
2.123397590823518,-2.156611548861898,-2.1398696273430797
2.1430845083764267,-2.1769226674202162,-2.1598679973518085
2.162768497671042,-2.1972366569664112,-2.179866355875323
2.1824495586026926,-2.2175535170734086,-2.1998647028072815
2.202127691066724,-2.2378732473141194,-2.2198630380413413
2.2218028949584956,-2.258195847261439,-2.2398613614711604
2.2414751701733846,-2.278521316488248,-2.259859672990397
2.261144516606782,-2.298849654567411,-2.279857972492708
2.2808109341540956,-2.319180861071778,-2.299856259871752
2.300474422710747,-2.3395149355741838,-2.3198545350211868
2.320134982172176,-2.359851877647447,-2.339852797834671
2.3397926124338357,-2.380191686864372,-2.359851048205862
2.3594473133911955,-2.400534362797747,-2.3798492860284184
2.379099084939741,-2.420879905020346,-2.3998475111959987
2.3987479269749725,-2.4412283131049275,-2.4198457236022612
2.4183938393924063,-2.461579586624234,-2.439843923140864
2.4380368220875743,-2.4819337251509936,-2.459842109705466
2.457676874956024,-2.5022907282579188,-2.4798402831897257
2.477313997893318,-2.522650595517707,-2.4998384434873016
2.4969481907950346,-2.5430133265030403,-2.5198365904918525
2.5165794535567683,-2.563378920786586,-2.5398347240970374
2.536207786074129,-2.5837473779409947,-2.5598328441965146
2.555833188242742,-2.6041186975389037,-2.5798309506839434
2.575455659958248,-2.6244928791529336,-2.5998290434529827
2.5950752011163027,-2.644869922355691,-2.6198271223972913
2.6146918116125795,-2.665249826719766,-2.639825187410529
2.634305491342765,-2.685632591817735,-2.6598232383863545
2.6539162402025633,-2.706018217222157,-2.6798212752184276
2.6735240580876924,-2.7264067025055785,-2.699819297800407
2.6931289448938873,-2.7467980472405285,-2.7198173060259525
2.712730900516897,-2.7671922509995217,-2.7398152997887233
2.732329924852488,-2.7875893133550584,-2.7598132789823793
2.751926017796441,-2.8079892338796224,-2.77981124350058
2.7715191792445526,-2.8283920121456827,-2.7998091932369857
2.7911094090926354,-2.8487976477256933,-2.8198071280852557
2.8106967072365174,-2.8692061401920927,-2.83980504793905
2.830281073572042,-2.889617489117305,-2.859802952692029
2.849862507995068,-2.9100316940737385,-2.8798008422378523
2.8694410104014705,-2.930448754633786,-2.8997987164701797
2.8890165806871395,-2.9508686703698253,-2.919796575282672
2.908589218747981,-2.9712914408542197,-2.9397944185689893
2.9281589244799164,-2.9917170656593166,-2.9597922462227917
2.9477256977788824,-3.0121455443574483,-2.9797900581377403
2.967289538540832,-3.0325768765209324,-2.9997878542074954
2.9868504466617334,-3.0530110617220707,-3.0197856343257174
3.0064084220375706,-3.0734480995331497,-3.0397833983860676
3.025963464564343,-3.0938879895264413,-3.059781146282207
3.045515574138065,-3.114330731274203,-3.0797788779077955
3.0650647506547677,-3.134776324348675,-3.099776593156495
3.0846109940104975,-3.155224768322084,-3.1197742919219658
3.104154304101316,-3.1756760627666414,-3.1397719740978696
3.1236946808233004,-3.1961302072545426,-3.1597696395778674
3.1432321240725436,-3.216587201357969,-3.1797672882556207
3.1627666337451545,-3.2370470446490858,-3.1997649200247906
3.182298209737257,-3.2575097367000434,-3.219762534779039
3.2018268519449915,-3.2779752770829775,-3.239760132412027
3.221352560264513,-3.2984436653700078,-3.259757712817417
3.2408753345919923,-3.31891490113324,-3.2797552758888706
3.2603951748236164,-3.339388983944763,-3.2997528215200496
3.279912080855587,-3.359865913376652,-3.3197503496046155
3.2994260525841224,-3.380345689000967,-3.339747860036231
3.3189370899054556,-3.400828310389752,-3.359745352708558
3.338445192715836,-3.4213137771150364,-3.3797428275152592
3.357950360911528,-3.441802088748835,-3.3997402843499964
3.377452594388812,-3.462293244863146,-3.419737723106432
3.3969518930439833,-3.4827872450299537,-3.439735143678229
3.416448256773354,-3.503284088821227,-3.45973254595905
3.435941685473251,-3.5237837758089197,-3.479729929842558
3.455432179040017,-3.5442863055649703,-3.4997272952224145
3.47491973737001,-3.5647916776613022,-3.519724641992284
3.494404360359604,-3.5852998916698238,-3.5397219700458287
3.5138860479051877,-3.6058109471624284,-3.559719279276712
3.5333647999031674,-3.6263248437109943,-3.579716569578597
3.5528406162499633,-3.6468415808873846,-3.599713840845147
3.5723134968420114,-3.6673611582634473,-3.619711092970025
3.5917834415757643,-3.6878835754110146,-3.639708325846896
3.6112504503476885,-3.7084088319019046,-3.6597055393694222
3.630714523054268,-3.72893692730792,-3.679702733431268
3.6501756595920014,-3.7494678612008476,-3.6996999079260973
3.669633859857403,-3.770001633152461,-3.719697062747574
3.689089123747003,-3.790538242734517,-3.7396941977893614
3.7085414511573465,-3.811077689518758,-3.7596913129451246
3.7279908419849948,-3.831619973076911,-3.7796884081085276
3.747437296126525,-3.852165092980688,-3.7996854831732345
3.76688081347853,-3.8727130488017862,-3.81968253803291
3.7863213939376164,-3.8932638401118873,-3.8396795725812187
3.805759037400409,-3.9138174664826586,-3.8596765867118257
3.8251937437635473,-3.9343739274857517,-3.879673580318395
3.844625512923685,-3.9549332226928025,-3.899670553294592
3.8640543447774935,-3.9754953516754337,-3.9196675055340813
3.883480239221659,-3.996060314005251,-3.9396644369305287
3.9029031961528826,-4.016628109253847,-3.9596613473775992
3.9223232154678827,-4.037198736992797,-3.979658236768958
3.9417402970633915,-4.057772196793663,-3.9996551049982703
3.961154440836158,-4.0783484882279915,-4.019651951959202
3.9805656466829458,-4.098927610867313,-4.039648777545419
3.9999739145005355,-4.1195095642831445,-4.059645581650587
4.019379244185723,-4.140094348046986,-4.079642364168372
4.038781635635319,-4.160681961730324,-4.099639124992438
4.058181088746149,-4.181272404904631,-4.1196358640164545
4.077577603415057,-4.201865677141361,-4.139632581134086
4.096971179538901,-4.222461778011956,-4.159629276239
4.116361817014553,-4.243060707087841,-4.179625949224863
4.135749515738904,-4.263662463940428,-4.199622599985339
4.155134275608858,-4.284267048141114,-4.219619228414097
4.1745160965213355,-4.304874459261278,-4.239615834404804
4.193894978373273,-4.325484696872285,-4.259612417851125
4.213270921061621,-4.3460977605454865,-4.2796089786467295
4.232643924483349,-4.366713649852218,-4.299605516685284
4.252013988535438,-4.387332364363801,-4.319602031860454
4.271381113114889,-4.407953903651541,-4.339598524065909
4.290745298118714,-4.428578267286729,-4.359594993195317
4.310106543443943,-4.449205454840639,-4.379591439142343
4.329464848987623,-4.469835465884533,-4.399587861800658
4.348820214646814,-4.490468299989656,-4.419584261063928
4.368172640318593,-4.511103956727239,-4.439580636825823
4.387522125900054,-4.531742435668497,-4.459576988980008
4.4068686712883025,-4.552383736384632,-4.479573317420154
4.426212276380464,-4.573027858446828,-4.499569622039928
4.445552941073677,-4.593674801426256,-4.5195659027329995
4.464890665265098,-4.614324564894072,-4.539562159393037
4.484225448851896,-4.634977148421415,-4.559558391913708
4.503557291731257,-4.655632551579412,-4.5795546001886835
4.5228861938003835,-4.676290773939174,-4.599550784111631
4.542212154956493,-4.696951815071795,-4.619546943576221
4.561535175096819,-4.717615674548357,-4.639543078476122
4.58085525411861,-4.738282351939925,-4.659539188705004
4.6001723919191315,-4.75895184681755,-4.679535274156537
4.619486588395662,-4.7796241587522665,-4.69953133472439
4.638797843445498,-4.800299287315096,-4.719527370302233
4.6581061569659505,-4.820977232077044,-4.739523380783735
4.677411528854346,-4.841657992609102,-4.759519366062568
4.6967139590080285,-4.862341568482245,-4.779515326032401
4.716013447324355,-4.883027959267434,-4.799511260586906
4.7353099937007,-4.903717164535614,-4.819507169619752
4.754603598034454,-4.924409183857716,-4.839503053024609
4.773894260223021,-4.945104016804657,-4.85949891069515
4.793181980163823,-4.965801662947337,-4.879494742525044
4.8124667577542946,-4.986502121856643,-4.899490548407964
4.8317485928918895,-5.007205393103445,-4.919486328237579
4.851027485474075,-5.027911476258598,-4.9394820819075616
4.870303435398335,-5.048620370892945,-4.959477809311584
4.889576442562168,-5.069332076577311,-4.9794735103433165
4.90884650686309,-5.090046592882508,-4.999469184896432
4.928113628198629,-5.110763919379331,-5.019464832864601
4.947377806466333,-5.131484055638563,-5.039460454141497
4.966639041563764,-5.152207001230968,-5.059456048620792
4.985897333388497,-5.1729327557273,-5.079451616196158