
-0.31888409655152344,-0.6096004231364047,-0.904291953721633
-0.29897369088032055,-0.6191955543106776,-0.9242916833828583
-0.27906474799643466,-0.6295947557097391,-0.944291408129113
-0.25915738267830724,-0.6407682410019048,-0.9642911278540476
-0.23925170749782818,-0.6527155369264268,-0.9842908424513124
-0.21934783657679255,-0.6654583707904774,-1.0042905518145577
-0.19944588814588912,-0.6790313616537176,-1.0242902558374343
-0.17954598574161143,-0.6934726504774349,-1.0442899544135924
-0.15964825816035852,-0.7088162268602095,-1.0642896474366825
-0.13975283847968017,-0.7250868097134795,-1.0842893348003553
-0.11985986252602607,-0.7422973762908692,-1.1042890163982615
-0.09996946714255764,-0.7604488913444092,-1.1242886921240516
-0.08008178852747694,-0.7795315449937733,-1.1442883618713762
-0.06019696041198844,-0.7995213156842633,-1.164288025533886
-0.04031504883872631,-0.8195139862273776,-1.184287683005232
-0.02043605391341367,-0.8395095561977506,-1.2042873341790645
-0.0005599757417581556,-0.8595080251700017,-1.2242869789490345
0.01931318557054813,-0.8795093927187347,-1.2442866172087927
0.03918342991782858,-0.8995136584185381,-1.2642862488519904
0.05905075719442211,-0.919520821843985,-1.284285873772278
0.07891516729468315,-0.9395308825696328,-1.3042854918633064
0.09877666011298161,-0.9595438401700239,-1.3242851030187268
0.11863523554370296,-0.979559694219685,-1.3442847071321902
0.13849089348124816,-0.9995784442931276,-1.3642843040973476
0.15834363382003364,-1.0196000899648474,-1.38428389380785
0.17819345645449142,-1.0396246308093255,-1.4042834761573486
0.19804036127906902,-1.0596520664010267,-1.4242830510394944
0.21788434818822944,-1.079682396314401,-1.4442826183479385
0.2377254170764512,-1.099715620123883,-1.4642821779763324
0.25756356783822837,-1.1197517374038912,-1.4842817298183273
0.2773988003680705,-1.1397907477288298,-1.5042812737675744
0.2972311145605028,-1.159832650673087,-1.5242808097177252
0.3170605103100657,-1.1798774458110353,-1.544280337562431
0.3368869875113154,-1.1999251327170324,-1.5642798571953433
0.3567105460588235,-1.2199757109654208,-1.5842793685101135
0.37653118584717726,-1.240029180130527,-1.604278871400393
0.3963489067709793,-1.2600855397866622,-1.6242783657598339
0.4161637087248478,-1.2801447895081226,-1.6442778514820873
0.43597559160341653,-1.3002069288691886,-1.664277328460805
0.45578455530133477,-1.3202719574441257,-1.6842767965896386
0.4755905997132673,-1.340339874807184,-1.7042762557622402
0.49539372473389426,-1.3604106805325975,-1.7242757058722613
0.5151939302579116,-1.380484374194586,-1.7442751468133537
0.5349912161800308,-1.4005609553673528,-1.7642745784791696
0.5547855823949784,-1.4206404236250867,-1.7842740007633606
0.5745770287974971,-1.440722778541961,-1.804273413559579
0.5943655552823446,-1.460808019692133,-1.8242728167614768
0.6141511617442944,-1.4808961466497454,-1.8442722102627058
0.6339338480781356,-1.5009871589889254,-1.8642715939569185
0.6537136141786726,-1.5210810562837846,-1.884270967737767
0.6734904599407254,-1.5411778381084194,-1.9042703314989033
0.6932643852591297,-1.561277504036911,-1.9242696851339802
0.7130353900287365,-1.581380053643325,-1.9442690285366497
0.7328034741444124,-1.6014854865017116,-1.9642683616005643
0.7525686375010396,-1.6215938021861063,-1.9842676842193767
0.7723308799935158,-1.6417050002705287,-2.004266996286739
0.7920902015167541,-1.661819080328983,-2.0242662976963044
0.8118466019656834,-1.6819360419354585,-2.044265588341725
0.8316000812352479,-1.7020558846639289,-2.0642648681166538
0.8513506392204073,-1.7221786080883525,-2.084264136914743
0.8710982758161372,-1.7423042117826726,-2.1042633946296463
0.8908429909174282,-1.762432695320817,-2.124262641155016
0.910584784419287,-1.782564058276698,-2.1442618763845047
0.9303236562167354,-1.8026983002242127,-2.164261100211766
0.9500596062048109,-1.8228354207372433,-2.184260312530453
0.9697926342785665,-1.8429754193896561,-2.2042595132342186
0.989522740333071,-1.8631182957553027,-2.224258702216716
1.009249924263408,-1.8832640494080188,-2.244257879371599
1.0289741859646777,-1.903412679921625,-2.2642570445925196
1.048695525331995,-1.923564186869927,-2.284256197773132
1.0684139422604906,-1.9437185698267143,-2.30425533880709
1.088129436645311,-1.963875828365762,-2.324254467588046
1.1078420083816176,-1.9840359620608297,-2.344253584009654
1.127551657364588,-2.0041989704856613,-2.364252687965568
1.147258383489415,-2.024364853213986,-2.3842517793494418
1.166962186651307,-2.044533609819517,-2.4042508580549287
1.186663066745488,-2.0647052398759533,-2.4242499239756823
1.2063610236671978,-2.0848797429569776,-2.444248977005357
1.226056057311691,-2.1050571186362577,-2.464248017037607
1.2457481675742383,-2.125237366487446,-2.4842470439660858
1.2654373543501263,-2.1454204860841792,-2.5042460576844476
1.2851236175346563,-2.1656064770000802,-2.524245058086347
1.3048069570231453,-2.1857953388087554,-2.5442440450654376
1.3244873727109265,-2.205987071083796,-2.5642430185153735
1.3441648644933482,-2.2261816733987785,-2.58424197832981
1.363839432265774,-2.2463791453272632,-2.604240924402401
1.3835110759235838,-2.2665794864427964,-2.6242398566268013
1.403179795362172,-2.2867826963189084,-2.644238774896665
1.4228455904769497,-2.306988774529114,-2.6642376791056477
1.4425084611633427,-2.3271977206469137,-2.6842365691474037
1.4621684073167927,-2.3474095342457915,-2.7042354449155876
1.4818254288327566,-2.367624214899217,-2.7242343063038543
1.5014795256067075,-2.387841762180644,-2.744233153205859
1.5211306975341334,-2.4080621756635114,-2.764231985515257
1.5407789445105382,-2.428285454921243,-2.784230803125703
1.5604242664314416,-2.4485115995272477,-2.804229605930852
1.5800666631923783,-2.4687406090549184,-2.82422839382436
1.5997061346888988,-2.488972483077633,-2.844227166699882
1.6193426808165692,-2.509207221168754,-2.8642259244510733
1.638976301470971,-2.529444822901629,-2.884224666971589
1.6586069965477015,-2.54968528784959,-2.904223394155086
1.6782347659423733,-2.5699286155859546,-2.9242221058952187
1.6978596095506149,-2.590174805684024,-2.9442208020856437
1.71748152726807,-2.6104238577170853,-2.9642194826200168
1.7371005189903979,-2.6306757712584097,-2.9842181473919935
1.7567165846132735,-2.6509305458812533,-3.00421679629523
1.7763297240323876,-2.6711881811588567,-3.024215429223383
1.7959399371434464,-2.691448676664446,-3.044214046070108
1.815547223842171,-2.711712031971232,-3.0642126467290614
1.835151584024299,-2.731978246652409,-3.0842112310939
1.854753017585583,-2.752247320281158,-3.1042097990582795
1.8743515244217916,-2.772519252430644,-3.124208350515857
1.8939471044287084,-2.792794042674016,-3.144206885360289
1.913539757502133,-2.813071690584409,-3.1642054034852323
1.9331294835378803,-2.833352195734942,-3.1842039047843436
1.9527162824317807,-2.853635557698719,-3.2042023891512796
1.9723001540796807,-2.873921776048829,-3.224200856479698
1.991881098377442,-2.894210850358346,-3.244199306663255
2.0114591152209416,-2.9145027802003285,-3.2641977395956077
2.0310342045060725,-2.9347975651478193,-3.2841961551704144
2.050606366128743,-2.9550952047738477,-3.3041945532813317
2.0701755999848777,-2.9753956986514254,-3.324192933822017
2.089741905970415,-2.995699046353551,-3.344191296686128
2.1093052839813113,-3.016005247453207,-3.3641896417673225
2.128865733913537,-3.036314301523361,-3.384187968959258
2.148423255663077,-3.056626208136965,-3.404186278155593
2.167977849125935,-3.0769409668669563,-3.424184569249985
2.187529514198127,-3.0972585772862566,-3.444182842136091
2.2070782507756865,-3.117579038967773,-3.4641810967075704
2.226624058754662,-3.137902351484397,-3.484179332858081
2.2461669380311178,-3.158228514409006,-3.5041775504812804
2.2657068885011333,-3.1785575273144597,-3.524175749470828
2.285243910060804,-3.1988893897736053,-3.5441739297203823
2.3047780026062408,-3.2192241013592735,-3.5641720911236012
2.3243091660335704,-3.2395616616442804,-3.5841702335741443
2.343837400238934,-3.259902070201426,-3.6041683569656695
2.36336270511849,-3.2802453266034965,-3.624166461191836
2.3828850805684105,-3.3005914304232626,-3.6441645461463033
2.402404526484885,-3.3209403812334792,-3.66416261172273
2.4219210427641173,-3.341292178606886,-3.6841606578147754
2.441434629302328,-3.3616468221162084,-3.704158684316099
2.460945285995752,-3.3820043113341565,-3.72415669112036
2.480453012740641,-3.402364645833425,-3.744154678121218
2.49995780943326,-3.422727825186693,-3.7641526452123326
2.519459675969893,-3.443093848966625,-3.7841505922873635
2.538958612246837,-3.463462716745872,-3.8041485192399707
2.5584546181604053,-3.483834428097066,-3.824146425963814
2.5779476936069274,-3.5042089825928273,-3.8441443123525536
2.5974378384827475,-3.5245863798057595,-3.8641421782998493
2.616925052684225,-3.5449666193084517,-3.884140023699362
2.6364093361077363,-3.565349700673478,-3.9041378484447518
2.6558906886496727,-3.585735623473396,-3.924135652429679
2.6753691102064407,-3.6061243872807505,-3.9441334355478044
2.6948446006744633,-3.626515991668069,-3.964131197692789
2.714317159950178,-3.646910436207865,-3.984128938758293
2.7337867879300384,-3.667307720472637,-4.004126658637977
2.7532534845105143,-3.6877078440348683,-4.024124357225504
2.7727172495880903,-3.708110806467026,-4.044122034414533
2.792178083059267,-3.728516607341564,-4.064119690098726
2.8116359848205597,-3.7489252462309195,-4.084117324171745
2.8310909547685004,-3.7693367227075156,-4.10411493652725
2.8505429927996357,-3.7897510363437603,-4.124112527058904
2.869992098810529,-3.810168186712046,-4.14411009566037
2.8894382726977583,-3.8305881733847493,-4.164107642225307
2.9088815143579176,-3.851010995934234,-4.184105166647378
2.9283218236876167,-3.8714366539328458,-4.204102668820245
2.9477592005834805,-3.891865146952918,-4.224100148637571
2.9671936449421494,-3.9122964745667677,-4.2440976059930176
2.9866251566602804,-3.932730636346697,-4.264095040780248
3.006053735634545,-3.953167631864993,-4.284092452892924
3.0254793817616306,-3.9736074606939273,-4.304089842224709
3.04490209493824,-3.994050122405757,-4.324087208669265
3.0643218750610925,-4.014495616572725,-4.344084552120256
3.083738722026922,-4.034943942767056,-4.364081872471344
3.1031526357324783,-4.055395100560963,-4.384079169616192
3.1225636160745274,-4.075849089526642,-4.4040764434484645
3.1419716629498495,-4.096305909236276,-4.424073693861823
3.161376776255242,-4.11676555926203,-4.444070920749933
3.1807789558875172,-4.137228039176055,-4.464068124006457
3.2001782017435025,-4.157693348550489,-4.4840653035250595
3.2195745137200418,-4.178161486957452,-4.504062459199404
3.238967891713994,-4.1986324539690525,-4.524059590923155
3.2583583356222334,-4.21910624915738,-4.544056698589976
3.277745845341651,-4.239582872094512,-4.5640537820935325
3.2971304207691516,-4.260062322352509,-4.584050841327488
3.316512061801658,-4.280544599503417,-4.604047876185507
3.3358907683361063,-4.301029703119267,-4.624044886561254
3.35526654026945,-4.321517632772075,-4.644041872348395
3.3746393774986565,-4.342008388033843,-4.664038833440594
3.39400927992071,-4.362501968476558,-4.684035769731516
3.413376247432611,-4.382998373672189,-4.7040326811148265
3.432740279931373,-4.403497603192694,-4.724029567484191
3.452101377314028,-4.423999656610012,-4.7440264287332745
3.471459539477621,-4.44450453349607,-4.7640232647557434
3.490814766319215,-4.465012233422779,-4.784020075445263
3.5101670577358877,-4.485522755962034,-4.8040168606955
3.5295164136247315,-4.5060361006857175,-4.824013620400119
3.5488628338828554,-4.526552267165695,-4.844010354452787
3.568206318407384,-4.547071254973817,-4.864007062747169
3.587546867095457,-4.56759306368192,-4.884003745176933
3.60688447984423,-4.588117692861824,-4.904000401635746
3.6262191565508743,-4.608645142085337,-4.923997032017273
3.645550897112577,-4.629175410924249,-4.943993636215182
3.6648797014265404,-4.649708498950336,-4.963990214123139
3.6842055693899827,-4.670244405735358,-4.983986765634811
3.703528500900137,-4.690783130851061,-5.003983290643867
3.7228484958542527,-4.711324673869177,-5.023979789043973
3.742165554149595,-4.731869034361421,-5.0439762607287975
3.7614796756834443,-4.7524162118994955,-5.063972705592007
3.780790860353097,-4.772966206055085,-5.08396912352727
3.800099108055864,-4.793519016399863,-5.103965514428255
3.8194044186890737,-4.814074642505482,-5.123961878188629
3.8387067921500684,-4.8346330839435865,-5.143958214702061
3.858006228336207,-4.8551943402858,-5.16395452386222
3.8773027271448632,-4.875758411103736,-5.183950805562773
3.8965962884734275,-4.89632529596899,-5.20394705969739
3.915886912219305,-4.916894994453142,-5.223943286159738
3.9351745982799167,-4.937467506127759,-5.243939484843488
3.9544593465526994,-4.958042830564393,-5.263935655642309
3.9737411569351053,-4.97862096733458,-5.28393179844987
3.9930200293246028,-4.9992019160098415,-5.303927913159839
4.0122959636186755,-5.019785676161685,-5.323923999665888
4.031568959714822,-5.040372247361599,-5.343920057861684
4.050839017510557,-5.0609616291810635,-5.363916087640899
4.070106136903411,-5.081553821191538,-5.383912088897202
4.089370317790931,-5.1021488229644705,-5.403908061524264
4.108631560070678,-5.122746634071293,-5.423904005415755
4.127889863640228,-5.14334725408342,-5.443899920465346
4.147145228397177,-5.163950682572255,-5.463895806566707
4.16639765423913,-5.184556919109186,-5.483891663613508
4.185647141063715,-5.205165963265583,-5.503887491499421
4.2048936887685695,-5.225777814612804,-5.523883290118118
4.224137297251349,-5.2463924727221904,-5.5438790593632685
4.243377966409724,-5.267009937165071,-5.563874799128545
4.262615696141383,-5.2876302075127555,-5.583870509307618
4.281850486344028,-5.308253283336543,-5.603866189794161
4.301082336915375,-5.3288791642077165,-5.623861840481844
4.3203112477531596,-5.3495078496975434,-5.64385746126434
4.33953721875513,-5.370139339377276,-5.663853052035322
4.358760249819053,-5.390773632818151,-5.683848612688461
4.377980340842706,-5.411410729591393,-5.703844143117431
4.397197491723888,-5.4320506292682085,-5.723839643215903
4.416411702360408,-5.452693331419792,-5.743835112877551
4.435622972650095,-5.47333883561732,-5.7638305519960475
4.454831302490793,-5.493987141431957,-5.783825960465066
4.474036691780359,-5.514638248434851,-5.803821338178279
4.493239140416668,-5.535292156197134,-5.823816685029361
4.51243864829761,-5.555948864289926,-5.843812000911986
4.5316352153210895,-5.57660837228433,-5.863807285719827
4.550828841385029,-5.597270679751435,-5.883802539346558
4.570019526387366,-5.617935786262314,-5.903797761685853
4.589207270226052,-5.6386036913880275,-5.923792952631387
4.608392072799056,-5.65927439469962,-5.943788112076834
4.62757393400436,-5.679947895768119,-5.963783239915869
4.646752853739964,-5.700624194164539,-5.983778336042167
4.6659288319038845,-5.72130328945988,-6.003773400349402
4.685101868394151,-5.741985181225126,-6.02376843273125
4.704271963108809,-5.762669869031248,-6.043763433081387
4.723439115945922,-5.783357352449199,-6.063758401293487
4.742603326803567,-5.8040476310499205,-6.083753337261227
4.761764595579837,-5.824740704404338,-6.103748240878281
4.780922922172842,-5.8454365720833605,-6.123743112038327
4.800078306480707,-5.866135233657884,-6.14373795063504
4.81923074840157,-5.886836688698788,-6.163732756562096
4.838380247833588,-5.90754093677694,-6.183727529713174
4.857526804674933,-5.928247977463189,-6.203722269981949
4.876670418823791,-5.9489578103283725,-6.2237169772620975
4.895811090178365,-5.9696704349433105,-6.243711651447297
4.9149488186368755,-5.99038585087881,-6.263706292431225
4.934083604097554,-6.011104057705662,-6.283700900107559
4.953215446458652,-6.031825054994643,-6.3036954743699765
4.972344345618434,-6.052548842316515,-6.323690015112155
4.9914703014751804,-6.073275419242025,-6.343684522227773
5.01059331392719,-6.094004785341905,-6.363678995610507
5.029713382872774,-6.114736940186873,-6.383673435154037
5.048830508210259,-6.1354718833476305,-6.403667840752041
5.067944689837991,-6.156209614394865,-6.423662212298197
5.087055927654328,-6.17695013289925,-6.443656549686185
5.106164221557645,-6.197693438431443,-6.4636508528096845
5.125269571446332,-6.218439530562087,-6.483645121562374
5.144371977218797,-6.239188408861811,-6.503639355837932
5.1634714387734615,-6.259940072901228,-6.523633555530039
5.1825679560087625,-6.280694522250936,-6.543627720532375
5.201661528823154,-6.30145175648152,-6.563621850738619
5.220752157115104,-6.32221177516355,-6.5836159460424515
5.239839840783097,-6.342974577867578,-6.6036100063375525
5.258924579725634,-6.363740164164144,-6.623604031517603
5.27800637384123,-6.384508533623773,-6.643598021476285
5.297085223028418,-6.405279685816975,-6.663591976107277
5.316161127185743,-6.426053620314246,-6.683585895304262
5.335234086211769,-6.446830336686065,-6.70357977896092
5.354304100005075,-6.467609834502898,-6.723573626970933
5.3733711684642556,-6.488392113335196,-6.7435674392279825
5.39243529148792,-6.509177172753393,-6.76356121562575
5.4114964689746925,-6.529965012327913,-6.783554956057919
5.430554700823215,-6.55075563162916,-6.80354866041817
5.449609986932145,-6.571549030227527,-6.823542328600186
5.468662327200154,-6.5923452076933895,-6.84353596049765