
-0.06458725163054699,-0.4508789191343107,-0.565826113441304
-0.04465581665816848,-0.4642446273759497,-0.5858263033109742
-0.024726379742746087,-0.4782692357972511,-0.6058264900654816
-0.004799039975226158,-0.49299817428307735,-0.6258266735984742
0.015126097645047385,-0.5084670365064915,-0.6458268538035998
0.03504892367477888,-0.5247011698480455,-0.6658270305745064
0.05496932567426775,-0.5417163172180536,-0.6858272038048421
0.07488718950877506,-0.5595199798568509,-0.7058273733882549
0.09480240043534863,-0.5781129966192962,-0.7258275392183927
0.11471484395528689,-0.5974911785725266,-0.7458277011889037
0.13462441646095843,-0.6175093608153764,-0.7658278591934359
0.1545310713884305,-0.6375304465195738,-0.7858280131256373
0.17443480863184838,-0.6575544352596023,-0.805828162879156
0.19433562808537286,-0.6775813266099302,-0.8258283083476403
0.21423352964318026,-0.69761112014501,-0.8458284494247383
0.23412851319946248,-0.7176438154392792,-0.8658285860040982
0.2540205786484268,-0.7376794120671596,-0.885828717979368
0.2739097258842962,-0.7577179096030575,-0.905828845244196
0.29379595480130893,-0.777759307621364,-0.9258289676922308
0.31367926529371903,-0.7978036056964547,-0.9458290852171203
0.3335596572557959,-0.8178508034026896,-0.9658291977125127
0.35343713058182447,-0.8379009003144134,-0.9858293050720567
0.37331168516610513,-0.8579538960059557,-1.0058294071894005
0.393183320902954,-0.8780097900516303,-1.0258295039581924
0.4130520376867025,-0.8980685820257355,-1.0458295952720809
0.43291783541169776,-0.9181302715025544,-1.0658296810247143
0.45278071397230224,-0.9381948580563549,-1.0858297611097414
0.47264067326289405,-0.9582623412613892,-1.1058298354208105
0.4924977131778668,-0.9783327206918941,-1.12582990385157
0.5123518336116295,-0.998405995922091,-1.1458299662956686
0.5322030344586071,-1.018482166526186,-1.1658300226467548
0.5520513156132395,-1.03856123207837,-1.1858300727984774
0.5718966769699825,-1.0586431921528177,-1.205830116644485
0.5917391184233073,-1.0787280463236897,-1.225830154078426
0.6115786398677007,-1.09881579416513,-1.2458301849939495
0.6314152411976648,-1.1189064352512679,-1.2658302092847042
0.6512489223077176,-1.138999969156217,-1.2858302268443391
0.6710796830923924,-1.1590963954540756,-1.3058302375665025
0.6909075234462381,-1.1791957137189268,-1.3258302413448435
0.710732443263819,-1.199297923524838,-1.3458302380730112
0.7305544424397151,-1.2194030244458618,-1.3658302276446543
0.7503735208685218,-1.2395110160560345,-1.385830209953422
0.7701896784448502,-1.259621897929378,-1.4058301848929635
0.7900029150633266,-1.2797356696398983,-1.4258301523569274
0.8098132306185932,-1.299852330761586,-1.445830112238963
0.8296206250053076,-1.3199718808684164,-1.4658300644327193
0.8494250981181429,-1.3400943195343495,-1.4858300088318457
0.8692266498517878,-1.3602196463333303,-1.5058299453299913
0.8890252801009463,-1.3803478608392876,-1.5258298738208054
0.9088209887603382,-1.4004789626261354,-1.5458297941979373
0.9286137757246989,-1.4206129512677725,-1.5658297063550362
0.9484036408887792,-1.4407498263380822,-1.5858296101857514
0.9681905841473452,-1.460889587410932,-1.6058295055837328
0.9879746053951789,-1.4810322340601745,-1.6258293924426297
1.0077557045270777,-1.501177765859647,-1.6458292706560915
1.0275338814378545,-1.5213261823831712,-1.665829140117768
1.0473091360223379,-1.5414774832045537,-1.6858290007213086
1.0670814681753718,-1.5616316678975857,-1.7058288523603629
1.086850877791816,-1.581788736036043,-1.7258286949285808
1.1066173647665452,-1.6019486871936859,-1.745828528319612
1.1263809289944502,-1.62211152094426,-1.7658283524271066
1.1461415703704374,-1.6422772368614948,-1.785828167144714
1.1658992887894284,-1.6624458345191049,-1.8058279723660844
1.1856540841463603,-1.6826173134907894,-1.8258277679848678
1.205405956336186,-1.702791673350232,-1.845827553894714
1.2251549052538742,-1.7229689136711015,-1.865827329989273
1.2449009307944083,-1.7431490340270512,-1.885827096162195
1.2646440328527881,-1.763332033991719,-1.9058268523071304
1.2843842113240287,-1.783517913138727,-1.9258265983177292
1.3041214661031602,-1.8037066710416831,-1.9458263340876418
1.323855797085229,-1.823898307274179,-1.9658260595105184
1.3435872041652965,-1.8440928214097914,-1.9858257744800096
1.3633156872384402,-1.8642902130220818,-2.005825478889766
1.3830412461997525,-1.8844904816845958,-2.025825172633437
1.4027638809443421,-1.9046936269708645,-2.0458248556046748
1.4224835913673324,-1.9248996484544036,-2.0658245276971288
1.4422003773638628,-1.9451085457087132,-2.0858241888044504
1.4619142388290887,-1.9653203183072778,-2.1058238388202897
1.4816251756581802,-1.9855349658235675,-2.125823477638298
1.5013331877463234,-2.005752487831036,-2.1458231051521257
1.5210382749887197,-2.025972883903123,-2.1658227212554237
1.5407404372805866,-2.0461961536132516,-2.185822325841843
1.5604396745171567,-2.0664222965348307,-2.205821918805035
1.5801359865936782,-2.086651312241253,-2.2258215000386508
1.5998293734054145,-2.1068832003058975,-2.2458210694363414
1.6195198348476456,-2.1271179603021255,-2.265820626891758
1.6392073708156663,-2.147355591803285,-2.2858201722985516
1.6588919812047866,-2.1675960943827084,-2.3058197055503737
1.6785736659103332,-2.1878394676137116,-2.325819226540876
1.6982524248276472,-2.208085711069597,-2.34581873516371
1.7179282578520858,-2.2283348243236505,-2.3658182313125264
1.7376011648790217,-2.248586806949143,-2.385817714880978
1.7572711458038435,-2.2688416585193307,-2.4058171857627157
1.7769382005219547,-2.289099378607454,-2.4258166438513915
1.7966023289287747,-2.3093599667867384,-2.4458160890406573
1.8162635309197386,-2.3296234226303936,-2.465815521224165
1.8359218063902967,-2.3498897457116144,-2.4858149402955663
1.8555771552359153,-2.37015893560358,-2.505814346148513
1.8752295773520757,-2.390430991879455,-2.5258137386766575
1.8948790726342755,-2.4107059141123885,-2.545813117773652
1.9145256409780271,-2.4309837018755145,-2.5658124833331484
1.9341692822788592,-2.451264354741951,-2.5858118352487995
1.9538099964323152,-2.471547872284802,-2.6058111734142577
1.9734477833339548,-2.4918342540771548,-2.625810497723175
1.993082642879353,-2.5121234996920827,-2.6458098080692043
2.0127145749641007,-2.5324156087026433,-2.665809104345998
2.0323435794838036,-2.5527105806818793,-2.685808386447208
2.0519696563340832,-2.573008415202817,-2.7058076542664886
2.071592805410577,-2.5933091118384692,-2.725806907697492
2.091213026608939,-2.6136126701618325,-2.7458061466338703
2.110830319824836,-2.633919089745888,-2.7658053709692774
2.1304446849539525,-2.6542283701636027,-2.785804580597366
2.1500561218919882,-2.674540510987927,-2.805803775411789
2.1696646305346583,-2.694855511791797,-2.8258029553062003
2.189270210777693,-2.7151733721481333,-2.8458021201742527
2.2088728625168392,-2.7354940916298416,-2.8658012699095994
2.2284725856478587,-2.755817669809812,-2.8858004044058942
2.248069380066529,-2.7761441062609196,-2.905799523556791
2.2676632456686425,-2.796473400556024,-2.925798627255942
2.2872541823500083,-2.816805552267971,-2.9457977153970023
2.30684219000645,-2.8371405609695883,-2.9657967878736256
2.326427268533808,-2.8574784262336914,-2.985795844579465
2.3460094178279367,-2.877819147633079,-3.0057948854081746
2.365588637784708,-2.8981627247405353,-3.025793910253409
2.3851649283000076,-2.918509157128829,-3.045792919008822
2.404738289269738,-2.938858444370713,-3.0657919115680676
2.4243087205898166,-2.9592105860389264,-3.0857908878248
2.443876222156177,-2.979565581706192,-3.1057898476726744
2.463440793864767,-2.9999234309452185,-3.1257887910053443
2.4830024356115517,-3.0202841333286976,-3.145787717716465
2.5025611472925107,-3.0406476884293077,-3.16578662769969
2.5221169288036394,-3.0610140958197105,-3.1857855208486754
2.5416697800409493,-3.0813833550725542,-3.2057843970570747
2.561219700900467,-3.1017554657604705,-3.225783256218544
2.5807666912782343,-3.1221304274560766,-3.2457820982267376
2.60031075107031,-3.1425082397319746,-3.2657809229753108
2.6198518801727664,-3.1628889021607507,-3.285779730357919
2.639390078481693,-3.183272414314976,-3.3057785202682166
2.658925345893194,-3.2036587757672077,-3.32577729259986
2.67845768230339,-3.2240479860899867,-3.3457760472465043
2.697987087608417,-3.244440044855839,-3.365774784101805
2.7175135617044255,-3.2648349516372757,-3.385773503059417
2.737037104487583,-3.2852327060067923,-3.4057722040129974
2.756557715854072,-3.30563330753687,-3.4257708868562013
2.7760753957000905,-3.3260367557999735,-3.4457695514826847
2.7955901439218525,-3.3464430503685536,-3.4657681977861037
2.815101960415587,-3.3668521908150453,-3.4857668256601144
2.8346108450775382,-3.3872641767118687,-3.5057654349983727
2.8541167978039677,-3.407679007631429,-3.525764025694535
2.8736198184911514,-3.428096683146116,-3.545762597642258
2.89311990703538,-3.4485172028283047,-3.5657611507351987
2.9126170633329616,-3.468940566250354,-3.585759684867013
2.9321112872802186,-3.4893667729846087,-3.6057581999313575
2.95160257877349,-3.5097958226033974,-3.62575669582189
2.9710909377091292,-3.5302277146790355,-3.645755172432266
2.990576363983506,-3.550662448783821,-3.6657536296561437
3.010058857493006,-3.571100024490039,-3.68575206738718
3.0295384181340292,-3.5915404413699576,-3.705750485519032
3.0490150458029923,-3.6119836989958305,-3.725748883945357
3.0684887403963272,-3.632429796939897,-3.7457472625598123
3.087959501810482,-3.6528787347743803,-3.7657456212560554
3.1074273299419195,-3.6733305120714888,-3.785743959927744
3.126892224687119,-3.693785128403416,-3.805742278468536
3.1463541859425743,-3.7142425833423403,-3.8257405767720893
3.165813213604795,-3.734702876460424,-3.8457388547320623
3.185269307570308,-3.7551660073298163,-3.8657371122421123
3.2047224677356527,-3.7756319755226495,-3.885735349195898
3.224172693997387,-3.7961007806110416,-3.9057335654870773
3.243619986252083,-3.8165724221670954,-3.9257317610093088
3.263064344396329,-3.837046899762899,-3.945729935656251
3.2825057683267285,-3.8575242129705245,-3.965728089321563
3.3019442579399003,-3.87800436136203,-3.985726221898903
3.3213798131324794,-3.898487344509457,-4.00572433328193
3.3408124338011165,-3.9189731619848343,-4.025722423364303
3.3602421198424772,-3.9394618133601735,-4.045720492039681
3.379668871153243,-3.959953298207472,-4.065718539201723
3.3990926876301115,-3.9804476160987123,-4.0857165647440885
3.4185135691697957,-4.000944766605861,-4.105714568560437
3.4379315156690233,-4.02144474930087,-4.125712550544428
3.457346527024539,-4.041947563755677,-4.145710510589721
3.476758603133102,-4.062453209542204,-4.165708448589975
3.4961677438914873,-4.082961686232357,-4.185706364438852
3.515573949196486,-4.10347299339803,-4.2057042580300115
3.5349772189449054,-4.123987130611098,-4.225702129257112
3.5543775530335666,-4.144504097443422,-4.245699978013814
3.5737749513593076,-4.16502389346685,-4.265697804193779
3.5931694138189814,-4.185546518253214,-4.285695607690668
3.612560940309457,-4.206071971374329,-4.30569338839814
3.6319495307276193,-4.226600252401998,-4.3256911462098575
3.6513351849703684,-4.247131360908008,-4.34568888101948
3.6707179029346197,-4.267665296464129,-4.365686592720668
3.6900976845173044,-4.288202058642118,-4.385684281207084
3.70947452961537,-4.308741647013717,-4.405681946372388
3.7288484381257785,-4.329284061150652,-4.425679588110243
3.748219409945509,-4.349829300624634,-4.445677206314308
3.7675874449715545,-4.370377365007361,-4.465674800878245
3.7869525431009246,-4.390928253870512,-4.485672371695719
3.8063147042306444,-4.411481966785754,-4.505669918660389