
-0.6723611441618853,-0.585279995396564,-0.28537772089814345
-0.6524443736523171,-0.5950763099791321,-0.3053778120813006
-0.6325291116256747,-0.605823641665054,-0.3253779016405948
-0.6126154897025273,-0.6174292740075245,-0.34537798946967463
-0.5927036243488122,-0.6297781020833559,-0.3653780754621884
-0.5727936141867987,-0.64274053368711,-0.3853781595117847
-0.552885538656099,-0.6561831018216092,-0.40537824151211194
-0.5329794582791143,-0.6699798544330964,-0.42537832135681863
-0.5130754165021273,-0.6840225720805037,-0.4453783989395533
-0.4931734428308062,-0.6982283010111526,-0.4653784741539644
-0.47327355680885286,-0.7125433824364915,-0.4853785468937005
-0.4533757723207926,-0.7269438683352368,-0.5053786170524102
-0.4334801017252877,-0.7414327815475813,-0.5253786845237419
-0.41358655942646966,-0.7560351490393079,-0.5453787492013443
-0.3936951646321006,-0.7707918173233368,-0.565378810978866
-0.37380594319097993,-0.7857530103888726,-0.5853788697499555
-0.3539189285419335,-0.8009725885809714,-0.6053789254082613
-0.3340341619072834,-0.816503429001023,-0.6253789778474323
-0.31415169192593656,-0.832394360396384,-0.6453790269611172
-0.29427157393597453,-0.8486884217500439,-0.6653790726429643
-0.2743938690944423,-0.8654223711374377,-0.6853791147866225
-0.2545186434881657,-0.8826270538439498,-0.7053791532857405
-0.2346459673257959,-0.90032814813757,-0.7253791880339671
-0.2147759142597604,-0.9185472009586518,-0.7453792189249508
-0.19490856085133476,-0.9373025548908861,-0.7653792458523406
-0.1750439861608925,-0.9566101378032419,-0.7853792687097852
-0.15518227144038366,-0.976484075108537,-0.8053792873909335
-0.13532346532031683,-0.9964628910129857,-0.8253793017894341
-0.11546757534298713,-1.0164446029749588,-0.845379311798936
-0.09561460161397933,-1.036429210569149,-0.8653793173130881
-0.07576454423886271,-1.0564167133702345,-0.8853793182255393
-0.05591740332319099,-1.0764071109528768,-0.9053793144299384
-0.03607317897250241,-1.096400402891723,-0.9253793058199343
-0.016231871292319688,-1.1163965887614042,-0.9453792922891763
0.003606519611849948,-1.1363956681365366,-0.9653792737313132
0.02344199363451479,-1.156397640591721,-0.9853792500399939
0.04327455067019864,-1.1764025057015421,-1.0053792211088677
0.06310419061344082,-1.1964102630405704,-1.0253791868315834
0.08293091335879614,-1.2164209121833598,-1.0453791471017904
0.10275471880083495,-1.2364344527044495,-1.0653791018131376
0.12257560683414309,-1.2564508841783635,-1.0853790508592742
0.14239357735332195,-1.2764702061796098,-1.1053789941338497
0.1622086302529884,-1.2964924182826816,-1.125378931530513
0.18202076542777482,-1.3165175200620562,-1.1453788629429134
0.2018299827723291,-1.3365455110921962,-1.1653787882647002
0.2216362821813147,-1.3565763909475481,-1.1853787073895228
0.24143966354941057,-1.3766101592025437,-1.2053786202110306
0.26124012677131114,-1.396646815431599,-1.225378526622873
0.2810376717417264,-1.4166863592091146,-1.2453784265186991
0.30083229835538183,-1.4367287901094763,-1.2653783197921586
0.32062400650701844,-1.456774107707054,-1.2853782063369013
0.34041279609139274,-1.4768223115762025,-1.3053780860465762
0.3601986670032768,-1.496873401291261,-1.3253779588148331
0.37998161913745815,-1.5169273764265536,-1.3453778245353216
0.39976165238874,-1.536984236556389,-1.3653776831016915
0.41953876665194084,-1.557043981255061,-1.3853775344075923
0.4393129618218949,-1.577106610096847,-1.4053773783466736
0.45908423779345175,-1.5971721226560098,-1.4253772148125854
0.47885259446147665,-1.617240518506797,-1.4453770436989775
0.49861803172085023,-1.6373117972234406,-1.4653768648994994
0.5183805494664687,-1.657385958380157,-1.4853766783078013
0.5381401475932439,-1.6774630015511476,-1.505376483817533
0.557896825996103,-1.6975429263105986,-1.5253762813223446
0.577650584569989,-1.7176257322326804,-1.545376070715886
0.59740142320986,-1.7377114188915488,-1.565375851891807
0.6171493418106899,-1.7577999858613436,-1.585375624743758
0.6368943402674682,-1.7778914327161894,-1.605375389165389
0.6566364184751997,-1.797985759030196,-1.6253751450503504
0.6763755763289049,-1.8180829643774574,-1.6453748922922922
0.6961118137236197,-1.8381830483320523,-1.665374630784865
0.7158451305543957,-1.8582860104680443,-1.6853743604217186
0.7355755267162999,-1.8783918503594816,-1.7053740810965037
0.7553030021044149,-1.898500567580397,-1.7253737927028705
0.7750275566138387,-1.918612161704808,-1.7453734951344697
0.794749190139685,-1.9387266323067172,-1.7653731882849517
0.8144679025770829,-1.9588439789601115,-1.7853728720479671
0.8341836938211771,-1.9789642012389626,-1.8053725463171666
0.8538965637671277,-1.9990872987172268,-1.8253722109862005
0.8736065123101108,-2.0192132709688453,-1.84537186594872
0.8933135393453173,-2.039342117567744,-1.8653715110983753
0.9130176447679542,-2.0594738380878335,-1.8853711463288176
0.9327188284732439,-2.079608432103009,-1.9053707715336976
0.9524170903564243,-2.0997458991871505,-1.9253703866066665
0.9721124303127487,-2.119886238914123,-1.945369991441375
0.9918048482374862,-2.1400294508577753,-1.965369585931474
1.0114943440259214,-2.1601755345919424,-1.9853691699706149
1.0311809175733542,-2.1803244896904426,-2.0053687434524488
1.0508645687751001,-2.2004763157270797,-2.0253683062706265
1.0705452975264904,-2.220631012275642,-2.0453678583187997
1.0902231037228718,-2.2407885789099025,-2.0653673994906194
1.1098979872596062,-2.2609490152036193,-2.0853669296797372
1.1295699480320718,-2.2811123207305353,-2.105366448779805
1.1492389859356615,-2.3012784950643774,-2.1253659566844734
1.1689051008657845,-2.321447537778857,-2.1453654532873943
1.188568292717865,-2.341619448447672,-2.1653649384822193
1.2082285613873425,-2.361794226644504,-2.1853644121626004
1.2278859067696732,-2.381971871943018,-2.2053638742221886
1.2475403287603277,-2.402152383916866,-2.2253633245546363
1.2671918272547926,-2.422335762139684,-2.245362763053595
1.2868404021485702,-2.4425220061850927,-2.2653621896127167
1.3064860533371778,-2.4627111156266968,-2.2853616041256535
1.326128780716149,-2.4829030900380866,-2.3053610064860575
1.3457685841810323,-2.503097928992837,-2.3253603965875804
1.3654054636273918,-2.5232956320645075,-2.3453597743238745
1.3850394189508077,-2.543496198826643,-2.3653591395885925
1.4046704500468754,-2.5636996288527722,-2.3853584922753863
1.4242985568112057,-2.5839059217164095,-2.4053578322779083
1.4439237391394248,-2.6041150769910533,-2.4253571594898116
1.4635459969271751,-2.6243270942501873,-2.4453564738047473
1.4831653300701142,-2.64454197306728,-2.465355775116369
1.502781738463915,-2.664759713015784,-2.485355063318329
1.5223952220042665,-2.684980313669137,-2.5053543383042802
1.5420057805868728,-2.7052037746007622,-2.525353599967876
1.5616134141074538,-2.7254300953840667,-2.5453528482027674
1.5812181224617445,-2.7456592755924425,-2.565352082902609
1.6008199055454964,-2.7658913147992674,-2.5853513039610534
1.6204187632544753,-2.7861262125779027,-2.6053505112717534
1.6400146954844639,-2.806363968501695,-2.6253497047283623
1.6596077021312594,-2.8266045821439763,-2.6453488842245334
1.6791977830906748,-2.8468480530780624,-2.6653480496539195
1.698784938258539,-2.8670943808772544,-2.6853472009101744
1.7183691675306962,-2.887343565114838,-2.705346337886952
1.7379504708030062,-2.907595605364084,-2.7253454604779046
1.7575288479713445,-2.9278505011982476,-2.745344568576687
1.777104298931602,-2.9481082521905697,-2.765343662076952
1.796676823579685,-2.968368857914275,-2.785342740872354
1.8162464218115157,-2.988632317942573,-2.8053418048565466
1.8358130935230317,-3.0088986318486595,-2.8253408539231835
1.855376838610186,-3.029167799205713,-2.845339887965919
1.8749376569689475,-3.0494398195868984,-2.865338906878407
1.8944955484953006,-3.069714692565365,-2.8853379105543016
1.914050513085245,-3.089992417714247,-2.9053368988872568
1.9336025506347962,-3.1102729946066625,-2.925335871770927
1.9531516610399853,-3.130556422815716,-2.945334829098967
1.9726978441968586,-3.150842701914496,-2.9653337707650316
1.9922411000014784,-3.1711318314760755,-2.9853326966627742
2.0117814283499222,-3.1914238110735127,-3.0053316066858504
2.0313188291382835,-3.211718640279851,-3.0253305007279145
2.050853302262671,-3.2320163186681183,-3.045329378682621
2.0703848476192093,-3.2523168458113276,-3.0653282404436255
2.0899134651040376,-3.2726202212824766,-3.0853270859045825
2.1094391546133124,-3.292926444654547,-3.105325914959147
2.1289619160432043,-3.313235515500507,-3.1253247275009746
2.1484817492899,-3.333547433393308,-3.1453235234237202
2.1679986542496024,-3.353862197905888,-3.165322302621039
2.1875126308185284,-3.374179808611168,-3.185321064986587
2.2070236788929116,-3.3945002650820557,-3.2053198104140193
2.2265317983690007,-3.414823566891442,-3.2253185387969916
2.246036989143061,-3.435149713612204,-3.245317250029159
2.265539251111372,-3.4554787048172027,-3.2653159440041786
2.2850385841702296,-3.4758105400792845,-3.285314620615705
2.304534988215945,-3.496145218971281,-3.305313279757395
2.324028463144845,-3.5164827410660076,-3.3253119213229043
2.343519008853272,-3.5368231059362656,-3.345310545205889
2.363006625237584,-3.5571663131548403,-3.365309151300005
2.3824913121941544,-3.5775123622945033,-3.3853077394989093
2.401973069619373,-3.597861252928009,-3.4053063096962584
2.4214518974096437,-3.618212984628099,-3.425304861785708
2.4409277954613873,-3.6385675569674976,-3.4453033956609156
2.460400763671039,-3.658924969518916,-3.4653019112155374
2.4798708019350513,-3.6792852218550487,-3.485300408343231
2.4993379101498903,-3.6996483135485763,-3.505298886937652
2.518802088212039,-3.7200142441721633,-3.525297346892458
2.5382633360179954,-3.7403830132984597,-3.5452957881013063
2.5577216534642737,-3.7607546205001,-3.5652942104578544
2.577177040447403,-3.7811290653497043,-3.585292613855759
2.596629496863928,-3.801506347419877,-3.605290998188678
2.616079022610409,-3.8218864662832077,-3.6252893633502685
2.6355256175834234,-3.8422694215122704,-3.6452877092341884
2.6549692816795614,-3.8626552126796247,-3.6652860357340953
2.674410014795431,-3.883043839357815,-3.685284342743647
2.693847816827655,-3.9034353011193703,-3.7052826301565016
2.713282687672872,-3.923829597536805,-3.725280897866317
2.7327146272277356,-3.9442267281826173,-3.7452791457667516
2.7521436353889155,-3.9646266926292917,-3.765277373751463
2.7715697120530973,-3.985029490449297,-3.7852755817141097
2.7909928571169815,-4.005435121215087,-3.8052737695483505
2.810413070477284,-4.025843584499101,-3.825271937147844
2.8298303520307377,-4.046254879873761,-3.8452700844062493
2.8492447016740896,-4.066669006911478,-3.865268211217224
2.868656119304103,-4.087085965184643,-3.885266317474428
2.888064604817557,-4.107505754265637,-3.90526440307152
2.9074701581112454,-4.127928373726822,-3.925262467902159
2.9268727790819784,-4.148353823140547,-3.945260511860004
2.9462724676265815,-4.168782102079145,-3.9652585348387146
2.965669223641896,-4.189213210114935,-3.98525653673195
2.9850630470247776,-4.209647146820219,-4.005254517433371
3.0044539376721,-4.230083911767286,-4.025252476836635
3.02384189548075,-4.2505235045284095,-4.045250414835404
3.0432269203476316,-4.270965924675847,-4.065248331323335
3.062609012169664,-4.291411171781842,-4.085246226194092
3.081988170843782,-4.3118592454186215,-4.1052440993413315
3.1013643962669355,-4.3323101451584,-4.125241950658716
3.1207376883360904,-4.352763870573375,-4.145239780039905
3.140108046948228,-4.373220421235729,-4.1652375873785585
3.1594754720003464,-4.39367979671763,-4.185235372568338
3.178839963389457,-4.4141419965912325,-4.205233135502905
3.1982015210125887,-4.434607020428674,-4.225230876075918
3.2175601447667854,-4.455074867802075,-4.24522859418104
3.2369158345491065,-4.475545538283547,-4.265226289711931
3.256268590256627,-4.49601903144518,-4.285223962562252
3.275618411786438,-4.516495346859054,-4.305221612625665
3.294965299035645,-4.536974484097231,-4.325219239795832
3.31430925190137,-4.557456442731757,-4.345216843966412
3.3336502702807516,-4.577941222334668,-4.365214425031069
3.3529883540709413,-4.598428822477979,-4.3852119828834635
3.3723235031691092,-4.618919242733695,-4.4052095174172585
3.391655717472439,-4.639412482673804,-4.425207028526115
3.4109849968781307,-4.659908541870277,-4.445204516103696
3.4303113412833994,-4.680407419895074,-4.465201980043664
3.4496347505854765,-4.700909116320136,-4.485199420239682
3.468955224681609,-4.721413630717392,-4.50519683658541
3.4882727634690593,-4.741920962658755,-4.525194228974512
3.507587366845105,-4.762431111716122,-4.545191597300652
3.5268990347070397,-4.782944077461377,-4.565188941457491
3.5462077669521728,-4.803459859466388,-4.585186261338693
3.5655135634778286,-4.8239784573030065,-4.605183556837921
3.584816424181348,-4.844499870543072,-4.625180827848839