
-0.8760014177085941,-1.8483425049568933,-1.4733023753568752
-0.8562700194513782,-1.8562755970412534,-1.4933019430537366
-0.8365398602617671,-1.8651469705493837,-1.5133015028098848
-0.8168110707248878,-1.8748751404962911,-1.5333010545189711
-0.7970837695164102,-1.8853782728340054,-1.5533005980746468
-0.7773580634421176,-1.8965754251836016,-1.5733001333705634
-0.7576340476966766,-1.908388312088075,-1.593299660300372
-0.737911806436953,-1.9207438532317698,-1.6132991787577242
-0.7181914137735607,-1.9335773606214888,-1.6332986886362713
-0.6984729352436525,-1.9468359508345607,-1.653298189829665
-0.6787564297095938,-1.9604809730747663,-1.6732976822315568
-0.6590419514781588,-1.974488605219606,-1.6932971657355986
-0.6393295522983042,-1.98884759265901,-1.713296640235442
-0.6196192828095495,-2.0035539754303016,-1.7332961056247382
-0.599911193063552,-2.018603651465988,-1.7532955617971397
-0.5802053319257559,-2.0339844553750037,-1.773295008646298
-0.5605017454273511,-2.049669684901733,-1.7932944460658649
-0.5408004744039966,-2.065614793584058,-1.8132938739494924
-0.5211015519465667,-2.08175812031516,-1.8332932921908323
-0.5014050012290321,-2.0980253315597763,-1.853292700683537
-0.48171083415570076,-2.114336215331591,-1.873292099321258
-0.4620190510630163,-2.130612348736416,-1.8932914879976481
-0.44232964148300496,-2.1467839892244442,-1.9132908666063588
-0.4226425857885344,-2.1627952759314386,-1.933290235041043
-0.40295785743789686,-2.178607247105445,-1.9532895931953527
-0.383275425520585,-2.1941989530455452,-1.9732889409629402
-0.36359525735348736,-2.2095670345782548,-1.9932882782374577
-0.343917320935423,-2.2247242019470668,-2.013287604912558
-0.32424158714179313,-2.2396971920418016,-2.0332869208818933
-0.30456803159342133,-2.254524343204261,-2.0532862260391163
-0.28489663615876115,-2.269252992650213,-2.0732855202778797
-0.26522739008049956,-2.2839369282506192,-2.0932848034918363
-0.2455602907333019,-2.2986338784596994,-2.1132840755746387
-0.2258953440329361,-2.3134032416151644,-2.1332833364199395
-0.20623256453071243,-2.328304041259226,-2.1532825859213913
-0.18657197524101574,-2.3433933106130542,-2.1732818239726477
-0.16691360725624352,-2.3587247927174766,-2.1932810504673617
-0.1472574992060361,-2.3743481050131363,-2.2132802652991854
-0.1276036966121221,-2.390308143292991,-2.233279468361773
-0.10795225118530385,-2.4066448842907744,-2.253278659548777
-0.08830322010130154,-2.42339329317374,-2.273277838753851
-0.0686566652829952,-2.44058350378636,-2.293277005870648
-0.04901265271486546,-2.458241079956447,-2.313276160792822
-0.029371251799855645,-2.4763873359291804,-2.3332753034140254
-0.009732534767417821,-2.4950397178363763,-2.353274433627912
0.009903423856130224,-2.5142122767185775,-2.373273551328136
0.02953654771535441,-2.533916044272433,-2.393272656408351
0.04916677636664775,-2.553921783476914,-2.4132717487622095
0.06879408789416719,-2.5739303854023974,-2.433270828283366
0.08841848219354344,-2.593941849623433,-2.4532698948654748
0.10803995916042274,-2.6139561757145557,-2.4732689484021892
0.12765851869046682,-2.633973363250285,-2.493267988787163
0.14727416067935295,-2.6539934118051254,-2.513267015914051
0.1668868850227739,-2.6740163209535663,-2.5332660296765064
0.18649669161643795,-2.6940420902700812,-2.5532650299681836
0.20610358035606893,-2.7140707193291287,-2.5732640166827374
0.22570755113740612,-2.7341022077051518,-2.5932629897138217
0.24530860385620437,-2.7541365549725794,-2.613261948955091
0.26490673840823403,-2.7741737607058248,-2.6332608943001996
0.28450195468928097,-2.7942138244792853,-2.653259825642802
0.30409425259514655,-2.8142567458673438,-2.673258742876553
0.3236836320216477,-2.834302524444368,-2.693257645895107
0.34327009286461685,-2.8543511597847098,-2.7132565345921194
0.3628536350199019,-2.8744026514627063,-2.733255408861244
0.3824342583833664,-2.8944569990526796,-2.753254268596137
0.40201196285088925,-2.914514202128936,-2.7732531136904526
0.42158674831836496,-2.934574260265767,-2.793251944037846
0.4411586146817036,-2.95463717303745,-2.813250759531972
0.4607275618368307,-2.974702940018245,-2.8332495600664864
0.48029358967968744,-2.9947715607823993,-2.8532483455350444
0.49985669810623024,-3.014843034904142,-2.873247115831301
0.5194168870124313,-3.03491736195769,-2.8932458708489124
0.5389741562942783,-3.0549945415172433,-2.913244610481533
0.5585285058477744,-3.0750745731569875,-2.9332433346228193
0.5780799355689382,-3.0951574564510924,-2.953242043166427
0.597628445353804,-3.115243190973713,-2.9732407360060114
0.6171740350984216,-3.1353317762989894,-2.9932394130352287
0.6367167046988562,-3.155423212001046,-3.013238074147735
0.6562564540511887,-3.175517497653992,-3.0332367192371863
0.6757932830515153,-3.1956146328319224,-3.0532353481972385
0.6953271915959479,-3.2157146171089157,-3.073233960921548
0.714858179580614,-3.2358174500590366,-3.093232557303771
0.7343862469016564,-3.255923131256334,-3.113231137237564
0.7539113934552336,-3.276031660274841,-3.133229700616583
0.7734336191375196,-3.2961430366885764,-3.1532282473344853
0.792952923844704,-3.316257260071544,-3.173226777284927
0.8124693074729916,-3.336374329997732,-3.1932252903615654
0.8319827699186032,-3.3564942460411133,-3.2132237864580566
0.8514933110777748,-3.3766170077756463,-3.2332222654680582
0.8710009308467581,-3.3967426147752735,-3.253220727285227
0.8905056291218204,-3.4168710666139233,-3.2732191718032198
0.9100074057992442,-3.4370023628655075,-3.293217598915694
0.9295062607753279,-3.457136503103924,-3.3132160085163074
0.9490021939463853,-3.477273486903056,-3.3332144004987163
0.9684952052087457,-3.49741331383677,-3.353212774756579
0.9879852944587539,-3.517555983478918,-3.373211131183553
1.0074724615927704,-3.5377014954033377,-3.3932094696732955
1.026956706507171,-3.5578498491838504,-3.413207790119465
1.0464380290983475,-3.5780010443942634,-3.433206092415719
1.0659164292627066,-3.598155080608368,-3.453204376455715
1.085391906896671,-3.6183119573999414,-3.4732026421331117
1.1048644618966788,-3.6384716743427443,-3.493200889341567
1.1243340941591835,-3.6586342310105238,-3.513199117974739
1.1438008035806544,-3.6787996269770113,-3.5331973279262865
1.1632645900575762,-3.6989678618159227,-3.5531955190898676
1.1827254534864493,-3.719138935100959,-3.573193691359141
1.2021833937637896,-3.7393128464058063,-3.593191844627765
1.2216384107861282,-3.759489595304135,-3.613189978789399
1.241090504450012,-3.779669181369602,-3.6331880937377012
1.2605396746520035,-3.799851604175848,-3.653186189366331
1.2799859212886806,-3.8200368632964974,-3.6731842655689473
1.299429244256637,-3.840224958305162,-3.6931823222392093
1.318869643452482,-3.8604158887754365,-3.7131803592707757
1.33830711877284,-3.8806096542809017,-3.7331783765573063
1.357741670114351,-3.900806254395123,-3.753176373992461
1.3771732973736708,-3.9210056886916504,-3.7731743514698985
1.3966020004474706,-3.9412079567440195,-3.7931723088832796
1.4160277792324376,-3.9614130581257503,-3.8131702461262633
1.435450633625274,-3.981620992410348,-3.8331681630925094
1.4548705635226975,-4.001831759171302,-3.853166059675678
1.474287568821442,-4.022045357982088,-3.87316393576943
1.4937016494182564,-4.042261788416166,-3.893161791267424
1.5131128052099052,-4.06248105004698,-3.913159626063322
1.5325210360931685,-4.08270314244796,-3.933157440050784
1.5519263419648421,-4.102928065192521,-3.9531552331234696
1.5713287227217372,-4.123155817854062,-3.9731530051750408
1.5907281782606804,-4.143386400005969,-3.993150756099157
1.6101247084785144,-4.1636198112216105,-4.013148485789481
1.629518313272097,-4.183856051074342,-4.033146194139672
1.6489089925383016,-4.204095119137501,-4.0531438810433915
1.6682967461740172,-4.224337014984414,-4.073141546394301
1.6876815740761484,-4.24458173818839,-4.093139190086061
1.7070634761416155,-4.264829288322722,-4.113136812012335
1.7264424522673538,-4.285079664960691,-4.133134412066783
1.745818502350315,-4.30533286767556,-4.153131990143066
1.7651916262874656,-4.325588896040579,-4.173129546134849
1.784561823975788,-4.345847749628983,-4.193127079935791
1.8039290953122804,-4.36610942801399,-4.213124591439555
1.823293440193956,-4.386373930768805,-4.233122080539802
1.8426548585178442,-4.4066412574666165,-4.253119547130195
1.8620133501809892,-4.4269114076806,-4.273116991104398
1.8813689150804516,-4.447184380983913,-4.293114412356071
1.9007215531133068,-4.4674601769497,-4.313111810778878
1.9200712641766462,-4.487738795151092,-4.333109186266482
1.939418048167577,-4.508020235161201,-4.353106538712545
1.958761904983221,-4.528304496553126,-4.37310386801073
1.9781028345207166,-4.548591578899953,-4.393101174054701
1.9974408366772174,-4.568881481774749,-4.413098456738121
2.0167759113498924,-4.589174204750571,-4.433095715954654
2.0361080584359263,-4.609469747400456,-4.453092951597961
2.0554372778325196,-4.629768109297427,-4.473090163561708
2.074763569436888,-4.650069290014496,-4.493087351739558
2.094086933146263,-4.670373289124656,-4.513084516025176
2.113407368857891,-4.690680106200886,-4.533081656312223
2.132724876469035,-4.710989740816149,-4.553078772494366
2.1520394558769733,-4.731302192543397,-4.573075864465269
2.171351106979,-4.751617460955561,-4.593072932118596
2.1906598296724233,-4.771935545625563,-4.613069975348011
2.2099656238545684,-4.792256446126307,-4.633066994047177
2.229268489422776,-4.81258016203068,-4.653063988109762
2.2485684262744017,-4.832906692911558,-4.67306095742943
2.267865434306817,-4.853236038341801,-4.693057901899846
2.2871595134174094,-4.873568197894252,-4.713054821414675
2.3064506635035813,-4.893903171141741,-4.733051715867581
2.3257388844627513,-4.914240957657082,-4.753048585152231
2.345024176192353,-4.934581557013075,-4.77304542916229
2.3643065385898363,-4.954924968782505,-4.7930422477914245
2.3835859715526655,-4.975271192538141,-4.8130390409333
2.4028624749783214,-4.995620227852738,-4.833035808481582
2.4221360487643007,-5.015972074299036,-4.853032550329936
2.4414066928081146,-5.036326731449758,-4.873029266372029
2.46067440700729,-5.056684198877616,-4.8930259565015275
2.479939191259371,-5.0770444761553035,-4.913022620612098
2.499201045461915,-5.0974075628555005,-4.933019258597407
2.518459969512496,-5.1177734585508725,-4.953015870351122
2.5377159633087047,-5.138142162814069,-4.973012455766908
2.5569690267481455,-5.158513675217725,-4.993009014738435
2.5762191597284394,-5.1788879953344615,-5.013005547159368
2.595466362147223,-5.199265122736883,-5.033002052923376
2.6147106339021478,-5.219645056997582,-5.052998531924125
2.6339519748908815,-5.24002779768913,-5.072994984055283
2.6531903850111074,-5.260413344384091,-5.092991409210518
2.672425864160524,-5.280801696655008,-5.112987807283499
2.691658412236846,-5.301192854074412,-5.132984178167892
2.710888029137803,-5.32158681621482,-5.152980521757367
2.7301147147611404,-5.341983582648733,-5.172976837945591
2.7493384690046194,-5.362383152948635,-5.192973126626233
2.768559291766017,-5.382785526686999,-5.212969387692962
2.7877771829431244,-5.403190703436279,-5.232965621039447
2.8069921424337503,-5.423598682768918,-5.252961826559356
2.826204170135718,-5.4440094642573404,-5.272958004146359
2.845413265946867,-5.46442304747396,-5.292954153694125
2.864619429765051,-5.484839431991171,-5.3129502750963224
2.8838226614881406,-5.505258617381355,-5.332946368246622
2.9030229610140217,-5.52568060321688,-5.352942433038694
2.9222203282405954,-5.546105389070099,-5.372938469366207
2.941414763065779,-5.566532974513345,-5.392934477122831
2.9606062653875047,-5.5869633591189425,-5.412930456202238
2.9797948351037205,-5.607396542459199,-5.432926406498097
2.998980472112391,-5.627832524106406,-5.452922327904076
3.0181631763114947,-5.648271303632841,-5.47291822031385
3.037342947599027,-5.668712880610767,-5.492914083621087
3.0565197858729984,-5.68915725461243,-5.512909917719458
3.075693691031435,-5.709604425210063,-5.532905722502636
3.094864662972378,-5.7300543919758855,-5.5529014978642905
3.1140327015938856,-5.7505071544821,-5.572897243698094
3.1331978067940303,-5.770962712300894,-5.592892959897717
3.1523599784709004,-5.79142106500444,-5.612888646356832
3.1715192165226007,-5.811882212164897,-5.63288430296911
3.19067552084725,-5.832346153354409,-5.652879929628224
3.209828891342984,-5.852812888145105,-5.672875526227845
3.228979327907954,-5.873282416109098,-5.692871092661646
3.2481268304403264,-5.8937547368184875,-5.712866628823299
3.2672713988382833,-5.914229849845357,-5.732862134606478
3.2864130330000223,-5.934707754761777,-5.752857609904854
3.3055517328237567,-5.955188451139801,-5.772853054612102
3.3246874982077155,-5.975671938551468,-5.792848468621894
3.343820329050143,-5.996158216568804,-5.812843851827904
3.3629502252492998,-6.016647284763819,-5.832839204123805
3.3820771867034614,-6.037139142708506,-5.852834525403271
3.401201213310919,-6.0576337899748465,-5.872829815559974
3.4203223049699796,-6.078131226134807,-5.89282507448759
3.439440461578966,-6.098631450760337,-5.912820302079792