
0.6201424186691943,0.020503435405406747,0.95218921244087
0.6401453114677057,0.00041153322484668506,0.9321873560938061
0.6601452839998831,-0.019683286026987268,0.912185494789786
0.6801423361593757,-0.039781021924186616,0.8921836286351706
0.7001364678398478,-0.05988167404082736,0.8721817577363209
0.7201276789349799,-0.07998524195096997,0.8521798821995978
0.7401159693384673,-0.10009172522865943,0.8321780021313626
0.7601013389440217,-0.12020112344792523,0.8121761176379763
0.7800837876453693,-0.14031343618278133,0.7921742288257997
0.8000633153362527,-0.16042866300722622,0.7721723358011943
0.8200399219104295,-0.18054680349524288,0.7521704386705209
0.8400136072616732,-0.2006678572207988,0.732168537540141
0.8599843712837725,-0.22079182375784598,0.7121666325164155
0.8799522138705318,-0.24091870268032092,0.6921647237057058
0.8999171349157711,-0.26104849356214466,0.672162811214373
0.9198791343133258,-0.28118119597722274,0.6521608951487784
0.9398382119570469,-0.30131680949944517,0.6321589756152833
0.9597943677408008,-0.32145533370268664,0.612157052720249
0.97974760155847,-0.34159676816080614,0.5921551265700367
0.9996979133039517,-0.3617411124476473,0.5721531972710076
1.0196453028711592,-0.3818883661370383,0.5521512649295233
1.039589770154021,-0.40203852880279184,0.532149329651945
1.0595313150464816,-0.42219160001870504,0.512147391544634
1.0794699374425007,-0.44234757935855973,0.4921454507139518
1.0994056372360537,-0.46250646639612214,0.47214350726625987
1.1193384143211311,-0.4826682607051431,0.4521415613079195
1.1392682685917397,-0.502832961859358,0.4321396129452921
1.159195199941901,-0.5230005694324867,0.4121376622847391
1.179119208265653,-0.5431710829982338,0.39213570943262194
1.1990402934570483,-0.563344502130288,0.3721337544953021
1.2189584554101556,-0.5835208264023231,0.35213179757914115
1.238873694019059,-0.603700055387997,0.33212983879050045
1.258786009177858,-0.6238821886609526,0.3121278782357415
1.278695400780668,-0.6440672257948169,0.2921259160212258
1.2986018687216196,-0.6642551663632017,0.27212395225331487
1.3185054128948595,-0.6844460099397033,0.25212198703837024
1.3384060331945489,-0.7046397560979026,0.2321200204827534
1.3583037295148654,-0.7248364044113652,0.2121180526928259
1.378198501750002,-0.7450359544536409,0.19211608377494926
1.3980903497941675,-0.7652384057982644,0.17211411383548506
1.4179792735415855,-0.7854437580187549,0.1521121429807948
1.4378652728864958,-0.805652010688616,0.13211017131724007
1.4577483477231532,-0.8258631633813361,0.11210819895118242
1.4776284979458287,-0.8460772156703882,0.09210622598898341
1.4975057234488085,-0.8662941671292296,0.07210425253700459
1.5173800241263942,-0.8865140173313023,0.05210227870160755
1.5372513998729034,-0.9067367658500333,0.03210030458915385
1.5571198505826689,-0.9269624122588335,0.012098330306005049
1.5769853761500392,-0.9471909561310987,-0.007903644041477264
1.5968479764693781,-0.9674223970402095,-0.02790561834693153
1.6167076514350653,-0.9876567345595308,-0.04790759250399618
1.636564400941496,-1.0078939682624124,-0.06790956640630962
1.6564182248830805,-1.0281340977221882,-0.0879115399475103
1.6762691231542455,-1.0483771225121772,-0.10791351302123665
1.6961170956494325,-1.0686230422056828,-0.1279154855211271
1.7159621422630988,-1.0888718563759932,-0.1479174573408201
1.7358042628897177,-1.1091235645963804,-0.16791942837395407
1.7556434574237774,-1.1293781664401021,-0.1879213985141675
1.7754797257597816,-1.1496356614804002,-0.20792336765509878
1.7953130677922504,-1.169896049290501,-0.22792533569038642
1.8151434834157187,-1.1901593294436157,-0.24792730251366887
1.8349709725247372,-1.21042550151294,-0.2679292680185846
1.854795535013872,-1.230694565071654,-0.287931232098772
1.8746171707777053,-1.250966519692923,-0.3079331946478697
1.894435879710834,-1.2712413649498964,-0.3279351555595161
1.9142516617078715,-1.2915191004157085,-0.3479371147273497
1.9340645166634463,-1.311799725663478,-0.367939072045009
1.9538744444722023,-1.332083240266308,-0.38794102740613257
1.9736814450287992,-1.3523696437972874,-0.4079429807043589
1.993485518227912,-1.3726589358294885,-0.4279449318333266
2.013286663964232,-1.3929511159359687,-0.4479468806866741
2.0330848821324654,-1.4132461836897698,-0.46794882715804004
2.052880172627334,-1.433544138663919,-0.487950771141063
2.0726725353435747,-1.453844980431427,-0.5079527125293816
2.0924619701759415,-1.4741487085652905,-0.5279546512166343
2.112248477019202,-1.4944553226384896,-0.5479565870964599
2.1320320557681414,-1.5147648222239896,-0.5679585200624969
2.1518127063175587,-1.5350772068947405,-0.587960450008384
2.17159042856227,-1.555392476223677,-0.60796237682776
2.1913652223971054,-1.5757106297837182,-0.6279643004142634
2.211137087716912,-1.5960316671477681,-0.6479662206615329
2.230906024416551,-1.6163555878887153,-0.6679681374632073
2.250672032390901,-1.6366823915794328,-0.6879700507129252
2.2704351115348547,-1.6570120777927788,-0.7079719603043255
2.290195261743321,-1.677344646101596,-0.727973866131047
2.3099524829112243,-1.6976800960787113,-0.7479757680867283
2.3297067749335043,-1.7180184272969368,-0.7679776660650083
2.3494581377051165,-1.738359639329069,-0.7879795599595258
2.3692065711210324,-1.758703731747889,-0.8079814496639198
2.3889520750762383,-1.7790507041261632,-0.8279833350718292
2.4086946494657364,-1.7994005560366422,-0.8479852160768927
2.4284342941845445,-1.8197532870520612,-0.8679870925727493
2.448171009127696,-1.8401088967451404,-0.887988964453038
2.4679047941902397,-1.8604673846885844,-0.9079908316113977
2.4876356492672405,-1.8808287504550827,-0.9279926939414676
2.5073635742537785,-1.9011929936173093,-0.9479945513368864
2.527088569044949,-1.9215601137479232,-0.9679964036912934
2.5468106335358636,-1.9419301104195679,-0.9879982508983275
2.566529767621649,-1.9623029832048715,-1.008000092851628
2.5862459711974477,-1.982678731676447,-1.028001929444834
2.6059592441584183,-2.003057355406892,-1.0480037605715844
2.6256695863997335,-2.0234388539687886,-1.0680055861255187
2.645376997816583,-2.0438232269347045,-1.0880074060002758
2.665081478304171,-2.0642104738771914,-1.1080092200894953
2.684783027757719,-2.0846005943687853,-1.1280110282868163
2.704481646072462,-2.104993587982008,-1.148012830485878
2.724177333143652,-2.125389454289365,-1.1680146265803202
2.7438700888665557,-2.1457881928633475,-1.1880164164637816
2.763559913136456,-2.1661898032764304,-1.2080182000299022
2.7832468058486515,-2.1865942851010733,-1.2280199771723213
2.8029307668984558,-2.207001637909722,-1.248021747784678
2.8226117961811985,-2.2274118612748057,-1.2680235117606122
2.8422898935922243,-2.247824954768739,-1.2880252689937635
2.861965059026894,-2.2682409179639205,-1.3080270193777712
2.8816372923805846,-2.288659750432734,-1.3280287628062752
2.901306593548687,-2.309081451747549,-1.348030499172915
2.9209729624266094,-2.329506021480718,-1.3680322283713302
2.940636398909774,-2.349933459204579,-1.3880339502951606
2.9602969028936204,-2.370363764491455,-1.408035664838046
2.979954474273602,-2.390796936913653,-1.4280373718936263
2.9996091129451887,-2.4112329760434656,-1.4480390713555413
3.019260818803866,-2.43167188145317,-1.4680407631174308
3.0389095917451354,-2.4521136527150285,-1.4880424470729348
3.0585554316645127,-2.472558289401287,-1.5080441231156934
3.078198338457531,-2.4930057910841774,-1.5280457911393464
3.097838312019737,-2.513456157335915,-1.5480474510375337
3.1174753522466947,-2.533909387728701,-1.5680491027038959
3.137109459033983,-2.5543654818347212,-1.5880507460320727
3.1567406322771965,-2.5748244392261457,-1.6080523809157046
3.176368871871946,-2.5952862594751296,-1.6280540072484315
3.195994177713856,-2.6157509421538134,-1.6480556249238938
3.2156165496985687,-2.6362184868343217,-1.668057233835732
3.235235987721741,-2.6566888930887638,-1.6880588338775864
3.2548524916790456,-2.677162160489234,-1.7080604249430975
3.2744660614661703,-2.6976382886078114,-1.7280620069259054
3.2940766969788196,-2.7181172770165603,-1.748063579719651
3.313684398112712,-2.738599125287528,-1.768065143217975
3.333289164763583,-2.75908383299275,-1.7880666973145174
3.352890996827183,-2.779571399704243,-1.8080682419029193
3.3724898941992785,-2.8000618249940104,-1.8280697768768215
3.392085856775651,-2.82055510843404,-1.8480713021298645
3.411678884452098,-2.8410512495963047,-1.868072817555689
3.4312689771244327,-2.8615502480527617,-1.8880743230479364
3.4508561346884834,-2.8820521033753534,-1.908075818500247
3.470440357040095,-2.9025568151360073,-1.9280773038062624
3.490021644075126,-2.9230643829066345,-1.948078778859623
3.5095999956894532,-2.9435748062591323,-1.9680802435539702
3.5291754117789673,-2.964088084765382,-1.9880816977829452
3.548747892239575,-2.98460421799725,-2.008083141440189
3.5683174369671984,-3.005123205526587,-2.028084574419343
3.5878840458577757,-3.02564504692523,-2.0480859966140486
3.6074477188072596,-3.046169741764998,-2.068087407917947
3.62700845571162,-3.0666972896176983,-2.08808880822468
3.6465662564668415,-3.0872276900551205,-2.1080901974278885
3.666121120968924,-3.1077609426490405,-2.128091575421214
3.685673049113884,-3.1282970469712175,-2.1480929420982986
3.705222040797753,-3.148836002593397,-2.1680942973527837
3.7247680959165783,-3.169377809087309,-2.188095641078311
3.7443112143664226,-3.189922466024668,-2.208096973168522
3.7638513960433637,-3.210469972977173,-2.2280982935170592
3.7833886408434965,-3.2310203295165083,-2.248099602017564
3.80292294866293,-3.251573535214344,-2.268100898563679
3.8224543193977905,-3.2721295896423332,-2.288102183049046
3.841982752944218,-3.292688492372115,-2.3081034553673065
3.8615082491983688,-3.3132502429753137,-2.328104715412103
3.8810308080564155,-3.3338148410235373,-2.348105963077078
3.9005504294145457,-3.354382286088379,-2.3681071982558732
3.9200671131689626,-3.3749525777414173,-2.3881084208421313
3.9395808592158854,-3.395525715554215,-2.408109630729495
3.9590916674515486,-3.4161016990983213,-2.428110827811606
3.9785995377722028,-3.436680527945268,-2.448112011982108
3.9981044700741135,-3.457262201666573,-2.468113183134643
4.0176064642535625,-3.477846719833739,-2.4881143411628535
4.037105520206847,-3.4984340820182536,-2.5081154859603827
4.056601637830279,-3.519024287791589,-2.5281166174208733
4.076094817020187,-3.539617336725203,-2.5481177354379683
4.095585057672915,-3.5602132283905377,-2.5681188399053103
4.115072359684824,-3.5808119623590193,-2.5881199307165423
4.134556722952286,-3.6014135382020602,-2.608121007765308
4.154038147371695,-3.6220179554910574,-2.6281220709452504
4.173516632839457,-3.6426252137973925,-2.6481231201500126
4.192992179251993,-3.6632353126924317,-2.668124155273238
4.212464786505741,-3.6838482517475266,-2.68812517620857
4.231934454497154,-3.704464030534014,-2.708126182849652
4.251401183122702,-3.725082648623215,-2.728127175090128
4.270864972278869,-3.7457041055864355,-2.7481281528236416
4.290325821862156,-3.7663284009949667,-2.7681291159438364
4.309783731769079,-3.7869555344200845,-2.788130064344356
4.329238701896168,-3.80758550543305,-2.808130997918844
4.348690732139971,-3.828218313605109,-2.828131916560945
4.368139822397051,-3.848853958507492,-2.848132820164303
4.387585972563985,-3.869492439711415,-2.8681337086225613
4.40702918253737,-3.890133756788078,-2.888134581829365
4.426469452213813,-3.9107779093086665,-2.9081354396783583
4.44590678148994,-3.931424896844352,-2.9281362820631855
4.465341170262393,-3.9520747189662884,-2.948137108877491
4.484772618427828,-3.9727273752456163,-2.9681379200149194
4.504201125882916,-3.9933828652534613,-2.988138715369115
4.5236266925243465,-4.014041188560934,-3.008139494833722
4.543049318248822,-4.034702344739128,-3.028140258302386
4.562469002953062,-4.0553663333591246,-3.0481410056687523
4.581885746533802,-4.076033153991987,-3.068141736826465
4.601299548887791,-4.096702806208767,-3.0881424516691696
4.620710409911797,-4.117375289580498,-3.108143150090511
4.6401183295026,-4.1380506036782005,-3.128143831984134
4.659523307556998,-4.158728748072879,-3.1481444972436847
4.6789253439718035,-4.1794097223355235,-3.168145145762808
4.698324438643846,-4.200093526037109,-3.18814577743515
4.71772059146997,-4.220780158748593,-3.2081463921543554
4.737113802347034,-4.241469620040922,-3.2281469898140704
4.756504071171914,-4.262161909485024,-3.2481475703079408
4.7758913978415025,-4.282857026651815,-3.268148133529612
4.795275782252705,-4.303554971112193,-3.28814867937273
4.814657224302444,-4.324255742437043,-3.308149207730941
4.8340357238876575,-4.344959340197234,-3.3281497184978917
4.8534112809053,-4.365665763963621,-3.3481502115672273
4.872783895252342,-4.386375013307043,-3.3681506868325943
4.892153566825765,-4.407087087798324,-3.3881511441876393
4.911520295522573,-4.427801987008273,-3.408151583526009
4.930884081239782,-4.448519710507685,-3.42815200474135
4.950244923874423,-4.469240257867337,-3.4481524077273082
4.969602823323544,-4.489963628657996,-3.4681527923775315
4.988957779484208,-4.51068982245041,-3.488153158585666
5.0083097922534945,-4.531418838815314,-3.508153506245359
5.027658861528499,-4.552150677323425,-3.528153835250258
5.04700498720633,-4.572885337545448,-3.5481541454940095
5.066348169184115,-4.593622819052072,-3.5681544368702607
5.085688407358995,-4.614363121413972,-3.588154709272659
5.105025701628127,-4.635106244201807,-3.6081549625948526
5.124360051888684,-4.65585218698622,-3.6281551967304884
5.143691458037854,-4.676600949337841,-3.6481554115732147
5.163019919972843,-4.697352530827285,-3.6681556070166783
5.182345437590869,-4.718106931025149,-3.688155782954528
5.201668010789168,-4.738864149502019,-3.7081559392804113
5.220987639464992,-4.759624185828463,-3.7281560758879766
5.240304323515606,-4.780387039575037,-3.748156192670872
5.259618062838294,-4.8011527103122775,-3.7681562895227456
5.278928857330355,-4.821921197610711,-3.788156366337246
5.298236706889101,-4.842692501040844,-3.8081564230080223
5.317541611411862,-4.863466620173173,-3.828156459428722
5.336843570795984,-4.884243554578177,-3.8481564754929947
5.356142584938826,-4.90502330382632,-3.8681564710944882
5.375438653737765,-4.925805867488051,-3.8881564461268523
5.394731777090194,-4.9465912451338045,-3.908156400483736
5.414021954893522,-4.967379436334001,-3.928156334058788
5.433309187045169,-4.988170440659045,-3.9481562467456586
5.452593473442577,-5.008964257679324,-3.968156138437996
5.471874813983199,-5.029760886965214,-3.9881560090294506
5.491153208564507,-5.050560328087074,-4.008155858413671
5.5104286570839855,-5.071362580615249,-4.028155686484308
5.529701159439138,-5.092167644120068,-4.048155493135012
5.54897071552748,-5.112975518171847,-4.0681552782594315
5.568237325246546,-5.133786202340885,-4.088155041751217
5.587500988493884,-5.154599696197468,-4.108154783504019
5.6067617051670595,-5.1754159993118645,-4.128154503411486
5.626019475163652,-5.19623511125433,-4.148154201367271
5.645274298381256,-5.217057031595104,-4.168153877265024
5.664526174717485,-5.237881759904413,-4.188153530998395
5.683775104069965,-5.258709295752467,-4.208153162461035
5.7030210863363395,-5.279539638709458,-4.228152771546594
5.722264121414266,-5.3003727883455705,-4.248152358148724
5.74150420920142,-5.321208744230968,-4.268151922161076
5.76074134959549,-5.342047505935801,-4.288151463477302
5.779975542494181,-5.362889073030205,-4.308150981991052
5.7992067877952165,-5.3837334450843,-4.328150477595979
5.818435085396331,-5.404580621668194,-4.348149950185733
5.8376604351952786,-5.425430602351976,-4.368149399653966
5.8568828370898265,-5.446283386705722,-4.388148825894329
5.876102290977759,-5.467138974299493,-4.408148228800477
5.895318796756874,-5.487997364703336,-4.42814760826606
5.914532354324989,-5.50885855748728,-4.44814696418473
5.933742963579934,-5.529722552221344,-4.46814629645014
5.952950624419555,-5.550589348475528,-4.4881456049559425
5.972155336741715,-5.571458945819819,-4.50814488959579
5.991357100444292,-5.592331343824187,-4.528144150263334
6.010555915425178,-5.613206542058591,-4.54814338685223
6.029751781582285,-5.634084540092971,-4.568142599256129
6.0489446988135365,-5.654965337497255,-4.588141787368685
6.0681346670168725,-5.675848933841355,-4.60814095108355
6.08732168609025,-5.696735328695167,-4.628140090294379
6.10650575593164,-5.717624521628575,-4.648139204894825
6.125686876439032,-5.738516512211444,-4.668138294778541
6.14486504751043,-5.759411300013628,-4.688137359839181
6.164040269043849,-5.780308884604964,-4.708136399970399
6.183212540937327,-5.801209265555276,-4.728135415065849
6.202381863088914,-5.822112442434371,-4.7481344050191865
6.221548235396676,-5.843018414812041,-4.7681333697240635
6.240711657758694,-5.863927182258067,-4.788132309074136
6.259872130073066,-5.884838744342209,-4.808131222963058
6.279029652237905,-5.905753100634218,-4.8281301112844845
6.29818422415134,-5.926670250703826,-4.848128973932069
6.317335845711516,-5.947590194120752,-4.868127810799469
6.336484516816593,-5.9685129304547,-4.888126621780337
6.355630237364746,-5.98943845927536,-4.90812540676833
6.374773007254168,-6.010366780152404,-4.9281241656571035
6.393912826383065,-6.031297892655494,-4.948122898340312
6.413049694649661,-6.052231796354273,-4.9681216047116115
6.432183611952195,-6.073168490818371,-4.9881202846646575
6.451314578188919,-6.094107975617401,-5.008118938093106
6.470442593258106,-6.115050250320965,-5.028117564890613
6.48956765705804,-6.135995314498648,-5.048116164950836
6.508689769487023,-6.15694316772002,-5.068114738167431
6.5278089304433715,-6.177893809554636,-5.088113284434053
6.54692513982542,-6.198847239572037,-5.10811180364436
6.566038397531514,-6.219803457341747,-5.128110295692008
6.585148703460021,-6.24076246243328,-5.148108760470654
6.604256057509319,-6.261724254416131,-5.168107197873956
6.623360459577805,-6.2826888328597805,-5.188105607795571