
0.033702075101502985,0.3715827209282314,0.10699497456123072
0.052160223317544496,0.35768036822982413,0.08699429679509484
0.07053925315207166,0.34301353807639395,0.0669936185663621
0.08891336894687286,0.32757561046655387,0.046992939981387205
0.1073586047811571,0.31135514220268795,0.026992261146524827
0.1259505159030658,0.2943362177445903,0.006991582168129656
0.1447624824675264,0.2764987488567291,-0.013009096847443629
0.16386456263058036,0.2578187248717746,-0.03300977579384034
0.1833227881821309,0.23826842303480328,-0.053010454564705795
0.2031988878287347,0.21824023723644548,-0.07301113305368533
0.22322561681934178,0.19820914166164535,-0.09301181115442422
0.24324942776060773,0.17817512553906514,-0.11301248876056783
0.26327032054605487,0.15813818929429,-0.13301316576576147
0.283288295069221,0.1380983333529206,-0.15301384206365046
0.3033033512236595,0.11805555814057322,-0.17301451754788014
0.32331548890293926,0.09800986408287961,-0.19301519211209586
0.34332470800064463,0.07796125160548702,-0.21301586564994293
0.3633310084103755,0.05790972113405824,-0.23301653805506672
0.3833343900257474,0.037855273094271585,-0.25301720922111254
0.4033348527403911,0.01779790791182088,-0.2730178790417258
0.4233323964479532,-0.0022623739875845417,-0.29301854741055183
0.44332702104209554,-0.022325572178219837,-0.313019214221236
0.4633187264164958,-0.04239168623434465,-0.3330198793674237
0.48330751246484693,-0.062460715730203134,-0.3530205427427604
0.5032933790808575,-0.08253266024002393,-0.37302120424089136
0.5232763261582516,-0.10260751933802015,-0.39302186375546205
0.5432563535907688,-0.12268529259838946,-0.4130225211801179
0.5632334612721642,-0.14276597959531398,-0.43302317640850435
0.5832076490962086,-0.1628495799029604,-0.4530238293342668
0.6031789169566881,-0.18293609309547987,-0.4730244798510507
0.6231472647474045,-0.20302551874700805,-0.49302512785250163
0.6431126923621748,-0.2231178564316651,-0.513025773232265
0.663075199694832,-0.24321310572355576,-0.5330264158839862
0.6830347866392243,-0.2633112661967692,-0.5530270557013109
0.7029914530892156,-0.2834123374253792,-0.5730276925778847
0.7229451989386853,-0.303516318983444,-0.5930283264073528
0.742896024081528,-0.32362321044500636,-0.6130289570833611
0.7628439284116544,-0.34373301138409357,-0.6330295844995549
0.7827889118229903,-0.3638457213747175,-0.6530302085495799
0.8027309742094771,-0.3839613399908745,-0.6730308291270819
0.8226701154650722,-0.40407986680654556,-0.6930314461257063
0.8426063354837477,-0.424201301395696,-0.7130320594390988
0.862539634159492,-0.4443256433322758,-0.733032668960905
0.8824700113863085,-0.4644528921902195,-0.7530332745847707
0.9023974670582166,-0.4845830475434462,-0.7730338762043415
0.9223220010692507,-0.5047161089658595,-0.7930344737132633
0.9422436133134611,-0.5248520760313475,-0.8130350670051817
0.9621623036849136,-0.5449909483137829,-0.8330356559737424
0.9820780720776896,-0.565132725387023,-0.8530362405125914
1.0019909183858857,-0.5852774068249094,-0.8730368205153745
1.0219008425036145,-0.6054249922012687,-0.8930373958757374
1.0418078443250038,-0.6255754810899117,-0.913037966487326
1.0617119237441972,-0.6457288730646339,-0.9330385322437863
1.0816130806553534,-0.6658851676992154,-0.9530390930387641
1.1015113149526472,-0.6860443645674206,-0.9730396487659054
1.1214066265302685,-0.7062064632429988,-0.9930401993188562
1.141299015282423,-0.7263714632996839,-1.0130407445912626
1.1611884811033317,-0.746539364311194,-1.0330412844767702
1.1810750238872316,-0.7667101658512321,-1.0530418188690256
1.2009586435283748,-0.7868838674934856,-1.0730423476616746
1.2208393399210289,-0.8070604688116265,-1.0930428707483633
1.2407171129594774,-0.8272399693793115,-1.113043388022738
1.2605919625380193,-0.8474223687701818,-1.1330438993784444
1.280463888550969,-0.8676076665578631,-1.1530444047091295
1.300332890892656,-0.887795862315966,-1.1730449039084387
1.320198969457426,-0.9079869556180852,-1.193045396870019
1.3400621241396407,-0.9281809460378003,-1.2130458834875164
1.3599223548336759,-0.9483778331486756,-1.2330463636545772
1.3797796614339242,-0.9685776165242598,-1.2530468372648478
1.3996340438347932,-0.9887802957380861,-1.2730473042119745
1.4194855019307062,-1.0089858703636727,-1.293047764389604
1.439334035616102,-1.0291943399745218,-1.3130482176913825
1.4591796447854348,-1.049405704144121,-1.3330486640109567
1.4790223293331746,-1.0696199624459417,-1.3530491032419731
1.498862089153807,-1.0898371144534404,-1.3730495352780783
1.518698924141833,-1.1100571597400584,-1.393049960012919
1.5385328341917688,-1.1302800978792207,-1.4130503773401417
1.5583638191981468,-1.150505928444338,-1.4330507871533933
1.5781918790555147,-1.1707346510088048,-1.4530511893463205
1.5980170136584357,-1.190966265146001,-1.4730515838125702
1.6178392229014886,-1.2112007704292904,-1.493051970445789
1.6376585066792677,-1.231438166432022,-1.5130523491396237
1.6574748648863828,-1.2516784527275286,-1.5330527197877215
1.6772882974174594,-1.2719216288891286,-1.553053082283729
1.6970988041671387,-1.2921676944901246,-1.5730534365212936
1.7169063850300772,-1.3124166491038036,-1.593053782394062
1.7367110399009469,-1.3326684923034375,-1.6130541197956816
1.7565127686744355,-1.352923223662283,-1.6330544486197993
1.7763115712452464,-1.3731808427535812,-1.6530547687600623
1.7961074475080983,-1.393441349150558,-1.6730550801101178
1.8159003973577255,-1.4137047424264235,-1.6930553825636134
1.8356904206888778,-1.433971022154373,-1.7130556760141962
1.855477517396321,-1.4542401879075864,-1.7330559603555136
1.875261687374836,-1.4745122392592278,-1.7530562354812127
1.8950429305192193,-1.4947871757824465,-1.7730565012849413
1.9148212467242833,-1.5150649970503762,-1.7930567576603467
1.9345966358848556,-1.5353457026361352,-1.8130570045010768
1.95436909789578,-1.5556292921128267,-1.8330572417007789
1.9741386326519148,-1.5759157650535385,-1.8530574691531008
1.9939052400481345,-1.5962051210313426,-1.8730576867516902
2.013668919979329,-1.6164973596192962,-1.8930578943901948
2.033429672340404,-1.636792480390441,-1.9130580919622626
2.0531874970262813,-1.6570904829178033,-1.9330582793615414
2.0729423939318963,-1.6773913667743943,-1.953058456481679
2.0926943629522023,-1.6976951315332096,-1.9730586232163234
2.1124434039821667,-1.71800177676723,-1.9930587794591228
2.1321895169167733,-1.73831130204942,-2.013058925103725
2.1519327016510204,-1.75862370695273,-2.033059060043779
2.171672958079923,-1.7789389910500941,-2.053059184172932
2.1914102860985114,-1.7992571539144318,-2.073059297384833
2.2111446856018313,-1.8195781951186465,-2.0930593995731295
2.2308761564849435,-1.839902114235627,-2.1130594906314704
2.2506046986429253,-1.8602289108382468,-2.1330595704535043
2.2703303119708687,-1.8805585844993635,-2.1530596389328793
2.2900529963638823,-1.9008911347918198,-2.173059695963244
2.3097727517170887,-1.9212265612884432,-2.1930597414382476
2.329489577925628,-1.9415648635620455,-2.213059775251538
2.3492034748846544,-1.9619060411854237,-2.2330597972967645
2.3689144424893382,-1.9822500937313592,-2.253059807467576
2.388622480634866,-2.002597020772618,-2.2730598056576206
2.408327589216438,-2.022946821881951,-2.293059791760548
2.4280297681292726,-2.0432994966320943,-2.3130597656700074
2.4477290172686015,-2.0636550445957678,-2.3330597272796467
2.467425336529673,-2.084013465345677,-2.353059676483116
2.4871187258077514,-2.1043747584545116,-2.373059613174064
2.506809184998115,-2.1247389234949456,-2.3930595372461405
2.5264967139960595,-2.145105960039639,-2.4130594485929944
2.5461813126968953,-2.1654758676612347,-2.433059347108275
2.5658629809959486,-2.1858486459323627,-2.453059232685632
2.5855417187885608,-2.206224294425635,-2.473059105218715
2.605217525970089,-2.2266028127136512,-2.4930589646011736
2.6248904024359065,-2.2469842003689933,-2.5130588107266574
2.6445603480814017,-2.267368456964229,-2.5330586434888165
2.664227362801978,-2.2877555820719113,-2.5530584627813004
2.6838914464930563,-2.308145575264577,-2.5730582684977583
2.7035525990500706,-2.328538436114748,-2.593058060531841
2.7232108203684717,-2.3489341641949304,-2.6130578387771983
2.7428661103437264,-2.3693327590776168,-2.633057603127481
2.7625184688713165,-2.3897342203352827,-2.653057353476338
2.7821678958467397,-2.410138547540389,-2.6730570897174206
2.801814391165509,-2.430545740265381,-2.6930568117443787
2.8214579547231526,-2.4509557980826897,-2.7130565194508627
2.8410985864152156,-2.4713687205647306,-2.733056212730523
2.860736286137257,-2.491784507283903,-2.7530558914770102
2.8803710537848533,-2.5122031578125914,-2.773055555583975
2.9000028892535945,-2.532624671723166,-2.7930552049450683
2.919631792439088,-2.553049048587981,-2.8130548394539407
2.939257763236956,-2.573476287979375,-2.833054459004243
2.9588808015428363,-2.593906389469672,-2.8530540634896258
2.9785009072523825,-2.614339352631181,-2.873053652803741
2.9981180802612633,-2.634775177036195,-2.8930532268402387
3.017732320465163,-2.6552138622569923,-2.9130527854927712
3.0373436277597823,-2.675655407865836,-2.933052328654989
3.056952002040837,-2.6960998134349743,-2.9530518562205437
3.076557443204059,-2.716547078536639,-2.9730513680830866
3.0961599511451947,-2.7369972027430474,-2.9930508641362694
3.1157595257600064,-2.757450185626402,-3.013050344273744
3.135356166944273,-2.77790602675889,-3.0330498083891615
3.154949874593788,-2.7983647257126827,-3.0530492563761737
3.174540648604361,-2.818826282059937,-3.0730486881284333
3.1941284888718164,-2.8392906953727937,-3.093048103539591
3.2137133952919954,-2.8597579652233795,-3.1130475025032998
3.233295367760754,-2.880228091183805,-3.1330468849132114
3.2528744061739645,-2.9007010728261666,-3.153046250662978
3.2724505104275137,-2.9211769097225444,-3.1730455996462523
3.2920236804173046,-2.941655601445004,-3.1930449317566865
3.3115939160392567,-2.962137147565595,-3.2130442468879323
3.331161217189303,-2.9826215476563536,-3.2330435449336434
3.350725583763394,-3.0031088012892986,-3.253042825787472
3.3702870156574947,-3.0235989080364356,-3.273042089343071
3.389845512767587,-3.0440918674697537,-3.293041335494093
3.409401074989667,-3.064587679161227,-3.3130405641341913
3.4289537022197467,-3.0850863426828155,-3.333039775157018
3.4485033943538546,-3.105587857606462,-3.353038968456227
3.468050151288033,-3.1260922235040964,-3.3730381439254717
3.4875939729183423,-3.1465994399476322,-3.393037301458405
3.5071348591408564,-3.167109506508968,-3.4130364409486806
3.526672809851666,-3.187622422759987,-3.4330355622899518
3.546207824946877,-3.2081381882725575,-3.4530346653758723
3.5657399043226103,-3.2286568026185325,-3.4730337501000954
3.5852690478750033,-3.2491782653697503,-3.4930328163562754
3.6047952555002087,-3.269702576098034,-3.5130318640380658
3.6243185270943954,-3.2902297343751905,-3.533030893039121
3.643838862553747,-3.310759739773012,-3.5530299032530945
3.663356261774463,-3.331292591863277,-3.5730288945736413
3.6828707246527586,-3.3518282902177474,-3.593027866894415
3.702382251084864,-3.37236683440817,-3.6130268201090705
3.721890840967027,-3.392908224006277,-3.6330257541112623
3.7413964941955085,-3.4134524585837847,-3.6530246687946444
3.7608992106665866,-3.433999537712395,-3.6730235640528717
3.7803989902765545,-3.4545494609637952,-3.693022439779599
3.7998958329217207,-3.4751022279096557,-3.7130212958684816
3.81938973849841,-3.4956578381216334,-3.7330201322131744
3.838880706902963,-3.51621629117137,-3.753018948707332
3.858368738031735,-3.5367775866304907,-3.7730177452446108
3.877853831781097,-3.557341724070607,-3.793016521718665
3.8973359880474363,-3.577908703063315,-3.81301527802315
3.9168152067271556,-3.598478523180195,-3.8330140140517215
3.936291487716673,-3.6190511839928123,-3.853012729698036
3.9557648309124223,-3.6396266850727184,-3.873011424855748
3.975235236210853,-3.660205025991448,-3.8930100994185137
3.99470270350843,-3.680786206320522,-3.91300875327999
4.0141672327016344,-3.7013702256314454,-3.9330073863338324
4.033628823686962,-3.7219570834957083,-3.9530059984736967
4.0530874763609255,-3.742546779484786,-3.9730045895932395
4.072543190620051,-3.7631393131701385,-3.9930031595861175
4.091995966360883,-3.7837346841232105,-4.013001708345987
4.11144580347998,-3.804332891915432,-4.0330002357665045
4.1308927018739166,-3.824933936118217,-4.052998741741327
4.150336661439282,-3.845537816302966,-4.0729972261641105
4.1697776820726835,-3.866144532041063,-4.0929956889285135
4.189215763670742,-3.8867540829038774,-4.112994129928192
4.208650906130093,-3.907366468462764,-4.132992549056803
4.2280831093473905,-3.9279816882890612,-4.152990946208006
4.247512373219302,-3.9485997419540944,-4.172989321275456
4.266938697642512,-3.9692206290291723,-4.192987674152812
4.28636208251372,-3.989844349085589,-4.212986004733731
4.30578252772964,-4.010470901694624,-4.23298431291187
4.325200033187004,-4.03110028642754,-4.252982598580888
4.344614598782558,-4.051732502855588,-4.272980861634443
4.364026224413063,-4.072367550549999,-4.292979101966194
4.383434909975298,-4.093005429081995,-4.3129773194697965
4.402840655366055,-4.113646138022777,-4.332975514038911
4.422243460482145,-4.134289676943536,-4.352973685567196
4.44164332522039,-4.154936045415444,-4.37297183394831
4.461040249477632,-4.17558524300966,-4.392969959075912
4.480434233150726,-4.196237269297328,-4.41296806084366
4.499825276136543,-4.2168921238495765,-4.432966139145215
4.519213378331973,-4.237549806237518,-4.452964193874234
4.538598539633914,-4.258210316032253,-4.472962224924377
4.557980759939287,-4.2788736528048625,-4.4929602321893025
4.577360039145027,-4.2995398161264164,-4.512958215562672
4.5967363771480825,-4.320208805567968,-4.5329561749381435
4.616109773845419,-4.340880620700554,-4.552954110209377
4.635480229134016,-4.361555261095201,-4.572952021270034
4.654847742910872,-4.382232726322914,-4.592949908013773
4.674212315072998,-4.402913015954687,-4.612947770334253
4.693573945517422,-4.4235961295615,-4.632945608125137
4.712932634141189,-4.444282066714314,-4.652943421280084
4.732288380841356,-4.464970826984079,-4.672941209692755
4.751641185515,-4.485662409941726,-4.692938973256811
4.7709910480592095,-4.506356815158175,-4.712936711865911
4.790337968371091,-4.527054042204329,-4.732934425413718
4.809681946347767,-4.5477540906510745,-4.752932113793892
4.829022981886373,-4.568456960069287,-4.772929776900095
4.848361074884065,-4.589162650029824,-4.7929274146259875
4.867696225238008,-4.609871160103528,-4.812925026865231
4.88702843284539,-4.630582489861228,-4.832922613511487
4.906357697603408,-4.651296638873736,-4.852920174458418
4.925684019409279,-4.67201360671185,-4.872917709599685
4.945007398160234,-4.692733392946355,-4.892915218828951
4.96432783375352,-4.713455997148019,-4.912912702039878
4.983645326086401,-4.734181418887594,-4.932910159126129
5.002959875056152,-4.754909657735819,-4.952907589981365
5.022271480560069,-4.775640713263416,-4.972904994499249
5.0415801424954605,-4.796374585041096,-4.992902372573444
5.060885860759653,-4.817111272639549,-5.012899724097613
5.080188635249986,-4.837850775629454,-5.032897048965419
5.099488465863816,-4.858593093581477,-5.052894347070524
5.118785352498516,-4.879338226066263,-5.072891618306592
5.138079295051472,-4.900086172654448,-5.092888862567287
5.15737029342009,-4.920836932916649,-5.112886079746273
5.176658347501789,-4.941590506423471,-5.132883269737213
5.1959434571940015,-4.962346892745501,-5.15288043243377
5.215225622394179,-4.983106091453313,-5.17287756772961
5.234504842999788,-5.003868102117465,-5.192874675518395
5.253781118908309,-5.024632924308503,-5.212871755693791
5.273054450017241,-5.045400557596953,-5.232868808149461
5.292324836224096,-5.066171001553331,-5.2528658327790705
5.311592277426403,-5.0869442557481355,-5.272862829476285
5.330856773521705,-5.107720319751849,-5.292859798134768
5.350118324407564,-5.128499193134941,-5.312856738648185
5.369376929981555,-5.149280875467865,-5.332853650910201
5.388632590141269,-5.170065366321062,-5.352850534814482
5.407885304784313,-5.190852665264953,-5.372847390254693
5.4271350738083095,-5.21164277186995,-5.3928442171245
5.446381897110898,-5.232435685706445,-5.412841015317568
5.465625774589731,-5.2532314063448196,-5.432837784727564
5.484866706142479,-5.274029933355437,-5.452834525248154
5.504104691666827,-5.294831266308647,-5.472831236773002
5.523339731060476,-5.315635404774786,-5.492827919195778
5.5425718242211435,-5.336442348324169,-5.512824572410146
5.56180097104656,-5.357252096527105,-5.532821196309774
5.581027171434475,-5.378064648953883,-5.552817790788329
5.600250425282652,-5.398880005174776,-5.572814355739477