
-0.7436942272763709,-0.842093477489167,-0.4079985208776293
-0.7238162849527464,-0.8219864643004343,-0.4279978402119455
-0.7039354219178631,-0.8018823503857421,-0.4479971572703602
-0.6840516382774384,-0.7817811361710483,-0.46799647194652605
-0.664164972405418,-0.7622076080759183,-0.4879957841340955
-0.6442755675728279,-0.7440754723376835,-0.5079950937267212
-0.6243836341258906,-0.7273908500222371,-0.5279944006180557
-0.6044893832500924,-0.7121591297428576,-0.5479937047017517
-0.5845930268338764,-0.6983845633021847,-0.5679930058714617
-0.5646947772442948,-0.686069462698358,-0.5879923040208386
-0.5447948469774132,-0.6752132855513011,-0.6079915990435347
-0.5248934481815888,-0.6658118063597557,-0.6279908908332029
-0.5049907921023391,-0.657856869976561,-0.6479901792834958
-0.4850870885624691,-0.6513371216465142,-0.6679894642880662
-0.46518254563306055,-0.6462398943280773,-0.6879887457405668
-0.4452773696120508,-0.6425535394736672,-0.7079880235346503
-0.425371765299172,-0.6402691603329684,-0.7279872975639695
-0.40546593636213096,-0.6393801298707561,-0.7479865677221773
-0.3855600853993709,-0.6398784119683748,-0.7679858339029264
-0.3656544132316489,-0.6417476646896965,-0.7879850959998695
-0.3457491170860822,-0.64495494903699,-0.8079843539066597
-0.32584438766565754,-0.6494437361347225,-0.8279836075169497
-0.30663229622714455,-0.6551311469114509,-0.8470208835349373
-0.2879280186679782,-0.6618720332888524,-0.8650533256429983
-0.26941047017082903,-0.6695274467237142,-0.8824963676285429
-0.2508367963140782,-0.6779814690692637,-0.899670848326755
-0.23202399532372905,-0.6871414294804253,-0.9168312537300675
-0.2128388298517271,-0.6969402691620762,-0.9341833408881596
-0.19319262771569232,-0.7073400192163438,-0.9518946092508487
-0.17329750430954505,-0.7183347051464509,-0.9701001257099184
-0.15340403186885074,-0.729942400899598,-0.9888928371747032
-0.13351230202513756,-0.7421980154767354,-1.0083227542263797
-0.11362241259017838,-0.7551513914511453,-1.0283219541695257
-0.09373446899025367,-0.7688571063742794,-1.0483211486445143
-0.07384858410272385,-0.7833627616540335,-1.068320337544999
-0.05396487705904749,-0.7987065201666586,-1.088319520764633
-0.03408347166266784,-0.8149142871946797,-1.1083186981970696
-0.014204494571495037,-0.8319993013000654,-1.1283178697359622
0.005671926460708535,-0.8499633512123688,-1.1483170352749639
0.025545664102878972,-0.8687988510239949,-1.168316194707728
0.045416592644467346,-0.8884911633409885,-1.1883153479279083
0.06528462689663705,-0.9084992358818667,-1.208314494829158
0.08514974393932531,-0.9285102058260509,-1.2283136353051305
0.10501194366689831,-0.9485240727480786,-1.2483127692494793
0.12487122597373773,-0.9685408362224719,-1.268311896555858
0.14472759075424077,-0.9885604958237372,-1.2883110171179202
0.16458103790282017,-1.0085830511263656,-1.3083101308293195
0.18443156731390412,-1.028608501704833,-1.3283092375837093
0.2042791788819364,-1.0486368471335996,-1.3483083372747435
0.22412387250137622,-1.0686680869871108,-1.3683074297960758
0.2439656480666984,-1.0887022208397958,-1.38830651504136
0.26380450547239326,-1.108739248266069,-1.4083055929042498
0.28364044461296656,-1.128779168840329,-1.4283046632783991
0.3034734653829396,-1.1488219821369594,-1.4483037260574618
0.3233035676768493,-1.1688676877303283,-1.4683027811350915
0.34313075138924803,-1.188916285194788,-1.4883018284049425
0.3629550164147036,-1.2089677741046763,-1.5083008677606686
0.3827763626477996,-1.2290221540343147,-1.528299899095924
0.4025947899831347,-1.24907942455801,-1.5482989223043626
0.4224102983153235,-1.269139585250053,-1.5682979372796388
0.44222288753899597,-1.2892026356847202,-1.5882969439154064
0.4620325575487976,-1.3092685754362714,-1.60829594210532
0.48183930823938936,-1.3293374040789518,-1.6282949317430335
0.5016431395054478,-1.3494091211869914,-1.6482939127222014
0.521444051241665,-1.3694837263346042,-1.668292884936478
0.5412420433427485,-1.3895612190959896,-1.6882918482795175
0.5610371157034215,-1.4096415990453308,-1.7082908026449746
0.5808292682184226,-1.4297248657567962,-1.7282897479265038
0.6006185007825061,-1.449811018804539,-1.7482886840177594
0.6204048132904415,-1.4699000577626964,-1.7682876108123962
0.6401882056370141,-1.4899919822053909,-1.7882865282040687
0.6599686777170246,-1.5100867917067293,-1.8082854360864318
0.6797462294252893,-1.5301844858408031,-1.8282843343531399
0.69952086065664,-1.5502850641816885,-1.848283222897848
0.7192925713059242,-1.5703885263034465,-1.868282101614211
0.7390613612680045,-1.5904948717801226,-1.8882809703958836
0.7588272304377595,-1.610604100185747,-1.908279829136521
0.778590178710083,-1.6307162110943345,-1.928278677729778
0.7983502059798846,-1.6508312040798847,-1.9482775160693098
0.8181073121420892,-1.670949078716382,-1.9682763440487712
0.8378614970916374,-1.691069834577795,-1.9882751615618175
0.8576127607234851,-1.7111934712380774,-2.0082739685021043
0.877361102932604,-1.7313199882711676,-2.0282727647632863
0.8971065236139812,-1.7514493852509885,-2.0482715502390194
0.9168490226626195,-1.7715816617514477,-2.0682703248229584
0.9365885999735369,-1.7917168173464375,-2.0882690884087585
0.9563252554417673,-1.811854851609835,-2.108267840890076
0.9760589889623599,-1.8319957641155016,-2.128266582160566
0.9957898004303795,-1.852139554437284,-2.148265312113885
1.0155176897409066,-1.8722862221490133,-2.1682640306436873
1.035242656789037,-1.892435766824505,-2.188262737643629
1.054964701469882,-1.91258818803756,-2.208261433007367
1.0746838236785685,-1.9327434853619632,-2.2282601166285563
1.0944000233102393,-1.9529016583714847,-2.2482587884008525
1.1141133002600525,-1.973062706639879,-2.268257448217912
1.1338236544231814,-1.9932266297408854,-2.2882560959733906
1.1535310856948153,-2.013393427248228,-2.308254731560945
1.1732355939701589,-2.0335630987356157,-2.328253354874231
1.1929371791444323,-2.053735643776742,-2.348251965806905
1.2126358411128713,-2.0739110619452843,-2.368250564252623
1.232331579770727,-2.094089352814906,-2.388249150105042
1.2520243950132668,-2.114270515959255,-2.408247723257817
1.2717142867357727,-2.134454550951964,-2.428246283604606
1.2914012548335425,-2.1546414573666492,-2.4482448310390654
1.3110852992018902,-2.174831234776913,-2.4682433654548515
1.3307664197361446,-2.1950238827563417,-2.488241886745621
1.3504446163316501,-2.215219400878507,-2.5082403948050307
1.370119888883767,-2.2354177887169646,-2.5282388895267376
1.3897922372878708,-2.2556190458452554,-2.5482373708043986
1.4094616614393531,-2.2758231718369046,-2.568235838531671
1.4291281612336204,-2.296030166265423,-2.5882342926022113
1.4487917365660952,-2.316240028704305,-2.6082327329096766
1.4684523873322153,-2.33645275872703,-2.6282311593477248
1.488110113427434,-2.3566683559070634,-2.6482295718100124
1.5077649147472205,-2.3768868198178543,-2.6682279701901974
1.527416791187059,-2.3971081500328366,-2.688226354381937
1.5470657426424501,-2.4173323461254292,-2.708224724278889
1.5667117690089092,-2.4375594076690352,-2.7282230797747102
1.5863548701819674,-2.4577893342370434,-2.748221420763059
1.6059950460571715,-2.4780221254028265,-2.768219747137593
1.6256322965300838,-2.4982577807397424,-2.78821805879197
1.6452666214962821,-2.5184962998211335,-2.808216355619848
1.6648980208513602,-2.538737682220328,-2.828214637514885
1.6845264944909266,-2.558981927510638,-2.8482129043707385
1.7041520423106062,-2.579229035265359,-2.8682111560810672
1.723774664206039,-2.599479005057774,-2.888209392539529
1.7433943600728805,-2.619731836461149,-2.908207613639783
1.763011129806802,-2.639987529048735,-2.9282058192754867
1.7826249733034905,-2.660246082393769,-2.948204009340299
1.8022358904586482,-2.6805074960694713,-2.968202183727878
1.8218438811679927,-2.700771769649047,-2.988200342331883
1.8414489453272576,-2.721038902705687,-3.008198485045972
1.8610510828321922,-2.741308894812567,-3.0281966117638044
1.880650293578561,-2.7615817455428457,-3.048194722379039
1.9002465774621438,-2.7818574544696695,-3.0681928167853343
1.9198399343787367,-2.802136021166167,-3.08819089487635
1.9394303642241508,-2.8224174452054527,-3.1081889565457446
1.959017866894213,-2.8427017261606258,-3.1281870016871776
1.9786024422847657,-2.8629888636047705,-3.1481850301943086
1.9981840902916668,-2.8832788571109558,-3.168183041960797
2.0177628108107895,-2.9035717062522353,-3.1881810368803016
2.0373386037380237,-2.9238674106016473,-3.208179014846483
2.0569114689692736,-2.9441659697322153,-3.2281769757530006
2.0764814064004593,-2.964467383216947,-3.2481749194935134
2.096048415927517,-2.9847716506288355,-3.268172845961682
2.1156124974463975,-3.0050787715408585,-3.288170755051166
2.1351736508530683,-3.0253887455259787,-3.3081686466556257
2.154731876043512,-3.0457015721571437,-3.328166520668721
2.174287172913726,-3.0660172510072856,-3.3481643769841125
2.1938395413597247,-3.0863357816493213,-3.3681622154954605
2.2133889812775367,-3.106657163656153,-3.3881600360964246
2.2329354925632074,-3.126981396600667,-3.4081578386806664
2.2524790751127965,-3.1473084800557354,-3.428155623141846
2.272019728822381,-3.167638413594214,-3.448153389373624
2.291557453588051,-3.187971196788945,-3.4681511372696616
2.311092249305915,-3.2083068292127535,-3.4881488667236193
2.330624115872095,-3.228645310438451,-3.5081465776291583
2.350153053182729,-3.2489866400388334,-3.5281442698799395
2.3696790611339713,-3.269330817586681,-3.5481419433696244
2.3892021396219913,-3.2896778426547595,-3.568139597991874
2.4087222885429735,-3.3100277148158193,-3.5881372336403503
2.428239507793119,-3.3303804336425955,-3.608134850208714
2.4477537972686436,-3.3507359987078087,-3.628132447590627
2.467265156865779,-3.3710944095841637,-3.6481300256797513
2.4867735864807723,-3.39145566584435,-3.6681275843697483
2.506279086009887,-3.411819767061042,-3.68812512355428
2.5257816553494012,-3.4321867128069004,-3.7081226431270085
2.5452812943956094,-3.4525565026545686,-3.728120142981596
2.564778003044821,-3.4729291361766763,-3.748117623011705
2.5842717811933604,-3.4933046129458383,-3.768115083110997
2.6037626287375693,-3.513682932534653,-3.7881125231731354
2.623250545573804,-3.534064094515704,-3.808109943091782
2.642735531598436,-3.554448098461561,-3.8281073427605996
2.662217586707853,-3.574834943944777,-3.8481047220732507
2.6816967107984584,-3.5952246305378917,-3.8681020809233986
2.7011729037666705,-3.6156171578134275,-3.8880994192047065
2.7206461655089242,-3.6360125253438937,-3.9080967368108372
2.7401164959216686,-3.656410732701783,-3.9280940336354537
2.75958389490137,-3.6768117794595736,-3.9480913095722197
2.779048362344509,-3.697215665189729,-3.9680885645147983
2.798509898147582,-3.717622389464697,-3.9880857983568525
2.817968502207102,-3.7380319518569105,-4.008083010992047
2.8374241744195965,-3.758444351938788,-4.028080202314045
2.8568769146816084,-3.7788595892827312,-4.04807737221651
2.876326722889697,-3.7992776634611287,-4.068074520593107
2.8957735989404374,-3.8196985740463525,-4.088071647337499
2.915217542730419,-3.84012232061076,-4.1080687523433514
2.934658554156248,-3.8605489027266944,-4.128065835504327
2.954096633114546,-3.880978319966482,-4.148062896714092
2.9735317795019496,-3.901410571902436,-4.168059935866308
2.9929639932151115,-3.921845658106853,-4.188056952854644
3.0123932741507,-3.942283578152015,-4.208053947572761
3.031819622205399,-3.962724331610189,-4.228050919914327
3.051243037275907,-3.9831679180536277,-4.2480478697730035
3.07066351925894,-4.003614337054567,-4.268044797042458
3.090081068051228,-4.024063588185229,-4.288041701616356
3.109495683549517,-4.044515671017822,-4.308038583388361
3.128907365650569,-4.064970585124536,-4.328035442252141
3.148316114251161,-4.085428330077549,-4.3480322781013605
3.1677219292480863,-4.105888905449021,-4.368029090829684
3.1871248105381538,-4.1263523108111,-4.388025880330779
3.206524758018187,-4.146818545735917,-4.408022646498311
3.2259217715850257,-4.167287609795587,-4.428019389225946
3.245315851135526,-4.187759502562215,-4.448016108407351
3.264706996566557,-4.208234223607884,-4.468012803936191
3.2840952077750076,-4.228711772504667,-4.488009475706134
3.3034804846577783,-4.24919214882462,-4.508006123610846
3.3228628271117877,-4.269675352139783,-4.528002747543993
3.3422422350339684,-4.290161382022185,-4.547999347399242
3.36161870832127,-4.310650238043835,-4.567995923070261
3.380992246870657,-4.33114191977673,-4.587992474450717
3.4003628505791093,-4.351636426792851,-4.607989001434277
3.4197305193436227,-4.372133758664164,-4.627985503914607
3.4390952530612084,-4.39263391496262,-4.647981981785376
3.458457051628894,-4.4131368952601555,-4.667978434940252
3.4778159149437218,-4.433642699128692,-4.687974863272903
3.49717184290275,-4.454151326140135,-4.707971266676995
3.516524835403052,-4.474662775866376,-4.727967645046197
3.5358748923417176,-4.49517704787929,-4.747963998274178
3.555222013615852,-4.515694141750738,-4.767960326254606
3.574566199122576,-4.536214057052567,-4.787956628881148
3.5939074487590257,-4.556736793356609,-4.807952906047475
3.6132457624223524,-4.577262350234678,-4.827949157647254
3.632581140009724,-4.597790727258576,-4.847945383574154
3.6519135814183232,-4.618321924000089,-4.867941583721844
3.671243086545349,-4.638855940030988,-4.887937757983995
3.6905696552880163,-4.6593927749230275,-4.907933906254274
3.7098932875435544,-4.679932428247952,-4.927930028426351
3.729213983209209,-4.700474899577484,-4.947926124393895
3.7485317421822413,-4.721020188483338,-4.967922194050577
3.767846564359928,-4.741568294537207,-4.9879182372900654
3.787158449639562,-4.762119217310773,-5.007914254006032
3.8064673979184502,-4.782672956375703,-5.027910244092145
3.825773409093917,-4.803229511303648,-5.047906207442076
3.8450764830633015,-4.8237888816662435,-5.067902143949495
3.864376619723959,-4.844351067035111,-5.087898053508073
3.8836738189732594,-4.864916066981857,-5.10789393601148
3.9029680807085887,-4.885483881078073,-5.127889791353386
3.9222594048273494,-4.906054508895335,-5.147885619427464
3.9415477912269576,-4.926627950005203,-5.167881420127383
3.9608332398048476,-4.947204203979226,-5.187877193346816
3.9801157504584674,-4.967783270388934,-5.207872938979434
3.999395323085281,-4.988365148805844,-5.227868656918908
4.018671957582768,-5.008949838801457,-5.2478643470589095
4.037945653848425,-5.02953733994726,-5.267860009293112
4.057216411779762,-5.050127651814725,-5.287855643515185
4.076484231274306,-5.070720773975307,-5.307851249618802
4.0957491122296,-5.091316706000449,-5.327846827497636
4.115011054543202,-5.111915447461579,-5.347842377045358
4.134270058112684,-5.132516997930106,-5.367837898155641
4.153526122835637,-5.15312135697743,-5.387833390722158
4.172779248609665,-5.173728524174932,-5.407828854638583
4.192029435332388,-5.194338499093977,-5.427824289798587
4.211276682901443,-5.214951281305919,-5.447819696095844
4.230520991214481,-5.235566870382095,-5.4678150734240285
4.2497623601691705,-5.256185265893827,-5.487810421676813
4.269000789663194,-5.276806467412423,-5.50780574074787
4.2882362795942495,-5.2974304745091745,-5.527801030530875
4.307468829860051,-5.31805728675536,-5.547796290919502
4.326698440358329,-5.338686903722241,-5.5677915218074245
4.345925110986829,-5.359319324981066,-5.587786723088317
4.365148841643312,-5.3799545501030686,-5.607781894655853
4.384369632225555,-5.400592578659465,-5.6277770364037085
4.403587482631351,-5.4212334102214585,-5.647772148225557
4.4228023927585065,-5.441877044360238,-5.667767230015074
4.442014362504846,-5.462523480646976,-5.687762281665935
4.461223391768209,-5.48317271865283,-5.707757303071816
4.480429480446451,-5.503824757948945,-5.72775229412639
4.499632628437442,-5.524479598106448,-5.747747254723334
4.518832835639068,-5.545137238696454,-5.767742184756324
4.538030101949231,-5.5657976792900605,-5.787737084119036
4.557224427265848,-5.586460919458352,-5.8077319527051445
4.576415811486854,-5.607126958772397,-5.827726790408327
4.595604254510196,-5.627795796803249,-5.84772159712226
4.614789756233838,-5.648467433121948,-5.867716372740619
4.633972316555761,-5.669141867299518,-5.887711117157083
4.653151935373961,-5.689819098906969,-5.907705830265326
4.6723286125864485,-5.710499127515294,-5.927700511959027
4.691502348091252,-5.731181952695473,-5.947695162131862
4.710673141786413,-5.751867574018472,-5.967689780677509
4.729840993569989,-5.772555991055239,-5.987684367489646
4.749005903340056,-5.79324720337671,-6.007678922461949
4.768167870994702,-5.813941210553806,-6.027673445488097
4.787326896432033,-5.8346380121574315,-6.047667936461768
4.806482979550168,-5.855337607758477,-6.067662395276641
4.825636120247246,-5.876039996927818,-6.087656821826394
4.844786318421418,-5.896745179236315,-6.1076512160047045
4.8639335739708525,-5.917453154254814,-6.127645577705253
4.883077886793732,-5.938163921554146,-6.147639906821717
4.902219256788255,-5.9588774807051275,-6.167634203247776
4.921357683852638,-5.979593831278559,-6.187628466877109
4.94049316788511,-6.0003129728452285,-6.207622697603395
4.959625708783919,-6.021034904975906,-6.227616895320315
4.978755306447324,-6.0417596272413485,-6.247611059921549
4.997881960773604,-6.0624871392122985,-6.267605191300775
5.017005671661052,-6.083217440459484,-6.2875992893516734
5.036126439007976,-6.103950530553616,-6.307593353967926
5.0552442627127006,-6.124686409065392,-6.327587385043213
5.074359142673566,-6.145425075565495,-6.347581382471214
5.093471078788927,-6.166166529624593,-6.36757534614561
5.112580070957155,-6.186910770813339,-6.387569275960083
5.131686119076638,-6.20765779870237,-6.407563171808314
5.150789223045777,-6.228407612862312,-6.427557033583984
5.1698893827629915,-6.249160212863771,-6.447550861180774
5.188986598126714,-6.269915598277341,-6.467544654492367
5.2080808690353955,-6.290673768673601,-6.4875384134124445
5.227172195387501,-6.311434723623116,-6.507532137834689
5.246260577081511,-6.332198462696436,-6.527525827652782
5.265346014015922,-6.352964985464093,-6.547519482760405
5.284428506089246,-6.373734291496608,-6.567513103051243
5.303508053200011,-6.394506380364486,-6.587506688418977
5.322584655246761,-6.415281251638217,-6.607500238757291
5.341658312128054,-6.4360589048882755,-6.627493753959868
5.360729023742465,-6.456839339685123,-6.647487233920391