
10.0,-10.0,10.0
10.0,-10.0,10.0
10.0,-10.0,10.0
10.0,-10.0,10.0
10.0,10.0,-10.0
10.0,10.0,-10.0
10.0,10.0,-10.0
10.0,10.0,-10.0
10.0,10.0,10.0
10.0,10.0,10.0
10.0,10.0,10.0
10.0,10.0,10.0
10.0,10.0,-10.0
10.0,10.0,-10.0
10.0,10.0,-10.0
10.0,10.0,-10.0
10.0,-0.84622,10.0
10.0,-1.2121964,10.0
10.0,-1.5682163,10.0
10.0,-1.9136314,10.0
-10.0,0.18936539,10.0
-10.0,0.20614243,10.0
-10.0,0.22089386,10.0
-10.0,0.2338047,10.0
-10.0,10.0,-10.0
-10.0,10.0,-10.0
-10.0,10.0,-10.0
-10.0,10.0,-10.0
-10.0,10.0,10.0
-10.0,10.0,10.0
-10.0,10.0,10.0
-10.0,10.0,10.0
10.0,10.0,10.0
10.0,10.0,10.0
10.0,10.0,10.0
10.0,10.0,10.0
10.0,-10.0,10.0
10.0,-10.0,10.0
10.0,-10.0,10.0
10.0,-10.0,10.0
-10.0,10.0,10.0
-10.0,10.0,10.0
-10.0,10.0,10.0
-10.0,10.0,10.0
10.0,-10.0,-10.0
10.0,-10.0,-10.0
10.0,-10.0,-10.0
10.0,-10.0,-10.0
-10.0,-10.0,10.0
-10.0,-10.0,10.0
-10.0,-10.0,10.0
-10.0,-10.0,10.0
-10.0,-10.0,10.0
-10.0,-10.0,10.0
-10.0,-10.0,10.0
-10.0,-10.0,10.0
-10.0,10.0,-3.5369453
-10.0,10.0,-3.6184616
-10.0,10.0,-3.6994057
-10.0,10.0,-3.7799377
-10.0,10.0,10.0
-10.0,10.0,10.0
-10.0,10.0,10.0
-10.0,10.0,10.0
10.0,-10.0,8.361309
10.0,-10.0,8.182144
10.0,-10.0,8.005962
10.0,-10.0,7.83276
10.0,-10.0,10.0
10.0,-10.0,10.0
10.0,-10.0,10.0
10.0,-10.0,10.0
-10.0,-10.0,10.0
-10.0,-10.0,10.0
-10.0,-10.0,10.0
-10.0,-10.0,10.0
-10.0,10.0,10.0
-10.0,10.0,10.0
-10.0,10.0,10.0
-10.0,10.0,10.0
-9.240576,-10.0,-10.0
-9.259981,-10.0,-10.0
-9.274342,-10.0,-10.0
-9.284279,-10.0,-10.0
-10.0,10.0,10.0
-10.0,10.0,10.0
-10.0,10.0,10.0
-10.0,10.0,10.0
-10.0,10.0,10.0
-10.0,10.0,10.0
-10.0,10.0,10.0
-10.0,10.0,10.0
-10.0,-10.0,10.0
-10.0,-10.0,10.0
-10.0,-10.0,10.0
-10.0,-10.0,10.0
10.0,-10.0,-4.617691
10.0,-10.0,-4.5980644
10.0,-10.0,-4.5785713
10.0,-10.0,-4.5592384
-10.0,-10.0,10.0
-10.0,-10.0,10.0
-10.0,-10.0,10.0
-10.0,-10.0,10.0
10.0,10.0,-10.0
10.0,10.0,-10.0
10.0,10.0,-10.0
10.0,10.0,-10.0
10.0,-10.0,10.0
10.0,-10.0,10.0
10.0,-10.0,10.0
10.0,-10.0,10.0
10.0,10.0,9.179253
10.0,10.0,8.914436
10.0,10.0,8.651566
10.0,10.0,8.390106
3.40382,10.0,10.0
3.4294548,10.0,10.0
3.4531422,10.0,10.0
3.4748936,10.0,10.0
-10.0,-7.9182854,10.0
-10.0,-7.8738956,10.0
-10.0,-7.8294334,10.0
-10.0,-7.784624,10.0
10.0,10.0,-10.0
10.0,10.0,-10.0
10.0,10.0,-10.0
10.0,10.0,-10.0
-1.5479469,10.0,10.0
-1.4734764,10.0,10.0
-1.3993416,10.0,10.0
-1.3256016,10.0,10.0
-10.0,10.0,10.0
-10.0,10.0,10.0
-10.0,10.0,10.0
-10.0,10.0,10.0
-10.0,0.86167336,-0.9670181
-10.0,0.7219982,-0.7369728
-10.0,0.5820923,-0.50338364
-10.0,0.4419365,-0.2672119
1.8869267,-10.0,10.0
1.8920536,-10.0,10.0
1.8972225,-10.0,10.0
1.9024906,-10.0,10.0
10.0,10.0,10.0
10.0,10.0,10.0
10.0,10.0,10.0
10.0,10.0,10.0
10.0,10.0,-10.0
10.0,10.0,-10.0
10.0,10.0,-10.0
10.0,10.0,-10.0
-10.0,10.0,10.0
-10.0,10.0,10.0
-10.0,10.0,10.0
-10.0,10.0,10.0
-10.0,-10.0,-10.0
-10.0,-10.0,-10.0
-10.0,-10.0,-10.0
-10.0,-10.0,-10.0
10.0,10.0,-10.0
10.0,10.0,-10.0
10.0,10.0,-10.0
10.0,10.0,-10.0
10.0,-10.0,-10.0
10.0,-10.0,-10.0
10.0,-10.0,-10.0
10.0,-10.0,-10.0
-10.0,10.0,10.0
-10.0,10.0,10.0
-10.0,10.0,10.0
-10.0,10.0,10.0
-10.0,10.0,10.0
-10.0,10.0,10.0
-10.0,10.0,10.0
-10.0,10.0,10.0
10.0,-10.0,10.0
10.0,-10.0,10.0
10.0,-10.0,10.0
10.0,-10.0,10.0
-10.0,-3.9283905,10.0
-10.0,-3.8662987,10.0
-10.0,-3.802782,10.0
-10.0,-3.7379742,10.0
-10.0,10.0,10.0
-10.0,10.0,10.0
-10.0,10.0,10.0
-10.0,10.0,10.0
10.0,-10.0,10.0
10.0,-10.0,10.0
10.0,-10.0,10.0
10.0,-10.0,10.0
10.0,-10.0,-10.0
10.0,-10.0,-10.0
10.0,-10.0,-10.0
10.0,-10.0,-10.0
10.0,-10.0,10.0
10.0,-10.0,10.0
10.0,-10.0,10.0
10.0,-10.0,10.0
10.0,10.0,10.0
10.0,10.0,10.0
10.0,10.0,10.0
10.0,10.0,10.0
10.0,-10.0,-10.0
10.0,-10.0,-10.0
10.0,-10.0,-10.0
10.0,-10.0,-10.0
10.0,10.0,-10.0
10.0,10.0,-10.0
10.0,10.0,-10.0
10.0,10.0,-10.0
10.0,-10.0,10.0
10.0,-10.0,10.0
10.0,-10.0,10.0
10.0,-10.0,10.0
10.0,-5.4670753,10.0
10.0,-5.4547462,10.0
10.0,-5.4392624,10.0
10.0,-5.420765,10.0
10.0,-10.0,10.0
10.0,-10.0,10.0
10.0,-10.0,10.0
10.0,-10.0,10.0
10.0,-10.0,-10.0
10.0,-10.0,-10.0
10.0,-10.0,-10.0
10.0,-10.0,-10.0
10.0,-10.0,10.0
10.0,-10.0,10.0
10.0,-10.0,10.0
10.0,-10.0,10.0
10.0,10.0,10.0
10.0,10.0,10.0
10.0,10.0,10.0
10.0,10.0,10.0
10.0,10.0,-4.1852455
10.0,10.0,-4.268303
10.0,10.0,-4.349365
10.0,10.0,-4.428192
-10.0,-10.0,-10.0
-10.0,-10.0,-10.0
-10.0,-10.0,-10.0
-10.0,-10.0,-10.0
10.0,-10.0,10.0
10.0,-10.0,10.0
10.0,-10.0,10.0
10.0,-10.0,10.0
10.0,-10.0,10.0
10.0,-10.0,10.0
10.0,-10.0,10.0
10.0,-10.0,10.0
-10.0,-10.0,10.0
-10.0,-10.0,10.0
-10.0,-10.0,10.0
-10.0,-10.0,10.0
10.0,10.0,-10.0
10.0,10.0,-10.0
10.0,10.0,-10.0
10.0,10.0,-10.0
10.0,10.0,10.0
10.0,10.0,10.0
10.0,10.0,10.0
10.0,10.0,10.0
-10.0,10.0,10.0
-10.0,10.0,10.0
-10.0,10.0,10.0
-10.0,10.0,10.0
-0.5375538,10.0,-10.0
-0.49617767,10.0,-10.0
-0.45393562,10.0,-10.0
-0.41069984,10.0,-10.0
10.0,-10.0,10.0
10.0,-10.0,10.0
10.0,-10.0,10.0
10.0,-10.0,10.0
10.0,-10.0,-10.0
10.0,-10.0,-10.0
10.0,-10.0,-10.0
10.0,-10.0,-10.0
10.0,-10.0,-10.0
10.0,-10.0,-10.0
10.0,-10.0,-10.0
10.0,-10.0,-10.0
10.0,10.0,-10.0
10.0,10.0,-10.0
10.0,10.0,-10.0
10.0,10.0,-10.0
-10.0,-10.0,10.0
-10.0,-10.0,10.0
-10.0,-10.0,10.0
-10.0,-10.0,10.0
-10.0,4.495447,-1.0907211
-10.0,4.5936203,-1.0281448
-10.0,4.6911106,-0.9667969
-10.0,4.7879047,-0.9066925
-10.0,10.0,10.0
-10.0,10.0,10.0
-10.0,10.0,10.0
-10.0,10.0,10.0
-4.1035156,10.0,-10.0
-4.0948677,10.0,-10.0
-4.0861874,10.0,-10.0
-4.0774307,10.0,-10.0
10.0,-10.0,10.0
10.0,-10.0,10.0
10.0,-10.0,10.0
10.0,-10.0,10.0
-10.0,-10.0,10.0
-10.0,-10.0,10.0
-10.0,-10.0,10.0
-10.0,-10.0,10.0
-10.0,10.0,-10.0
-10.0,10.0,-10.0
-10.0,10.0,-10.0
-10.0,10.0,-10.0
-10.0,-3.87261,-10.0
-10.0,-3.7431564,-10.0
-10.0,-3.6140442,-10.0
-10.0,-3.4852924,-10.0
-10.0,-10.0,-6.422348
-10.0,-10.0,-6.7969093
-10.0,-10.0,-7.1729507
-10.0,-10.0,-7.549553
10.0,-10.0,-10.0
10.0,-10.0,-10.0
10.0,-10.0,-10.0
10.0,-10.0,-10.0
-10.0,-10.0,-10.0
-10.0,-10.0,-10.0
-10.0,-10.0,-10.0
-10.0,-10.0,-10.0
-7.3741226,-10.0,-10.0
-7.3492126,-10.0,-10.0
-7.32646,-10.0,-10.0
-7.305952,-10.0,-10.0
10.0,-10.0,-10.0
10.0,-10.0,-10.0
10.0,-10.0,-10.0
10.0,-10.0,-10.0
-10.0,10.0,-10.0
-10.0,10.0,-10.0
-10.0,10.0,-10.0
-10.0,10.0,-10.0
10.0,-10.0,10.0
10.0,-10.0,10.0
10.0,-10.0,10.0
10.0,-10.0,10.0
-10.0,-4.6154785,-10.0
-10.0,-4.289007,-10.0
-10.0,-3.9515018,-10.0
-10.0,-3.6043015,-10.0
10.0,10.0,10.0
10.0,10.0,10.0
10.0,10.0,10.0
10.0,10.0,10.0
10.0,-10.0,-10.0
10.0,-10.0,-10.0
10.0,-10.0,-10.0
10.0,-10.0,-10.0
10.0,-10.0,-10.0
10.0,-10.0,-10.0
10.0,-10.0,-10.0
10.0,-10.0,-10.0
10.0,6.9564323,10.0
10.0,6.1138573,10.0
10.0,5.2638817,10.0
10.0,4.4102173,10.0
-10.0,-10.0,-10.0
-10.0,-10.0,-10.0
-10.0,-10.0,-10.0
-10.0,-10.0,-10.0
-10.0,10.0,10.0
-10.0,10.0,10.0
-10.0,10.0,10.0
-10.0,10.0,10.0
10.0,-10.0,10.0
10.0,-10.0,10.0
10.0,-10.0,10.0
10.0,-10.0,10.0
10.0,-10.0,10.0
10.0,-10.0,10.0
10.0,-10.0,10.0
10.0,-10.0,10.0
10.0,10.0,10.0
10.0,10.0,10.0
10.0,10.0,10.0
10.0,10.0,10.0
10.0,-10.0,10.0
10.0,-10.0,10.0
10.0,-10.0,10.0
10.0,-10.0,10.0
10.0,-3.7401276,10.0
10.0,-4.1106606,10.0
10.0,-4.4755154,10.0
10.0,-4.834049,10.0
10.0,10.0,-3.1292648
10.0,10.0,-2.6294403
10.0,10.0,-2.1181564
10.0,10.0,-1.5960274
0.4829178,10.0,10.0
0.6870575,10.0,10.0
0.8961525,10.0,10.0
1.1101036,10.0,10.0
10.0,10.0,10.0
10.0,10.0,10.0
10.0,10.0,10.0
10.0,10.0,10.0
10.0,-10.0,-10.0
10.0,-10.0,-10.0
10.0,-10.0,-10.0
10.0,-10.0,-10.0
-10.0,10.0,10.0
-10.0,10.0,10.0
-10.0,10.0,10.0
-10.0,10.0,10.0
10.0,-10.0,10.0
10.0,-10.0,10.0
10.0,-10.0,10.0
10.0,-10.0,10.0
-10.0,-10.0,10.0
-10.0,-10.0,10.0
-10.0,-10.0,10.0
-10.0,-10.0,10.0
10.0,8.270391,10.0
10.0,8.007872,10.0
10.0,7.745468,10.0
10.0,7.483551,10.0
-10.0,-7.558649,10.0
-10.0,-7.442259,10.0
-10.0,-7.3264256,10.0
-10.0,-7.211033,10.0
10.0,-10.0,10.0
10.0,-10.0,10.0
10.0,-10.0,10.0
10.0,-10.0,10.0
-9.804064,10.0,10.0
-9.743057,10.0,10.0
-9.682028,10.0,10.0
-9.621002,10.0,10.0
10.0,10.0,10.0
10.0,10.0,10.0
10.0,10.0,10.0
10.0,10.0,10.0
-10.0,1.0542755,10.0
-10.0,0.9494839,10.0
-10.0,0.8435192,10.0
-10.0,0.73633194,10.0
-10.0,-10.0,-10.0
-10.0,-10.0,-10.0
-10.0,-10.0,-10.0
-10.0,-10.0,-10.0
10.0,-10.0,10.0
10.0,-10.0,10.0
10.0,-10.0,10.0
10.0,-10.0,10.0
-10.0,10.0,-5.9643173
-10.0,10.0,-6.214676
-10.0,10.0,-6.4681587
-10.0,10.0,-6.724724
-10.0,8.697529,-10.0
-10.0,9.158609,-10.0
-10.0,9.612757,-10.0
-10.0,10.0,-10.0
-10.0,-10.0,-10.0
-10.0,-10.0,-10.0
-10.0,-10.0,-10.0
-10.0,-10.0,-10.0
10.0,10.0,-10.0
10.0,10.0,-10.0
10.0,10.0,-10.0
10.0,10.0,-10.0
10.0,-10.0,-10.0
10.0,-10.0,-10.0
10.0,-10.0,-10.0
10.0,-10.0,-10.0
10.0,-10.0,-0.4843788
10.0,-10.0,-0.4211464
10.0,-10.0,-0.35793686
10.0,-10.0,-0.29460526
-10.0,-10.0,-10.0
-10.0,-10.0,-10.0
-10.0,-10.0,-10.0
-10.0,-10.0,-10.0
-10.0,10.0,10.0
-10.0,10.0,10.0
-10.0,10.0,10.0
-10.0,10.0,10.0
-10.0,0.97793007,10.0
-10.0,0.8212662,10.0
-10.0,0.6636543,10.0
-10.0,0.5052986,10.0
-10.0,10.0,-10.0
-10.0,10.0,-10.0
-10.0,10.0,-10.0
-10.0,10.0,-10.0
10.0,-10.0,10.0
10.0,-10.0,10.0
10.0,-10.0,10.0
10.0,-10.0,10.0
-10.0,10.0,10.0
-10.0,10.0,10.0
-10.0,10.0,10.0
-10.0,10.0,10.0
10.0,-10.0,10.0
10.0,-10.0,10.0
10.0,-10.0,10.0
10.0,-10.0,10.0
10.0,-10.0,10.0
10.0,-10.0,10.0
10.0,-10.0,10.0
10.0,-10.0,10.0
-10.0,10.0,10.0
-10.0,10.0,10.0
-10.0,10.0,10.0
-10.0,10.0,10.0
-10.0,10.0,-10.0
-10.0,10.0,-10.0
-10.0,10.0,-10.0
-10.0,10.0,-10.0
10.0,-10.0,10.0
10.0,-10.0,10.0
10.0,-10.0,10.0
10.0,-10.0,10.0
-5.290409,-10.0,-10.0
-4.841572,-10.0,-10.0
-4.4011116,-10.0,-10.0
-3.9692497,-10.0,-10.0
10.0,-10.0,10.0
10.0,-10.0,10.0
10.0,-10.0,10.0
10.0,-10.0,10.0
10.0,-10.0,10.0
10.0,-10.0,10.0
10.0,-10.0,10.0
10.0,-10.0,10.0
10.0,-10.0,-10.0
10.0,-10.0,-10.0
10.0,-10.0,-10.0
10.0,-10.0,-10.0
-10.0,10.0,10.0
-10.0,10.0,10.0
-10.0,10.0,10.0
-10.0,10.0,10.0
10.0,6.1443977,10.0
10.0,6.8197155,10.0
10.0,7.509733,10.0
10.0,8.214685,10.0
10.0,-10.0,-7.233391
10.0,-10.0,-7.246258
10.0,-10.0,-7.258587
10.0,-10.0,-7.2703514
10.0,-10.0,10.0
10.0,-10.0,10.0
10.0,-10.0,10.0
10.0,-10.0,10.0
10.0,10.0,10.0
10.0,10.0,10.0
10.0,10.0,10.0
10.0,10.0,10.0
10.0,-10.0,10.0
10.0,-10.0,10.0
10.0,-10.0,10.0
10.0,-10.0,10.0
10.0,10.0,10.0
10.0,10.0,10.0
10.0,10.0,10.0
10.0,10.0,10.0
10.0,10.0,-10.0
10.0,10.0,-10.0
10.0,10.0,-10.0
10.0,10.0,-10.0
5.6528683,-10.0,-10.0
5.553299,-10.0,-10.0
5.4505672,-10.0,-10.0
5.3445663,-10.0,-10.0
10.0,-10.0,1.9301071
10.0,-10.0,1.9887543
10.0,-10.0,2.0477295
10.0,-10.0,2.106964
10.0,-10.0,10.0
10.0,-10.0,10.0
10.0,-10.0,10.0
10.0,-10.0,10.0
10.0,-10.0,10.0
10.0,-10.0,10.0
10.0,-10.0,10.0
10.0,-10.0,10.0
10.0,-10.0,-6.6943665
10.0,-10.0,-6.6265564
10.0,-10.0,-6.55888
10.0,-10.0,-6.4913635
10.0,-10.0,10.0
10.0,-10.0,10.0
10.0,-10.0,10.0
10.0,-10.0,10.0
10.0,-10.0,10.0
10.0,-10.0,10.0
10.0,-10.0,10.0
10.0,-10.0,10.0
10.0,-10.0,10.0
10.0,-10.0,10.0
10.0,-10.0,10.0
10.0,-10.0,10.0
10.0,10.0,-10.0
10.0,10.0,-10.0
10.0,10.0,-10.0
10.0,10.0,-10.0
10.0,10.0,-10.0
10.0,10.0,-10.0
10.0,10.0,-10.0
10.0,10.0,-10.0
10.0,-10.0,-10.0
10.0,-10.0,-10.0
10.0,-10.0,-10.0
10.0,-10.0,-10.0
-10.0,-10.0,10.0
-10.0,-10.0,10.0
-10.0,-10.0,10.0
-10.0,-10.0,10.0
10.0,10.0,10.0
10.0,10.0,10.0
10.0,10.0,10.0
10.0,10.0,10.0
10.0,-10.0,10.0
10.0,-10.0,10.0
10.0,-10.0,10.0
10.0,-10.0,10.0
10.0,-10.0,10.0
10.0,-10.0,10.0
10.0,-10.0,10.0
10.0,-10.0,10.0
-10.0,10.0,10.0
-10.0,10.0,10.0
-10.0,10.0,10.0
-10.0,10.0,10.0
-10.0,-1.8127308,-10.0
-10.0,-2.1515331,-10.0
-10.0,-2.4975338,-10.0
-10.0,-2.8509178,-10.0
10.0,-10.0,10.0
10.0,-10.0,10.0
10.0,-10.0,10.0
10.0,-10.0,10.0
10.0,-10.0,10.0
10.0,-10.0,10.0
10.0,-10.0,10.0
10.0,-10.0,10.0
10.0,-10.0,-10.0
10.0,-10.0,-10.0
10.0,-10.0,-10.0
10.0,-10.0,-10.0
-3.5184727,10.0,10.0
-3.3496666,10.0,10.0
-3.1747513,10.0,10.0
-2.993555,10.0,10.0
-10.0,10.0,10.0
-10.0,10.0,10.0
-10.0,10.0,10.0
-10.0,10.0,10.0
0.673193,-10.0,10.0
0.68569946,-10.0,10.0
0.6983948,-10.0,10.0
0.711298,-10.0,10.0
10.0,10.0,10.0
10.0,10.0,10.0
10.0,10.0,10.0
10.0,10.0,10.0
10.0,-10.0,10.0
10.0,-10.0,10.0
10.0,-10.0,10.0
10.0,-10.0,10.0
10.0,10.0,10.0
10.0,10.0,10.0
10.0,10.0,10.0
10.0,10.0,10.0
10.0,-10.0,-10.0
10.0,-10.0,-10.0
10.0,-10.0,-10.0
10.0,-10.0,-10.0
-10.0,8.214692,10.0
-10.0,8.104191,10.0