
-79.10823989985509,814.5622198396247,221.92986563132203
-79.72637704351263,814.1939785105967,221.08888795902953
-80.35386570631555,813.8383909278804,220.26790911107614
-80.9918620322834,813.4957540458314,219.46692909182744
-81.64191396236319,813.1664734088117,218.68594790554272
-82.30608239189203,812.8510989191007,217.9249655563749
-82.96791944663885,812.5480905750868,217.16398204837938
-83.6098013111861,812.2543380464018,216.3829973856116
-84.23172682033459,811.9675060494872,215.58201157222445
-84.83369512235049,811.685639234949,214.76102461247726
-85.41570562372682,811.4071214497321,213.92003651073566
-85.9777579537253,811.1304654563787,213.05974303410565
-86.51985196219074,810.8541034905941,212.1824124385799
-87.04283460494887,810.5763194582374,211.29120347411111
-87.55196782012997,810.2931056701613,210.39094820362754
-88.05230276532049,810.0007945839922,209.48584731014378
-88.54498579252802,809.6983774167358,208.57754072776663
-89.03093599320127,809.3850253402228,207.66720331500804
-89.51088962307347,809.0600624322847,206.755673600901
-89.9854363461658,808.7229404710557,205.8435462732242
-90.45504834828847,808.3732167481124,204.93123748885802
-90.92010362206547,808.0105350082251,204.01903104067895
-91.38081149845274,807.6454902959053,203.0978293897061
-91.83692323026638,807.2880523322962,202.15797664578795
-92.28780079958348,806.9366830441838,201.1985754426305
-92.73268879037347,806.5898725112364,200.21917316959767
-93.17072513804064,806.2460770330849,199.2197698318975
-93.60096560903075,805.9036447292114,198.2003654348444
-94.02242305676012,805.5607167011968,197.16095998385907
-94.43412790611335,805.2151108833336,196.10155348446864
-94.8334102050887,804.8651892496073,195.02984903225558
-95.2189537850487,804.5091276725453,193.95403780766068
-95.59260944718035,804.1441839501467,192.8748325936613
-95.95626511750106,803.7677578651804,191.79249353546135
-96.3116360685189,803.3775980214986,190.7069868628906
-96.66017117574638,802.9718924154535,189.6181324178611
-97.00304481336163,802.5492677357788,188.5257026796174
-97.3411892845556,802.1087386188048,187.4294753939704
-97.68360116356071,801.6534638697501,186.32129600201463
-98.03929221648224,801.1868710309556,185.19311561929425
-98.40895018560111,800.708767046834,184.04493425180843
-98.79280888749328,800.2191330247823,182.87675190566264
-99.19047309751846,799.7182295879047,181.68856858706877
-99.60098612801124,799.2068701300162,180.48038430234504
-100.0231699243259,798.6867625445944,179.25219905791604
-100.45599240257134,798.1606311381219,178.00401286031274
-100.891676800461,797.6334736858543,176.74881850162046
-101.32321138338918,797.1079585297413,175.4994956638964
-101.75117777080156,796.5828182657948,174.25589142042477
-102.17603906163818,796.0570937755031,173.01796417520703
-102.59815581285574,795.5300593837048,171.78572885529903
-103.01780463720021,795.0011650036739,170.55922706509634
-103.43519572713119,794.4699922427163,169.33851165445324
-103.8504878096317,793.9362214472608,168.1236391591445
-104.27023356837606,793.3974692025685,166.90303555738177
-104.70182466121702,792.8524966780193,165.6649022118335
-105.14749594409415,792.3035777144116,164.40882718564802
-105.61051314544255,791.7537013899727,163.13428454079508
-106.09321300201675,791.2070138350956,161.84043180911502
-106.59599374215982,790.6686177153196,160.526657386122
-107.11885377606077,790.1438287712865,159.1928821095287
-107.66179077784162,789.6372021625737,157.83910598642763
-108.2180468169304,789.1344986139661,156.4818089825444
-108.78076614401364,788.6191735917141,155.13773759366032
-109.34966636667347,788.0904380742533,153.80726063042349
-109.92432184973354,787.5474802918433,152.49040480088235
-110.50421124748806,786.9894689858675,151.18686043968376
-111.08876375208813,786.4155535786222,149.89604024773706
-111.67739101245903,785.824864973549,148.617163241306
-112.26950274986233,785.2165189152194,147.34933913025543
-112.86139894328073,784.5891647168386,146.0968098222461
-113.44959493075139,783.9418965745452,144.86427973735022
-114.0339396877155,783.2747139374942,143.65174888212192
-114.61429640510407,782.5876162338708,142.45921726300887
-115.19054099588467,781.8806028728519,141.28668488635242
-115.76256082858266,781.1536732463669,140.1341517583876
-116.33025368539252,780.4068267306889,139.00161788524304
-116.89352687144665,779.6400626878883,137.88908327294104
-117.46462648565006,778.8533810665804,136.7965479273976
-118.055844158139,778.0467842032248,135.72401185442232
-118.66718280263194,777.2202750321142,134.67147505971846
-119.2986453327404,776.3738564879663,133.63893754888295
-119.95023466196888,775.507531505924,132.62639932740635
-120.62195370371482,774.6213030215546,131.6338604006729
-121.31380537126866,773.7151739708506,130.66132077396045
-122.02579257781377,772.7891472902294,129.70878045244058
-122.73819406811809,771.863224957667,128.7562394411873
-123.43189348628758,770.9574051454113,127.78369774527468
-124.10804542920381,770.0716852115487,126.79195305931175
-124.7676769008012,769.2060626734333,125.78280212624229
-125.41168134587514,768.360535188424,124.7582550184177
-126.04082349378898,767.5351005347159,123.72034410708413
-126.6557450223418,766.7297565930045,122.6711231716398
-127.25696850549986,765.9445013288451,121.6126725704463
-127.85982281277165,765.1701608258119,120.56013077882132
-128.48109858216853,764.3977890231638,119.5275883461025
-129.1224888731502,763.6278818413389,118.51504527778046
-129.78399329695546,762.8609830144458,117.52250157923945
-130.46561138537365,762.0976416399948,116.54995725575736
-131.16734259029053,761.3384086955913,115.59741231250577
-131.88918628339508,760.5838376459373,114.66486675454986
-132.63114175570814,759.8344858523506,113.75232058684853
-133.37320884778626,759.0779381862125,112.85977381425425
-134.09538985537458,758.3014972952919,111.98722644151322
-134.79768769149516,757.5051602795529,111.13467847326523
-135.48010526927584,756.6889242393842,110.30212991404376
-136.14264550195017,755.8527862755992,109.48958076827594
-136.78531130285737,754.9967434894367,108.69703104028254
-137.40810558544234,754.1207929825598,107.92448073427798
-138.0110312632557,753.224931857057,107.17192985437035
-138.5940902776662,752.329157215406,106.41937840457022
-139.15728068099855,751.4534661600841,105.64682638888821
-139.70059955339562,750.5978557931783,104.85427381143239
-140.22404397510593,749.7623232163495,104.04172067641721
-140.72761102648374,748.9468655308332,103.20916698816346
-141.21129778798897,748.1514798374387,102.35661275109828
-141.67510134018724,747.3761632365498,101.48405796975518
-142.11901876374995,746.6209128281242,100.59150264877404
-142.55285143069818,745.8857261883238,99.68636363631207
-142.98613431992212,745.1706027864516,98.77593669065816
-143.41830984764383,744.4755425021983,97.85999650799697
-143.84878123216959,743.8005451309655,96.93836335849225
-144.2769254686563,743.1448055780139,96.01093226037726
-144.7021286910433,742.5066046314957,95.07771542370757
-145.1238281738866,741.884129657291,94.13887789799165
-145.54154147533626,741.2756319815703,93.19475134038613
-145.94719778996577,740.6732950902117,92.24071827325132
-146.3329443238851,740.0704481971125,91.27219776523044
-146.69878110942017,739.4677871195632,90.28979441999562
-147.0447080489418,738.8664827027102,89.29424141280299
-147.37072481100319,738.2686255045111,88.28608058187011
-147.67746498795327,737.6773596774595,87.26523792790785
-147.96716939262075,737.0964630095897,86.23089367265736
-148.24253186310182,736.529536611358,85.18191263494712
-148.52130809279922,735.979704313787,84.11654807381586
-148.81951283369798,735.447214740849,83.03384666727334
-149.1352389749723,734.9297345715444,81.93434325403102
-149.4661705085925,734.4252666702985,80.81868998913575
-149.81034790016713,733.9321986167929,79.68762744238921
-150.1661113961966,733.4492123438047,78.54193874854396
-150.5320394300947,732.9751943807491,77.3823994287714
-150.90689817396964,732.5091682740632,76.20973889177924
-151.2796059773926,732.0431152761973,75.03620956422313
-151.63768351564295,731.5694538411935,73.87429399485268
-151.977495526829,731.0879696006809,72.72558071847882
-152.29738078643268,730.598092069593,71.59261230130936
-152.59734058034257,730.0990344167863,70.47828287721336
-152.8773763092374,729.5900311216423,69.38395307833646
-153.13748947729678,729.0704277644286,68.3096229104978
-153.37768167586685,728.5396724303688,67.25529237941018
-153.60273784773076,728.0132297514994,66.20096149068894
-153.8161395126745,727.5068190773025,65.1266302499494
-154.0150423125014,727.020438506484,64.03229866290438
-154.196101766545,726.5540856869056,62.91796673537304
-154.35737234528673,726.1077578340564,61.7836344732809
-154.49870902018216,725.6814520478353,60.629301882659824
-154.6201088736174,725.2751654208066,59.45496896964805
-154.72156898808456,724.8888950451095,58.260635740490144
-154.82308644617294,724.5226389847451,57.0605339400981
-154.94465833047153,724.1763991924386,55.868585990342254
-155.08628172347153,723.8501785927772,54.684166011836126
-155.2479537075575,723.5439801099227,53.5066312632376
-155.42967136500747,723.2578066676115,52.335316037259915
-155.6314317779928,722.9916611891541,51.169522261737974
-155.85323202857825,722.7455465974359,50.00850724610919
-156.09506919872211,722.5194658149163,48.85147436449621
-156.35051531048353,722.313421451279,47.687243627996615
-156.61283567608302,722.1274148514708,46.5047615955596
-156.88146669353634,721.9614469756735,45.303485517392694
-157.15594059841874,721.8155187090947,44.08292643961785
-157.4358679920771,721.6896308746265,42.84264125063026
-157.7209236285469,721.5837842432029,41.58238740712906
-158.01083114002918,721.497979542104,40.30213334252016
-158.305350018284,721.4322174610182,39.001879063611355
-158.6045760664036,721.3664986716669,37.69415395429492
-158.9085258247876,721.2808238715157,36.390922892687584
-159.216822172805,721.175193721791,35.09111110430199
-159.5291033470576,721.0496088298532,33.79374827320301
-159.84502131179096,720.9040697513283,32.497960503968955
-160.16423918945927,720.7385769919345,31.20296253732965
-160.4864276844483,720.5531310088611,29.90805082399162
-160.8112606885461,720.3477322115622,28.612597807483546
-161.1382500929115,720.1365731037225,27.308957164460075
-161.46718686137643,719.9339001128883,25.98977257825683
-161.79828667378484,719.7398068867874,24.65503686852216
-162.13173157373103,719.5543600778167,23.30474948302361
-162.4676749110305,719.377603486512,21.938915361821802
-162.80624560533042,719.2095615996288,20.557544080870887
-163.14755185682682,719.0502426038034,19.160649178724412
-163.49168433300954,718.8996409319432,17.74824762247764
-163.8430946677866,718.7634204751183,16.324536938941595
-164.20511081019518,718.6472520687666,14.893083606785211
-164.575851751544,718.5511371156225,13.452829705535459
-164.95391809434693,718.4750767812685,12.003042804286991
-165.33824904004535,718.4190720533016,10.54323634992781
-165.72802348893418,718.383123783076,9.073111031907047
-166.1225906288883,718.3672327153109,7.592512154901982
-166.5214206795183,718.3713995091331,6.101398886160036
-166.93226242110399,718.384299987934,4.610365376996242
-167.36310507294215,718.3958491668587,3.128646358426287
-167.81059769969642,718.4082747257601,1.653785007828822
-168.26933190507162,718.4230797378256,0.18405592878472365
-168.73602859416354,718.4410591058495,-1.2815414453597676
-169.20867484099065,718.462657992885,-2.7436325992645574
-169.68593442395877,718.4881435920399,-4.202638313562037
-170.166870349172,718.5176839523718,-5.6588566865680665
-170.64494438885728,718.5483036008964,-7.120347157824067
-171.11349790048504,718.5766204830251,-8.59482714657037
-171.5714001040438,718.6018525744031,-10.081497209828003
-172.01730585435794,718.6229966112325,-11.578712334466108
-172.44966330084276,718.6387981043306,-13.083773724358315
-172.86675196249826,718.6477494074553,-14.592799828820452
-173.2667495854728,718.6481292468898,-16.100749676776722
-173.64780759202253,718.6380731531862,-17.601600964736182
-174.00893750931894,718.6233101905566,-19.096398663574554
-174.35007222175742,718.6103095802243,-20.589194041309927
-174.67121150815527,718.5986639861105,-22.079333972228653
-174.97235520164014,718.5880356097477,-23.56580930529319
-175.2535031788664,718.57815734471,-25.047409828475214
-175.51465535150433,718.5688066654924,-26.522884379235606
-175.7558116617551,718.5597793566492,-27.99105853867055
-175.97697208103997,718.5508726031994,-29.450883689955088
-176.1981366471471,718.5411233176749,-30.916288679308998
-176.43930557263258,718.5296197661461,-32.40169350425502
-176.69966182546304,718.516227522092,-33.907098156894435
-176.97743953406354,718.5007687372682,-35.43250262922217
-177.27081997640025,718.4830535362144,-36.977906913126816
-177.57814148199813,718.4629065840322,-38.543311000390595
-177.8978988378381,718.4401885287704,-40.12871488268939
-178.22874075663617,718.4148097002736,-41.73411855159272
-178.57480995349718,718.3786566854944,-43.35952199856378
-178.9408886195713,718.3242078929126,-45.00492521495939
-179.32697934184162,718.2526961632566,-46.67011011437052
-179.7330845146274,718.1655131510955,-48.35335766709972
-180.15920632668752,718.0640640229902,-50.051533232087024
-180.60509460930447,717.9496581984745,-51.761351055636695
-181.06927561708275,717.8235348971256,-53.47969167117478
-181.54939036708743,717.6870022224016,-55.204031182884414
-182.02753417135563,717.5414270094868,-56.92695296730557
-182.48633048785035,717.3863563179434,-58.64082605672277
-182.92516254174404,717.2194658110403,-60.34304225244074
-183.3444246722809,717.0383287663284,-62.03084382064711
-183.74547702868676,716.8405033923585,-63.70139902629393
-184.13036958732556,716.6237556021608,-65.35262519600911
-184.50121372438196,716.3870628966994,-66.98385101821708
-184.85991843165357,716.1304233694354,-68.59507648424369
-185.22302022680245,715.8538360971112,-70.19920228513092
-185.60616676962627,715.5573032423431,-71.8089307362567
-186.00936095495908,715.2412389416527,-73.4239518770407
-186.43260550376192,714.9079868640252,-75.04405939959008
-186.8733655073424,714.5619518986622,-76.66887706218913
-187.32750605867741,714.207781043999,-78.29771299719118
-187.79249191166522,713.8493336116377,-79.92969418851851
-188.26687600013437,713.4895558667183,-81.56389504103136
-188.74861776240814,713.1321826665193,-83.20664964997886
-189.23630057041606,712.7794284314593,-84.86508318209852
-189.73017585694487,712.4307913723521,-86.5398735427138
-190.23054248330055,712.0858134791368,-88.23174084430231
-190.73774134056248,711.7440948100447,-89.94144357891994
-191.2521440603548,711.4053099322557,-91.6697711566491
-191.77413397291224,711.0692244084041,-93.41753267989414
-192.30407865509204,710.735708185732,-95.18521484418734
-192.83557202512577,710.4107385216523,-96.95787490017209
-193.36246989760758,710.0999923277317,-98.72104404551321
-193.8856213069614,709.8027852986213,-100.47573010574587
-194.40581343410332,709.5184386605722,-102.22276056925978
-194.92375810351848,709.2463167948113,-103.96281132412454
-195.4400827478716,708.9858469010761,-105.69643194404536
-195.95532749396014,708.7365254432991,-107.42406765887047
-196.46994798354874,708.4979162573266,-109.14607823304878
-196.9809890761065,708.2671332161275,-110.86437776605656
-197.48525305748862,708.0415080370962,-112.58066039610432
-197.98269215388666,707.8210760568286,-114.29468749855286
-198.47330029393356,707.6058706099069,-116.0060118244122
-198.9571039132726,707.3959049059417,-117.71404494264169
-199.4341516177873,707.1911519992483,-119.41812872734162
-199.90450466766805,706.9915267499911,-121.11760209290502
-200.3682299733604,706.7968728977096,-122.81185630522414
-200.82592070849452,706.6049308086617,-124.5045721569181
-201.2781648643619,706.4134078596202,-126.20051933808034
-201.7250890847357,706.2220192151246,-127.90142351193685
-202.16695872062797,706.030433739908,-129.60922862271778
-202.604174808075,705.8382831114806,-131.3260491196634
-203.03726126691447,705.6451775420015,-133.05410255989517
-203.4668441011569,705.4507264448545,-134.7956286822242
-203.89362557458043,705.2545611865665,-136.55280343840644
-204.32656070825172,705.0540059649943,-138.31055173871002
-204.77194059720227,704.8483545308964,-140.05458856441012
-205.2258814492335,704.6405039155759,-141.7876814605147
-205.68570462601045,704.4322491437049,-143.5112023660495
-206.14958475233752,704.2247208836565,-145.22584479144157
-206.61630583224323,704.0186437785969,-146.9319842678296
-207.0850706199687,703.8144922306167,-148.62985089964724
-207.55536117873368,703.6125847068395,-150.31960868171498
-208.0288930262189,703.4103392685529,-152.00123761508013
-208.50705937320922,703.2057592089436,-153.67470586382757
-208.9888930925817,703.000103056489,-155.3401013468768
-209.4735957303275,702.7943338163398,-156.99746761349272
-209.96052612916702,702.5891957750001,-158.64683300116226
-210.4491771204655,702.3852702013047,-160.28822578590302
-210.9391507095463,702.1830158098749,-161.92168124851273
-211.43013597808982,701.9827982954785,-163.5472443443805
-211.91888780519432,701.786119585048,-165.1667651694318
-212.40248493121294,701.5938302676681,-166.7818461859289
-212.88126218607454,701.4050446941022,-168.39205679894565
-213.35548237099226,701.2190349066768,-169.99699221738618
-213.8253522506803,701.0351885240271,-171.59626751498033
-214.2910344215455,700.8529794302226,-173.18951308769633
-214.75265617249738,700.6719470526326,-174.77637111584963
-215.21031617204545,700.4916814402411,-176.35649274957345
-215.66616589797619,700.3085975657681,-177.93541954015913
-216.1223915372541,700.1193636063422,-179.51882394357887
-216.57915686262064,699.9241125149246,-181.1066158837878
-217.0366439164127,699.7230088556125,-182.69869105995014
-217.49505374672492,699.5162541519486,-184.29493003806473
-217.95460636973405,699.3040926303435,-185.89519733925323
-218.41553962334214,699.0868171570125,-187.49934058491098
-218.87810654423765,698.8647750301614,-189.10718977871016
-219.3361610832466,698.63966813826,-190.71750091405085
-219.78288399190882,698.4129655739317,-192.32945562800222
-220.217401019641,698.184421025343,-193.94362690157544
-220.63935570679786,697.9534611324941,-195.5603637711059
-221.04901606976512,697.7192094803577,-197.17978204840435
-221.4472056747036,697.4805925740709,-198.80182692029592
-221.83509268788598,697.2364746048081,-200.42636697232498
-222.2139515948207,696.9857618828355,-202.05327092723255
-222.59249487620448,696.7257385405579,-203.6713271598563
-222.97799703721898,696.4563895721441,-205.2693823094557
-223.36917526949355,696.1814392016315,-206.8481917176456
-223.7652492224142,695.9035661073896,-208.4095478097685
-224.16572262400206,695.6247409678792,-209.95535828378164
-224.57025738181596,695.3464541787248,-211.4872334491714
-224.97860209166447,695.0698641907312,-213.00654734793181
-225.39055282814147,694.7958903125038,-214.5144821519111
-225.7997796036129,694.5256177719024,-216.02443083270666
-226.19999140900913,694.2598550504633,-217.54899394056466
-226.59094904188086,693.998665159962,-219.08749388082296
-226.9721614902976,693.7417557056095,-220.63887922842704
-227.34291338761201,693.4885860355897,-222.20171608192422
-227.7023093923545,693.2384903076612,-223.77415754160165
-228.0493252205902,692.990805778363,-225.35390998614184
-228.38285785519045,692.7449908587521,-226.9382186857424
-228.70978815866837,692.4967583694735,-228.51540334033126
-229.0378081765157,692.242157583544,-230.07560799522355
-229.3674181661188,691.9814175064737,-231.61951599650027
-229.69913042933436,691.7147900002958,-233.14784773962253
-230.03345723521423,691.4425524187798,-234.66135466938584
-230.370894498765,691.1650096967436,-236.16081086230975
-230.71190135189906,690.8824950154664,-237.64700227347893
-231.05687683186392,690.5953678325088,-239.12071420859638
-231.41061684063482,690.2960530063293,-240.58801387604038
-231.77687126966023,689.9768692145747,-242.05378426456548
-232.15399202115285,689.6399228293127,-243.51692747880224
-232.54047239333244,689.2885918656132,-244.9772604783385
-232.9349621929212,688.925042186167,-246.43529914612617
-233.3363276340234,688.550545381798,-247.89198211065496
-233.74367518215837,688.1657950403603,-249.34846949369566
-234.15634117962924,687.7711310106574,-250.80602161090806
-234.56831247101812,687.3815441075568,-252.25656511952337
-234.97373540192376,687.0119690786994,-253.69410070688068
-235.3723298241938,686.6624526840064,-255.12388573318285
-235.7637212716244,686.33299390145,-256.5507784938948
-236.1474348065535,686.023591647165,-257.9791864156522
-236.52288952121555,685.7342447603236,-259.4130828478197
-236.88940149127419,685.4649519877613,-260.8561129072063
-237.24619110791218,685.2157119695155,-262.3117832735399
-237.58822543813864,684.9737562947294,-263.7646465265958
-237.9105923499276,684.7270075060949,-265.1975083770779
-238.21299930828167,684.4768657306385,-266.6103688173669
-238.4954467109991,684.2247167497488,-268.00322783994983
-238.75793475767716,683.9718930383978,-269.37608543742004
-239.000463454463,683.719722101379,-270.72894160247733
-239.2230326098388,683.4695936015809,-272.0617963279278
-239.42564182152088,683.2230097249272,-273.374649606684
-239.62829011799707,682.9886042772013,-274.67156903248997
-239.85097497085295,682.7740677418136,-275.9560968610018
-240.0936935363263,682.5785234249654,-277.2272133395628
-240.3564431522639,682.4005509904113,-278.48398407563764
-240.6392213649947,682.2386974296044,-279.7256050945909
-240.94202594444323,682.0913203987867,-280.9514370951962
-241.2637402922773,681.9564183211631,-282.1610373962984
-241.6006609829822,681.8317882688339,-283.3542277211256
-241.93972812825575,681.7045514126096,-284.54275327779
-242.27010173753374,681.5627111479287,-285.73843734697647
-242.59101763884647,681.4058162755247,-286.94140042074565
-242.90166676251442,681.2333539524986,-288.1517251610052
-243.20122035467327,681.0447310631442,-289.3694341705529
-243.48886726189616,680.8392549477651,-290.5944660401159
-243.76385733466682,680.6161203788166,-291.8266557272171
-244.02553729964734,680.3744115257416,-293.06572732422507
-244.29043372651228,680.1131923807872,-294.3056532609818
-244.5753736030434,679.8320133307171,-295.540135971397
-244.8803597283931,679.5332674308896,-296.76845416976215
-245.20430200800962,679.2227736435182,-297.9903383337931
-245.5430044628843,678.9065575868123,-299.20609406955623
-245.89173568458716,678.588545273358,-300.4163372413007
-246.24787386151326,678.2707781790209,-301.621698270428
-246.6097526017536,677.9543673558666,-302.8227504289555
-246.9776941983199,677.6368149399748,-304.02132509044566
-247.35161662808653,677.3158463529248,-305.21907355342506
-247.72980870767518,676.992572253182,-306.41618507212644
-248.11122910696574,676.6678767051035,-307.6128504380792
-248.49519681024975,676.3424738079518,-308.80923796980767
-248.88124223631175,676.016945842874,-310.00548983197524
-249.26902816838424,675.6917710472662,-311.2017240324967
-249.6583044801753,675.3673444943887,-312.39803775755183
-250.04572472044086,675.0413741795724,-313.5967626235575
-250.4280406417682,674.7114789541527,-314.8004495342087
-250.80522550304806,674.3778426171004,-316.00963506366725
-251.17723531295218,674.0406544468465,-317.22488096354425
-251.54400528392463,673.7001048184125,-318.44678373897983
-251.90544517701082,673.3563802914916,-319.675985675022
-252.26143340027704,673.0096581184032,-320.9131876923916
-252.61180972357633,672.6601001741147,-322.1591644667928
-252.957876820299,672.3106287045482,-323.4062224243275
-253.30120652129813,671.9639338231555,-324.6462474440835
-253.64212864942184,671.6197335516057,-325.8792220381398
-253.9809214791675,671.2778008437323,-327.10514230704143
-254.31781768877818,670.9379548787292,-328.3240139284069
-254.653010420324,670.6000536071657,-329.5358492873219
-254.9866590860443,670.2639873122802,-330.7406654626564
-255.31889470403019,669.9296730497675,-331.93848283350735
-255.64702772526954,669.5956009093427,-333.13512452172614
-255.968264849364,669.2600398718421,-334.3365248857427
-256.28252495405866,668.9224011587789,-335.5429246463545
-256.5897459108273,668.5819523753995,-336.7545501968065
-256.8898884820749,668.2378375817964,-337.9716003676976
-257.1829392667879,667.889102938811,-339.194236777226
-257.46891234138417,667.5347252582727,-340.42257877075417
-257.7478493020617,667.1736405323823,-341.65670301263526
-258.0303362106413,666.8107281700017,-342.89054272480223
-258.32688389129714,666.4491377512751,-344.1188414767462
-258.6373461392014,666.0844620996263,-345.3431876627757
-258.96134940054463,665.7128084076566,-346.56504235365236
-259.2980238129927,665.3313374488343,-347.7859163774531
-259.6458106720615,664.9386830493892,-349.00761315043394
-260.0025722866095,664.5349100480287,-350.2322922280893
-260.36601191748997,664.1209883253861,-351.4622358303491
-260.73119698876303,663.7037335825552,-352.69175967719417
-261.09453177676687,663.2892971871067,-353.91434484524405
-261.45639218313846,662.8775976103917,-355.1305256888829
-261.81706252955337,662.4685531535099,-356.3407514618784
-262.1767607600759,662.0620818338595,-357.5454071914023
-262.5356558931219,661.6581017655475,-358.7448282148864
-262.89388026506634,661.2565316979834,-359.93931041389965
-263.25153833503254,660.8572915254738,-361.12911765566736
-263.6058063854303,660.4584300390659,-362.3125240251071
-263.95486102578155,660.0574377643209,-363.48746678418416
-264.30028244801133,659.6534263949148,-364.65358744238273
-264.6428830347611,659.2459614179951,-365.8106438365195
-264.98308953064486,658.8348282962497,-366.9584760140002
-265.3211301850982,658.4199238836624,-368.09697409065814
-265.6571294101672,658.0012028850757,-369.22605725466065
-265.9911567392544,657.5786505128021,-370.3456614502831
-266.32026953617,657.1479372091597,-371.4613709982539
-266.64201229751177,656.7037137806732,-372.57817761838095
-266.9574359843076,656.244018903225,-373.69506826492835
-267.2675930928833,655.7671126497659,-374.81148499737503
-267.5734594622756,655.2715542496961,-375.92730402264954
-267.8759039935052,654.7563715356921,-377.04280197615367
-268.1756940042008,654.2212327288062,-378.1586090424769
-268.4735157328945,653.666137492782,-379.2756465790727
-268.76172001576293,653.0910851845349,-380.39342747111516
-269.03161258846455,652.4960735910661,-381.5120896474643
-269.28203661072035,651.8810999505278,-382.634270102761
-269.5125560742254,651.2461613811023,-383.76326051649846
-269.7231738946163,650.5912549800596,-384.902906675442
-269.9138929876353,649.9163778450945,-386.0574961006139
-270.0847162691306,649.2215270743274,-387.2306794382815
-270.23564665505614,648.5066997663035,-388.4238607168204
-270.36847820393467,647.7718931070691,-389.6264434058902
-270.4836385917867,647.0171045649706,-390.8274555823658
-270.5793395923993,646.2423314095023,-392.0260693519685
-270.6551593622613,645.4475707615604,-393.2213232600727
-270.71110081783183,644.632819721817,-394.412157176522
-270.74716687567576,643.7980753913694,-395.5974254409021
-270.76336045246364,642.9433348717403,-396.775894826572
-270.75968446497166,642.0685952648779,-397.94624411115944
-270.7386781431376,641.1738537964569,-399.1021910444766
-270.70248321218486,640.2591081664582,-400.23813585555536
-270.6502999873544,639.3243561015979,-401.3540785383552
-270.5813164472411,638.369595210995,-402.4500190869421
-270.49471339794474,637.3948229847613,-403.52595749548834
-270.38966830970605,636.4000367932545,-404.58189375827243
-270.26535727766543,635.3852338867611,-405.6178278696795
-270.1212847967237,634.3504114113489,-406.63375982420087
-269.95736803438996,633.3155664768813,-407.6377209029087
-269.7736050469609,632.3006961890999,-408.6385352708116
-269.5699929185513,631.305797653357,-409.6376027274175
-269.34652873338166,630.3308679745792,-410.6359801729215
-269.1032095757779,629.3759042572682,-411.6344462198731
-268.8400325301715,628.4409036055002,-412.63357468498424
-268.55699468109975,627.5258631229265,-413.63380839374275
-268.2540931132053,626.6307799127728,-414.6355258467749
-267.93132588352387,625.7356510778756,-415.6281016212878
-267.58869493834675,624.820473721071,-416.6007023081823
-267.22620319635826,623.885244945586,-417.5533007797891
-266.84385357634824,622.9299618550727,-418.48589703104267
-266.4616480249159,621.9746225258613,-419.41849105697503
-266.0995845995099,621.0392289234317,-420.3710828526182
-265.7576603851932,620.1237839851618,-421.34367241290676
-265.4358724669217,619.2282906480045,-422.33625973266885
-265.13421792954415,618.3527518484874,-423.34884480662635
-264.85269385780225,617.4971705227127,-424.3814276293948
-264.5912973363308,616.6615496063579,-425.4340081954834
-264.3500254496574,615.8458920346749,-426.50658649929494
-264.1288762544901,615.0302007425261,-427.59089294212924
-263.9278516965798,614.1944786647739,-428.67836708102175
-263.7469546938579,613.338728736671,-429.7684052400698
-263.58618816414855,612.4629538938955,-430.86033441838686
-263.4455550251689,611.5671570725509,-431.95335823799167
-263.3250581945292,610.6513412091666,-433.0464988514568
-263.2247005897325,609.7155092406973,-434.138540835108
-263.1444851281748,608.7596641045233,-435.2279844773475
-263.08441375485745,607.8038087384145,-436.32571482553504
-263.0444845255251,606.8679460801415,-437.4434428535284
-263.0246945235276,605.9520790670845,-438.5807631570152
-263.025040832108,605.0562106361986,-439.7365274812758
-263.04552053440216,604.1803437240133,-440.9091933129934
-263.08613071343876,603.3244812666327,-442.0971001005839
-263.1468684521396,602.4886261997357,-443.29846259565056
-263.2277308333193,601.6727814585755,-444.5113711429107
-263.328715911973,600.8569499780155,-445.73116149150337
-263.4498256321386,600.0211346929188,-446.95193488297076
-263.5910627793476,599.1680267723862,-448.1697401370407
-263.75242949662425,598.3027786562144,-449.3819794350629
-263.9339272292515,597.4296716034493,-450.5872159772644
-264.135556890398,596.5517395363225,-451.78387392844644
-264.35731902230225,595.6711543905335,-452.96939651120687
-264.5936533997332,594.7899935981263,-454.1404889904871
-264.83588005957165,593.9133890171724,-455.31091419126477
-265.08093389021866,593.0453428744476,-456.4961267748775
-265.3288958873396,592.1858354200854,-457.69602920084316
-265.5798038802774,591.3348438274269,-458.9105328149388
-265.8336727325104,590.4923437337785,-460.13955414322277
-266.09050503011804,589.658310037101,-461.38301296179833
-266.3502967999659,588.8327173214462,-462.6408312701835
-266.6130404407327,588.0155400822615,-463.91293276774456
-266.8678176087636,587.2092291029177,-465.1821557422307
-267.1052076864046,586.4118474895998,-466.4313762430946
-267.3281516353713,585.6148194907255,-467.6605942636935
-267.5391019150205,584.8107691045474,-468.8698097974909
-267.7396662041861,583.9942356247302,-470.0590228380569
-267.93077657839046,583.1613462017452,-471.22823337906766
-268.11291620571546,582.309485956609,-472.37744141430585
-268.28629283215207,581.4376516349612,-473.50664693766055
-268.44919193588083,580.5658418780614,-474.61800417896603
-268.60441021981677,579.7140552077876,-475.7142231595292
-268.75865715049315,578.8822910521009,-476.7963885364347
-268.9151637393833,578.0705495306069,-477.86544045132746
-269.0756097360472,577.2788311073974,-478.92212866296495
-269.24092105386956,576.5071364308044,-479.9670877420485
-269.411621084122,575.7554662520747,-481.0008845632474
-269.5880051544644,575.0238213806875,-482.0240454200638
-269.7773383618515,574.3083218899428,-483.0485691736099
-269.98677938796567,573.6038788946854,-484.0832556822491
-270.21632683750715,572.9073019096072,-485.1217513508283
-270.4659799006206,572.2137085899316,-486.15673494508576
-270.73573860456605,571.5165698690414,-487.1797351418728
-271.02448134930654,570.8082652161964,-488.18446225074155
-271.3259798740346,570.0824035734342,-489.1691867636721
-271.63208804095507,569.3365863121866,-490.1339086754281
-271.9419456957521,568.5908139151585,-491.0786279808796
-272.2573626482172,567.8650871230938,-492.003344675003
-272.5776405137695,567.1594066948967,-492.9080587528811
-272.9021565327451,566.4737732932009,-493.79277020970306
-273.2303567861996,565.8081874949305,-494.6574790407643
-273.56174806774493,565.1626498007535,-495.5021852414667
-273.89588969506576,564.5371606433341,-496.3268888073185
-274.2323858881569,563.931720394429,-497.13158973393433
-274.57681623362737,563.3416060734794,-497.92527962326665
-274.935492110122,562.7636268627234,-498.7159134717304
-275.30931710547316,562.2007958487892,-499.5011248477008
-275.69883895007285,561.6559915859945,-500.27799986594033
-276.1043074270236,561.1309290323412,-501.0431990576549
-276.5257909513083,560.6259267811533,-501.79303415965234
-276.96329581536344,560.1409871687474,-502.52421945379746
-277.41684674415774,559.676112532907,-503.23540207575195
-277.8740028972149,559.2232452719231,-503.94658202172513
-278.3224519942363,558.7741034966049,-504.6777592879265
-278.7624486220321,558.3282947809325,-505.428933870468
-279.19414130085977,557.8855254140713,-506.2001057653551
-279.61757276284146,557.4455865417597,-506.9912749684871
-280.0326887196107,557.008341562916,-507.802441475657
-280.43935587389416,556.5737202840093,-508.6336052825513
-280.8373909971529,556.1417239930688,-509.48476638475023
-281.22902453170866,555.7168925861475,-510.3461228957035
-281.61635749283005,555.3028600608228,-511.2075833730186
-281.9989951806454,554.8978905520125,-512.0685222756732
-282.3766711425828,554.5003363321588,-512.928242009096
-282.7492444561409,554.1086661590351,-513.7860145879829
-283.1166848017085,553.7214861654496,-514.6411201823857
-283.4790495693972,553.3375507298031,-515.4928772440502
-283.83645824325765,552.9557631582221,-516.3406617180683
-284.1931533495862,552.5700955334532,-517.180439589285
-284.55371234234815,552.1742784370236,-518.0077982369838
-284.91895743016585,551.7665162122919,-518.8211686708269
-285.2896789068933,551.34434329367,-519.6184459365388
-285.66650883091506,550.9044354212263,-520.39706996938
-286.049744189177,550.4447375082556,-521.1556912349909
-286.43920139058736,549.9650959466583,-521.8943097293371
-286.8342134640641,549.4655116005672,-522.6129254484913
-287.22813554676645,548.9592814343009,-523.311538388632
-287.61507515173685,548.4593924176163,-523.9901485460445
-287.9955476767752,547.9652803503307,-524.64875591712
-288.3698911796064,547.476473190113,-525.2873604983564
-288.7383153349015,546.992563610381,-525.9059622863581
-289.10093464225065,546.513190866719,-526.5045612778354
-289.45779174171855,546.0380284122963,-527.0831574696053
-289.80887457543,545.5667751343228,-527.6417508585912
-290.1470980528438,545.0931650171482,-528.186075488756
-290.46787139186205,544.611568704682,-528.7219299912553
-290.7757065338192,544.1230593982149,-529.2494980938415
-291.073907944831,543.6287130923498,-529.7690759644206
-291.3646055427009,543.1294266648362,-530.2810395522353
-291.64927917515604,542.6259266541405,-530.7857849581832
-291.92900934083195,542.1187998644217,-531.2836930551676
-292.2046125346034,541.6085221817142,-531.7751129737941
-292.48103858446444,541.0947259267983,-532.2642936690218
-292.76275989113105,540.5759207986071,-532.7551605948908
-293.0494901401931,540.0501201990627,-533.2474640725038
-293.34084694588796,539.5150003401702,-533.7410744848901
-293.6363214092296,538.9679026491871,-534.2359544841344
-293.9352484778589,538.4058473678689,-534.7321285127814
-294.2367836883905,537.8255585923539,-535.2296530433551
-294.53989189287836,537.2253210956699,-535.7285908783858
-294.8535503229239,536.6247481794247,-536.2250324516806
-295.1872996455567,536.0433422222649,-536.7138493881711
-295.5411370967017,535.480687483452,-537.1929472250099
-295.9150600039757,534.9359147506669,-537.660786736456
-296.3090658648736,534.4075492928711,-538.1163208294918
-296.7231524399529,533.8934668158428,-538.5588606260199
-297.1573178429699,533.3909758787578,-538.9879085994259
-297.6115606121831,532.8969823711169,-539.4030096969601
-298.08587935270725,532.4164600843152,-539.8171636064653
-298.58027146584215,531.9560084374539,-540.245359574962
-299.0947340320964,531.5156303578832,-540.6910196315741
-299.6292641318721,531.0953287725278,-541.156242912191
-300.18385884546444,530.6951066078863,-541.6414633151718
-300.7585152530621,530.3149667900317,-542.1466808379361
-301.353230434747,529.9549122446109,-542.6718954777974
-301.96800147049424,529.6149458968453,-543.217107231963
-302.60149253298977,529.2750706067197,-543.7623160975425
-303.2532049931428,528.915289015347,-544.2875220716454
-303.9244756438203,528.5356038857611,-544.7927251514792
-304.61580796861216,528.1360181192722,-545.2779253343573
-305.32720488070447,527.7165346419496,-545.7431226176996
-306.05866929317676,527.2771563802876,-546.1883169990324
-306.81020411900164,526.8178862612054,-546.6135084759884
-307.5818122710452,526.3387272120473,-547.0186970463067
-308.3534966620755,525.8396811882944,-547.4038827078325
-309.1052602048603,525.3207462567034,-547.7690654585176
-309.8371058122644,524.7819195121679,-548.1142452964203
-310.5490363972584,524.2231980500065,-548.439422219705
-311.241054872919,523.644578965963,-548.7445962266424
-311.91316415242864,523.0460593562055,-549.0297673156099
-312.56536714907566,522.4276363173274,-549.2949354850911
-313.19766677625427,521.7893069463466,-549.5401007336758
-313.81006497517706,521.151068340671,-549.7652630600603
-314.4025597980127,520.5329175977074,-549.9704224630475
-314.97514832474826,519.9348518144726,-550.1555789415463
-315.5278276354766,519.3568680875575,-550.3207324945721
-316.0605948103966,518.7989635131269,-550.4658831212469
-316.57344692981275,518.26113518692,-550.5910308207986
-317.0663810741357,517.7433802042502,-550.6961755925618
-317.5393943238819,517.2456956600049,-550.7813174359774
-317.99248473196116,516.7480786486815,-550.8464563505926
-318.4256542405391,516.2305262647767,-550.8915923360611
-318.8389057641745,515.6930356031771,-550.9167253921429
-319.2322422175324,515.1356037591942,-550.9218555187043
-319.60566651538346,514.5582278285646,-550.9069827157181
-319.9591815726043,513.96090490745,-550.8721069832633
-320.29279030417734,513.3436320924374,-550.8172283215254
-320.60649562519103,512.7064064805387,-550.7423467307962
-320.92030017080003,512.0549863858379,-550.6474622114739
-321.25420544724284,511.39531488097333,-550.532574764063
-321.60821263125604,510.7278679057408,-550.3976843891745
-321.98232281936276,510.0532388975461,-550.2427910875256
-322.3765370223663,509.37200461323124,-550.06789485994
-322.790856170673,508.6846948122325,-549.8729957073477
-323.2252811210712,507.99179499170725,-549.6580936307852
-323.6798126626826,507.2937528295473,-549.4231886313951
-324.15285291275535,506.58328153816035,-549.1682807104266
-324.64373144342625,505.8528805146889,-548.8933698692351
-325.1540501527112,505.1025524836866,-548.5984561092827
-325.68448493220615,504.332300346015,-548.2835394321373
-326.2350386959528,503.54212703567697,-547.9486198394737
-326.8057143578859,502.7320354871003,-547.5936973330728
-327.3965148318332,501.90202863513787,-547.2187719148218
-328.0074430315153,501.0521094150675,-546.8238435867145
-328.6185008982674,500.20227979026896,-546.4151750022916
-329.2096864842742,499.3725378349718,-545.9991340168881
-329.7809968695296,498.5628806507278,-545.5759306375228
-330.3324291341333,497.77330533866274,-545.1457743448243
-330.8639803582908,497.0038089994767,-544.7088746022921
-331.3756476223131,496.2543887334438,-544.2654411423975
-331.8674280066172,495.52504164041255,-543.8156836862028
-332.3393185917256,494.81576481980545,-543.3598106902313
-332.79131721201543,494.1110507214845,-542.8909303207439
-333.22342470793666,493.3955775042151,-542.4020470644139
-333.6356426292583,492.6697012368157,-541.8931609238407
-334.02797247526763,491.9337541169053,-541.3642719017304
-334.4004156980566,491.18804745398944,-540.8153800008954
-334.752973705221,490.432876854581,-540.2464852242546
-335.0856478616191,489.66852993646523,-539.6575875748329
-335.39843948987624,488.8952954219781,-539.0486870557618
-335.6913494311448,488.12249040544054,-538.4197836702793
-335.96437673560234,487.35928909786423,-537.7708774217297
-336.2175200115506,486.60559436207427,-537.1019683135634
-336.4507779006217,485.86101128828716,-536.4130563493374
-336.6641491294209,485.12477009026594,-535.704141532715
-336.8576325541329,484.3959184125702,-534.9752238674661
-337.0321075952856,483.6737158106905,-534.2268639596543
-337.1902488554214,482.95789678650397,-533.4617806653014
-337.3407303596174,482.255279134589,-532.6834139842395
-337.4898688730017,481.57268334510013,-531.8937911995071
-337.6365093110759,480.9101091386826,-531.0945251101784
-337.7794243580624,480.2675560625255,-530.2874434213561
-337.9172951464226,479.6450234783437,-529.4745247650128
-338.04870664108046,479.0425105484065,-528.6578199388795
-338.1721757699612,478.46001622304993,-527.8393543023989
-338.2862218094553,477.8975392353733,-527.0210023932777
-338.3900183286709,477.3506233096192,-526.1982734028526
-338.48394010388284,476.8142021484257,-525.3665128386519
-338.5688817761926,476.2868452117832,-524.5273135846318
-338.64562618266484,475.7667945227886,-523.6825508517242
-338.71483227595934,475.25211949071496,-522.8343246085622
-338.77703611384305,474.7408212034236,-521.9849148273208
-338.8326572661375,474.2308958523498,-521.136753557499
-338.8820059065141,473.72036982895884,-520.2924130486073
-338.93832256837453,473.20964381952706,-519.4533486200095
-339.01320133094845,472.69916122245036,-518.620629896061
-339.1040191446265,472.1876472171158,-517.7956204418658
-339.2089748613354,471.6748222833873,-516.9789730547413
-339.3269842785546,471.16106621805966,-516.1710769487771
-339.457508888438,470.6471838087618,-515.372275638897
-339.60043624661824,470.13425777064765,-514.5829849828486
-339.75599039144964,469.62355299805677,-513.8037757779808
-339.9120505946475,469.1231831817792,-513.0297485088616
-340.05816155727683,468.6386728577532,-512.2567364177336
-340.1972844134276,468.1667820909122,-511.4865773483248
-340.33122859974293,467.7052183374585,-510.7206231392655
-340.4611585726211,467.25225072486,-509.95990847511416
-340.58785774254403,466.8065045448972,-509.2052567785327
-340.7118720112667,466.3668439064005,-508.4573450292608
-340.8335920860567,465.93230031554293,-507.7167444843366
-340.9498247508257,465.4967733036842,-506.9790307024883
-341.05748669801727,465.05448251299765,-506.2396225100485
-341.1569810265645,464.605239219022,-505.4986675832446
-341.2484341818771,464.148990767233,-504.7561980920208
-341.3317038572674,463.6858220855577,-504.0121523672205
-341.40634964884003,463.21597194658705,-503.2663824665617
-341.47155556518527,462.73986865426497,-502.51865008152737
-341.5259788519106,462.2581942382458,-501.76860874096946
-341.5809930047475,461.7688225411216,-501.02422257319466
-341.64684954890953,461.27156233751737,-500.2926452226669
-341.72038879138034,460.77011136966956,-499.57212644770595
-341.79959778390366,460.26665855621525,-498.8613919620589
-341.88312092030924,459.76259639048106,-498.1595102032672
-341.970017673004,459.2588534095543,-497.46580022561386
-342.05962405693657,458.7560673215435,-496.7797652805258
-342.15146615000396,458.25468407906766,-496.10104406617603
-342.24267246069115,457.7586945222031,-495.4257071758966
-342.33049763202564,457.27160794352255,-494.75058414053893
-342.4147769926041,456.79283010177414,-494.07694119409683
-342.4953075200231,456.3217620321764,-493.40615780895047
-342.5718577785392,455.8577913990916,-492.7397447000976
-342.64418049830164,455.4002845083579,-492.07936252491083
-342.7120289339485,454.94857855632677,-491.4268395261033
-342.77517699145994,454.50197394689684,-490.7841854227012
-342.8384118079618,454.0519358605563,-490.1412461258145
-342.906902791474,453.5905079085328,-489.4873995656932
-342.98116900754496,453.1181004705974,-488.82377895790313
-343.0616630658179,452.63506970941114,-488.1514366879651
-343.1487869205923,452.1417187766932,-487.47132452236855
-343.2429295979885,451.63831057373204,-486.78428525342594
-343.3445235789409,451.1250936828689,-486.0910548147562
-343.4541136474086,450.60234220180155,-485.39227123914395
-343.56386428725415,450.0738074737195,-484.6916413352345
-343.6652586390033,449.54235516495356,-483.9923564119126
-343.7574107619605,449.0064755763907,-483.29393546257916
-343.83912135010553,448.4645315236489,-482.59580988385636
-343.9088174134216,447.9146276907034,-481.89731554561007
-343.9644916670026,447.3544062911874,-481.1976873112599
-344.00367045205394,446.7807306221155,-480.4960665884401
-344.0239700933821,446.18942392599183,-479.79154451996004
-344.044362119443,445.594568074322,-479.0753412934193
-344.08243803101647,445.0123398195687,-478.34281906782735
-344.13237198759134,444.442227817403,-477.6003474721683
-344.18916408866687,443.8838844777015,-476.851753506715
-344.25037774051094,443.3371514089189,-476.09871907475645
-344.31464475688665,442.80195590043627,-475.3420463239896
-344.3811188823689,442.27826748341135,-474.5821078982133
-344.4492426498652,441.7660799481596,-473.81903879013396
-344.5209465546134,441.2668799973183,-473.0577520655452
-344.59810914580095,440.7819462221855,-472.30309145822736
-344.6802357373807,440.31091175087215,-471.55496761004906
-344.7669345869912,439.85348904825514,-470.81329572093034
-344.8578901434299,439.4094474536689,-470.07799538957994
-344.9528449106544,438.9785980443586,-469.3489901364198
-345.05158673967696,438.5607831468294,-468.626206719801
-345.15393965023026,438.15586888788437,-467.90957439118483
-345.253043204366,437.75472722905783,-467.2044092244595
-345.34261679669623,437.3492604874436,-466.51576114941497
-345.4235869206488,436.9414354638932,-465.8431038840651
-345.49674160461785,436.5332771022772,-465.18609310549084
-345.5627414642354,436.1268677266291,-464.54461214896156
-345.62212736697364,435.7243445006951,-463.91879325246174
-345.67532519605703,435.32789698851315,-463.3090262851942
-345.7226492946901,434.9397672837504,-462.71596451015535
-345.7749739454232,434.5509562708683,-462.1259990132685
-345.8404332674631,434.15490577905047,-461.52483552906904
-345.9147792799263,433.75721708327035,-460.91226221535595
-345.995320607556,433.361087105123,-460.28851361680256
-346.0802933838401,432.96839225296276,-459.6538826005715
-346.1684919402971,432.58028288267207,-459.00861213478174
-346.25906178094226,432.19749328599823,-458.3528786249566
-346.35137989216145,431.8205078928885,-457.6867998261812
-346.43956760388664,431.4502480027432,-457.0226586423254
-346.518095860367,431.08832619641254,-456.3738301150619
-346.5871961505218,430.73662174438016,-455.742637807124
-346.6472529426516,430.39721953823164,-455.1308552337541
-346.69882811182464,430.0723518317697,-454.5390702401926
-346.7426219790048,429.76427933298834,-453.9672828295863
-346.77940507685935,429.4751671901286,-453.4154930049757
-346.80996102768995,429.2060599482732,-452.88370076929505
-346.82761901367394,428.95695639386605,-452.35190612538105
-346.8253174039453,428.7278539593052,-451.8001090760704
-346.8030532816539,428.5187497334084,-451.2283096242973
-346.76082373005585,428.3296408045679,-450.6365077731023
-346.69862583251336,428.16052426075044,-450.0247035256324
-346.61645667249485,428.0113971894977,-449.3928968851408
-346.514313333575,427.88225667792574,-448.7410878549872
-346.39219289943446,427.7730998127255,-448.06927643863764
-346.270093426139,427.6639246524853,-447.37746263966454
-346.16801685890397,427.53473314494346,-446.6656464617467
-346.0854504653391,427.38552818544775,-445.9338279086692
-346.02104211647406,427.21631252869275,-445.1820069843235
-345.9732605069116,427.02708870772494,-444.4101836927074
-345.9408492716564,426.8178590526548,-443.6183580379252
-345.9227920792582,426.58862572836756,-442.80653002418745
-345.9182734281728,426.3393907666179,-441.97501338509716
-345.9258982592532,426.0781719653245,-441.13978339534015
-345.9432182291624,425.81394775890715,-440.31687972838756
-345.9679023753196,425.5482933124669,-439.50687118429596
-345.99841986510785,425.28223264449446,-438.71004010170026
-346.033728416898,425.0164613498726,-437.92651588842864
-346.07309468804283,424.75146842309937,-437.15634378142045
-346.11598780142015,424.4876067835155,-436.39952139152535
-346.1620140909968,424.22513623436544,-435.6560187030077
-346.2086873573684,423.95342006851104,-434.91477967000225
-346.25375621000717,423.6617105910435,-434.1648409075356
-346.29735916371845,423.3500075778868,-433.4063502820299
-346.33965045630544,423.01831082629866,-432.63946184166974
-346.38080125615824,422.666620157251,-431.8643370566547
-346.42100089732116,422.29493541798905,-431.0811462282522
-346.4604580755779,421.90325648476886,-430.29007010670546
-346.4994019092343,421.49158326576105,-429.4913017795072
-346.54003769863095,421.06761329101914,-428.68250915623656
-346.58331896650304,420.6391601934129,-427.86166480398526
-346.627506846238,420.2064109257631,-427.0293902032912
-346.6716407287847,419.7694831526199,-426.1860270157417
-346.715151558963,419.3284557356692,-425.3317738647101
-346.7576882130102,418.8833841487863,-424.46674853494744
-346.7990288679256,418.434309163513,-423.59102026447107
-346.839031640808,417.9812620858416,-422.7046280036126
-346.87532242708147,417.5278828042279,-421.81925998568744
-346.9058086061072,417.0781959594342,-420.946468348005
-346.9309845698466,416.63299541492006,-420.085922553119
-346.95140883096656,416.19305543389174,-419.23713505200914
-346.96766497756914,415.75911031684785,-418.39949702064456
-346.9803281971251,415.33184384765593,-417.5723235240953
-346.98994188224873,414.91188694301746,-416.7548977822829
-346.99700454548633,414.4998206958958,-415.94650781968846
-347.0129428447423,414.0870551594846,-415.13245923220035
-347.0489475084571,413.66612160233944,-414.29840843723196
-347.1050195017676,413.24028359575203,-413.4463722801522
-347.18033913284853,412.8135059406354,-412.58029036166636
-347.2727582448704,412.3899390409066,-411.7029715118714
-347.37988059575486,411.97346656678195,-410.815472967812
-347.49973940347235,411.5675373129345,-409.9177781645931
-347.630644013863,411.1751469771144,-409.0093709984755
-347.7645944902002,410.78788405841385,-408.09601727249833
-347.8941963474338,410.3959761974104,-407.1837791889625
-348.0190787383046,409.99945792668535,-406.2725887453689
-348.1388855071367,409.59834814876905,-405.36236932196095
-348.25329238621117,409.1926426181233,-404.45303480148306
-348.36202537174245,408.7823065454218,-403.5444890274351
-348.46487860446996,408.36726846906964,-402.6366256785451
-348.56172982268265,407.9474166533147,-401.72932856479656
-348.65599831967296,407.52276132246556,-400.82231727416786
-348.75120704215215,407.09346724963405,-399.9155696938077
-348.8474899544236,406.65971560522274,-399.0094860813269
-348.9449885106427,406.2216976447937,-398.10447613359247
-349.043851892048,405.77961576577707,-397.2009591636916
-349.14423717000403,405.3336846482516,-396.29936415165315
-349.2463093532387,404.88413246690976,-395.4001296078015
-349.3502412904191,404.4312021577353,-394.50370322001413
-349.45152020924183,403.9746716664797,-393.6077349591796
-349.54559066932154,403.5143164563825,-392.70925542083626
-349.6325298090738,403.050336898364,-391.80749504882897
-349.7123804868949,402.5828505118869,-390.901713781425
-349.7851386457724,402.11190952693016,-389.99118861242425
-349.8507385023648,401.63751867154156,-389.07519455463205
-349.909034514116,401.15965303580793,-388.1529787342536
-349.95977840513166,400.6782764683501,-387.22372644104627
-349.9997036394436,400.19993470906576,-386.29168969762634
-350.02680806498705,399.7309111165226,-385.3613161556851
-350.0433396520105,399.2707664846962,-384.43217638175776
-350.0514805032266,398.81928474272587,-383.5038901942871
-350.0531587901234,398.37640574611504,-382.5761080085637
-350.0499631376371,397.94214580713685,-381.64851377595187
-350.0431502048025,397.51654693533567,-380.7208252827492
-350.0336945578048,397.09965285196404,-379.7927896524811
-350.02132626362953,396.6824763746061,-378.8545195143744
-350.00535187122614,396.2558619216564,-377.89624736169736
-349.98577520005944,395.81951218155353,-376.9179731995456
-349.96260735338217,395.37312768183534,-375.91969703312117
-349.9358674755707,394.9164095444679,-374.90141886773245
-349.9055835002159,394.44906252691004,-373.86313870879417
-349.8717928686622,393.97079837418255,-372.8048565618274
-349.8345431967732,393.4813394976726,-371.72657243245976
-349.8056166334463,392.9784296412467,-370.63101600696194
-349.79575414803037,392.46213174228484,-369.5220111899502
-349.80081658039467,391.93673066706356,-368.4018256670121
-349.81650014732537,391.40579377887417,-367.2723937512017
-349.84112570880313,390.87200973110674,-366.1350111462134
-349.87397798495493,390.33773314214676,-364.99061152527776
-349.91474510010227,389.80520123926755,-363.83990081446086
-349.9632683456859,389.2766256903604,-362.68342586197974
-350.0133045848759,388.7520963800072,-361.5270157650535
-350.0590633857089,388.2308156704074,-360.37623173807697
-350.1013361100789,387.713172997653,-359.2309375016262
-350.1409078383696,387.1994690184018,-358.0908759473811
-350.17850571868024,386.6899312196958,-356.9557397140793
-350.21476230835685,386.18473040354553,-355.82522298943775
-350.2501987597306,385.6839957081263,-354.6990519028011
-350.2852256429894,385.18782681703584,-353.57699703854234
-350.31812829698885,384.69526331926636,-352.4564539059118
-350.3467309848665,384.2052794113462,-351.33503000021653
-350.37042604697723,383.71781924447924,-350.21296501772343
-350.38852244884896,383.2327966879838,-349.09055180678723
-350.4002576888471,382.75008574698035,-347.9681611553939
-350.40482842404657,382.2695114269101,-346.8462778424918
-350.40144509402313,381.79084471659144,-345.7255475111414
-350.38940845447416,381.31380698928746,-344.6068263254987
-350.38109707754967,380.84009911437136,-343.48247370186147
-350.3874913124882,380.3726258384324,-342.34544018079384
-350.4058687084211,379.9132632483887,-341.1973499891894
-350.43464376675666,379.4634485224733,-340.03902583269956
-350.47293221778165,379.024251834972,-338.87087801058595
-350.52030424766,378.59646890866964,-337.69309791337565
-350.57665023680335,378.18068785140673,-336.5057622017657
-350.64210875542307,377.77732948782227,-335.3088991446851
-350.70716019325073,377.3857834064279,-334.1126545014004
-350.76232838060577,377.0044637699014,-332.9264357303751
-350.8082531581983,376.6318174641003,-331.74877810431695
-350.8461684506482,376.26642488720677,-330.5782179930906
-350.87776168445725,375.90705558670317,-329.4133432441936
-350.9048523774587,375.55271459687236,-328.2528870233627
-350.9290546689525,375.2026612765515,-327.09582462861744
-350.95159046469206,374.8563877531552,-325.9414129936011
-350.9699493782532,374.5116216483959,-324.79267334573115
-350.98227234022,374.1668158390974,-323.65365136162353
-350.9906216526094,373.8228216758037,-322.5256348285731
-350.99658971371036,373.48016955741963,-321.40961039398474
-351.00136292009245,373.1391922293052,-320.306306387729
-351.00580954074525,372.80010367300025,-319.21624631754565
-351.01056015607503,372.46304600573194,-318.1397979823141
-351.0160715004739,372.1281168720942,-317.07721332085623
-351.0192676660051,371.7859787957715,-316.0316103359905
-351.0169160150318,371.42637262528336,-315.0060056706008
-351.00913155377447,371.04759119892964,-314.0003993301409
-350.9961246523113,370.64880825327833,-313.0147913199582
-350.9782039836658,370.2300230479965,-312.04918164529363
-350.9557651046709,369.7912348943626,-311.10357031128194
-350.92926570311135,369.33244316621887,-310.1779573229515
-350.8991975663726,368.8536473069823,-309.27234268522426
-350.85895748719594,368.3606164143945,-308.36895339505406
-350.80024367405025,367.8573428760651,-307.4477894572536
-350.7216098288231,367.3400691578257,-306.50662388459176
-350.62305827661106,366.8049234791359,-305.54545668207345
-350.50459181238193,366.2498877075407,-304.5642878548096
-350.36621334751555,365.6748332063777,-303.56311740801766
-350.20792579961005,365.0797570718313,-302.54194534702145
-350.0297320863695,364.4646564005116,-301.5007716772511
-349.85163512559495,363.8295292617416,-300.44933287997463
-349.6936378350868,363.1743776144196,-299.39664882617285
-349.55574313254766,362.49920439015693,-298.3412214880099
-349.43795393557303,361.80401252099045,-297.28143809422335
-349.3402731616517,361.0888049393825,-296.21559554035053
-349.26270372816526,360.3535845782209,-295.1418785094224
-349.20355970580124,359.5983542887167,-294.05822071629393
-349.15765564103407,358.8231164239705,-292.96225079593626
-349.1266832975576,358.0278728271266,-291.85965762500706
-349.1158339631011,357.2126261805453,-290.7563209136038
-349.1222919726439,356.3805058309871,-289.6512343540466
-349.1403713171496,355.5376268929614,-288.54513225942594
-349.1702896652824,354.7003926944914,-287.4355075520299
-349.2138385007891,353.88269219560254,-286.31884629583186
-349.2687889134631,353.0849989021468,-285.1947521568766
-349.3335131477982,352.3073143524045,-284.0631911998725
-349.40677713166997,351.5496398781232,-282.9242881771594
-349.4875965602116,350.8119766506249,-281.77823231760595
-349.5751474344931,350.09432571020005,-280.62522938349383
-349.6687105629254,349.39668798512344,-279.4654769536621
-349.76203730013555,348.7190640320011,-278.3041524525076
-349.8496171093864,348.0614532611576,-277.1458399587935
-349.9322599431367,347.4238548932352,-275.98958227803325
-350.0107654887598,346.80626826704486,-274.83452221217686
-350.0858742756831,346.2086928341097,-273.6799353434516
-350.1582467793414,345.630266754298,-272.52524740292085
-350.22844300780736,345.0689305739798,-271.37004867257883
-350.2969110161881,344.52258060283407,-270.2140857908464
-350.35550267483177,343.9843449039632,-269.06026579975645
-350.39740951841276,343.4468068499714,-267.9113339016666
-350.42507020482105,342.90749071634974,-266.76693424149937
-350.4399040244669,342.36467617916344,-265.6270131012898
-350.44270706904445,341.817186571666,-264.49181732996044
-350.43388759426074,341.2641671560417,-263.36189809054525
-350.4136159977272,340.7048953872647,-262.23811774857603
-350.3819344757964,340.13862714225473,-261.12165546633145
-350.3514826862553,339.5586680078086,-260.0063897156419
-350.3309571161686,338.9603044635339,-258.8868710240525
-350.31448265547147,338.3457730969926,-257.7650106971018
-350.2990906008723,337.7160188679877,-256.6415878169139
-350.283146939114,337.07146253326573,-255.51683707285713
-350.26569174316955,336.41226406618483,-254.3907056561307
-350.24613702569644,335.73843288420784,-253.26297204663666
-350.22411099034804,335.04988302641766,-252.13330717861174
-350.20547993735806,334.3477681623455,-251.0014494808742
-350.19432162340814,333.6327947572512,-249.86713228027503
-350.18769600222043,332.90378428456347,-248.72989053059925
-350.1840635097053,332.1593164666071,-247.5891171012873
-350.1826453302171,331.39780199495556,-246.4440717331554
-350.1831763065246,330.61744680376705,-245.29382672581278
-350.1858482921883,329.8171934321047,-244.13716022449086
-350.19132661694636,328.9969406437525,-242.97244563674442
-350.19083418436634,328.17157429235687,-241.8053879689265
-350.17523916555837,327.35376072359725,-240.64464613751366
-350.14619343797887,326.5399642474554,-239.49365494334103
-350.1074968692223,325.72853915403357,-238.35443268066376
-350.0632960115984,324.9192841436064,-237.22774075528528
-350.0167166115687,324.1125116061521,-236.11372780381583
-349.96968871355887,323.3085334618841,-235.01236602255938
-349.9232993575511,322.50754556933055,-233.92360472815204
-349.8674824733081,321.7022027324401,-232.85113124995198
-349.79178937584555,320.88728043514794,-231.79865653354466
-349.6962211240581,320.06752076514573,-230.7661805845267
-349.580778044732,319.2481303265091,-229.7537034083883
-349.4454596872927,318.4345774235776,-228.7612250105134
-349.2902647758403,317.63273652270846,-227.78874539617956
-349.1151911757616,316.8482691669598,-226.83626457055797
-348.9202360976378,316.0837748281789,-225.90378253871353
-348.725397597922,315.31925157889907,-224.9912993056047
-348.55067762221614,314.53470138080394,-224.09881487608376
-348.3960790883117,313.73012716825446,-223.22632925489646
-348.2616049138931,312.90553187603723,-222.37384244668232
-348.1472580165377,312.06091843936423,-221.54135445597447
-348.05304131371594,311.1962897938731,-220.72627577008433
-347.97895772279105,310.3116488756269,-219.92277673674775
-347.9250101610193,309.40699862111404,-219.12464490258327
-347.89120101666856,308.49322108412207,-218.33556294433396
-347.8758209578128,307.58326417149175,-217.55879222683967
-347.8743717927188,306.68071723438453,-216.78721625516775
-347.88205410047703,305.7879298563042,-216.01454007054085
-347.8955754317919,304.9061427347353,-215.236765603134
-347.9128859963775,304.035953084983,-214.45181960321392
-347.93276423102805,303.177602523335,-213.6588722276192
-347.95448736505506,302.3311339024039,-212.85782338744013
-347.97843384821164,301.49009728335136,-212.05623633556732
-348.0053745749059,300.6483903049547,-211.26150411644016
-348.0355723464165,299.8067145109472,-210.47342227032604
-348.0693276694373,298.965846441963,-209.6917247088769
-348.10698351125,298.1266441765539,-208.91607613246623
-348.14893003429177,297.29005353744674,-208.14606376088074
-348.1956089159886,296.4571132700487,-207.38118850086795
-348.24751664348497,295.628958166646,-206.620855815661
-348.3061854699618,294.8066331713935,-205.8599165331845
-348.371835831409,293.9911073351127,-205.09364740352152
-348.4426809058317,293.1832671696851,-204.32218098980772
-348.5174476611556,292.38371213112356,-203.54556628067297
-348.5952005840601,291.5927833117605,-202.7638584035761
-348.6752358545178,290.81061640792313,-201.9771480907184
-348.75701495124713,290.0371909786345,-201.1855655480997
-348.8401209471274,289.272370724737,-200.38927434771065
-348.9189574462196,288.51219497989297,-199.5834804957847
-348.9895004658405,287.75283627914314,-198.76382102244176
-349.05405962113815,286.9942875377855,-197.93118287156565
-349.1141726745901,286.236422867765,-197.08619051209556
-349.1708803391286,285.479080701744,-196.22928118054207
-349.224899654011,284.72209723633796,-195.36075819948542
-349.27673220340733,283.96531826855545,-194.4808283477787
-349.3267326406344,283.2086022732304,-193.5896281829116
-349.3824026148904,282.45564174676576,-192.69133400359044
-349.45007051318686,281.71003794601955,-191.79072549812014
-349.5279727895493,280.97174533936175,-190.88897632060028
-349.61481025399576,280.241143741687,-189.986996869004
-349.7095739274786,279.51883985759673,-189.08547029055097
-349.8114447707501,278.8055384472326,-188.1848921010899
-349.91973174182806,278.10195936658914,-187.2856099815674
-350.0338316108147,277.4087846026305,-186.38786021017333
-350.1490027770318,276.7309836976575,-185.49566706340636
-350.26146730520054,276.0731993756999,-184.6129066494102
-350.3723919734759,275.4354313318036,-183.73946256548464
-350.48262503470664,274.81767940628197,-182.87520475274056
-350.5928042835936,274.2192347236536,-182.0199946449882
-350.7034029586288,273.63853951697536,-181.17368627404656
-350.81475710221594,273.0740536835941,-180.33613056557
-350.9271059996808,272.5245145742706,-179.50718115074034
-351.03420612826716,271.9871630365652,-178.68299697145136
-351.1298836034124,271.4593787374905,-177.8610675482258
-351.2145854091961,270.94022530582333,-177.04343882580284
-351.28898274679165,270.4285898850382,-176.23122125677094
-351.35398332958977,269.92315016542693,-175.42467315624384
-351.41070984020047,269.4224137655471,-174.62339725282433
-351.46042384438334,268.92482231983934,-173.82659243359183
-351.50441044860753,268.42888130727084,-173.03329739382764
-351.54301008195205,267.9337869764098,-172.23318164501984
-351.57572648098346,267.4396886527362,-171.41609375176083
-351.6021446866559,266.9470805350369,-170.58132496290267
-351.62183840254954,266.4564860879676,-169.72798957121475
-351.63437564299454,265.9684411155165,-168.8551251464665
-351.63932544099725,265.4834710251806,-167.9622598238309
-351.63626388595964,265.0020609752932,-167.04939360805585
-351.62478461393596,264.5246202786472,-166.11652650399554
-351.60708278527136,264.058590796582,-165.17769241543473
-351.5853715043007,263.61189580517316,-164.24693328280338
-351.55925711796317,263.1851973314707,-163.3242792795842
-351.52827131933003,262.77849470008846,-162.40981385813976
-351.4918673009894,262.3917871616724,-161.50370489290054
-351.44941629273427,262.025073881172,-160.6062174534011
-351.40020670397433,261.6783539257877,-159.71772714665897
-351.3434459228464,261.3516262529953,-158.83873228271935
-351.2927274139436,261.0285793326122,-157.97462532707695
-351.2620624812686,260.69419853713765,-157.13051753138714
-351.2514525871944,260.3510986814365,-156.3064089001385
-351.2608988079499,260.0019762334387,-155.50084887428318
-351.2881085041422,259.6496189473571,-154.71055691382517
-351.3267138709184,259.2964316266148,-153.93226339682778
-351.3710362355205,258.9437943649886,-153.16390763941172
-351.41872986691584,258.5922705123918,-152.40456894272893
-351.4689989791593,258.24529338779234,-151.65021344703612
-351.5217415161738,257.90593521869295,-150.89720508180326
-351.57686323791194,257.57384417843485,-150.1457328643963
-351.63427328386877,257.2486976066661,-149.39597180591608
-351.69388464584193,256.93019958277006,-148.6480838811436
-351.75561447009244,256.6180785994856,-147.90221899961813
-351.81938420051233,256.31208536983644,-147.15851594703216
-351.8851196119519,256.0119907907124,-146.4171032832342
-351.94326700796483,255.7172181371189,-145.67423703605223
-351.98399764688315,255.42630539128933,-144.92623364334466
-352.00700213627226,255.13702750562908,-144.1731074413835
-352.01252090137297,254.84677453736745,-143.41452056143012
-352.0011509032472,254.55273120146657,-142.6500135634725
-351.9736491386836,254.25204298794444,-141.8791635430316
-351.9308204722809,253.94193103014248,-141.10160196630378
-351.873470511908,253.61975081146002,-140.31697739484846
-351.7990871165745,253.28088893153276,-139.5187327888116
-351.7047602133116,252.9220147489522,-138.70048744088527
-351.5904927194832,252.54312535530767,-137.8622413554205
-351.4562875525593,252.14421784261413,-137.00399453687476
-351.3021476301157,251.7252893033119,-136.12574698981177
-351.12807586983456,251.2863368302669,-135.22749871890167
-350.9340751895038,250.8273575167705,-134.30924972892097
-350.7201485070173,250.34834845653972,-133.3710000247525
-350.5062987403662,249.84930771600452,-132.43274961137655
-350.31252880754107,249.33023725117022,-131.5144984937735
-350.13884162643456,248.7911399907551,-130.61624667682617
-349.9852401148326,248.2320188639031,-129.73799416531108
-349.8517271904144,247.65287680018358,-128.8797409638984
-349.73830577075216,247.05371672959146,-128.0414870771519
-349.6436260168117,246.43454151678372,-127.2232325095291
-349.56511115788777,245.79535370414277,-126.42497726538105
-349.4933649678368,245.1398964849235,-125.63930982179899
-349.4202180793145,244.47189953218492,-124.85894737179912
-349.3456727865722,243.7913405070517,-124.0841523010846
-349.269729781846,243.0981999228273,-123.31519682055861
-349.1923883175937,242.39246045812675,-122.55236284687523
-349.11364636548956,241.6741063086566,-121.79594188394387
-349.03350077503404,240.9431226052983,-121.04623492493769
-348.951947441778,240.19949490612504,-120.30355237003765
-348.87974650199675,239.4541790651862,-119.56757850549597
-348.8276591383789,238.71839023036065,-118.83865650944523
-348.79568392545406,237.992600693893,-118.11859042213956
-348.78381937275026,237.2772404480676,-117.40949124460704
-348.79206392864927,236.57272529808785,-116.71351131387696
-348.8195583452994,235.87948230779688,-116.03230394823996
-348.86252110626367,235.1979679069701,-115.3665668227315
-348.91649490615083,234.52856509246809,-114.71615218383837
-348.96937557654195,233.86752083438105,-114.07049054745215
-349.0096120125263,233.21076126700837,-113.4170032894254
-349.0343414419355,232.55844213885044,-112.75048856758944
-349.04042660646684,231.91201195265776,-112.06597399245486
-349.0266110080321,231.27459348847512,-111.36145882141231
-348.9928930169875,230.65066567487614,-110.63694305820809
-348.9392703267104,230.0447171304321,-109.89242670669485
-348.8657401185505,229.45875931383605,-109.1279097708316
-348.7723002115089,228.8776606174566,-108.35616563758018
-348.6589513647625,228.2863268690904,-107.59017228044667
-348.5256950630467,227.68484896723933,-106.83028148558762
-348.3725327770948,227.07330767401646,-106.07673392605578
-348.1994659706814,226.4517071421372,-105.32967728375651
-348.0064961137165,225.8199538711417,-104.58919356053369
-347.79362469652983,225.17785840398352,-103.85532005089797
-347.5608532431488,224.5251458122057,-103.12806202351085
-347.32818353872165,223.85702856670235,-102.41410934877939
-347.11561827626554,223.168878853936,-101.72015612944655
-346.92316037377316,222.4606996062139,-101.04620236920246
-346.75081274913015,221.73249375626884,-100.3922480716309
-346.59857832011545,220.9842642372592,-99.75829324020931
-346.4664600044008,220.2160139827689,-99.14433787830879
-346.35446071955107,219.42774592680735,-98.55038198919407
-346.2625833830242,218.6194630038094,-97.97642557602353
-346.1786815725005,217.79116755800294,-97.42246864184924
-346.09049382674635,216.9428595659187,-96.88851118961688
-345.99779728260586,216.07453838612656,-96.3745532221658
-345.90037818167616,215.18620334534484,-95.880594742229
-345.7980328621293,214.27785373984125,-95.40663575243313
-345.690568656121,213.3494888369724,-94.9526762552985
-345.57780463556514,212.4011078768437,-94.51871625323905
-345.4595721986443,211.43271007406602,-94.1047557485624
-345.3286393806613,210.45307938916403,-93.69913510864639
-345.177855232112,209.46874572573944,-93.29059254048977
-345.007220759524,208.4753183310024,-92.87977887104995
-344.8167375889982,207.4687100724556,-92.4671133257006
-344.6064079153168,206.44520474807584,-92.05287509860679
-344.3762344044434,205.40235125000004,-91.6372547563652
-344.1262199412144,204.33946273583348,-91.22039933010885
-343.85636744382174,203.25653631212265,-90.80245394148297
-343.56875262688993,202.17356918661912,-90.37926388432638
-343.2641047447304,201.11055890506626,-89.94737710782088
-342.940347113486,200.06750281701292,-89.50835143124465
-342.59674562065914,199.04439806412782,-89.06369019598372
-342.2332973512147,198.04124175210777,-88.61473630157879
-341.8499993902229,197.05803098622442,-88.16261971405306
-341.4468488228597,196.09476287132438,-87.70826838213944
-341.02384273440646,195.15143451182908,-87.25244863849572
-340.6009782102414,194.22804398402238,-86.78606912259663
-340.198252335742,193.3245932529128,-86.29968914521682
-339.8156621961873,192.44108525537118,-85.79330870894265
-339.4532048767495,191.57752292784335,-85.26692781646682
-339.1108774624937,190.73390920634995,-84.72054647058839
-338.78867703837784,189.91024702648656,-84.15416467421277
-338.48660068925295,189.10653932342353,-83.56778243035173
-338.204645499863,188.32278903190613,-82.96139974212339
-337.9228095271412,187.53899811400237,-82.33501661275221
-337.62109471717014,186.7351646426308,-81.68863304556902
-337.29950398841646,185.91128571881262,-81.022249044011
-336.95804025945256,185.06735844399475,-80.33586461162172
-336.5967064489565,184.20337992004968,-79.629479752051
-336.21550547571206,183.31934724927572,-78.90309446905513
-335.81444025860856,182.41525753439674,-78.15670876649669
-335.39351371664105,181.4911078785624,-77.39032264834462
-334.9527277966227,180.56689538531256,-76.60393611867421
-334.4920805563225,179.66261715818746,-75.79754918166712
-334.0115690813277,178.77827030033774,-74.97116184161136
-333.5111904573311,177.91385191448902,-74.1247741029013
-332.9909417701312,177.06935910294183,-73.25838597003764
-332.45082010563203,176.24478896757174,-72.37199744762742
-331.89082254984345,175.4401386098293,-71.46560854038411
-331.31094618888096,174.6554051307401,-70.53921925312744
-330.73118908124434,173.87058660322768,-69.61282959077468
-330.1715531745824,173.06568498936576,-68.70643955824312
-329.63204138873346,172.2407032239059,-67.82004916035251
-329.11265664342875,171.39564424202555,-66.9536584018163
-328.6134018582924,170.5305109793279,-66.10726728724154
-328.13427995284155,169.64530637184197,-65.28087582112897
-327.6752938464863,168.74003335602256,-64.474484007873
-327.23644645852966,167.81469486875028,-63.68809185176164
-326.8177397358801,166.889293847296,-62.901699356985425
-326.41917173618924,165.98383322893088,-62.09530652773491
-326.0407395447142,165.09831595053652,-61.268913368298136
-325.6824402466049,164.2327449485694,-60.42251988306949
-325.34427092690436,163.38712315906085,-59.55612607654972
-325.02622867054845,162.56145351761708,-58.66973195334591
-324.72831056236606,161.75573895941918,-57.76333751817152
-324.450513687079,160.96998241922304,-56.83694277584634
-324.1928361015897,160.1841868313948,-55.91054773128767
-323.95527975184325,159.37835513030086,-55.0041523894128
-323.7378475559651,158.55249025069776,-54.11775675504154
-323.54054243197385,157.70659512776757,-53.25136083288734
-323.363367297781,156.840672697118,-52.40496462755731
-323.206325071191,155.95472589478226,-51.578568143552204
-323.06941866990127,155.04875765721906,-50.77217138526644
-322.9526510115021,154.12277092131268,-49.98577435698806
-322.8399255748167,153.17676784170882,-49.200937180628515
-322.7150144518896,152.2107474364349,-48.39854684138012
-322.5776570495436,151.22470790930757,-47.57723914101084
-322.4275879538438,150.2186474258675,-46.73612710287798
-322.2645298805387,149.19256411217097,-45.875014816232124
-322.0881854753699,148.14645605248006,-44.993902285652275
-321.8982278669761,147.08032128565767,-44.0927895158238
-321.6942907448666,145.99415780013962,-43.17167651153842
-321.47334899514715,144.90796340061414,-42.25056327768533
-321.2325693317218,143.8417353316792,-41.34944981915374
-320.9719488390086,142.79547069989903,-40.46833614073537
-320.69148460153104,141.76916661141263,-39.60722224711558
-320.3911737039183,140.76282017193384,-38.76610814287341
-320.0710132309049,139.77642848675134,-37.94499383248151
-319.731000267331,138.80998866072858,-37.14387932030621
-319.3711318981423,137.86349779830388,-36.36276461060748
-319.0067361367254,136.9169537487821,-35.601649707538925
-318.6531432968194,135.9503573424159,-34.86053461514783
-318.31037728753853,134.96371015589307,-34.13941933737511
-317.97851190273565,133.95701377298832,-33.438303878055336
-317.65767485885874,132.9302697921104,-32.757188240916726
-317.34805387176317,131.8834798345827,-32.09607242958115
-317.04990500899015,130.816645553974,-31.45495644756412
-316.7635633213267,129.72976864681598,-30.833840298274808
-316.4733028338848,128.62285007977076,-30.212723985024898
-316.16321029304976,127.49588773401177,-29.571607511126068
-315.8332886173327,126.34887871738337,-28.91049087998749
-315.4835407253504,125.18182013815554,-28.229374095124687
-315.113969535825,123.99470910502397,-27.528257160159537
-314.72457796758397,122.78754272711001,-26.807140078820265
-314.31536893956036,121.5603181139607,-26.06602285494145
-313.8863453707924,120.31303237554883,-25.304905492464027
-313.457510180415,119.04568359456032,-24.538798773378907
-313.0488662875619,117.75827374325661,-23.782730966752634
-312.66041661126843,116.45080576661233,-23.036653479269848
-312.29216407046255,115.12328261002781,-22.300320858679246
-311.94411158396474,113.77570721932908,-21.57322804154806
-311.6162620704881,112.40808254076784,-20.854548246655423
-311.3086184486384,111.02041152102146,-20.143089388265835
-311.0211836369138,109.612697107193,-19.437287113359314
-310.7539605537051,108.1849422468111,-18.72387640198654
-310.5069521172956,106.73714988783004,-17.99046559105741
-310.2801612458611,105.26932297862972,-17.23705468447188
-310.0735908574699,103.7814644680156,-16.463643686236246
-309.88724387008284,102.27357730521871,-15.670232600463168
-309.7211232015531,100.74566443989569,-14.856821431371648
-309.5752317696264,99.19772882212865,-14.023410183287046
-309.4495724919408,97.62977340242529,-13.169998860641071
-309.3281361214247,96.06180035330924,-12.296587467971783
-309.19553101612723,94.5138087640216,-11.403176009923595
-309.05286863214417,92.98579708985469,-10.489764491247268
-308.9011754475211,91.47776393781528,-9.556352916799918
-308.7415992229291,89.98970807263247,-8.602941291545012
-308.5754270184738,88.52162843697488,-7.629529620552367
-308.4040688124249,87.07352417019295,-6.636117908998151
-308.2290468887207,85.64539462571067,-5.622706162164885
-308.04269158052506,84.23723893458711,-4.602217029574049
-307.836545099839,82.84905462165696,-3.5870639892990845
-307.6106045308964,81.4808388003013,-2.575152647763678
-307.3648669580364,80.13258858347601,-1.5631667779073348
-307.09932946570336,78.80430108371172,-0.5479481855640234
-306.813989138447,77.49597341311387,0.47306789528044413
-306.5092319578643,76.20760270226872,1.5020120393826595
-306.18613213426227,74.93918619041901,2.540810612367868
-305.8442978555547,73.69072121675578,3.595003074137147
-305.4826490811482,72.46220494404757,4.669195516780941
-305.1011828961036,71.25363448227401,5.7633879345871755
-304.6998963855869,70.06500694098962,6.8775803217374225
-304.2787866348697,68.89631942932382,8.011772672306904
-303.8378507293289,67.74756905598095,9.165964980264492
-303.37708575444697,66.61875292924026,10.340157239472708
-302.89648879581165,65.50986815695597,11.534349443687718
-302.4160579113948,64.40091281888014,12.728541586568207
-301.95579504831716,63.27188888391497,13.902733661772857
-301.5157031258886,62.12279929364042,15.056925663057836
-301.0957850633115,60.95364699006221,16.191117584285667
-300.69604377968125,59.7644349156118,17.305309419425228