
84.3079755518302,771.9974633596597,-150.75466697550377
82.88123510033326,771.4035695319928,-151.29392317675467
81.47440791238415,770.7898823324582,-151.81317857350086
80.08749107860145,770.1563988570555,-152.3124331629812
78.72048168949783,769.5031162022087,-152.79168694254085
77.3733768354801,768.8300314647664,-153.2509399096314
76.04617375672645,768.1402247231053,-153.69019206181068
74.73887034009607,767.4377485691584,-154.109443396743
73.4514648534671,766.7244393342248,-154.50869391219894
72.18395581786646,766.0019309019465,-154.88794360605547
70.93634197928714,765.2716731942959,-155.2471924762959
69.70862228321606,764.5349507453063,-155.58644052100996
68.50079585184329,763.7929008323005,-155.9056877383936
67.31286196385898,763.0465307621668,-156.20493412674927
66.1448196277657,762.2883224169464,-156.5041796844768
64.99666632133737,761.5102829722861,-156.82342440997613
63.86839913381703,760.71240952772,-157.1626683015496
62.76001515434197,759.8946991832066,-157.5219113573933
61.67151147194376,759.0571490391294,-157.9011535755969
60.602885175548245,758.1997561962962,-158.3003949541438
59.55413335397557,757.3225177559393,-158.719635490911
58.525253095940215,756.4254308197156,-159.15887518366918
57.51624149005097,755.5084924897068,-159.59811403009147
56.52709562481099,754.5716998684188,-160.01735202785108
55.55781258861777,753.6150500587826,-160.4165891747187
54.60838946976321,752.6385401641535,-160.79582546857137
53.67882335643359,751.6421672883117,-161.15506090739248
52.76911133670959,750.625928535462,-161.49429548927176
51.87925049856634,749.5898210102338,-161.81352921240534
51.00923792987339,748.5338418176813,-162.11276207509565
50.1590716906822,747.4779880632478,-162.41199407574265
49.328753730088444,746.4422568523763,-162.7312252127463
48.51828696936972,745.4266452901188,-163.07045548440908
47.72767432969805,744.4311504811014,-163.4296848889271
46.95691873213989,743.4557695295244,-163.80891342439014
46.2060230976561,742.5004995391619,-164.20814108878162
45.47499034710194,741.5653376133617,-164.62736787997864
44.763823401227036,740.6502808550463,-165.06659379575194
44.07252420838794,739.735326366747,-165.50581883377478
43.40109082768579,738.800471250995,-165.9250429917204
42.74952034582864,737.8457126107106,-166.32426626735958
42.11780984941893,736.8710475492395,-166.7034886585694
41.50595642495349,735.8764731703518,-167.06271016333332
40.91395715882354,734.8619865782427,-167.4019307797412
40.34180913731476,733.8275848775324,-167.7211505059892
39.78950944660724,732.773265173266,-168.0203693403798
39.25705614506298,731.7190245708782,-168.29958728132198
38.74445118008822,730.684860175803,-168.55880432733093
38.251697471271086,729.6707690930843,-168.79802047702827
37.77879793809415,728.6767484273402,-169.01723572914196
37.32575549993441,727.702795282763,-169.21645008250627
36.892573076063265,726.748906763119,-169.3956635360619
36.47925358564651,725.8150799717491,-169.55487608885585
36.08579994774433,724.9013120115685,-169.6940877400415
35.71221410902381,723.9875999851017,-169.81329848887862
35.35849412689664,723.0539409948732,-169.91250833473325
35.02463708638141,722.1003321437971,-169.99171727707787
34.7106400723911,721.1267705352127,-170.0509253154913
34.416500169733084,720.1332532728845,-170.09013244965865
34.14221446310913,719.119777461002,-170.10933867937146
33.88778003711544,718.0863402041799,-170.1085440045276
33.653193976242655,717.0329386074584,-170.0877484251313
33.43845433716332,715.979569776267,-170.04695194129314
33.243563065594216,714.9462308160355,-169.98615455323005
33.068523079433994,713.9329188318031,-169.90535626126533
32.91333729647579,712.9396309281839,-169.80455706582862
32.778008634407115,711.966364209366,-169.68375696745593
32.662540010809934,711.0131157791125,-169.5429559667896
32.56693434316057,710.0798827407607,-169.3821540645784
32.491194548829746,709.1666621972224,-169.20135126167736
32.435322726495784,708.2566128816444,-169.02054755903907
32.3993176382638,707.3316157046139,-168.85974295761608
32.383177038259056,706.3916075839124,-168.71893745826347
32.386898916704475,705.4390692460968,-168.59813106173002
32.41048154241086,704.4747149375474,-168.4973237686581
32.45392309051581,703.496997614827,-168.41651557958374
32.517221490789495,702.5044040892665,-168.3557064949367
32.600374509523625,701.4961111463432,-168.31489651504026
32.690828224284665,700.4764615673048,-168.29408564011146
32.77460799876531,699.4496528504924,-168.29327387026098
32.84861018650872,698.4147104006774,-168.31246120549312
32.90927800678414,697.370620695751,-168.35164764570587
32.95246350181253,696.3164017169848,-168.41083319069082
32.975694048653644,695.2509206503798,-168.49001784013328
32.9787688315862,694.172943533962,-168.58920159361216
32.96168600381358,693.0825603583602,-168.70838445060005
32.94444362095951,691.9763166651279,-168.82756641047206
32.947038967337505,690.8500740399448,-168.92796716960135
32.96946912607143,689.7038295898276,-169.01424432308642
33.011731180179694,688.537580422218,-169.09325129501454
33.07382221257523,687.3513236449832,-169.17108259724674
33.15573930606554,686.1450563664159,-169.25198202619262
33.257479543352716,684.9187756952344,-169.33827388474998
33.3790400070334,683.6724787405825,-169.43112748255237
33.5068043352766,682.4061632738383,-169.5374664078557
33.62798254561471,681.1233137217595,-169.6638044316256
33.7436041161235,679.8303324420817,-169.81014155319025
33.853622257992754,678.5320476777987,-169.9764777717715
33.95725673539786,677.2318583957004,-170.16281308648485
34.05328683811295,675.9325736686915,-170.36914749633945
34.14025259226209,674.636776740718,-170.5954810002381
34.216644775084674,673.3469694297544,-170.84181359697726
34.277286748794204,672.0707719484988,-171.08814528525593
34.31774435117562,670.8093967067091,-171.31447606377307
34.343425455111515,669.5482444164162,-171.52080593132516
34.36445887809319,668.2724868656461,-171.70753759105372
34.38840047729904,666.9767261041081,-171.87603147840474
34.4192763179001,665.6609613741786,-172.02771070344352
34.458910223133955,664.3251915179189,-172.1631547131095
34.50830436091854,662.9694151786051,-172.28237771070772
34.565423659586145,661.6136310137009,-172.4034398114104
34.63077737332134,660.2778379887051,-172.5445009953397
34.711609621943815,658.962034408854,-172.7055612617455
34.81225198094178,657.6662175956272,-172.88662060977134
34.93270736664238,656.3903846596439,-173.0876790384544
35.07297869526743,655.1345327110978,-173.30873654672564
35.23306888293334,653.8986588597573,-173.5497931334095
35.41298084565115,652.6827602149657,-173.81084879722417
35.59271652704792,651.4668348579637,-174.09190353678144
35.752273981601874,650.2308847591421,-174.3929573505868
35.891650291602225,648.9749128615691,-174.71401023703942
36.01084253944551,647.6989221087385,-175.05506219443205
36.109847807635596,646.4029154445697,-175.4161132209511
36.188663178783685,645.0868958134072,-175.7971633146767
36.24728573560834,643.7508661600214,-176.1982124735826
36.28571256093551,642.394829429608,-176.61926069553618
36.30867328976446,641.0387883377298,-177.0603079782985
36.32120020387942,639.7027446653349,-177.52135431952428
36.323888950598004,638.3866998905713,-178.0023997167619
36.31731461511821,637.0906554059485,-178.50344416745332
36.30200805413353,635.8146125230207,-179.02448766893423
36.27843285982705,634.5585724805738,-179.56553021843396
36.24697282095905,633.3225364555481,-180.1265718130755
36.20794146008499,632.1065055743196,-180.70761244987546
36.161076872745475,630.9104809469368,-181.288652125753
36.10697004739805,629.7344637067328,-181.8496908376273
36.04783429366691,628.5784547539673,-182.39072858251495
35.9863204583961,627.4424546339793,-182.911765357539
35.92533740741268,626.3264634825401,-183.41280115992876
35.867487803175685,625.2304810239417,-183.89383598702
35.81448405768348,624.1545066631878,-184.35486983625472
35.76778040348259,623.0985395943555,-184.79834438656536
35.71458562140357,622.0625794782517,-185.24425963558488
35.64124178045697,621.0466285895769,-185.71017389954923
35.54775179789511,620.05068986672,-186.19608717598092
35.43411859107746,619.0747662476441,-186.70199946229604
35.300345077470595,618.1188606698872,-187.22791075580443
35.14643417464819,617.1829760705617,-187.77382105370947
34.97238880029101,616.2671153863545,-188.33973035310828
34.778211872186866,615.3712815535267,-188.9256386509916
34.58390630822177,614.4954765356268,-189.53154594424385
34.39417487589476,613.639699150435,-190.15745222964304
34.19186272578884,612.8039503085541,-190.80335750386095
33.976144672777004,611.9882319751471,-191.4692617634629
33.747289381938884,611.1925460421915,-192.1551650049079
33.50485333304142,610.4168944842835,-192.86106722454863
33.24881615455563,609.661279267576,-193.58696841863147
32.978861820251275,608.9257024075515,-194.33286858329635
32.706351944783684,608.191644792537,-195.07876771458575
32.44209528213325,607.4419085473888,-195.8046658085422
32.1849712526519,606.6787106119705,-196.51056286130571
31.933594451328183,605.9033544039767,-197.19645886912264
31.685772659443277,605.1159869373536,-197.86235382834565
31.437014739407154,604.3149267365337,-198.50824773543386
31.17664365399092,603.4963294250256,-199.13414058695267
30.896612800533873,602.6577715092382,-199.74003237957388
30.616458686643,601.7992549291197,-200.3259231100756
30.356178396936844,600.9207777582845,-200.89181277534234
30.11576901593714,600.022337098485,-201.43770137236496
29.895227628059942,599.1039300518984,-201.96358889824066
29.69455131761567,598.1655537211271,-202.469475350173
29.513737168809097,597.2072052091992,-202.955906185219
29.35278226573939,596.2288816195676,-203.422881400792
29.211683692400104,595.2305800561107,-203.86985553466178
29.090439126551324,594.2245136012563,-204.31682858444265
28.989048726105853,593.2250504589197,-204.78380054774897
28.907513762603,592.2364159143078,-205.2707714220976
28.845836089224477,591.2621993561926,-205.777741204899
28.804018054260418,590.3059537293288,-206.30470989345739
28.782062475786713,589.369712752972,-206.85167748497054
28.77997227078244,588.4534735301065,-207.41864397652992
28.797750356121043,587.5572331632918,-208.00560936512068
28.83539964857031,586.6809887546617,-208.61257364762156
28.892923064792367,585.8247374059249,-209.23953682080506
28.970323521343655,584.9884762183646,-209.88649888133722
29.067603934674924,584.1722022928384,-210.5534598257778
29.184767221131207,583.375912729779,-211.24041965058018
29.321816296951805,582.5996046291933,-211.94737835209145
29.47875407827028,581.8432750906634,-212.67433592655232
29.655583481114437,581.1069212133458,-213.42129237009712
29.83230644912772,580.3705410682948,-214.1882476787539
29.988921036804374,579.6141366157143,-214.9752018484443
30.125424326449266,578.8377107884859,-215.78215487498366
30.241813400474207,578.0412665199168,-216.609106754081
30.33808534139796,577.2248067437398,-217.45605748133895
30.414237231846272,576.3883343941129,-218.32300705225376
30.470266154551872,575.5318524056197,-219.2099554622154
30.5061691923545,574.6553637132691,-220.1169027065075
30.54194342819204,573.7588702802084,-221.02384878031614
30.597585945003082,572.8423701808601,-221.91079367882747
30.673093825629415,571.9058605177851,-222.77773739732513
30.76846415280719,570.9493383939694,-223.62467993119907
30.88369400916695,569.9728009128246,-224.45162127594563
31.01878047723362,568.976245178188,-225.25856142716754
31.17372063942655,567.9596682943222,-226.0455003805738
31.3485115780595,566.9230673659152,-226.81243813197986
31.523150375349555,565.8664404703683,-227.5793746772986
31.6776341135146,564.7897895746578,-228.36631001244297
31.81195987487083,563.6931176184731,-229.17324413322834
31.92612474184163,562.5764275419291,-230.00017703536383
32.0201257969576,561.4397222855662,-230.84583190857506
32.09396012285656,560.2830047903503,-231.70274529054575
32.14762480228355,559.1062779976729,-232.5581224880232
32.1811169180909,557.9095448493507,-233.39942695428726
32.19443355323817,556.692808287626,-234.24073017943735
32.18757188690253,555.4580482487237,-235.10203215899094
32.167700146763316,554.2141128499787,-235.983332888368
32.14307085305671,552.968691455287,-236.88463236288217
32.11496703616423,551.7226908448579,-237.80593057774075
32.08365027062574,550.4761680959142,-238.74722752804468
32.04922040859182,549.229043859067,-239.70852320878853
32.01175225789215,547.9812158558913,-240.6898176148606
31.969722742044674,546.7230126876765,-241.6911107410428
31.928554891445568,545.4448157560755,-242.71240258201064
31.894513882557767,544.1466242913783,-243.7536931323334
31.866967810911085,542.8284373197906,-244.814982386474
31.845978891453917,541.4902538868788,-245.8962703387889
31.831492118698083,540.1320730401441,-246.9975569835283
31.82342789710543,538.7538938366939,-248.11884231483614
31.821676503101486,537.3557153475157,-249.26012632674983
31.832947546628517,535.9375363287396,-250.4076597284624
31.858284009678133,534.4993545012493,-251.55128536170037
31.89294319101466,533.0411683227392,-252.69410570603782
31.937511215301104,531.5629763571487,-253.8358712131615
31.991738354525168,530.0647771908999,-254.97677735543928
32.05570174105091,528.5465694042498,-256.11685179671093
32.12934813228221,527.00835158335,-257.2561920937039
32.212678387515425,525.4501223150196,-258.3948686539491
32.31072650999036,523.8718799431067,-259.5232352292542
32.42854351260367,522.273621829937,-260.63160042453944
32.566126477866526,520.6553450925683,-261.719964233911
32.723472488185,519.0170468484836,-262.78832665158154
32.90057862586007,517.3587242155917,-263.8366876718699
33.09744197308763,515.6803743122267,-264.86504728920136
33.314059611958534,513.9819942571486,-265.8734054981076
33.55042862445857,512.2635811695425,-266.8617622932266
33.806547064755954,510.5451321689839,-267.85011766929387
34.08241687606364,508.8466443750485,-268.8584716210449
34.378040973777004,507.16811490692226,-269.8868241431177
34.69342227318638,505.5095408833658,-270.93517523004397
35.02856368947703,503.8709194227146,-272.00352487624906
35.38346813772916,502.25224764287924,-273.09187307605197
35.75813853291787,500.6535226613448,-274.2002198236653
36.15257778991315,499.0747415951716,-275.3285651131954
36.56678882347989,497.5159015609945,-276.4569089386511
37.0007745482778,495.9769996750236,-277.5652512940412
37.454537878861494,494.45803305304366,-278.6535921734721
37.92808172968038,492.9589988104146,-279.72193157115635
38.42140901507868,491.4798940620711,-280.77026948141315
38.93452264929544,490.02071592252287,-281.79860589866786
39.46742554646446,488.5814615058547,-282.8069408174522
40.02012062061435,487.1621279257263,-283.79527423240427
40.57261078567729,485.7627132676599,-284.76360613826864
41.104898955586584,484.38321950590233,-285.71193652989615
41.61698804437409,483.0236495865632,-286.640265402244
42.10888096617908,481.6840064553268,-287.5485927503757
42.580580635248204,480.3642930574527,-288.4369185694611
43.032089965935505,479.06451233777517,-289.3052428547767
43.46341187270238,477.7846672407036,-290.15356560170494
43.87454927011758,476.52476071022227,-290.9818868057349
44.26550410056975,475.2647956899258,-291.8102064624531
44.636274417405076,473.9847751234092,-292.65852456744597
44.98685730178964,472.68470195465767,-293.5266312039026
45.31724983499687,471.3645791280821,-294.4130578727921
45.627449098407574,470.02440958851906,-295.3151175123837
45.91745217350991,468.66419628123083,-296.22978013102374
46.18725614189945,467.28394215190525,-297.1535626835171
46.436858085279155,465.8836501466558,-298.0821081812919
46.66625508545945,464.46332321202146,-299.0217966290589
46.87544422435816,463.02296429496704,-299.98148348675255
47.064422584000596,461.5625763428827,-300.9611687492697
47.23318724651951,460.0821623035843,-301.9608524114008
47.38173529415518,458.5817251253132,-302.98053446783007
47.51006380925535,457.06126775673624,-304.0202149131352
47.6200262966988,455.5207930566971,-305.0798937417876
47.71756370385824,453.960303324761,-306.15957094815246
47.800816690929175,452.3798002647936,-307.2392465264974
47.863838475786814,450.77928653820635,-308.29892047109
47.906626141233716,449.1587650957937,-309.33859277629546
47.929176770180035,447.51823888877533,-310.3582634365852
47.931487445643526,445.8577108687965,-311.3579324465371
47.913555250749575,444.1771839879278,-312.3375998008354
47.87537726873121,442.4766611986651,-313.2972654942705
47.81695058292911,440.7561454539299,-314.2369295217395
47.75827324907022,439.035638734746,-315.15659187824565
47.71934721203259,437.3351391329874,-316.05625255889856
47.700175388885526,435.65464376785087,-316.93591155891426
47.70076069659331,433.99414975810737,-317.79556887361514
47.72110605201516,432.35365422210276,-318.63522449842986
47.7612143719052,430.7331542777574,-319.45487842889355
47.821088572912494,429.1326470425663,-320.2545306606476
47.90073157158098,427.552129633599,-321.03418118943995
47.980146284358334,425.9916001397873,-321.79383001112467
48.03933562769347,424.45106053878726,-322.5334771216623
48.07830251813395,422.93051378011717,-323.2531225171197
48.097049872334914,421.42996281286986,-323.95276619367013
48.09558060705899,419.9494105857128,-324.63240814759325
48.074133587738835,418.4888600354177,-325.29436820521477
48.035305836116514,417.04831393780836,-325.9443013617914
47.982696957529804,415.62777453804125,-326.58686464969276
47.91371576435508,414.2272439116865,-327.2164030667251
47.82453253698999,412.84672481896325,-327.8259397437755
47.715150192771105,411.4862202059863,-328.4154746776028
47.585571649142395,410.1457330184451,-328.985007865072
47.435799823655216,408.8252662016036,-329.5345393031547
47.265837633968324,407.5248227003001,-330.0640689889286
47.07568799784783,406.24440545894754,-330.57359691957805
46.86535383316719,404.9840174215333,-331.0631230923935
46.65483805789834,403.7436605593316,-331.552647504763
46.46414359001416,402.52333295404145,-332.06217015407464
46.29327334739101,401.32303171464883,-332.59169103761906
46.14223024779982,400.14275394971423,-333.1372657422581
46.01036720547318,398.982496798972,-333.6891526936685
45.886140554804044,397.8422580578595,-334.236407005574
45.75718424149616,396.72203774348895,-334.7737391075962
45.62197100598188,395.62183669140444,-335.30153811221135
45.47352274110349,394.5416561561095,-335.8223672266222
45.30491912480782,393.4814987407673,-336.3406277942638
45.11616307485376,392.4413673846842,-336.8612792564242
44.90725750910735,391.4212650267412,-337.38895006358746
44.6782053455418,390.42119460539374,-337.92712794297233
44.42900950223742,389.4411590586716,-338.47877386831635
44.15967289738166,388.4811613241791,-339.04736308788245
43.870198449269054,387.54120433909475,-339.63540500092097
43.56058907630122,386.62129104017157,-340.22344510793005
43.23084764422041,385.7203389555282,-340.7914834057916
42.8809767537405,384.83615339688663,-341.339519891485
42.51097869292349,383.96672589006,-341.867554562096
42.120855484046075,383.1103997495452,-342.3755874148169
41.7106089251999,382.2657446861217,-342.863618446946
41.28024061663788,381.4314706996281,-343.33164765588833
40.82975197685624,380.6063729899926,-343.77967503915505
40.379144558977515,379.79560369909854,-344.20770059436376
39.948421003312895,379.00489867626777,-344.61572431923844
39.53758422901509,378.23425502136314,-345.0037462116094
39.146637155131074,377.4836698338215,-345.37176626941323
38.775582700602065,376.75314021265416,-345.7197844906931
38.42442378426348,376.04266325644664,-346.0478008735983
38.093163324844966,375.3522360633589,-346.35581541638464
37.78180424097034,374.681855731125,-346.6438281174142
37.47034847887901,374.01152032937637,-346.9318389751466
37.138794095661154,373.3212318168941,-347.23984798804145
36.78713817621749,372.61099312513625,-347.5678551544609
36.41537780555564,371.88080718598604,-347.9158604726608
36.02351006879014,371.13067693175196,-348.28386394079064
35.611532051142426,370.36060529516743,-348.67186555689347
35.17944083794091,369.570595209391,-349.07986531890606
34.72723351462091,368.76064960800636,-349.5078632246589
34.27490813900333,367.9507704526993,-349.9358592718849
33.84246665805945,367.1609558160056,-350.343853458317
33.42991199095113,366.39120279778314,-350.7318457817858
33.037247056734486,365.6415084974642,-351.099836240228
32.66447477435985,364.91187001405524,-351.4478248316869
32.31159806267179,364.2022844461371,-351.775811554312
31.978619840409078,363.51274889186493,-352.08379640635917
31.66554302620466,362.8432604489682,-352.3717793861907
31.37236956629823,362.1738162147861,-352.63976049227534
31.09909751767387,361.48441328665774,-352.88773972318796
30.845723964922385,360.77504876231177,-353.1164130262104
30.612245992528784,360.0457197399022,-353.32639867481515
30.39866068487227,359.29642331800824,-353.51700071928514
30.204965126226263,358.5271565956342,-353.6876008839184
30.031156400758427,357.7379166722098,-353.83819916780766
29.87723159253067,356.9287006475899,-353.9687955701522
29.72976150792951,356.1069424386714,-354.0993900902487
29.57998577746535,355.27837564219664,-354.24998272739384
29.43238155875813,354.44293237893646,-354.42057348078686
29.285689819054166,353.6040601884757,-354.61116234952055
29.1378916826728,352.7649179692911,-354.82174933258153
28.987385109198446,351.92773203022386,-355.0523344288499
28.8331032720749,351.0939358087045,-355.30291763709965
28.674372548814443,350.2644292345454,-355.57349895599816
28.50322747328473,349.4321575502614,-355.8440783841155
28.316814089284893,348.58481648469956,-356.10190621899545
28.120738526930804,347.7175033291493,-356.36453490276347
27.91505046744865,346.83021945371434,-356.64471413504054
27.697269522765673,345.9229664151217,-356.94489147083135
27.46248658249288,344.9957463020434,-357.26506690853967
27.207567395759327,344.0485618987718,-357.605240446463
26.93250904705823,343.0814161422525,-357.9654120827924
26.657309593268476,342.1143109975333,-358.3455818156126
26.40197098041948,341.1672445405121,-358.7457496429021
26.16649612673135,340.24021387440916,-359.16591556253303
25.95088795031855,339.3332161020191,-359.606079572271
25.755149369189922,338.446248325711,-360.06624166977554
25.57388165177594,337.5793079100262,-360.5464018525997
25.3912040632228,336.7323937790477,-361.0465601181901
25.19670815633664,335.90550715390066,-361.5667164638872
25.000079271951222,335.08801323624573,-362.1032082477855
24.807209782230686,334.2681043440914,-362.6560354670323
24.613759495571717,333.4448390995408,-363.2288607578273
24.41891605023555,332.6188407001012,-363.8216841171245
24.222292170077615,331.7908883697976,-364.4342654456794
24.02353285910983,330.9617500612375,-365.0660353423085
23.82233651251204,330.13217417307067,-365.71632175508387
23.61843133143033,329.30287371739456,-366.3844418497373
23.42304574727137,328.46389876141666,-367.06551106833217
23.247536721652885,327.6049508516162,-367.7578784129467
23.09190133864583,326.72602708934653,-368.46721899881976
22.95613668221548,325.8271245763864,-369.19643604521593
22.84023983622144,324.90824041493966,-369.9456511283814
22.744207884417666,323.9693717076357,-370.71486424433215
22.668037910452494,323.01051555752906,-371.50407538897787
22.61172699786863,322.0316690680997,-372.31328455812184
22.55527223011205,321.03283031554025,-373.1254997273385
22.47867070835082,320.01436579427394,-373.92161613500826
22.381920161036838,318.98808609427255,-374.69862579702925
22.26502083858452,317.97117494456927,-375.4556334665791
22.128072637495052,316.971827627313,-376.19450760410143
21.9774177453476,315.992501434272,-376.91944277382254
21.818275425054157,315.0325001782672,-377.63354463327846
21.65001051347738,314.0898239871156,-378.3385519510633
21.47179220518326,313.14517184174844,-379.0494905975595
21.28525457099354,312.1805463643327,-379.78042722843077
21.09530003093882,311.1959483910973,-380.53136183979046
20.905632546396816,310.1913781407401,-381.3022944276453
20.719336358761854,309.1668353409603,-382.0932249878959
20.539068774691433,308.1223193014529,-382.9041535163364
20.367070390911277,307.0578289743204,-383.7350800086547
20.205117924041236,305.97336301799965,-384.5860044604322
20.058491518645006,304.888919673493,-385.43692686715303
19.931708734584742,303.8244962664459,-386.26784722430114
19.824772489396945,302.7800899025901,-387.07876552745813
19.73768570051259,301.7556976872317,-387.86968177231194
19.670451285257084,300.7513167252514,-388.6405959546567
19.623072154373002,299.766810883266,-389.3915080703931
19.595550955143285,298.7971597730226,-390.1224181155282
19.5878891906884,297.83361319405236,-390.8333260861752
19.580087807110143,296.88118671451514,-391.5242319785539
19.55214928959921,295.9487628412226,-392.1951357889904
19.504076555166495,295.0363445108245,-392.84603751391705
19.435872520929955,294.143934659545,-393.4769371498727
19.347540104114593,293.27153622318286,-394.0878346935025
19.23908222205245,292.41915213711144,-394.6787301415579
19.110501792182582,291.58678533627847,-395.24962349089685
18.96180173205105,290.7744387552064,-395.8005147384836
18.792984959310907,289.982115327992,-396.3314038813888
18.604054391722162,289.20981798830655,-396.84354933582557
18.3950129471518,288.4575496693958,-397.343747355133
18.165863543573728,287.72531330408,-397.84211126748795
17.916609099068793,287.01311182475365,-398.3466665176053
17.647252531824748,286.3209481633859,-398.86315825574974
17.35779676013623,285.64882525152007,-399.3950899700981
17.04824470240477,284.99674602027403,-399.9438725307576
16.727116871081865,284.36043822696735,-400.5051670127879
16.402237470744677,283.7334769426011,-401.076573074079
16.07297287210254,283.11283655952417,-401.66101112079366
15.739548843966427,282.4971678014275,-402.25968488422143
15.40227401194108,281.8856735374539,-402.87333272873605
15.06140277608282,281.2777944610659,-403.5025291163489
14.717127702316438,280.6731168221325,-404.1477612873664
14.369591160337071,280.07132960013405,-404.8094589005849
14.03041065789566,279.47670733095265,-405.4742231392441
13.71114447200511,278.89304816158796,-406.13384219649555
13.411794328423728,278.32367620819923,-406.7993005029547
13.132362732781738,277.7734351560367,-407.4804745598574
12.872852559124867,277.2432334043833,-408.1816464499519
12.6332667256954,276.7330680476239,-408.9028161695098
12.412136221080155,276.2429362512747,-409.64398371469616
12.205465691376968,275.7728355894708,-410.4051490815698
11.998670596896751,275.32276478508817,-411.16631226609206
11.780600382706025,274.89272498464356,-411.9074732642242
11.552943784544476,274.48271770624336,-412.6286320720252
11.317145733271236,274.0927442398498,-413.3297886856601
11.074448692824092,273.72280568009324,-414.0109431014005
10.825947809291232,273.37290295184533,-414.6720953156244
10.572644587510622,273.04303682768784,-415.313245324816
10.31548832439901,272.73320793835296,-415.9343931255661
10.04661689953946,272.43363281680115,-416.5555387145627
9.757895488718795,272.133830219699,-417.196682088494
9.450807883287782,271.83235221585966,-417.85782324395075
9.12786971566301,271.52767573465115,-418.53896217741726
8.791355802878224,271.2182605582575,-419.2400988852715
8.443105039587563,270.9026199583635,-419.96123336378514
8.084464272605263,270.5793569351227,-420.70236560912355
7.716396678537075,270.2471195420909,-421.46349561734564
7.347616029704977,269.9048578179353,-422.2446233844041
6.985090728909431,269.55414597503443,-423.0457489061453
6.626441630782049,269.1988325202663,-423.8668721783092
6.269863079424614,268.8425172792621,-424.7079931965294
5.903910555897765,268.4796400530429,-425.5691119563332
5.517904283396829,268.1047502508172,-426.4502284531415
5.111842781511121,267.72174960468834,-427.351342682269
4.685725172526636,267.33495808533377,-428.27245463892393
4.239551217881711,266.9487521350987,-429.2135643182083
3.7733213468012488,266.56820297356586,-430.1746717151176
3.287036872632944,266.2005852937628,-431.15254454381136
2.780700164489126,265.8516458448348,-432.1376826084783
2.274313101852433,265.502780731446,-433.12213943553013
1.787873742831859,265.1339880164715,-434.10541167054714
1.3183398770028838,264.745264938642,-435.09035601038875
0.861042744131048,264.33660940720074,-436.08037796501
0.4137033758812481,263.9080198274398,-437.07890449175875
-0.024656323332412355,263.4594948262832,-438.08936783320104
-0.4546146393064155,262.9910331381246,-439.11524047236543
-0.8766943039688264,262.50263357530173,-440.159688180525
-1.305006607581122,262.01287103970793,-441.22413354810294
-1.7533891752781101,261.53888266826334,-442.308576569439
-2.2218399316130717,261.0776241495711,-443.41301723876666
-2.7103573102878555,260.62488378090495,-444.5374555502129
-3.2189405609941715,260.17330769274975,-445.6818914977985
-3.7473252020309253,259.71194220972876,-446.8458554919267
-4.2955133683580895,259.2326188896539,-448.02359863267293
-4.863772961773545,258.733376982654,-449.20543519142757
-5.452105923830427,258.2342194161855,-450.382813648238
-6.060510306825358,257.75514911770443,-451.5526309275396
-6.688983190660789,257.2961690142765,-452.7169147387937
-7.337521655132453,256.8572820325413,-453.8776174664792
-8.006122779929386,256.4384910987129,-455.036675597343
-8.69478364463394,256.0397991385792,-456.19604391724357
-9.403501328721795,255.66120907750212,-457.35771411351175
-10.13227291156198,255.3027238404178,-458.52372506317863
-10.861095472425749,254.9643453795489,-459.68242126535915
-11.569966090584087,254.6460717575423,-460.8211150231626
-12.258881845405206,254.34790006433158,-461.9398063305339
-12.927839816363432,254.0698273894243,-463.03849518152435
-13.576837083039221,253.81185082190206,-464.1171815702916
-14.20587072511917,253.5739674504206,-465.1758654910997
-14.814938022266915,253.35206300934288,-466.2145469383191
-15.40403732435392,253.13645660520075,-467.23322590642647
-15.973168212411688,252.92263372431296,-468.2459683175042
-16.52233082405241,252.70154629603158,-469.27049555926754
-17.0515272718353,252.4618143635771,-470.3096434779365
-17.560760407734893,252.20215815499054,-471.36100881633854
-18.054998046397063,251.92257500033827,-472.4211564719053
-18.541643307664906,251.62306331396465,-473.4873434632888
-19.02275654561615,251.30362220719817,-474.5584234721064
-19.49819442764475,250.96425084796445,-475.63384287900016
-19.97667014507454,250.62025199222458,-476.7124546610114
-20.465287124472418,250.28702432154765,-477.79280955181275
-20.961933447843915,249.96499717732806,-478.87403558752317
-21.465588715020637,249.6548968544414,-479.95577015729845
-21.97593259713152,249.35751622391754,-481.0378990772058
-22.493019520528062,249.07365458768402,-482.1203774796974
-23.017092378943882,248.80410392570553,-483.2031225391977
-23.54848692586988,248.54964619583214,-484.28595851197224
-24.081929913952788,248.29296817919075,-485.3587809961626
-24.607125130959044,248.0163674777593,-486.41160089944043
-25.119875710615126,247.71984244930425,-487.44441821620734
-25.620871416173753,247.40339134369017,-488.45723294097127
-26.110261956152268,247.0670124560631,-489.4500450683465
-26.58825836829037,246.71136548137662,-490.4228545930538
-27.055350836257276,246.33775723285225,-491.37566150992006
-27.51223848644139,245.94744305263268,-492.30846581387874
-27.954211354360826,245.54810500280206,-493.22126749996966
-28.376898707884422,245.14750477024745,-494.1177967488459
-28.782894582402875,244.7472651547233,-495.0068279877994
-29.174199944713934,244.34878443753362,-495.89465334495435
-29.550161381262118,243.95295836281616,-496.782777901415
-29.909172244149953,243.56105723771526,-497.6718376528531
-30.24936404611534,243.17537437158344,-498.562471264747
-30.569685001154657,242.7996403352875,-499.45474378558515
-30.890061132814917,242.4200417005889,-500.35773702252374
-31.230494574081213,242.02049125311862,-501.2807275987743
-31.590988240005597,241.60099191830975,-502.2237155094289
-31.971545045533453,241.16154662202052,-503.18592091758717
-32.37216787668955,240.70275099435253,-504.1653116535596
-32.79285953295019,240.22460796200167,-505.14992304243935
-33.23362290012672,239.726527748258,-506.12178724357216
-33.69446089273768,239.20851328065496,-507.073648753384
-34.15537642520374,238.67056651486354,-508.00550756681344
-34.59637241194515,238.11268551783004,-508.9173636789052
-35.017451767479194,237.53486738463837,-509.8092170848104
-35.41861740642911,236.9371092107975,-510.6810677797867
-35.799872243523986,236.3194080922415,-511.5329157591978
-36.161219193598825,235.6817611253295,-512.3647610185141
-36.50320026175078,235.02416543305335,-513.179414606587
-36.82790516056756,234.34735744606044,-513.9826791332939
-37.134796599012304,233.67133469394213,-514.7717435410888
-37.42910379993025,233.01535560431992,-515.5408052115661
-37.72490721080506,232.37941938207246,-516.2898641406364
-38.02830378626468,231.76352687063243,-517.0189203243164
-38.338595953845896,231.16767911107704,-517.7289775457697
-38.65586647075274,230.59187711161366,-518.4246143887506
-38.98078002192823,230.03612192781335,-519.112998584418
-39.31444758753591,229.50041475516932,-519.8010450942613
-39.66281090580191,228.9647571864463,-520.4805823927232
-40.01861587744827,228.40915127394456,-521.1401169235106
-40.36666665551203,227.8335967498968,-521.7796486831163
-40.7038151621358,227.2380922059735,-522.3991776681396
-41.02928121378999,226.6243798896902,-522.9987038752861
-41.34339861558393,225.99595235687042,-523.5782273013677
-41.64746818385979,225.35597068886204,-524.137747943303
-41.94301335567425,224.70686826400944,-524.6772657981164
-42.24471819925443,224.0504729031029,-525.1967808629394
-42.56651982961449,223.38946101503294,-525.696293135009
-42.90841879083677,222.72472623950372,-526.1758026116693
-43.270415796566866,222.0538458076711,-526.6353092903704
-43.652511942102116,221.37429182587223,-527.0748131686688
-44.054708643120854,220.6841709805254,-527.4943142442276
-44.47700756276919,219.98191693409652,-527.8938125148157
-44.91941058961162,219.26597425123836,-528.2733079783092
-45.37466799561701,218.5328200313328,-528.6328006326899
-45.83623761809796,217.7797326506622,-528.972290476046
-46.30560434320245,217.0067131364478,-529.2917775065727
-46.784391904388,216.21376274252583,-529.5912617225707
-47.27437228945651,215.40088297019554,-529.8707431224476
-47.7774833148551,214.568075591012,-530.1302217047173
-48.295856408106026,213.7153426728594,-530.369697468
-48.83185684140735,212.84268661095686,-530.5891704110221
-49.387358939600595,211.9701101278824,-530.7886405326168
-49.96298762054364,211.11761612866238,-530.9681078317233
-50.55873996431324,210.2852075484074,-531.1275723073871
-51.1746130508791,209.4728873218023,-531.2670339587606
-51.810603960103975,208.68065838310588,-531.3864927851021
-52.46670977174361,207.9085236661512,-531.485948785776
-53.1429275654468,207.15648610434536,-531.5654019602539
-53.8392544207554,206.42454863066953,-531.6248523081131
-54.55568806620292,205.69936218819493,-531.6642998290374
-55.29222882138868,204.9676851281358,-531.6837445228172
-56.04887762841704,204.22974299041897,-531.683186389349
-56.82563539566951,203.48577718257795,-531.6626254286357
-57.62250299545802,202.7360453647938,-531.6220616407869
-58.439481261649924,201.9808214465519,-531.5614950260181
-59.27657098731716,201.22039529862644,-531.4809255846512
-60.13377292244341,200.45507221806315,-531.380353317115
-60.999663530182076,199.69744229982248,-531.2597782239441
-61.861691856092946,198.95993841150377,-531.1192003057797
-62.71773154275663,198.24255983168652,-530.9586195633693
-63.565899763058916,197.5453055468267,-530.7780359975668
-64.40453498814512,196.86817428522826,-530.5774496093325
-65.23216928509738,196.21116454735537,-530.356860399733
-66.04749701353677,195.57427463181426,-530.1162683699414
-66.8493421489334,194.95750265664327,-529.8556735212369
-67.6342102964213,194.35840549561834,-529.5950758549965
-68.39916575064183,193.77527322833973,-529.3544753725969
-69.144206089373,193.20955506365567,-529.1338720753175
-69.86932868101324,192.66266849179178,-528.9332659643317
-70.5745307086801,192.13559945731794,-528.7526570407059
-71.25980926570215,191.62863181889048,-528.5920453054006
-71.92516143157304,191.1417626705954,-528.4514307592699
-72.57058428589244,190.67498910609274,-528.3308134030616
-73.19607490836592,190.22830821861666,-528.2101932374258
-73.80163037880507,189.8017171009754,-528.0695702630128
-74.38724777712751,189.39521284555127,-527.9089444805704
-74.95292418335686,189.00879254430083,-527.7283158909528
-75.49865667762275,188.64245328875472,-527.5276844951203
-76.0244423401609,188.2961921700177,-527.3070502941399
-76.5302782513131,187.9700062787688,-527.066413289185
-77.01616149152723,187.66389270526122,-526.8057734815349
-77.48208914135722,187.37784853932234,-526.527061939088
-77.92805828146318,187.11187087035378,-526.2359872681363
-78.3540659926113,186.8659567873314,-525.9396243546391
-78.76010935567392,186.64010337880535,-525.6424971555157
-79.14618562743001,186.43069150957115,-525.3444037051066
-79.51229311142274,186.22703713033837,-525.0413769334657
-79.85843186992126,186.017773398079,-524.7285786349614
-80.18460327449094,185.79592926379206,-524.4016273730037
-80.49080953910668,185.55648196956653,-524.0765573728808
-80.7770534647235,185.29707787769658,-523.7714845859437
-81.04333796668158,185.0177140770251,-523.4864090138148
-81.28966596042727,184.7183876568201,-523.22133065801
-81.51604036151303,184.39909570677492,-522.9762495199387
-81.72489347745733,184.0598354351113,-522.7511656009044
-81.92131582567133,183.700604652117,-522.5460789021039
-82.10966159288502,183.32140188582423,-522.3609894246277
-82.30484512100345,182.94222676576044,-522.175897169469
-82.52008380163296,182.58308157435908,-521.9708021376207
-82.75537471676667,182.24396923631332,-521.7457043301735
-83.01071494829107,181.92489267589076,-521.5006037483244
-83.28610157798605,181.62585481693336,-521.2355003933767
-83.5815316875249,181.3468585828575,-520.9503942667401
-83.89700235847434,181.08790689665392,-520.6452853699308
-84.2325106722945,180.84900268088774,-520.3201737045711
-84.56805468263526,180.61014788544642,-519.9950592723809
-84.88363633229612,180.35134057106742,-519.6899420750802
-85.17925853646128,180.07257782659036,-519.4048221142916
-85.45492421042108,179.77385674128013,-519.1396993915312
-85.71063626957196,179.45517440482675,-518.8945739082086
-85.94876899019427,179.1165280226277,-518.6694456656274
-86.17427309424018,178.7579153868868,-518.4643146649847
-86.39103518582102,178.37933497007515,-518.2791809073714
-86.59411037429035,177.98078532045938,-518.1111278946353
-86.77724652620473,177.5622638339409,-517.9576348070534
-86.94231868975315,177.12376769377366,-517.8201616826728
-87.09616740737432,176.66529468908138,-517.7012064489355
-87.24439295238314,176.18684369672076,-517.6022255683798
-87.38763418521987,175.6884139584371,-517.5232419354376
-87.52581338739122,175.17000474379384,-517.4642555505288
-87.65874337006343,174.63161530138106,-517.4252664139674
-87.78407832455095,174.07324474654365,-517.3935301955598
-87.8996270161259,173.4948917560861,-517.35647978828
-88.00550170599541,172.89655491066878,-517.3144357756682
-88.10185585844,172.2782328098612,-517.2676764291463
-88.18892825635614,171.6399240812319,-517.2165006300165
-88.2670906234588,170.9816273963152,-517.1613131618
-88.3368788575902,170.30334149262464,-517.102722637327
-88.39898737852756,169.6050651977338,-517.0416303149007
-88.46527715026662,168.9067979868689,-516.9833410954895
-88.54638933457424,168.22854154509346,-516.9331353606041
-88.64108501218895,167.5702979333067,-516.891615264289
-88.74878349646563,166.93206908472703,-516.8586206467006
-88.869205514226,166.31385687352875,-516.8333603436164
-89.00213937149346,165.7156631401024,-516.8145746939736
-89.14732986188056,165.1374896914735,-516.80076369978
-89.30445618521522,164.57933829251883,-516.7904331584961
-89.46302770760624,164.04121016547967,-516.7799367228939
-89.61430160742512,163.52310459462822,-516.7619445800292
-89.76096425371277,163.02502072269914,-516.7281888884236
-89.90473853959243,162.54695801507984,-516.6746158986971
-90.04674370429518,162.0889161345417,-516.6010401615346
-90.18790341468538,161.65089489277742,-516.5074616773271
-90.3289267818916,161.23289422105643,-516.3938804465723
-90.47029439927243,160.8349141372306,-516.2602964698742
-90.60195557520926,160.44300014322033,-516.107308903369
-90.71367579795981,160.04590698370936,-515.9349177478701
-90.80545542053112,159.64923767413524,-515.7425238488685
-90.87733464705273,159.25937064351055,-515.5301272073871
-90.93318495721238,158.88361540357587,-515.2977278245554
-90.97984850377827,158.52683164482636,-515.0453257016094
-91.02215106951934,158.19005432951076,-514.7729208398911
-91.06274604456759,157.87328303883018,-514.480513240849
-91.11292952826433,157.56291468862872,-514.188102906029
-91.18316022374518,157.2460014426,-513.9156898369775
-91.27343900388895,156.92359123846194,-513.6632740351429
-91.38376661469785,156.59646597229434,-513.4308555018673
-91.51414368344092,156.26551548476593,-513.216413780643
-91.66457068867716,155.9319129942739,-513.0150173926818
-91.83504791231779,155.5971929725331,-512.8212873865535
-92.02557538455497,155.2632804008873,-512.6324208276894
-92.23615341821335,154.92031815047017,-512.4358171273471
-92.46678439811443,154.55738807366637,-512.2192107021089
-92.71747123989417,154.17449309527268,-511.98260155312636
-92.98821685908185,153.7716361405111,-511.7259896816577
-93.27902417110008,153.34882013502886,-511.44937508906753
-93.5898960912648,152.90604800489834,-511.1527577768267
-93.92083553478528,152.4433226766171,-510.8361377465126
-94.27184541676404,151.96064707710786,-510.49951499980875
-94.62367930116432,151.4780231979352,-510.1428895385052
-94.96148579429655,151.01544950152325,-509.7662613644983
-95.29246707088271,150.57292450598317,-509.3696304797908
-95.6209617059051,150.15044756317005,-508.9529968864919
-95.94928013906048,149.74801849731315,-508.516360586817
-96.2785226946143,149.36563737395855,-508.0597215830879
-96.60901908983284,149.00330435965134,-507.5830798777328
-96.94051850036527,148.66101962535154,-507.0864354732863
-97.26241529877466,148.33878278927267,-506.5897883723805
-97.5643591829924,148.0365914446639,-506.1131385776475
-97.84634723455059,147.75444268131727,-505.6564860916218
-98.1083765350874,147.4923335885991,-505.2198309167318
-98.35044416634715,147.25026125545017,-504.80317305529934
-98.5725472101803,147.02822277038558,-504.40651250954005
-98.77468292782545,146.8225273829471,-504.02984928156326
-98.95684952717673,146.6247651298056,-503.67318337337184
-99.13904590449026,146.43862190937054,-503.3365147868624
-99.34126955062953,146.27250672147804,-503.01984352382516
-99.56351754765687,146.12642248675465,-502.72316958594405
-99.80578697752814,146.0003721254013,-502.4464929747966
-100.06807492209273,145.89435855719336,-502.18981369185417
-100.35037846309359,145.8083847014806,-501.95313173848155
-100.65269468216722,145.74245347718718,-501.7364471159374
-100.97502066084373,145.69656780281161,-501.5397598253739
-101.29735445284308,145.65072962417477,-501.3430698678458
-101.60212761557786,145.5849371160617,-501.12637724440793
-101.89488890979584,145.49918810531008,-500.8896819562125
-102.17870199699416,145.393481140574,-500.63298400451816
-102.45354989649555,145.26781491336712,-500.35628339068995
-102.71951458234791,145.12218812196457,-500.05958011619924
-102.9766921916637,144.95659947766862,-499.7428741826238
-103.22518834732367,144.7710477065689,-499.4061655916476
-103.47938582143233,144.58553224440172,-499.052763596845
-103.75361054128675,144.4200553156398,-498.68660957439545
-104.04785958856637,144.27461984090618,-498.3085422847142
-104.3621300448442,144.14922874039846,-497.9186240023602
-104.69539833690887,144.04388488426997,-497.51646024107254
-105.04531960429341,143.95859087954096,-497.10162836409665
-105.4095099172666,143.89334897473552,-496.6738635544935
-105.78607085684727,143.84816110701647,-496.233004682202
-106.1784021421442,143.8030292051163,-495.7955630467852
-106.59074315766074,143.73795598113873,-495.3781187749401
-107.02309681806658,143.6529443535777,-494.98067186888636
-107.47546603792497,143.54799724135228,-494.6032223307375
-107.94785373169277,143.42311756380653,-494.24577016250055
-108.44026281372035,143.2783082407096,-493.9083153660764
-108.95269619825162,143.11357219225567,-493.5908579432594
-109.48515679942399,142.92891233906394,-493.2933978957376
-110.01764655898985,142.74433062985565,-493.0076714349659
-110.53016352955164,142.57982512420193,-492.7241367438491
-111.02270479152168,142.4353929089961,-492.4400992743356
-111.49526742541852,142.3110310707057,-492.1523196556837
-111.94784855768144,142.2057942896734,-491.8565855090164
-112.38044577149591,142.11311376218833,-491.54792080508184
-112.79305794291065,142.0242073568697,-491.22213720915096
-113.18568493080582,141.93394813653347,-490.87702014957364
-113.57832743438361,141.83411129941933,-490.53192868464936
-113.99098756470899,141.71638870434666,-490.2068346112864
-114.42366813652221,141.57872775279978,-489.9017379312134
-114.87637206438478,141.4211313648348,-489.6166386460528
-115.34910226275177,141.2436024609329,-489.35153675732056
-115.84186164597173,141.0461439620003,-489.10333357448746
-116.35465312828671,140.82875878936824,-488.8657061942894
-116.88747962383225,140.591449864793,-488.6324279906428
-117.44034404663734,140.33422011045585,-488.389821869381
-118.0132493106244,140.05707244896303,-488.12721315108905
-118.60619832960933,139.76000980334575,-487.8446018371633
-119.21919401730142,139.4430350970602,-487.54198792910654
-119.85223928730333,139.10615125398743,-487.21937142852795
-120.50533705311116,138.74936119843352,-486.87675233714316
-121.17849022811434,138.37266785512935,-486.51413065677394
-121.87170172559568,137.97607414923078,-486.1315063893486
-122.56497445874018,137.55958203403108,-485.72887953690173
-123.23831134073252,137.12318957409855,-485.3062501015744
-123.89171528485451,136.666893862139,-484.8636180856139
-124.52518920449397,136.19069199128307,-484.40098349137395
-125.1387360131447,135.69458105508636,-483.91834632131463
-125.73235862440643,135.17855814752937,-483.4157065780024
-126.3060599519849,134.6426203630175,-482.8930642641101
-126.85984290969175,134.08676479638115,-482.3504193824169
-127.39371041144453,133.51098854287568,-481.79231948600767
-127.90766537126669,132.91528869818143,-481.22376436041026
-128.4017107032876,132.2996623584037,-480.6456479028431
-128.8758493217424,131.66410662007283,-480.05884364009216
-129.33008414097225,131.0086185801442,-479.46420621242345
-129.76441807542403,130.33319533599825,-478.8625729871954
-130.17885403965047,129.63783398544047,-478.25476557710385
-130.57339494831007,128.92253162670139,-477.64159099984585
-130.96804274387088,128.20728633068862,-477.01593156764517
-131.38279547965064,127.5121000574593,-476.3702695988955
-131.8176502365815,126.8369757389677,-475.7046050970302
-132.2726040954888,126.18191630674234,-475.01893806558905
-132.74765413709096,125.54692469188602,-474.31326850821813
-133.24279744199956,124.93200382507577,-473.58759642866977
-133.7580310907193,124.33715663656284,-472.84192183080285
-134.29335216364808,123.76238605617267,-472.0762447185825
-134.82875780496127,123.20638012004507,-471.29056509608023
-135.34424536335766,122.66887159404064,-470.48488296747394
-135.8398120346991,122.15117149401668,-469.65919833704794
-136.3154549123855,121.65354221614187,-468.8135112091928
-136.7711710770253,121.17598085445515,-467.9478215884056
-137.20695760933287,120.71848450256971,-467.0621294792895
-137.62281159012863,120.281050253673,-466.1564348865544
-138.01873010033887,119.86367520052671,-465.23073781501625
-138.39471119328337,119.4463564355023,-464.2850382695976
-138.75075681153774,119.00909105097088,-463.3193362553272
-139.086869870071,118.55187613969328,-462.33363177734026
-139.40305328395826,118.07470879485543,-461.32792484087827
-139.69930996838042,117.57758611006842,-460.30221545128916
-139.97564283862448,117.06050517936852,-459.25650361402717
-140.23205481008335,116.52346309721716,-458.1920452531552
-140.4685487982559,115.966456958501,-457.11136401877974
-140.70512717956558,115.40057563346919,-456.01320399814523
-140.96179009844215,114.83846088197046,-454.89504155264484
-141.23853677506239,114.28338774360748,-453.75687668822457
-141.53536592670088,113.73898334056247,-452.5987094109366
-141.852275714401,113.20926375086069,-451.4205397269395
-142.18926371702557,112.69796790683046,-450.2223676424984
-142.54632709486702,112.20672267414383,-449.00419316398455
-142.92346292916432,111.73553098044327,-447.7660162978757
-143.3206692733371,111.26439575298097,-446.5078370507559
-143.7379480698481,110.77331991900884,-445.2296554293155
-144.17530223334077,110.26230640616842,-443.9314714403515
-144.6327346783518,109.73135814252635,-442.6132850907669
-145.11024831931104,109.18047805657427,-441.2750963875713
-145.60784607054165,108.60966907722892,-439.9169053378805
-146.12553084625992,108.01893413383202,-438.5387119489169
-146.6633055605754,107.40827615615035,-437.140516228009
-147.20117215521213,106.79769710205275,-435.7321053911446
-147.71912868274404,106.2071950402579,-434.3245786927869
-148.21717222355448,105.63676706680666,-432.9194686568992
-148.69529985813278,105.08641027731407,-431.51698865078595
-149.1535086670741,104.55612176696944,-430.11727678920477
-149.5917957310796,104.04589863053627,-428.72076212622926
-150.01015813095634,103.55573796235232,-427.32804968408624
-150.40859294761734,103.08563685632961,-425.93975970562434
-150.78709726208155,102.63559240595445,-424.56382935108496
-151.1456681554739,102.20560170428743,-423.2078967388958
-151.48430270902537,101.79566184396347,-421.87196187626705
-151.80299800407295,101.40576991719179,-420.55602477030266
-152.1017511220596,101.03592301575597,-419.2600854280002
-152.38055914453435,100.68611823101394,-417.98414385625085
-152.63941915315235,100.35635265389801,-416.7282000618395
-152.8783282296747,100.04662337491487,-415.4922540514448
-153.09728345596872,99.75692748414559,-414.2763058316388
-153.29628207811334,99.48388641130906,-413.08035540888756
-153.4753221099784,99.22183291237354,-411.9044027895505
-153.63440220542427,98.96784330481387,-410.7484479798808
-153.77461639472025,98.72124832985874,-409.61249098602525
-153.90065426818012,98.48221426323519,-408.49653181402454
-154.01767862636765,98.2513645556858,-407.4005704698127
-154.12759789844444,98.02973593396129,-406.3246069592176
-154.22415216311876,97.8063531956794,-405.2562148842053
-154.30074259046455,97.5665308886584,-404.18161692888617
-154.35737189130867,97.30694562163197,-403.09820622331745
-154.39404297116104,97.02736715817923,-402.0036024782231
-154.41075874668903,96.72779258774372,-400.89572492797845
-154.40752213466607,96.40821900019438,-399.7727731305347
-154.38433605197164,96.0686434858255,-398.63307544669937
-154.34120341559142,95.70906313535684,-397.4749012235257
-154.27812714261708,95.32947503993357,-396.301810383667
-154.19511015024636,94.92987629112628,-395.1177381474021
-154.092155355783,94.51026398093106,-393.921857581445
-153.96926567663687,94.07063520176945,-392.71364899973406
-153.8264440303237,93.61098704648849,-391.49238089471737
-153.6636933344653,93.13131660836073,-390.25628725974434
-153.48101650678942,92.63162098108427,-389.0021523344827
-153.27841646512982,92.11189725878269,-387.72801534069004
-153.05589612742614,91.57214253600515,-386.4538762851329
-152.81345841172393,91.01235390772639,-385.19973517457765
-152.55110623617477,90.43252846934674,-383.9655920156933
-152.268842519036,89.83266331669209,-382.75144681504247
-151.96667017867097,89.21275554601398,-381.5572995790814
-151.64459213354874,88.5728022539896,-380.38315031416005
-151.30261130224434,87.91280053772172,-379.22899902652205
-150.9407306034386,87.23274749473883,-378.0948457223046
-150.57895295590927,86.53264119528252,-376.9806904075387
-150.23728127843367,85.81248359916985,-375.88653308814884
-149.9157184896909,85.07227763893097,-374.81237376995335
-149.61426750825325,84.31202624752171,-373.7582124586641
-149.33293125258604,83.53173235832357,-372.72404915988665
-149.07171264104758,82.7313989051436,-371.7098838791202
-148.83061450384466,81.91283990409767,-370.7157166217576
-148.6096390175163,81.08406882073997,-369.74154739308545
-148.4087874543475,80.2432775080239,-368.78737619828394
-148.2253228442277,79.38245823692766,-367.8532030424269
-148.05754489607216,78.50161332745202,-366.93902793048187
-147.90798383371418,77.60074524084337,-366.04485086731
-147.77748077061176,76.67985674735506,-365.17067185766615
-147.6640223211826,75.74548458505872,-364.3164909061988
-147.56593661180406,74.80734976671451,-363.48230801745007
-147.4832990810522,73.86981316456992,-362.66812319585586
-147.39864811673831,72.92315752704297,-361.8540035462793
-147.29413902640886,71.95648809563463,-361.02190775321037
-147.16977472748192,70.96980197438666,-360.1757105740705
-147.02555813748114,69.9630962677663,-359.3197502196486
-146.86149217403567,68.93636808066633,-358.45932749386384
-146.67757975488033,67.889614518405,-357.60097845876084
-146.47382379785537,66.82283268672616,-356.7524449645082
-146.25022722090662,65.73601969179916,-355.9208940716986
-146.00679196979794,64.64917264018351,-355.1051482744929
-145.74351610124896,63.5822886384389,-354.30520757722877
-145.4603966997973,62.53536479273524,-353.52526499591886
-145.1574614286994,61.50839821030381,-352.7653205347105
-144.8368418484109,60.501386106176604,-352.0220322591506
-144.50438460546306,59.51432628765868,-351.2909469699923