
10.0,-10.0,10.0
10.0,-10.0,10.0
10.0,-10.0,10.0
10.0,-10.0,10.0
10.0,10.0,-10.0
10.0,10.0,-10.0
10.0,10.0,-10.0
10.0,10.0,-10.0
-10.0,-8.247614,-10.0
-10.0,-8.250183,-10.0
-10.0,-8.251581,-10.0
-10.0,-8.251818,-10.0
-9.474712,-10.0,10.0
-9.358711,-10.0,10.0
-9.243259,-10.0,10.0
-9.128424,-10.0,10.0
10.0,-10.0,10.0
10.0,-10.0,10.0
10.0,-10.0,10.0
10.0,-10.0,10.0
-10.0,-4.445916,10.0
-10.0,-4.516985,10.0
-10.0,-4.588809,10.0
-10.0,-4.6614246,10.0
10.0,-10.0,0.35427856
10.0,-10.0,0.46310806
10.0,-10.0,0.5717621
10.0,-10.0,0.68019867
10.0,-10.0,10.0
10.0,-10.0,10.0
10.0,-10.0,10.0
10.0,-10.0,10.0
10.0,-10.0,10.0
10.0,-10.0,10.0
10.0,-10.0,10.0
10.0,-10.0,10.0
10.0,10.0,10.0
10.0,10.0,10.0
10.0,10.0,10.0
10.0,10.0,10.0
10.0,2.0765743,-10.0
10.0,2.2107334,-10.0
10.0,2.3458881,-10.0
10.0,2.4821014,-10.0
-10.0,-10.0,10.0
-10.0,-10.0,10.0
-10.0,-10.0,10.0
-10.0,-10.0,10.0
10.0,6.2204742,-10.0
10.0,6.1277046,-10.0
10.0,6.0356846,-10.0
10.0,5.944393,-10.0
10.0,10.0,-10.0
10.0,10.0,-10.0
10.0,10.0,-10.0
10.0,10.0,-10.0
10.0,10.0,-2.0526123
10.0,10.0,-2.7892456
10.0,10.0,-3.506958
10.0,10.0,-4.206238
-10.0,-10.0,-10.0
-10.0,-10.0,-10.0
-10.0,-10.0,-10.0
-10.0,-10.0,-10.0
7.702545,10.0,10.0
7.334017,10.0,10.0
6.9797287,10.0,10.0
6.63933,10.0,10.0
-1.6573353,-10.0,10.0
-1.6312656,-10.0,10.0
-1.6053085,-10.0,10.0
-1.5794392,-10.0,10.0
10.0,10.0,10.0
10.0,10.0,10.0
10.0,10.0,10.0
10.0,10.0,10.0
10.0,-10.0,10.0
10.0,-10.0,10.0
10.0,-10.0,10.0
10.0,-10.0,10.0
10.0,10.0,10.0
10.0,10.0,10.0
10.0,10.0,10.0
10.0,10.0,10.0
10.0,-10.0,10.0
10.0,-10.0,10.0
10.0,-10.0,10.0
10.0,-10.0,10.0
-10.0,10.0,9.880465
-10.0,10.0,9.815678
-10.0,10.0,9.750103
-10.0,10.0,9.683815
3.3659878,7.3368835,10.0
3.1004257,7.03236,10.0
2.8428383,6.742897,10.0
2.5930653,6.4676723,10.0
-10.0,-10.0,10.0
-10.0,-10.0,10.0
-10.0,-10.0,10.0
-10.0,-10.0,10.0
10.0,10.0,-10.0
10.0,10.0,-10.0
10.0,10.0,-10.0
10.0,10.0,-10.0
-10.0,-9.878983,10.0
-10.0,-9.865935,10.0
-10.0,-9.850171,10.0
-10.0,-9.831737,10.0
-10.0,-10.0,10.0
-10.0,-10.0,10.0
-10.0,-10.0,10.0
-10.0,-10.0,10.0
10.0,-10.0,10.0
10.0,-10.0,10.0
10.0,-10.0,10.0
10.0,-10.0,10.0
10.0,1.0592995,-5.5470505
10.0,1.2221355,-5.6977043
10.0,1.3853912,-5.8519897
10.0,1.5491238,-6.009926
-10.0,10.0,-10.0
-10.0,10.0,-10.0
-10.0,10.0,-10.0
-10.0,10.0,-10.0
10.0,-10.0,10.0
10.0,-10.0,10.0
10.0,-10.0,10.0
10.0,-10.0,10.0
10.0,-10.0,10.0
10.0,-10.0,10.0
10.0,-10.0,10.0
10.0,-10.0,10.0
-10.0,-10.0,10.0
-10.0,-10.0,10.0
-10.0,-10.0,10.0
-10.0,-10.0,10.0
10.0,10.0,10.0
10.0,10.0,10.0
10.0,10.0,10.0
10.0,10.0,10.0
10.0,10.0,10.0
10.0,10.0,10.0
10.0,10.0,10.0
10.0,10.0,10.0
10.0,-10.0,10.0
10.0,-10.0,10.0
10.0,-10.0,10.0
10.0,-10.0,10.0
10.0,5.2173634,10.0
10.0,4.8165684,10.0
10.0,4.4173164,10.0
10.0,4.0199947,10.0
4.0144997,-10.0,-10.0
4.005455,-10.0,-10.0
3.9966316,-10.0,-10.0
3.9880075,-10.0,-10.0
-10.0,-10.0,-1.0379734
-10.0,-10.0,-0.8801365
-10.0,-10.0,-0.7219944
-10.0,-10.0,-0.5633335
10.0,-10.0,10.0
10.0,-10.0,10.0
10.0,-10.0,10.0
10.0,-10.0,10.0
-10.0,-10.0,10.0
-10.0,-10.0,10.0
-10.0,-10.0,10.0
-10.0,-10.0,10.0
10.0,7.61244,10.0
10.0,7.642354,10.0
10.0,7.6755886,10.0
10.0,7.711832,10.0
-10.0,-10.0,10.0
-10.0,-10.0,10.0
-10.0,-10.0,10.0
-10.0,-10.0,10.0
10.0,-0.6960373,10.0
10.0,-0.44067955,10.0
10.0,-0.18290901,10.0
10.0,0.076901436,10.0
9.792712,10.0,10.0
9.469803,10.0,10.0
9.151649,10.0,10.0
8.839232,10.0,10.0
10.0,-10.0,10.0
10.0,-10.0,10.0
10.0,-10.0,10.0
10.0,-10.0,10.0
10.0,-10.0,-10.0
10.0,-10.0,-10.0
10.0,-10.0,-10.0
10.0,-10.0,-10.0
5.6386776,-1.0149622,10.0
5.5353174,-0.9172497,10.0
5.4332504,-0.82032967,10.0
5.3325577,-0.7242298,10.0
-2.994625,10.0,10.0
-3.0618324,10.0,10.0
-3.1280365,10.0,10.0
-3.1932297,10.0,10.0
10.0,-4.8128147,10.0
10.0,-4.90448,10.0
10.0,-4.9957676,10.0
10.0,-5.08657,10.0
10.0,10.0,10.0
10.0,10.0,10.0
10.0,10.0,10.0
10.0,10.0,10.0
-10.0,10.0,10.0
-10.0,10.0,10.0
-10.0,10.0,10.0
-10.0,10.0,10.0
10.0,10.0,10.0
10.0,10.0,10.0
10.0,10.0,10.0
10.0,10.0,10.0
10.0,10.0,5.1699696
10.0,10.0,5.3352795
10.0,10.0,5.499485
10.0,10.0,5.662552
10.0,-10.0,-2.3229008
10.0,-10.0,-2.4172516
10.0,-10.0,-2.5106525
10.0,-10.0,-2.603159
10.0,-10.0,10.0
10.0,-10.0,10.0
10.0,-10.0,10.0
10.0,-10.0,10.0
-10.0,-2.0628605,-7.68544
-10.0,-2.1355991,-7.770851
-10.0,-2.2090664,-7.8587437
-10.0,-2.2832766,-7.9491806
10.0,10.0,10.0
10.0,10.0,10.0
10.0,10.0,10.0
10.0,10.0,10.0
9.577371,-10.0,-10.0
9.493669,-10.0,-10.0
9.411628,-10.0,-10.0
9.331251,-10.0,-10.0
-10.0,-10.0,10.0
-10.0,-10.0,10.0
-10.0,-10.0,10.0
-10.0,-10.0,10.0
-10.0,-10.0,-5.7429085
-10.0,-10.0,-5.7139797
-10.0,-10.0,-5.685049
-10.0,-10.0,-5.6560955
10.0,-3.1401472,10.0
10.0,-3.357871,10.0
10.0,-3.5719414,10.0
10.0,-3.7824144,10.0
10.0,10.0,-10.0
10.0,10.0,-10.0
10.0,10.0,-10.0
10.0,10.0,-10.0
-10.0,-10.0,10.0
-10.0,-10.0,10.0
-10.0,-10.0,10.0
-10.0,-10.0,10.0
0.32090378,10.0,-10.0
0.28323174,10.0,-10.0
0.24604225,10.0,-10.0
0.20934582,10.0,-10.0
-10.0,-10.0,10.0
-10.0,-10.0,10.0
-10.0,-10.0,10.0
-10.0,-10.0,10.0
10.0,-10.0,10.0
10.0,-10.0,10.0
10.0,-10.0,10.0
10.0,-10.0,10.0
10.0,-10.0,10.0
10.0,-10.0,10.0
10.0,-10.0,10.0
10.0,-10.0,10.0
10.0,7.248911,-10.0
10.0,7.043185,-10.0
10.0,6.842164,-10.0
10.0,6.645789,-10.0
-10.0,-10.0,-10.0
-10.0,-10.0,-10.0
-10.0,-10.0,-10.0
-10.0,-10.0,-10.0
10.0,-10.0,10.0
10.0,-10.0,10.0
10.0,-10.0,10.0
10.0,-10.0,10.0
-10.0,-10.0,-10.0
-10.0,-10.0,-10.0
-10.0,-10.0,-10.0
-10.0,-10.0,-10.0
10.0,-10.0,-4.456318
10.0,-10.0,-4.440199
10.0,-10.0,-4.4238834
10.0,-10.0,-4.4073143
10.0,8.082788,10.0
10.0,7.7838774,10.0
10.0,7.4911547,10.0
10.0,7.204545,10.0
10.0,2.9635754,-4.627121
10.0,3.0355797,-4.509178
10.0,3.1077557,-4.3929043
10.0,3.1801252,-4.278343
10.0,-10.0,-10.0
10.0,-10.0,-10.0
10.0,-10.0,-10.0
10.0,-10.0,-10.0
10.0,10.0,10.0
10.0,10.0,10.0
10.0,10.0,10.0
10.0,10.0,10.0
-10.0,-10.0,-4.3202
-10.0,-10.0,-4.2748165
-10.0,-10.0,-4.227558
-10.0,-10.0,-4.178341
4.332119,-10.0,10.0
4.1741743,-10.0,10.0
4.020034,-10.0,10.0
3.8695927,-10.0,10.0
10.0,-10.0,10.0
10.0,-10.0,10.0
10.0,-10.0,10.0
10.0,-10.0,10.0
-10.0,-10.0,10.0
-10.0,-10.0,10.0
-10.0,-10.0,10.0
-10.0,-10.0,10.0
10.0,-10.0,10.0
10.0,-10.0,10.0
10.0,-10.0,10.0
10.0,-10.0,10.0
10.0,-10.0,1.1506748
10.0,-10.0,1.1885033
10.0,-10.0,1.2281132
10.0,-10.0,1.2694778
9.764569,-10.0,-6.6255646
9.787939,-10.0,-6.587303
9.810577,-10.0,-6.5479774
9.832455,-10.0,-6.507614
10.0,-10.0,8.243639
10.0,-10.0,8.208207
10.0,-10.0,8.172165
10.0,-10.0,8.135523
-10.0,-10.0,10.0
-10.0,-10.0,10.0
-10.0,-10.0,10.0
-10.0,-10.0,10.0
3.403822,4.2267265,10.0
3.4708166,4.3139725,10.0
3.5376549,4.399624,10.0
3.6043034,4.4836636,10.0
10.0,-10.0,10.0
10.0,-10.0,10.0
10.0,-10.0,10.0
10.0,-10.0,10.0
10.0,-6.859916,0.38249207
10.0,-6.9044175,0.36683083
10.0,-6.9485917,0.35155487
10.0,-6.992397,0.33669662
10.0,-10.0,-10.0
10.0,-10.0,-10.0
10.0,-10.0,-10.0
10.0,-10.0,-10.0
7.164008,10.0,-10.0
7.215823,10.0,-10.0
7.26816,10.0,-10.0
7.3210526,10.0,-10.0
10.0,-10.0,10.0
10.0,-10.0,10.0
10.0,-10.0,10.0
10.0,-10.0,10.0
-10.0,-10.0,-10.0
-10.0,-10.0,-10.0
-10.0,-10.0,-10.0
-10.0,-10.0,-10.0
-10.0,-10.0,-10.0
-10.0,-10.0,-10.0
-10.0,-10.0,-10.0
-10.0,-10.0,-10.0
-10.0,-10.0,-10.0
-10.0,-10.0,-10.0
-10.0,-10.0,-10.0
-10.0,-10.0,-10.0
10.0,2.9878578,-10.0
10.0,2.999508,-10.0
10.0,3.012043,-10.0
10.0,3.0254698,-10.0
10.0,-10.0,-10.0
10.0,-10.0,-10.0
10.0,-10.0,-10.0
10.0,-10.0,-10.0
10.0,-10.0,10.0
10.0,-10.0,10.0
10.0,-10.0,10.0
10.0,-10.0,10.0
10.0,-10.0,10.0
10.0,-10.0,10.0
10.0,-10.0,10.0
10.0,-10.0,10.0
-10.0,-10.0,10.0
-10.0,-10.0,10.0
-10.0,-10.0,10.0
-10.0,-10.0,10.0
-10.0,10.0,10.0
-10.0,10.0,10.0
-10.0,10.0,10.0
-10.0,10.0,10.0
10.0,-10.0,10.0
10.0,-10.0,10.0
10.0,-10.0,10.0
10.0,-10.0,10.0
-10.0,-10.0,3.342925
-10.0,-10.0,3.339013
-10.0,-10.0,3.3358164
-10.0,-10.0,3.3333683
10.0,-8.089001,10.0
10.0,-8.110756,10.0
10.0,-8.134769,10.0
10.0,-8.161006,10.0
5.6018734,-6.8029623,10.0
5.6710653,-6.79914,10.0
5.739826,-6.7986345,10.0
5.8081865,-6.8014116,10.0
10.0,10.0,10.0
10.0,10.0,10.0
10.0,10.0,10.0
10.0,10.0,10.0
10.0,-10.0,10.0
10.0,-10.0,10.0
10.0,-10.0,10.0
10.0,-10.0,10.0
-10.0,-10.0,2.531868
-10.0,-10.0,2.519411
-10.0,-10.0,2.5057049
-10.0,-10.0,2.4907475
-10.0,8.472078,10.0
-10.0,8.457485,10.0
-10.0,8.443234,10.0
-10.0,8.429332,10.0
-10.0,6.2385206,-2.251871
-10.0,6.2010736,-2.2160091
-10.0,6.163515,-2.1797752
-10.0,6.125839,-2.1431885
7.1421237,-10.0,10.0
7.233724,-10.0,10.0
7.323271,-10.0,10.0
7.410807,-10.0,10.0
-10.0,-10.0,0.45170116
-10.0,-10.0,0.53528595
-10.0,-10.0,0.6181488
-10.0,-10.0,0.70027924
10.0,-10.0,10.0
10.0,-10.0,10.0
10.0,-10.0,10.0
10.0,-10.0,10.0
2.5015855,10.0,10.0
2.491407,10.0,10.0
2.4810147,10.0,10.0
2.4704204,10.0,10.0
-10.0,5.288273,10.0
-10.0,5.2418327,10.0
-10.0,5.1952953,10.0
-10.0,5.148635,10.0
10.0,-10.0,-10.0
10.0,-10.0,-10.0
10.0,-10.0,-10.0
10.0,-10.0,-10.0
10.0,-6.149099,0.50839615
10.0,-6.1219153,0.5092802
10.0,-6.094118,0.51084137
10.0,-6.0657625,0.51301956
-10.0,10.0,0.92724705
-10.0,10.0,0.8730831
-10.0,10.0,0.8191223
-10.0,10.0,0.7653742
10.0,-10.0,10.0
10.0,-10.0,10.0
10.0,-10.0,10.0
10.0,-10.0,10.0
-10.0,-10.0,10.0
-10.0,-10.0,10.0
-10.0,-10.0,10.0
-10.0,-10.0,10.0
-10.0,10.0,-10.0
-10.0,10.0,-10.0
-10.0,10.0,-10.0
-10.0,10.0,-10.0
10.0,-10.0,-8.267824
10.0,-10.0,-8.294001
10.0,-10.0,-8.318457
10.0,-10.0,-8.34116
-3.483389,-10.0,10.0
-3.4289765,-10.0,10.0
-3.3751435,-10.0,10.0
-3.3218822,-10.0,10.0
10.0,-10.0,10.0
10.0,-10.0,10.0
10.0,-10.0,10.0
10.0,-10.0,10.0
10.0,-10.0,10.0
10.0,-10.0,10.0
10.0,-10.0,10.0
10.0,-10.0,10.0
-10.0,3.3407807,10.0
-10.0,3.3603816,10.0
-10.0,3.3797097,10.0
-10.0,3.3987827,10.0
10.0,10.0,-10.0
10.0,10.0,-10.0
10.0,10.0,-10.0
10.0,10.0,-10.0
10.0,-10.0,-3.9052916
10.0,-10.0,-3.806157
10.0,-10.0,-3.7097588
10.0,-10.0,-3.6161861
4.778386,-10.0,10.0
4.6767488,-10.0,10.0
4.574133,-10.0,10.0
4.470524,-10.0,10.0
10.0,-10.0,-10.0
10.0,-10.0,-10.0
10.0,-10.0,-10.0
10.0,-10.0,-10.0
-7.874986,-10.0,10.0
-7.9655585,-10.0,10.0
-8.057645,-10.0,10.0
-8.151201,-10.0,10.0
-10.0,1.0098166,10.0
-10.0,1.0126305,10.0
-10.0,1.0153594,10.0
-10.0,1.0180163,10.0
10.0,-5.422898,10.0
10.0,-5.4938726,10.0
10.0,-5.564013,10.0
10.0,-5.633312,10.0
1.6230412,-10.0,0.93766785
1.8972936,-10.0,0.707139
2.1759133,-10.0,0.47542477
2.4588752,-10.0,0.24261093
10.0,-10.0,10.0
10.0,-10.0,10.0
10.0,-10.0,10.0
10.0,-10.0,10.0
0.31956434,-10.0,10.0