
-223.25039294104988,747.5707945881686,-28.327834555550403
-223.45071844129856,747.2401499011984,-28.633534627169304
-223.63109533167818,746.9146793932666,-28.91923454653671
-223.79214204508148,746.5927269539084,-29.1849343121334
-223.93488611993635,746.2724730605582,-29.4306339225465
-224.0599955251447,745.9519271516426,-29.65633337646949
-224.1678937129595,745.6290156392415,-29.862032672702195
-224.25882528548252,745.3016584149694,-30.047731810150804
-224.33133919784024,744.981566273251,-30.218288081908337
-224.3839019129571,744.6814832523506,-30.37740697336382
-224.41651051369124,744.4014064423108,-30.523680692534057
-224.42916208300696,744.1413329327485,-30.656973716752557
-224.42185370397465,743.9012598128553,-30.77781807827691
-224.39458245977085,743.6811841713977,-30.887381856793887
-224.3473454336782,743.4811030967163,-30.987426137230358
-224.28013970908566,743.3010136767267,-31.079875782868783
-224.19734281551882,743.121127788581,-31.15898817179829
-224.10332531952412,742.9217977565106,-31.218100395047067
-223.99814540542934,742.7033317570784,-31.25721245230078
-223.88201556767055,742.4660918672678,-31.276324343351455
-223.75529789382483,742.2104790349354,-31.27543606809746
-223.61849130035617,741.9369182443747,-31.254547626543516
-223.47221529287435,741.6458447802656,-31.2136590188007
-223.31719261587435,741.337691233975,-31.152770245086444
-223.15109905164485,741.0110926157813,-31.08486254122292
-222.9715595544333,740.6644687853657,-31.023116067611014
-222.77919372267854,740.2978178280938,-30.967915280259746
-222.57453047142747,739.9111379129263,-30.91961929697042
-222.35802006817886,739.5044272800911,-30.87856445985762
-222.13004452507002,739.077684230391,-30.845066289902913
-221.8909264375283,738.6309071159113,-30.819420963717857
-221.64093614827084,738.1640943318996,-30.801906559041086
-221.3756084720825,737.677244081622,-30.798524866486606
-221.09035679247899,737.1703536822044,-30.815143010150454
-220.7851840278395,736.6434202280809,-30.85176098994426
-220.46009306410178,736.0971103154146,-30.908378805673312
-220.11508652476442,735.5348130987968,-30.984996457036537
-219.7501662931837,734.9629154412348,-31.081613943626518
-219.3653331532876,734.390307724278,-31.198231264929486
-218.96058632664594,733.8297815672094,-31.334848420325326
-218.53592427431036,733.269048720543,-31.491465409087564
-218.09134895022174,732.6882524876972,-31.668082230383384
-217.62686327360646,732.0873899646714,-31.864698883273615
-217.14247016379676,731.4664582478904,-32.08131536671274
-216.63817254023076,730.825454434205,-32.31793167954888
-216.1139733224524,730.1643756208919,-32.574547820523826
-215.5698754301115,729.4832189056534,-32.851163788273
-215.00588178296363,728.7819813866176,-33.14777958132549
-214.44199530086132,728.0606611346262,-33.46439519810402
-213.89821890365656,727.3192601100961,-33.80101063692497
-213.3745555111032,726.5577812461579,-34.15762589599837
-212.87100804284822,725.7762274763676,-34.534240973427906
-212.38757941843153,724.9746017347072,-34.930855867210894
-211.92427255728617,724.1529069555845,-35.347470575238326
-211.4810903787381,723.3111460738331,-35.78408509529482
-211.05803573914383,722.450615107901,-36.24069942505866
-210.6483949451063,721.5913166669455,-36.69731356211064
-210.2458257599507,720.7519589892893,-37.13392750403154
-209.85094906255705,719.9325431546284,-37.550541248499655
-209.4641761089047,719.1330703168688,-37.94715479329962
-209.08577924702047,718.3535416791022,-38.32376813632241
-208.71593648027084,717.5939584768411,-38.68038127556537
-208.35475988256394,716.8543219664795,-39.016994209132186
-208.0023140533137,716.1344679851411,-39.333606935232915
-207.64429842553162,715.414397112006,-39.65021945217507
-207.26639258989155,714.6742725742955,-39.9868317582662
-206.86936796177844,713.9140915087328,-40.34344385171634
-206.45530962111454,713.1338512657691,-40.720055730629184
-206.0266906231285,712.3335495453147,-41.11666739300209
-205.5855839290943,711.5131843808658,-41.533278836726055
-205.13358004652937,710.6727540729833,-41.96989005958571
-204.67183195916746,709.8122571212763,-42.426501059259365
-204.21551539304292,708.9516928656037,-42.883111833327824
-203.77932613844936,708.1110635270514,-43.319722379371896
-203.36326128084397,707.2903720408367,-43.73633269506988
-202.96731790557683,706.4896213417518,-44.13294277820644
-202.5914930978911,705.7088143641638,-44.509552626672566
-202.2357839429229,704.9479540420148,-44.86616223846562
-201.9001875257014,704.2070433088218,-45.20277161168931
-201.5847009311488,703.4860850976764,-45.5193807445537
-201.27758878358685,702.7850817708792,-45.82499567117596
-200.96516730584239,702.1040333141202,-46.13022124784788
-200.6424999741847,701.442938618293,-46.43812478756981
-200.30326473541987,700.801795736573,-46.75073155868878
-199.94412474352183,700.1806019282784,-47.06773112090964
-199.56507708353794,699.5793542902253,-47.38625008425761
-199.1661188406215,698.9980499188049,-47.70066235508435
-198.74724710003164,698.4366859099832,-48.00264701363844
-198.3215961689573,697.8752599979471,-48.29983277954787
-197.9026400267778,697.2937724876497,-48.60391820431248
-197.4910407226794,696.6922244040597,-48.91388531527691
-197.08752109491755,696.0706168710523,-49.22925962253474
-196.693046091957,695.4289511332527,-49.549985961025506
-196.30908435484108,694.7672286087146,-49.87606570901045
-195.93800608963178,694.0854509897885,-50.20732730256088
-195.58350951907994,693.3836204066159,-50.54336693036805
-195.24847283810644,692.6623066530702,-50.88044046814153
-194.93354587732006,691.9215126303563,-51.217609197200886
-194.63873152768718,691.1606741443205,-51.560127079698184
-194.36403270763788,690.3797941284615,-51.913130218393526
-194.10945233549518,689.5788755167036,-52.28082647569245
-193.8749933294752,688.7579212433968,-52.66568924593989
-193.66065860768697,687.9169342433166,-53.0680785315142
-193.46645107826166,687.0561204965551,-53.48699306045875
-193.27237264733213,686.1954819664116,-53.92383427593411
-193.0584215732117,685.3504586287239,-54.38067520465773
-192.82459635115495,684.5094438865812,-54.85751584420032
-192.5708973047571,683.660928949679,-55.354356192026266
-192.29732605949786,682.7981536505196,-55.87119624549359
-192.00388500932593,681.9170671360106,-56.40803600185397
-191.69057697526844,681.0160274761166,-56.964055620682906
-191.35740487142496,680.0949406738482,-57.537366417612816
-191.00437161642952,679.1538038323803,-58.12878822716493
-190.6314801290217,678.1926140553135,-58.74020972760523
-190.2387333280467,677.2113684466743,-59.37163091568246
-189.82613413245528,676.2100641109147,-60.02305178803899
-189.3936854613038,675.1886981529124,-60.694472341210854
-188.94139023375416,674.1472676779708,-61.38589257162775
-188.46925136907382,673.0857697918194,-62.097312475613
-187.97727178663567,672.004201600613,-62.8287320493836
-187.48545440590934,670.9025611832199,-63.580151289050185
-187.01380214636356,669.7808505080837,-64.35157019061704
-186.56073416424684,668.6390724393681,-65.14168265867409
-186.11763161842262,667.4784071147428,-65.93966245098851
-185.67360808036366,666.3014450554006,-66.72951724040233
-185.2227516408106,665.1103044015995,-67.50207326075568
-184.76188004845935,663.9060267289901,-68.254628922172
-184.28934882932322,662.6890565828166,-68.98718422064954
-183.80296761078498,661.4737676766199,-69.69973915229288
-183.29891708302648,660.2708261884355,-70.39733751747944
-182.77504441336652,659.0739333529972,-71.09717058999607
-182.23134904737702,657.878876307489,-71.81419456194602
-181.6678308726498,656.6837939856476,-72.5512181520113
-181.08448990204482,655.4886613620903,-73.3082413562727
-180.48132607700958,654.2943187800664,-74.08526417070473
-179.85833919950588,653.1017550690939,-74.88228659117554
-179.23552852510198,651.9202709181412,-75.69930861344692
-178.63289156946004,650.7586974056734,-76.5363302331743
-178.05042541892232,649.6170374736757,-77.39335144590677
-177.48812715972377,648.495294063709,-78.27037224708708
-176.94599387799212,647.3934701169088,-79.16739263205163
-176.42402265974786,646.3115685739858,-80.08441259603046
-175.92221059090429,645.2495923752257,-81.02143213414726
-175.44055475726745,644.2075444604891,-81.97845124141939
-174.97903583847705,643.1854277684141,-82.94474797462935
-174.53765092012486,642.183245234821,-83.90990332992517
-174.11641349375492,641.2009997974978,-84.87445821003413
-173.71532064474485,640.2386943946051,-85.8388318631763
-173.33436945836516,639.296331963878,-86.80333952126871
-172.97355701977926,638.373915442627,-87.7682098302292
-172.63288041404346,637.4714477677372,-88.73359973492389
-172.312336726107,636.5889318756688,-89.6996069684852
-171.99192401310833,635.7063697302045,-90.67594036900326
-171.65164422133506,634.8037594059779,-91.67227328733827
-171.29150026945894,633.881098005725,-92.68860571819219
-170.9114950762574,632.9383826326076,-93.72493765616062
-170.5116315606135,631.9756103902134,-94.7812690957328
-170.09191264151576,630.9927783825555,-95.85760003129162
-169.65234123805845,629.9898837140727,-96.95393045711366
-169.19292026944137,628.9669234896298,-98.07026036736912
-168.73365265496096,627.9238957868049,-99.20658975612183
-168.29454131391284,626.8608025727511,-100.36291861732933
-167.87558916549435,625.7776467873352,-101.53924694484274
-167.47679912879562,624.6744313708496,-102.73557473240692
-167.09817412279955,623.5511592640121,-103.9519019736603
-166.73971706638184,622.4078334079667,-105.18114487374321
-166.39935941138907,621.2444566435795,-106.40492903457144
-166.06823556899292,620.0610310788968,-107.61033823803811
-165.72841895245975,618.8775568587655,-108.7957468692899
-165.36877612653106,617.7140316329973,-109.96794632769812
-164.98930417625698,616.5704525098633,-111.14693660702066
-164.590000186793,615.4468165972097,-112.34592629530454
-164.1708612434001,614.3431210024576,-113.56491538617406
-163.7318844314448,613.2593628326028,-114.80390387314719
-163.273066836399,612.1955391942165,-116.06289174963555
-162.7944055438402,611.1516471934443,-117.34187900894439
-162.30354706495459,610.127684307879,-118.64086564427264
-161.81074262824663,609.1236496288033,-119.95985164871284
-161.32075726953045,608.1395432306176,-121.29883701525124
-160.83747089467687,607.1753658181776,-122.6578217367677
-160.36397492304081,606.2311186022973,-124.03680580603574
-159.90276184738116,605.3068031987722,-125.43578921572256
-159.45588235741317,604.4024215530802,-126.85477195838898
-159.02505837499956,603.5179758846702,-128.2937540264895
-158.61272167222862,602.6534686917729,-129.75273541237223
-158.2205121280853,601.808902830145,-131.23171610827896
-157.84842682779288,600.9842812349816,-132.73069610634514
-157.4964628564676,600.1796068410525,-134.24967539859986
-157.16461729911873,599.3948825827025,-135.78865397696586
-156.85288724064856,598.6301113938512,-137.34763183325956
-156.56126976585242,597.885296207993,-138.92660895919096
-156.28976195941863,597.1604399581973,-140.5255853463638
-156.0327409256124,596.4355453038846,-142.14456098627548
-155.78546054633625,595.6906138538741,-143.78353587031697
-155.54986147246316,594.9256471656225,-145.4425099897729
-155.32827863619104,594.1406471081169,-147.12148333582164
-155.12341649841366,593.3356159186783,-148.82045589953512
-154.93769402703887,592.5105562233042,-150.53942767187897
-154.77209581697156,591.665470909043,-152.27839864371248
-154.6266247859546,590.8003629110926,-154.0354555129046
-154.50128356808517,589.9210675701563,-155.79059827012094
-154.3960735866206,589.0349954397145,-157.52574019892128
-154.3109956081145,588.1450976379368,-159.24088129007893
-154.24605000527535,587.2537821913007,-160.9360215344735
-154.2012368284496,586.3632115055865,-162.611160923091
-154.1765557875858,585.4759741473703,-164.26629944702378
-154.17200616573137,584.5953500360001,-165.90143709747056
-154.18758672701256,583.7250997506443,-167.51657386573643
-154.22329558311733,582.8710091869619,-169.13170974322395
-154.27913000386803,582.0369252987934,-170.76684472133564
-154.35508707210542,581.2228510211012,-172.42197879137663
-154.45116387056328,580.428789288422,-174.09711194454562
-154.56735748186838,579.6547430348672,-175.792244171935
-154.70366498854054,578.900715194123,-177.50737546453087
-154.86008347299259,578.1667086994496,-179.24250581321286
-155.03661001753045,577.4527264836819,-180.99763520875436
-155.2332417043531,576.7587714792294,-182.7527636418312
-155.44997561555263,576.0848466180759,-184.48789110311927
-155.68680883311418,575.4309548317796,-186.20301758339195
-155.94373843891609,574.7970990514732,-187.89814307352896
-156.2207615147298,574.1832822078638,-189.57326756451639
-156.51787514221985,573.5895072312329,-191.22839104744665
-156.83507640294403,573.0157770514364,-192.86351351351854
-157.17236237835328,572.4620945979045,-194.47863495403723
-157.52973014979173,571.9284627996417,-196.0737553604142
-157.90717679849675,571.4148845852269,-197.6488747241673
-158.30469940559888,570.9213628828132,-199.2039930369208
-158.72229505212198,570.4479006201283,-200.73911029040522
-159.15996179127055,569.9745007245092,-202.27422647644866
-159.61770156529218,569.4811661232928,-203.8293415868792
-160.09551728861513,568.9678997442056,-205.40445561342742
-160.59341187556092,568.4347045153992,-206.99956854771753
-161.1113882403443,567.8815833654501,-208.6146803812675
-161.6494492970732,567.3085392233598,-210.24979110548884
-162.20759795974882,566.7155750185551,-211.9049007116868
-162.7858371422655,566.1026936808873,-213.58000919106019
-163.3641697584196,565.4698971683456,-215.25511653471042
-163.922598722007,564.8171835501942,-216.9102227337389
-164.46112694692053,564.1445499238347,-218.54532777934446
-164.97975734715885,563.4519933870941,-220.16043166283242
-165.4784928368265,562.7395110382241,-221.7555343756143
-165.9573363301337,562.0070999759014,-223.33063590920813
-166.41629074139652,561.2547572992277,-224.88573625523816
-166.8553589850368,560.4824801077299,-226.42083540543507
-167.2945437864907,559.6941559103622,-227.93593335163592
-167.75384708268416,558.8943380394687,-229.43103008578407
-168.2332704648463,558.0842631729791,-230.90612559992928
-168.73281535654138,557.2650035565173,-232.36121988622764
-169.2524830352203,556.4375011678065,-233.7963129369416
-169.79227464862294,555.602602777533,-235.21140474444
-170.3521912263816,554.761090173173,-236.60649530119798
-170.93223368768463,553.9137039569663,-237.9815845997971
-171.51240321322544,553.0536050160237,-239.33667263292523
-172.07270236666045,552.1735892397988,-240.67175939337665
-172.6131340618726,551.2736537305472,-241.9868448740519
-173.13370121285038,550.3537955909492,-243.281929067958
-173.63440673368805,549.4140119241105,-244.55701196820826
-174.11525353858536,548.4542998335613,-245.81209356802233
-174.57624454184773,547.4746564232573,-247.0471738607263
-175.01738265788615,546.4750787975789,-248.26225283975253
-175.45867080120829,545.4555650336193,-249.45733049863978
-175.92011188632105,544.4161170980462,-250.63240683103314
-176.401708827633,543.35673793024,-251.7874818306841
-176.90346453944557,542.2774304700062,-252.92255549145048
-177.42538193595297,541.1781976575751,-254.03762780729645
-177.9674639312422,540.0590424336021,-255.1326987722926
-178.52971343929303,538.9199677391678,-256.2077683806158
-179.112133373978,537.7609765157773,-257.26283662654924
-179.69472567678383,536.6020707330383,-258.29790350448263
-180.2574884000465,535.4632484714081,-259.3129690089119
-180.80041862391116,534.3445068386659,-260.3080331344395
-181.32351342862844,533.2458429421654,-261.28309587577394
-181.82676989455445,532.1672538888342,-262.23815722773037
-182.3101851021507,531.1087367851744,-263.17321718523027
-182.77375613198438,530.0702887372621,-264.0882757433013
-183.21748006472802,529.0519068507477,-264.9833328970777
-183.66135495343835,528.0335892031788,-265.8783886417909
-184.12538274032107,526.9953377612524,-266.79344297267266
-184.60956633977105,525.9371554643421,-267.7284958848571
-185.1139086660759,524.8590452522474,-268.68354737337205
-185.63841263341612,523.7610100651921,-269.658597433139
-186.18308115586495,522.6430528438253,-270.653646058973
-186.7479171473884,521.5051765292212,-271.6686932455828
-187.33292352184523,520.3473840628786,-272.70373898757094
-187.93810222069956,519.1896783866863,-273.7387832794424
-188.56345129615843,518.0520624425321,-274.75382611570194
-189.20896782803416,516.9345391719137,-275.7488674909522
-189.87464889603189,515.837111515903,-276.7239073999019
-190.56049157974945,514.7597824151457,-277.6789458373662
-191.26649295867756,513.7025548098616,-278.6139827982667
-191.99265011219964,512.6654316398448,-279.5290182776313
-192.73896011959204,511.64841584446333,-280.4240522705942
-193.5054210323113,510.6315103626946,-281.299084772396
-194.29203479085658,509.5947181335155,-282.15411577838364
-195.09880430790741,508.5380420962923,-282.98914528401053
-195.92573249603606,507.461485190816,-283.80417328483634
-196.7728222677076,506.3650503573024,-284.5991997765271
-197.64007653527992,505.248740536392,-285.37422475485516
-198.52749821100366,504.1125586691502,-286.12924821569936
-199.43509020702226,502.95650769706685,-286.86427015504484
-200.36285446308443,501.8005905620214,-287.579290568983
-201.31078902968184,500.6648102058923,-288.27430945371174
-202.27889098491147,499.5491695701675,-288.9493268055352
-203.26715740676303,498.4536715959087,-289.604342620864
-204.2755853731191,497.3783192237515,-290.23935689621504
-205.30417196175495,496.32311539390514,-290.85436962821154
-206.3529142503387,495.288063046153,-291.4493808135832
-207.42180931643125,494.273165119852,-292.02439044916605
-208.49085423749523,493.2784235816455,-292.57939853190237
-209.54004609099252,492.3038365086007,-293.1144050588409
-210.5693819544816,491.3494010050713,-293.6294100271367
-211.57885890562665,490.41511417498475,-294.12441343405123
-212.56847402219734,489.5009731218423,-294.59941527695224
-213.53822438206905,488.606974948719,-295.05441555331396
-214.4881070632227,487.73311675826375,-295.48941426071684
-215.418119143745,486.8793956526993,-295.9044113968478
-216.3282577018282,486.0458087338223,-296.29940695950006
-217.21851981577024,485.23235310300316,-296.6744009465732
-218.08890256397478,484.43902586118634,-297.0293933560731
-218.9394030249512,483.66582410889015,-297.3643841861122
-219.77001827731456,482.9127449462068,-297.67937343490905
-220.58074539978574,482.17978547280245,-297.9743611007887
-221.3715814711913,481.4669427879172,-298.2493471821826
-222.1425235704636,480.7742139903653,-298.50433167762844
-222.91356877663193,480.1015971508222,-298.73931458577033
-223.70471416872502,479.4490942286873,-298.9542959053587
-224.51595682567358,478.8167081552212,-299.1492756352505
-225.34729382630147,478.2044418612587,-299.3242537744088
-226.19872224932567,477.6122982772086,-299.47923032190323
-227.0696200861374,477.04028030295683,-299.6142052769096
-227.9582119371404,476.48839066150595,-299.72917863871027
-228.8621771865611,475.95663176444845,-299.8241504066938
-229.763285390842,475.4450049109542,-299.8991205803552
-230.644470409743,474.95350802509444,-299.9540891592958
-231.5057293217161,474.4821382009967,-299.98905614322325
-232.34705920531914,474.03089253236243,-300.0040215319517
-233.16845713921597,473.599768112467,-299.9989853254015
-233.96992020217647,473.18876203415977,-299.9739475235995
-234.75144547307644,472.79787138986393,-299.92890812667883
-235.5130300308978,472.4270932715768,-299.86386713487894
-236.25467095472843,472.0764247708696,-299.7788245485457
-236.97636532376228,471.74586297888766,-299.67378036813136
-237.6781102172994,471.4354049863502,-299.54873459419446
-238.35990271474589,471.14504788355066,-299.4036872274
-239.02173989561393,470.8747887603564,-299.2386382685192
-239.66361883952186,470.6246247062089,-299.05358771842975
-240.28553662619413,470.39455281012374,-298.8485355781157
-240.88749033546134,470.1845701606906,-298.6234818486673
-241.48947762785465,469.9827317799183,-298.3784265312815
-242.1114984723862,469.7773831651969,-298.1133696272612
-242.7535533517195,469.56904267222575,-297.8283111380159
-243.4156426812012,469.35812261545715,-297.5232510650615
-244.09776682293838,469.14494838282064,-297.19818941002006
-244.79992609712045,468.9297766453519,-296.8531261746202
-245.52212079087235,468.7128108654819,-296.48806136069675
-246.2643511650688,468.49421377770835,-296.102994970191
-247.02661790796304,468.2648929022482,-295.6979270051506
-247.8089234867403,468.01568465937316,-295.2728574677294
-248.6112708141029,467.74659197182183,-294.8277863601879
-249.4336628026467,467.4576177627577,-294.3627136848926
-250.27610236486086,467.148764955769,-293.8776394443166
-251.13859241312804,466.82003647486874,-293.37256364103945
-252.0211358597242,466.4714352444946,-292.8474862777468
-252.92373561681873,466.1029641895091,-292.3024073572307
-253.82639459648314,465.714625262912,-291.7373268823898
-254.7091157107887,465.306416528978,-291.1522448562289
-255.57190187190383,464.8783350801189,-290.54716128185913
-256.4147559921029,464.43037800917153,-289.9220761624981
-257.23768098376644,463.96254240939726,-289.27698950146976
-258.04067975938074,463.4748253744822,-288.6119013022044
-258.82375523153814,462.96722399853724,-287.92681156823863
-259.58691031293694,462.43973537609827,-287.2217203032154
-260.3301479163813,461.89235660212574,-286.4966275108842
-261.05347095478135,461.32508477200497,-285.75153319510065
-261.7568823411532,460.7379169815462,-284.9864373598269
-262.44038498861863,460.1308503269845,-284.2013400091313
-263.1039818104055,459.5038819049797,-283.3962411471887
-263.7476757198474,458.8570088126167,-282.5711407782802
-264.37146963038373,458.1902281474051,-281.7260389067934
-264.97536645555977,457.5035370072795,-280.86093553722213
-265.55936910902665,456.7969324905995,-279.9758306741666
-266.1234805045412,456.0704116961495,-279.0707243223335
-266.66770355596606,455.323971723139,-278.14561648653563
-267.19204117726963,454.55760967120233,-277.20050717169244
-267.696496282526,453.771322640399,-276.23539638282955
-268.1810717859151,452.9651077312133,-275.25028412507896
-268.64577060172246,452.1389620445548,-274.2451704036791
-269.0905956443393,451.29288268175776,-273.22005522397467
-269.5155488559752,450.44686674454636,-272.17493859141683
-269.92062828979556,449.62091133464435,-271.109820511563
-270.30583102678395,448.8150135533851,-270.024700990077
-270.67115414802976,448.02917050167633,-268.919580032729
-271.016594734728,447.26337928000015,-267.7944576453956
-271.34214986817955,446.5176369884129,-266.64933383405963
-271.6478166297908,445.7919407265453,-265.4842086048105
-271.9339681253201,445.0862876118826,-264.2990819638436
-272.2206014363747,444.4006757886123,-263.093953917461
-272.5273376203131,443.7351072348057,-261.8688244720711
-272.85417375864193,443.0895848821155,-260.62369363418856
-273.2011069327609,442.4641116617689,-259.3585614104344
-273.56813422396283,441.85869050456745,-258.07342780753606
-273.95525271343365,441.2733243408869,-256.76829283232723
-274.3624594822526,440.7080161006774,-255.4431564917481
-274.789751611392,440.1627687134633,-254.09801879284518
-275.21712715401355,439.61758413609135,-252.73287974277125
-275.6245880524286,439.05246043625806,-251.34773934878552
-276.01213722133264,438.4673947097623,-249.9425976182536
-276.3797775755272,437.8623840528278,-248.51745455864733
-276.72751202991975,437.2374255621037,-247.07231017754506
-277.0553434995234,436.59251633466397,-245.6071644826314
-277.36327489945734,435.9276534680079,-244.1220174816973
-277.65130914494637,435.2428340600599,-242.61686918264013
-277.9394481790249,434.55805618142153,-241.09171959346364
-278.24769005557704,433.89332179184396,-239.54656872227784
-278.5760318561012,433.2486338229755,-237.98141657729917
-278.9244706619893,432.6239952060389,-236.39626316685042
-279.293003554526,432.0194088718312,-234.79110849936072
-279.6816276148894,431.4348777507238,-233.16595258336557
-280.09033992415056,430.87040477266237,-231.5207954275068
-280.51913756327383,430.32599286716686,-229.85563704053266
-280.96801858540414,429.78164496336694,-228.17047743129768
-281.4369849327295,429.21736399039196,-226.46531660876283
-281.9260395196185,428.6331528777609,-224.74015458199537
-282.43518526033273,428.0290145554177,-222.99499136016894
-282.96442506902724,427.40495195373137,-221.22982695256354
-283.51376185975005,426.7609680034959,-219.44466136856553
-284.0831985464424,426.09706563593033,-217.63949461766765
-284.6727380429386,425.4132477826785,-215.81432670946893
-285.282383262966,424.7095173758094,-213.96915765367478
-285.9121371201452,423.9858773478168,-212.10398746009704
-286.5620025279897,423.24233063161955,-210.21881613865384
-287.2319823999062,422.4788801605613,-208.31364369936966
-287.92207964919436,421.6955288684105,-206.38847015237536
-288.6322971890468,420.89227968936075,-204.44329550790818
-289.3626379325494,420.0691355580303,-202.47811977631164
-290.11310479268064,419.22609940946234,-200.4929429680357
-290.86369971003376,418.38317320680187,-198.48776509363665
-291.59442073605135,417.5603550240437,-196.46258616377713
-292.3052649499855,416.75764196250464,-194.4174061892261
-292.99622943119385,415.9750311230754,-192.352225180859
-293.66731125913986,415.21251960622084,-190.26704314965747
-294.3185075133927,414.4701045119799,-188.16186010670958
-294.94981527362734,413.7477829399656,-186.03667606320977
-295.5612316196243,413.045551989365,-183.8914910304588
-296.17275460354875,412.3434097312622,-181.72630501986384
-296.8043861667148,411.62135812589077,-179.54111804293836
-297.45612922262603,410.87940010616086,-177.33593011130222
-298.1279866846791,410.1175386054078,-175.1107412366816
-298.81996146616376,409.3357765573916,-172.8655514309091
-299.5320564802627,408.5341168962974,-170.60036070592363
-300.26427464005167,407.71256255673495,-168.31516907377045
-301.01661885849927,406.87111647373894,-166.00997654660117
-301.7690910761888,406.02978061044604,-163.6847831366738
-302.5016893445527,405.20855304084256,-161.33958885635266
-303.2144107428332,404.4074308662368,-158.97439371810847
-303.907252350378,403.626411187511,-156.5891977345183
-304.58021132285796,402.8639233074636,-154.18400091826555
-305.23328531749155,402.1143530390513,-151.75880328213995
-305.8664730025478,401.37060056015656,-149.31360483903762
-306.4797739479672,400.6273215102292,-146.84840560196105
-307.0731877846998,399.89317770849516,-144.3832055840102
-307.6467121251887,399.1791190017468,-141.93800479828505
-308.20034404952173,398.4851424890251,-139.5128032577881
-308.73408063789265,397.81124526894524,-137.10760097541547
-309.247918970601,397.1574244396964,-134.72239796395692
-309.7418561280521,396.5236770990421,-132.35719423609595
-310.2158891907571,395.91000034432005,-130.01198980440964
-310.6700152393329,395.3163912724421,-127.68676095395175
-311.10423135450236,394.74284697989447,-125.36150769709567
-311.5185346170942,394.1893645627375,-123.01625377363193
-311.91292210804295,393.65594111660585,-120.65099919603152
-312.28739090838917,393.14257373670847,-118.2657439768718
-312.64193809927923,392.6492595178286,-115.86048812883651
-312.9765607619655,392.17599555432383,-113.43523166471573
-313.2912559778064,391.722778940126,-110.98997459740588
-313.586020828266,391.2896067687413,-108.52471693990974
-313.860853367202,390.8564761332858,-106.03945870533646
-314.11575553772803,390.4033841268754,-103.53419990690153
-314.3507302553508,389.9303278430155,-101.0089405579268
-314.5657804356832,389.437304375637,-98.46368067184048
-314.76090899444404,388.92431081909587,-95.89842026217711
-314.936118847458,388.39134426817327,-93.31315934257762
-315.0914129106557,387.83840181807585,-90.70789792678926
-315.2267941000738,387.26548056443534,-88.08263602866563
-315.34226435956714,386.6925776032733,-85.43737366216673
-315.43782174394687,386.1396900306114,-82.77211084135888
-315.5134633358426,385.60681494208103,-80.08684758041476
-315.5691862179896,385.0939494328883,-77.38158389361338
-315.60498747322947,384.6010905978137,-74.65631979534015
-315.62086424948444,384.12689899099263,-71.91105530008679
-315.616814075696,383.66754592361406,-69.1457904224514
-315.5928350961112,383.2191780750513,-66.36052517713841
-315.5489255886252,382.78561832148216,-63.575259578949776
-315.4850828887699,382.37205071048965,-60.809993642687424
-315.4013040800224,381.97847233474215,-58.0647273830558
-315.29758624596576,381.6048802864828,-55.33946081465302
-315.1739264702893,381.2512716575293,-52.63419395197083
-315.03032183678823,380.917643539274,-49.948926809394614
-314.86853546635035,380.60399310853893,-47.283659401203444
-314.69228200660115,380.31031798001203,-44.63839174157001
-314.49979250462906,380.0366160525727,-41.99312384456954
-314.2873464809678,379.7828845966393,-39.32785572427724
-314.0549410198848,379.54912070147793,-36.64258739486582
-313.8025732057534,379.3353214559294,-33.93731887061434
-313.5302401230533,379.14148394840925,-31.212050165908213
-313.2401696245732,378.9676053753554,-28.466781295239194
-312.93655249959636,378.8136834619969,-25.7015122732054
-312.62294858273606,378.67971650106676,-22.916243114511296
-312.2951622264818,378.5457029097826,-20.122685616417957
-311.9474018590877,378.3916400565432,-17.33223319015279
-311.5796703992652,378.21752502848943,-14.544270125990852
-311.1919707658321,378.02335491318775,-11.758225113455412
-310.78430587771237,377.8091267986303,-8.97357586854878
-310.3566786539361,377.57483777323506,-6.189853587414134
-309.9090920136396,377.3204849258456,-3.4066469613068846
-309.4415488760652,377.04606534573134,-0.6236057070991832
-308.9540521605614,376.7515761225873,2.1694325959371135
-308.44660478658284,376.4370143465345,4.982470887428473
-307.91920967369026,376.1023771081196,7.815509152416414
-307.3718697415504,375.74766149831504,10.668547375836104
-306.8045879099361,375.37286460851914,13.541585542516358
-306.2173670987263,374.9779835305561,16.43462363717964
-305.6102102279058,374.5630153566759,19.34766164444207
-304.9831202175656,374.12795717955447,22.280699548813406
-304.33609998790257,373.67280609229346,25.213737334705925
-303.6691524592196,373.1975591884206,28.126774986531906
-302.9822805519256,372.70221356188944,31.019812488801115
-302.2754871865353,372.1867663070795,33.89284982612967
-301.5487752836695,371.65121451879617,36.74588698324004
-300.8021477640548,371.0955552922709,39.57892394496105
-300.0356075485238,370.519785723161,42.39196069622787
-299.24915755801493,369.92390290755,45.184997222082025
-298.44279974128506,369.32790394191164,47.97803350766253
-297.61653215804716,368.7517859227206,50.79106953810841
-296.7703518958326,368.19554594606205,53.62410529846119
-295.90425604227875,367.65918110759645,56.47714077365605
-295.0182416851287,367.1426885025595,59.35017594852182
-294.1123059122316,366.6460652257623,62.24321080778099
-293.1864458115424,366.169308371591,65.15624533604968
-292.2406584711222,365.71241503400734,68.08927287263505
-291.2749418970179,365.25650146914114,71.04229340194055
-290.28929776216194,364.78278145392727,74.01531355346599
-289.2837286336776,364.29144898262354,77.00833331140217
-288.25823704976347,363.7827026541995,80.02135265983352
-287.2128255189298,363.2567466794125,83.05437158273818
-286.14749651919544,362.71379043925197,86.10739006398792
-285.06225249744335,362.1540468026534,89.18040808734813
-283.95709586909146,361.5777295496659,92.27342563647787
-282.85202911313803,360.9830977960013,95.38644269492985
-281.7670550625144,360.368306341113,98.51945924615045
-280.7021766398522,359.7333581155969,101.67247527347968
-279.65739676767635,359.07825605047515,104.8454907601512
-278.6327183684048,358.40300307719605,108.03850568929232
-277.6266830758973,357.7076020565946,111.25152004392403
-276.63387457523123,356.99205537336024,114.48453380696097
-275.64806421163155,356.25636446138515,117.7375469612114
-274.6746741443371,355.50053049443443,121.01055948937723
-273.72140016075446,354.72455603210346,124.30357137405406
-272.78824518281516,353.92844400839766,127.61658259773111
-271.87521213234356,353.1121973577486,130.94959314279126
-270.9823039310571,352.2758190150139,134.30260299151107
-270.10952350056624,351.41931191547735,137.6756121260607
-269.2568737623743,350.5426789948488,141.06862052850406
-268.4243576378777,349.64592318926424,144.48162818079857
-267.59197804837453,348.72904646299816,147.89463506480428
-266.73973791516215,347.79204689160144,151.28764116238122
-265.86764015963485,346.83492157876344,154.66064645548687
-264.97568770329224,345.85766762859976,158.01365092618508
-264.0638834677397,344.860282145652,161.3466545566461
-263.13223037468816,343.8427622348878,164.65965732914646
-262.18073134595403,342.80510500170107,167.95265922606913
-261.2093893034593,341.7473075519117,171.22566022990338
-260.2382061969352,340.68936796401783,174.498660323236
-259.2871800869622,339.6512882056681,177.79165948865378
-258.3563080617352,338.63307121640935,181.10465770864602
-257.4455872093418,337.6347199353638,184.43765496559564
-256.5550146177625,336.6562373012289,187.7906512417793
-255.68458737487055,335.6976262522774,191.16364651936723
-254.83430256843224,334.7588897263575,194.55664078042335
-254.00415728610668,333.84003066089247,197.9696340069052
-253.17414861545473,332.9410510205935,201.38262618067293
-252.32427364403654,332.061948880597,204.7756172835866
-251.45452945950905,331.2027213433276,208.1486072976038
-250.56491314963483,330.3633655107849,211.50159620478848
-249.65542180228215,329.5438784845438,214.83458398731094
-248.72605250542495,328.74425736575466,218.1475706274478
-247.77680234714288,327.964499255143,221.44055610758215
-246.8076684156213,327.20460125300957,224.7135404102033
-245.81864877143872,326.44456045926614,227.98652351789818
-244.80974536442923,325.66437397382515,231.27950541325362
-243.78096111682004,324.86403889698977,234.592486078759
-242.73229895094408,324.0435523294893,237.92546549679741
-241.66376178924,323.20291137247926,241.2784436496455
-240.57535255425213,322.34211312754155,244.65142051947367
-239.4670741686305,321.4611546966841,248.04439608834593
-238.33892955513073,320.5600331823412,251.45737033821993
-237.21092163660526,319.6387466596609,254.8703432509559
-236.1030533359058,318.6972970933672,258.263314808414
-235.01532757578582,317.7356874208979,261.63628499255196
-233.9477472788917,316.753920580117,264.9892537854338
-232.9003153677627,315.7519995093147,268.32222116922986
-231.8730347648309,314.7299271472076,271.635187126217
-230.86590839242123,313.6877064329383,274.9281516387783
-229.8789391727515,312.62534030607566,278.20111468940325
-228.89213002794114,311.54283073432737,281.45407626068777
-227.88548388010872,310.4401757966774,284.68703633533397
-226.85900365146952,309.3173726002485,287.8999948961505
-225.8126922643442,308.17441825258965,291.09295192605214
-224.7465526411589,307.01130986167595,294.2659074080603
-223.66058770444522,305.8280445359088,297.41886132530254
-222.55480037684018,304.6246193841158,300.5518136610129
-221.42919358108614,303.40103151555087,303.66476439853176
-220.30377024002206,302.15727901218156,306.77771352129696
-219.1985332764859,300.8933638455515,309.9106610127463
-218.11348561321716,299.609288959918,313.06360685622025
-217.04863017284796,298.3050572999647,316.23655103495275
-216.00396987790307,296.98067181080137,319.4294935320716
-214.9795076507998,295.63613543796407,322.6424343305981
-213.97524641384817,294.2714511274151,325.87537341344733
-212.9911890892507,292.8866218255429,329.1283107634279
-212.00733859911134,291.48164950687465,332.381246363251
-211.00369786553298,290.0565322572139,335.61418019562785
-209.98026981071484,288.61126719050304,338.8271122433672
-208.9370573569614,287.1458514211105,342.020042489384
-207.87406342668228,285.660282063831,345.1929709166998
-206.79129094239238,284.15455623388556,348.3458975084423
-205.68874282671175,282.6286710469212,351.47882224784564
-204.56642200236553,281.0826236190115,354.5917451182504
-203.4443313921752,279.51641203894343,357.70466610309455
-202.342473918961,277.93003828508023,360.837585185816
-201.26085250544443,276.32350530849874,363.99050234975545
-200.19947007423943,274.69681606070213,367.16341757814695
-199.15832954785225,273.0499734936198,370.3563308541185
-198.13743384868152,271.38298055960735,373.5692421606915
-197.1367858990183,269.69584021144647,376.80215148078116
-196.15638862104586,267.9885554023452,380.05505879719624
-195.1962449368399,266.26112908593774,383.30796409264815
-194.25635776836828,264.51356421628435,386.5408673498483
-193.3367300374913,262.74586374787145,389.75376855160556
-192.43736466596144,260.9580306356117,392.94666768083505
-191.55826457542344,259.1500678348437,396.1195647205584
-190.6994326874143,257.32197830133225,399.2724596539036
-189.8608719233632,255.47376499126824,402.4053524641049
-189.04258520459157,253.60543086126856,405.51824313450305
-188.24457448002562,251.73697886834074,408.63113164853615
-187.46683780933387,249.88841196949292,411.7640179896424
-186.70937227978968,248.0597331213439,414.9169021411626
-185.9721749785586,246.25094528008768,418.08978408633106
-185.25524299269836,244.46205140149343,421.28266380827574
-184.55857340915898,242.69305444090546,424.4955412900185
-183.8821633147827,240.9439573532432,427.7284165144745
-183.22600979630406,239.21476309300132,430.9812894644528
-182.5701099403587,237.50547364196203,434.2541601226561
-181.89446083358095,235.81608709233296,437.5470284716808
-181.19905956270128,234.1466005636094,440.8598944940168
-180.4839032145552,232.49701117486174,444.1927581720479
-179.74898887608327,230.8673160447355,447.5456194880512
-178.9943136343311,229.25751229145138,450.9184784241979
-178.21987457644937,227.66759703280525,454.3113349625525
-177.42566878969393,226.09756738616818,457.7241890850733
-176.63169433370422,224.52742144080932,461.1570407736123
-175.85795315726827,222.93716117514822,464.6098900099152
-175.10444818136284,221.32678954028242,468.0827367756212
-174.37118232685702,219.6963094877355,471.57558105226326
-173.65815851451237,218.04572396945696,475.088422821268
-172.9653796649827,216.37503593782228,478.6212620639557
-172.29284869881425,214.6842483456329,482.17409876154034
-171.64056853644558,212.97336414611624,485.7469328951295
-170.98854112592898,211.26238532060265,489.33976444572437
-170.3167645261656,209.57130996127327,492.9525933942199
-169.6252358238653,207.90013518763237,496.5854197214047
-168.913952105843,206.2488581187593,500.2382434079611
-168.18291045901873,204.6174758733086,503.9110644344649
-167.43210797041743,203.0059855695099,507.6038827813857
-166.66154172716926,201.4143843251681,511.31669842908684
-165.8712088165094,199.84266925766318,515.049511357825
-165.06110632577816,198.29083748395038,518.802321547751
-164.23123134242098,196.75888612056016,522.575128978909
-163.38158095398845,195.24681228359816,526.3679336312367
-162.51215224813626,193.75461308874534,530.180735484566
-161.62294231262536,192.28228565125787,534.0135345186218
-160.71394823532182,190.8298270859672,537.8663307130232
-159.78516710419697,189.39723450728007,541.7391240472826
-158.8365960073273,187.9845050291786,545.6319145008063
-157.86823300518202,186.57163576525554,549.5447020528941
-156.88008004748534,185.13862382910455,553.4774866827397
-155.8721400563541,183.6854663347099,557.4302683694301
-154.84441595401046,182.21216039648203,561.4030470919463
-153.79691066278167,180.71870312925765,565.3958228291629
-152.72962710510026,179.2050916482996,569.408595559848
-151.64256820350388,177.671323069297,573.4413652626635
-150.53573688063537,176.11739450836518,577.4941319161649
-149.4291360592338,174.54330405433316,581.5468954988102
-148.34276866203706,172.94905368560603,585.5796559890575
-147.2766376116843,171.33464635330256,589.5924133654626
-146.23074583070706,169.70008500896773,593.5851676066872
-145.20509624152925,168.04537260457278,597.5579186914996
-144.1996917664671,166.37051209251516,601.5106665987746
-143.2145353277293,164.6755064256185,605.4434113074933
-142.2496298474167,162.9603585571326,609.3561527967431
-141.28497824753154,161.22507046844595,613.2688910457089
-140.30058345007453,159.46964025222348,617.2016260335755
-139.2964483771426,157.6940650292688,621.1543577394305
-138.2725759509376,155.89834192081173,625.1270861422549
-137.22896909376635,154.08246804850825,629.1198112209237
-136.1656307280406,152.24644053444052,633.1325329542052
-135.08256377627708,150.390256501117,637.1652513207617
-133.97977116109735,148.5139130714723,641.217966299149
-132.85725483294047,146.6374073688319,645.2906778678165
-131.7150128532006,144.7807365165221,649.3833860051074
-130.5530423110893,142.94389763748015,653.4960906892584
-129.37134029592315,141.12688785421878,657.6287918983999
-128.16990389712353,139.3297042888262,661.7814896105563
-126.94873020421686,137.5523440629662,665.9541838036452
-125.70781630683443,135.79480429787804,670.146874455478
-124.44715929471256,134.05708211437658,674.3595615437602
-123.16675722997999,132.31917463288764,678.5922450460903
-121.86661206402019,130.56107897383808,682.8449249399608
-120.54672672060909,128.7827922580457,687.117601202758
-119.20710412362756,126.98431160675473,691.4102738117615
-117.84774719706147,125.16563414163579,695.722942744145
-116.46865886500157,123.32675698478599,700.0556079769756
-115.06984205164359,121.46767725872888,704.408269487214
-113.65129968128814,119.58839208641454,708.7809272517148
-112.21303370605325,117.70889859118405,713.153581247235
-110.75504218901212,115.84919389637963,717.5062314505317
-109.27732222105537,114.00927512495463,721.8388778384593
-107.77987089317851,112.18913939943816,726.151520387979
-106.262685296482,110.38878384193508,730.4641590761488
-104.72576252217124,108.60820557412602,734.7967938800275
-103.16909966155656,106.84740171726736,739.149424776576
-101.59269380605326,105.10636939219131,743.5220517426488
-99.99654204718166,103.38510571930587,747.9146747549945
-98.38064147656705,101.68360781859487,752.3272937902548
-96.74498918593973,100.00187280961798,756.7599088249655
-95.08958226713506,98.33989781151074,761.2125198355559
-93.43441781208455,96.69768091527199,765.6651267983578
-91.79949291271843,95.07522410062622,770.0977296897033
-90.1848046608682,93.47253031916125,774.5103284860216
-88.5903501482577,91.88960252204073,778.9029231638486
-87.01612646650321,90.32644366000417,783.2755136998264
-85.46213070711342,88.78305668336691,787.6281000707036
-83.92835996148946,87.25944454202008,791.9606822533348
-82.41481132092491,85.7556101854306,796.2732602246814
-80.90148187661468,84.27155559035374,800.5858339618023
-79.36836871975252,82.80727884397079,804.9184034417564
-77.81546894162852,81.36277706075133,809.2709686415046
-76.24277963363798,79.93804735474073,813.6435295379022
-74.65029788728143,78.53308683956023,818.0360861076978
-73.03802079416464,77.14789262840682,822.4486383275338
-71.40594544599867,75.78246183405338,826.8811861739462
-69.75406893459983,74.4367915688486,831.3337296233645
-68.08238932417719,73.09087894475253,835.8062686521125
-66.39090856819485,71.7247210737265,840.2988032364068
-64.6796295925097,70.33831506812307,844.8113333523584
-62.94855532308389,68.93165804072153,849.3438589759714
-61.19768868598481,67.50474710472795,853.8963800831441
-59.42703260738512,66.05757937377513,858.4688966496681
-57.63659001356272,64.59015196192263,863.0614086512288
-55.82636383090069,63.102461983656795,867.6739160634053
-54.016356013591036,61.61450752614277,872.2864188616792
-52.22656462667483,60.14629056569689,876.8789170215321