
89.24976730811642,765.3221939960373,153.82885578835564
88.06463274988621,764.7486238006031,153.17992637144064
86.89941509127148,764.1635098685492,152.5509961399743
85.75411270331355,763.5678551088522,151.942065097301
84.62872384095941,762.9572620024298,151.35313324665876
83.52324583135045,762.3268315742605,150.78420059117926
82.43767576350278,761.6765609206957,150.23526713388782
81.37201072632666,761.0064471385115,149.7063328777034
80.3262478086265,760.3164873249084,149.19739782543869
79.30038409910088,759.6066785775115,148.70846197979992
78.29441668634253,758.8770179943707,148.23952534338707
77.30834265883843,758.1275026739604,147.79058791869375
76.34216007725718,757.378129715144,147.36164970810717
75.3958708913114,756.6488962167846,146.95271071390826
74.46947802289537,755.939799277354,146.56377093827157
73.56298439379756,755.2508359948984,146.1948303832653
72.67639292570063,754.5820034670376,145.8458890508513
71.80970654018138,753.9332987909653,145.5169469428851
70.96292815871081,753.3047190634493,145.20800406111587
70.13606070265404,752.6962613808311,144.9190604071864
69.30910709327914,752.1079238113139,144.65011598263322
68.4620702518547,751.5397083118243,144.40117078888642
67.5949530997472,750.9916178111503,144.1722248272698
66.7077585584299,750.463655237654,143.96327809900072
65.80048954948285,749.9558235192716,143.77433060519036
64.87314899459282,749.4681255835127,143.6053823468434
63.925739815553335,749.0005643574611,143.4564333248583
62.95826493426459,748.5531427677746,143.327483540027
61.99072727272467,748.125862768397,143.19853299304415
61.04312975293196,747.7187224236966,143.04958168460428
60.1154752967877,747.3317188253278,142.88062961549943
59.20776682608707,746.9648490645191,142.69167678662805
58.32000726251917,746.6181102320726,142.4827231989949
57.452199527667055,746.2914994183645,142.25376885371108
56.60434654300766,745.985013713345,142.00481375199408
55.77645122991181,745.6986502065379,141.7358578951677
54.948516509653075,745.4324069593288,141.4582891325575
54.100545303505235,745.1862859218267,141.18250378979258
53.23254053283974,744.9602900160022,140.9064996863335
52.344505119134595,744.7544221633998,140.62823911155164
51.43644198397429,744.5686852851378,140.3456540852076
50.50835404904983,744.4030823019084,140.0566512936805
49.560244236158695,744.2576161339778,139.75911693845921
48.59211546720484,744.132289701186,139.45092184021863
47.60396969191124,744.0071059229823,139.12686211647517
46.5958049709575,743.8620677188153,138.782801652926
45.567618392842284,743.6971780085227,138.4187404514007
44.5194070461707,743.5124397123668,138.03589736683148
43.45116801965433,743.3078557510347,137.63691323987598
42.362898402111284,743.0834290456377,137.22439621169278
41.254595282466155,742.839162517712,136.80087566527266
40.12625574975008,742.5750590892184,136.36908762200102
38.97787725400854,742.2985455735961,135.92386186475483
37.809458730489816,742.0179017222486,135.4586353847351
36.62099968078601,741.7347952814468,134.97340818441566
35.41249984361354,741.4508160460867,134.46818026637672
34.18395866844901,741.1568782244035,133.96295163329603
32.93537372448055,740.8431210385814,133.4777222878513
31.666742101485244,740.5095474120783,133.01249223262275
30.37806088934679,740.1561602687766,132.56726147008428
29.06932717805549,739.7829625329831,132.14203000260343
27.740538057708278,739.3899571294289,131.7367978324414
26.391690618508733,738.9771469832694,131.35156496175298
25.022781950767097,738.5445350200848,130.98633139258675
23.63381007051399,738.111164084745,130.64109712688477
22.2247765320307,737.6926971402867,130.3158621664829
20.795683056886446,737.283675765803,130.0106265131106
19.346530735474392,736.8807416464251,129.72539016839093
17.877320269772348,736.4818265825126,129.4601531338407
16.388052121655804,736.085646212613,129.21491541087025
14.878726602733261,735.6913894303764,128.9896770007837
13.349343928489455,735.2985299165923,128.78443790477877
11.819904720681919,734.9163762085011,128.59919812394682
10.310411441598303,734.5544441041377,128.43395765927286
8.820867016127746,734.2127306943123,128.28871651163558
7.351274369053305,733.8912330694088,128.16347468180734
5.901636425051947,733.5899483193843,128.0582321704541
4.471956108694527,733.3088735337694,127.97298897813543
3.062236344445771,733.0480058016683,127.90774510530468
1.6724800566642688,732.8073422117585,127.86250055230877
0.3026891973150079,732.5668798523268,127.83725531938829
-1.0471381708929601,732.3066158116586,127.8320094066775
-2.377004957644182,732.0265471784284,127.84676281420427
-3.6869140727293477,731.7266710417349,127.88151554189015
-4.976868426045272,731.4069844911012,127.93626758955035
-6.246870927594879,731.067484616475,128.0110189568937
-7.496924487487191,730.7081685082281,128.10576964352276
-8.727032015937308,730.3290332571571,128.22051964893365
-9.93719545097895,729.9500759544472,128.33526897252506
-11.127412841602125,729.591293691283,128.4300176136956
-12.29768126461546,729.2526835584579,128.50476557194153
-13.447997796933663,728.9342426463392,128.55951284686535
-14.57835951557754,728.6359680448679,128.5942594381759
-15.688763497674003,728.3578568435586,128.60900534568844
-16.77920682045609,728.0999061314997,128.60375056932457
-17.849686561262985,727.8621129973532,128.5784951091122
-18.90020076982747,727.6244745293906,128.5532389651768
-19.930751385138265,727.3669878158822,128.5479821376438
-20.941341318577688,727.0896499454878,128.56272462654113
-21.931973481634202,726.7924580072917,128.59746643179042
-22.90265078590239,726.4754090908026,128.65220755320692
-23.853376143082958,726.1385002859541,128.72694799049955
-24.78415246498269,725.7817286831045,128.82168774327087
-25.694982663514462,725.4050913730365,128.9364268110171
-26.58586965069722,725.0085854469577,129.05387629085303
-27.456816338655944,724.5922079965004,129.1585195844132
-28.307825639621658,724.1559561137216,129.2537281663594
-29.138900465931396,723.699826891103,129.34252762135858
-29.950043730028206,723.2238174215511,129.42761056063168
-30.741258344461116,722.727924798397,129.51136587685266
-31.51254722188513,722.2121461153969,129.5959122829541
-32.2639132750612,721.6764784667316,129.683130317426
-33.01535941684736,721.120919919294,129.78212608179032
-33.78688856010122,720.545472429552,129.90112115602238
-34.57850361758246,719.9501389266854,130.0401155394894
-35.39020750194396,719.3349223402989,130.19910923145224
-36.22200312573176,718.6998256004221,130.3781022310655
-37.073893401385064,718.0448516375092,130.57709453737732
-37.945881241236236,717.3700033824392,130.79608614932957
-38.83796955751075,716.675283766516,131.03507706575778
-39.730160290048644,715.9806947491451,131.29406728539104
-40.602451489539604,715.3062344005815,131.5730568068522
-41.45484023448286,714.6518998184024,131.87204562865773
-42.28732360348346,714.0176880997587,132.1910337492177
-43.0998986752523,713.4035963413754,132.5300211668359
-43.89256252860614,712.8096216395513,132.88900787970974
-44.66531224246762,712.2357610901593,133.26799388593028
-45.41814489586528,711.682011788646,133.66697918348225
-46.15163070284893,711.1283708578834,134.08596377024404
-46.866788148434686,710.554835553607,134.52494764398764
-47.56447218501877,709.9614032659885,134.98393080237878
-48.24546865040529,709.3480715047433,135.46291324297675
-48.910502759318184,708.7148378896743,135.96189496323456
-49.56024698074717,708.0617001424148,136.48087596049882
-50.19532773273794,707.3886560792429,137.01985623200983
-50.81633082596175,706.6957036047743,137.57883577490156
-51.420488193605344,706.0028405450993,138.15781458620157
-52.004745966038065,705.3300641465436,138.75679266283112
-52.569101223290765,704.6773715066752,139.37577000160513
-53.11355104550013,704.0447597226364,140.01474659923215
-53.638092512908685,703.4322258911436,140.6737224523144
-54.142722705864834,702.8397671084875,141.35269755734768
-54.62743870482285,702.2673804705328,142.05167191072155
-55.092237590342904,701.7150630727184,142.7706455087192
-55.53711644309107,701.1828120100577,143.50961834751743
-55.96207234383937,700.670624377138,144.26859042318668
-56.36710237346573,700.1784972681212,145.0475617316911
-56.75220361295406,699.7064277767431,145.84653226888847
-57.117373143394246,699.2544129963143,146.6655020305302
-57.46260804598214,698.822450019719,147.5044710122614
-57.78790540201961,698.4105359394164,148.36343920962082
-58.09326229291456,698.0186678474396,149.2424066180408
-58.37867677246834,697.6268428354317,150.12137323285629
-58.644150783738134,697.2150579950355,150.9803390494022
-58.88968724217459,696.7833104182837,151.8193040631109
-59.117312809823964,696.331597296017,152.63826826952118
-59.330770892296236,695.8599162964927,153.43723166427813
-59.532716745252785,695.3682655660934,154.21619424313326
-59.724521645000884,694.856643538058,154.97515600194433
-59.90680374747969,694.3250487845588,155.71411693667557
-60.081009653534736,693.7820841973507,156.4330770433975
-60.249198287694774,693.2354054515886,157.13203631828702
-60.41274042695024,692.6834290814884,157.81099475762736
-60.57262210404635,692.1251156606763,158.46995235780813
-60.72955444651333,691.559820053716,159.10890911532528
-60.884056162992756,690.987174617401,159.72786502678113
-61.036509030050524,690.4070082191124,160.32682008888435
-61.18719572495116,689.8192894208374,160.90577429844998
-61.32710333252742,689.2264376047699,161.48472765239055
-61.44709853350517,688.6318281494392,162.08163698241253
-61.547181451960924,688.0372513650914,162.6935658038673
-61.62735199045758,687.4438257799562,163.3210381975919
-61.687609966870944,686.851572466263,163.96699064172418
-61.72795525839561,686.2597973654113,164.63294221394435
-61.753411679859134,685.6679151615947,165.31889291071113
-61.77171181507153,685.0757900490642,166.02484272837697
-61.78450224949283,684.4935605448454,166.75079166318793
-61.79212741077892,683.9313324951619,167.49673971128374
-61.79726895138455,683.3891053454646,168.2626868686978
-61.80214424412626,682.8668789032938,169.04863313135715
-61.80828871077631,682.3646532502959,169.85457849508245
-61.81662460128461,681.8824286452161,170.68052295558806
-61.82764448476532,681.4202054476286,171.52646650848197
-61.8415773948189,680.9779840680314,172.39240914926583
-61.85656680696105,680.5357648442164,173.27835087333494
-61.868655959071354,680.0735476444806,174.18429167597827
-61.874429638654256,679.5913317808763,175.1102315523784
-61.87145850322125,679.0891161471425,176.05617049761162
-61.85781581982145,678.5668993232321,177.02210850664784
-61.831852251285845,678.0246796299338,178.00804557435063
-61.79211456408371,677.4624551621597,179.01398169547724
-61.73734770734031,676.8802238169116,180.03991686467853
-61.66482360234206,676.2827545912085,181.0658510765079
-61.57238856332831,675.6710699305453,182.07178432551876
-61.460045076330246,675.0403955817922,183.05771660636202
-61.32779600896596,674.3897033969333,184.0236479137949
-61.17564427880102,673.7189904730898,184.969578242681
-61.00359280350684,673.0282539078079,185.89550758799032
-60.81164450086063,672.3174907990594,186.8014359447992
-60.59980228874541,671.586698245242,187.6873633082903
-60.36806908514999,670.8358733451786,188.55619061941476
-60.11644780816896,670.0650131981179,189.40975224416488
-59.84494137600264,669.2741149037339,190.24583130006548
-59.55355270695711,668.4631755621267,191.06259341205833
-59.242284719444186,667.6321922738216,191.85935450807446
-58.91114033198137,666.7811621397695,192.63611458387706
-58.56012246319187,665.9100822613474,193.39287363533563
-58.18923403180456,665.0189497403575,194.1296316584261
-57.81847795664513,664.1077626513153,194.86638864922182
-57.467857156538564,663.1765229583118,195.62314460379622
-57.137374550211625,662.2252335981511,196.39989951812518
-56.827033056284,661.253897508063,197.1966533880783
-56.53572248177281,660.2625175715898,198.01340620941875
-56.26048072014262,659.2510963662168,198.8501579778034
-55.99675847414521,658.2196359243497,199.70690868878285
-55.7386881216674,657.1681375095775,200.5836583378012
-55.47193790802232,656.0966010954123,201.46040692020523
-55.185346316824294,655.005024330665,202.31715443134158
-54.87891626645961,653.8934043218202,203.15390086665445
-54.55265067542006,652.7617381757879,203.97064622169444
-54.2065524623029,651.6100229999038,204.7673904921184
-53.84062454581086,650.4382559019292,205.5441336736897
-53.4548698447521,649.2464339900515,206.30087576227785
-53.05179776874652,648.034554494735,207.03842967442893
-52.651410984727605,646.8078009393453,207.77679540621207
-52.27120443022337,645.5761003621004,208.53516003312208
-51.91117812579122,644.3490047355167,209.31352355112634
-51.57133067029197,643.1365920570674,210.11188595608584
-51.24424189750618,641.9441309249235,210.93024724375525
-50.919533398312126,640.7716223346425,211.76860740978287
-50.59540253394976,639.6190664018654,212.62696644971072
-50.27237039781708,638.485879179285,213.5053243589744
-49.94174744702291,637.3520603737911,214.38368113291207
-49.5977312520404,636.1981923178566,215.24203676686187
-49.24379011795032,635.0242733361844,216.08039125625945
-48.88164408080593,633.8303021241123,216.89874459664682
-48.511913092399766,632.6162775395652,217.69709678367235
-48.13465102828627,631.382198484673,218.47544781309074
-47.74964218321899,630.1280638474894,219.2337976807631
-47.356534713076705,628.853872473713,219.97214638265683
-46.96937171365786,627.5796238552003,220.70972957729754
-46.60239384955671,626.3253202435963,221.45760580968548
-46.255598205862356,625.0909645825511,222.20124427073932
-45.92898186755658,623.8765598152904,222.9295864075823
-45.62240665797827,622.6821088780387,223.6379273589941
-45.33355149516356,621.5076145741722,224.32626712120805
-45.059873730854214,620.353079258237,224.99460569056393
-44.800984516721,619.2185051074308,225.6429430635078
-44.539556904042065,618.0838934347254,226.27127923659208
-44.25829693844527,616.9292421883606,226.87961420647554
-43.95720753828855,615.7545484761373,227.46794796992333
-43.63629162203529,614.5598094062816,228.03628052380697
-43.2955521082543,613.3450220874455,228.58461186510434
-42.93499191561982,612.1101836287065,229.11294199089963
-42.55461396291147,610.8552911395681,229.62127089838341
-42.15442116901425,609.580341729959,230.10959858485262
-41.75441624759279,608.2895568606954,230.57799301226436
-41.37460095595372,606.9899406799389,231.02645417812792
-41.014976339663924,605.6835748545267,231.45491411550478
-40.67554353763769,604.3678613901727,231.8633728221166
-40.356304169792296,603.0393094333317,232.25183029579134
-40.057260262735575,601.6962337449604,232.62028653446336
-39.77841392577613,600.3388125854852,232.9687415361734
-39.51976732883906,598.9650833636663,233.29719529906856
-39.26132275532048,597.5791496616594,233.62564782139333
-38.98308117051563,596.1913459139291,233.97375673326655
-38.68504232203596,594.8083854020919,234.32683229313955
-38.36720517295753,593.4342541084515,234.66521686726938
-38.02956824629282,592.0714718891608,234.98360019356323
-37.67212972138179,590.722081833068,235.28198227032803
-37.294887537814276,589.3873797657827,235.56036309597712
-36.8978395112228,588.0676077792539,235.81874266903023
-36.49011872278512,586.7474196087777,236.0771209881045
-36.07891041674402,585.4135375026848,236.35549805181716
-35.66151477999884,584.0685977325937,236.65387385868792
-35.23693550862377,582.7138199165984,236.97224840713014
-34.804876306425555,581.349803645734,237.31062169545083
-34.36530924362144,579.9768910622347,237.6689937218507
-33.91830300617114,578.5953155144431,238.0473644844241
-33.463956904832514,577.2052604528475,238.44573398115898
-33.01606978882357,575.8009743388161,238.8441022099459
-32.58838946812173,574.3766243770075,239.22246916867536
-32.18091886186352,572.9322135146564,239.58083485533535
-31.79366088907802,571.4677446994234,239.91919926802026
-31.420547603058402,569.9832205842637,240.23756240493086
-31.050692036074757,568.4821678346256,240.5359242643742
-30.677339761385028,566.9681870081191,240.81428484476368
-30.297420050441907,565.4402432326877,241.07264414461915
-29.903761540963526,563.9147345017017,241.33100216255792
-29.490324539276408,562.4091669160887,241.60176873635393
-29.0571061307167,560.9235375910793,241.87029050945225
-28.60410340072574,559.4578436414789,242.12520654569568
-28.131313434850064,558.0120821816681,242.36117019885265
-27.644493854932726,556.5862506056469,242.57713256324996
-27.15420656603135,555.1803476607271,242.77309363773924
-26.66804198427067,553.7943734436569,242.94905342127842
-26.19543237603344,552.4283291497654,243.125011912923
-25.74302096039038,551.0822174019349,243.3209691117284
-25.310804822884872,549.7560411457202,243.53692501665262
-24.898781048952934,548.4498033262512,243.77287962654734
-24.50694672392319,547.1635068882324,244.02883294015783
-24.135298933016916,545.8971547759435,244.30478495612303
-23.783834863862637,544.6486412029265,244.6007356729756
-23.452552225881288,543.413559800892,244.91668508914174
-23.13128539814346,542.1940217492402,245.23263320295027
-22.810039786087223,540.9944368404401,245.52858001273
-22.489172784159162,539.8148051032404,245.8045255169072
-22.16893145812958,538.6551266139643,246.0604697140145
-21.849356792375165,537.515401468771,246.2964126026909
-21.530387785337705,536.3956297609989,246.5123541816818
-21.211954005524138,535.2958115735136,246.70829444983886
-20.8940362566375,534.2159469820587,246.8842334061202
-20.586458596463075,533.1560365399331,247.04017104959024
-20.299034390134747,532.1160827093798,247.1761073794198
-20.031760722318577,531.0960884294286,247.29204239488598
-19.784634677573482,530.0960566386843,247.38797609537232
-19.55765334035124,529.1159902753263,247.4639084803687
-19.350813794996508,528.155892277109,247.51983954947133
-19.164113125746844,527.2157655813616,247.55576930238283
-18.99754841673271,526.2956131249877,247.5716977389121
-18.851116751977493,525.3954378444658,247.56762485897443
-18.724815215397527,524.5152426758495,247.54355066259149
-18.618640890802098,523.6550305547667,247.4994751498913
-18.532590861893468,522.8148044164197,247.43539832110824
-18.466662212266886,521.9945671955863,247.35132017658302
-18.420852025410603,521.1943218266183,247.24724071676275
-18.395157384705893,520.4140712434422,247.12315994220089
-18.389575373427057,519.6538183795594,246.97907785355724
-18.4041040470289,518.8935661680812,246.81499445159795
-18.438745350009043,518.1133175421188,246.63090973719557
-18.49350219904561,517.3130754351736,246.42682371132895
-18.562338166401673,516.4928424875731,246.20273637508333
-18.630691185212047,515.652619751206,245.95864772965032
-18.688887426565145,514.7924062709528,245.69455777632785
-18.735575160808533,513.9122004439147,245.41046651652027
-18.770576865560994,513.0120005732007,245.10637395173822
-18.78981478661785,512.0979851623456,244.78541439241238
-18.78918697796062,511.1740531409934,244.4475878402494
-18.768695265791088,510.23466930126335,244.08975998823215
-18.7283422513786,509.275929118784,243.71193083826333
-18.66813082029337,508.2971816029531,243.31410039235212
-18.588063889717905,507.29842385777005,242.896268652614
-18.48814437694029,506.27965298765963,242.4584356212708
-18.368375199354183,505.2408660974721,242.00060130065071
-18.228758302171343,504.2020602924478,241.52478760671588
-18.06929174155931,503.1832326778272,241.03689319693157
-17.88997260150373,502.1843803584608,240.54397192597034
-17.69079796609581,501.20550043877404,240.0516634992478
-17.47176491953235,500.2465900227669,239.56418882182285
-17.23287054611574,499.30764621401414,239.08443923368114
-16.974111930253986,498.38866611566544,238.614186561256
-16.695486156460728,497.4896468304451,238.15435855572775
-16.416990309346378,496.6105864329398,237.70988672760362
-16.158621473520668,495.7514868864606,237.28541363543556
-15.920376733495159,494.91235112618114,236.8809392814807
-15.702253173674404,494.09318208684954,236.49646366788988
-15.504247878355958,493.29398270278887,236.1319867967076
-15.326357931730401,492.51475590789687,235.7873041782567
-15.168580417881344,491.75550463564605,235.4610936670013
-15.03091242078545,491.0162318190836,235.15096909047514
-14.893351024321312,490.29693941854407,234.83825259770498
-14.735893312366954,489.5976255047869,234.50553485617866
-14.558536368897343,488.91828717585884,234.15281586766545
-14.362270747231095,488.2589215776781,233.78009563404095
-14.150715899406817,487.6195261767276,233.38737415728713
-13.928475889055216,487.00009909473397,232.97465143949225
-13.699042170001022,486.4006390391669,232.54192748285104
-13.465120971193018,485.82114516607766,232.0892022896645
-13.23959361192878,485.2416175051228,231.63647586233122
-13.03415244477658,484.642058417236,231.20374820324966
-12.848800387691192,484.0224708320628,230.7910193147209
-12.683540358520558,483.38285767967454,230.39828919893964
-12.538375275005787,482.7232218905679,230.02555785799427
-12.41330805478113,482.0435663956651,229.6728252938668
-12.308341615373962,481.34389412631396,229.3400915084329
-12.223478874204778,480.6242080142877,229.02659252164307
-12.149120582647353,479.8924506938441,228.71232833517325
-12.075345289889242,479.15606058742105,228.3780629325222
-12.001496364278456,478.413959565588,228.02379631546742
-11.926889911115422,477.6649125900502,227.64952848589274
-11.850825176799372,476.907507026637,227.25525944578834
-11.772596920746711,476.14012922386917,226.84098919725074
-11.69150853100853,475.3609379582007,226.4067177424829
-11.606883755472278,474.5678340032255,225.95244508379406
-11.530383104850108,473.7772087217965,225.48790851969991
-11.473996487761049,473.00657375005636,225.0213596033415
-11.43772098764261,472.2559320212857,224.54979755185022
-11.421553687825364,471.52528646833974,224.07017998454103
-11.425491671532953,470.81464002364845,223.5794752200438
-11.449532021882108,470.1239956192163,223.0747446041623
-11.49367182188267,469.4533561866225,222.5532390603542
-11.557908154437593,468.8027246570206,222.01268808072012
-11.642239074630414,468.1521039611742,221.4521359205305
-11.746666526587584,467.481497029847,220.87158258276617
-11.87119342661613,466.79090679419244,220.2710280705142
-12.01582263287063,466.0815301860314,219.6504723869681
-12.180556682771433,465.35638345635266,219.00991553542767
-12.365397555781108,464.6202926005974,218.3493575192991
-12.570346293966924,463.88171006699866,217.668798342095
-12.788601821948763,463.15044836281896,216.96823800743425
-13.006307617728984,462.41504558977056,216.25833831989874
-13.218032389772265,461.6596740920147,215.55035003642274
-13.42781951538331,460.88433327273367,214.84538027842336
-13.641965645641903,460.09054706346234,214.14490534583516
-13.870288471473767,459.28386420905053,213.45305737061977
-14.118729770601862,458.4692164013877,212.7771093071022
-14.387290817621128,457.64345468490103,212.12116011212206
-14.675973748431852,456.80012915707124,211.4852097891674
-14.976695951295108,455.9568468060922,210.86925834161994
-15.279177302780104,455.1336084950153,210.27330577275504
-15.578731000751137,454.33041414583624,209.69735208574167
-15.8699968593756,453.547262949867,209.1413972836425
-16.146853859125063,452.78415326135945,208.60544136941388
-16.40493452630804,452.0410826084435,208.0894843459058
-16.643122365801304,451.3180481442358,207.5861079221506
-16.861414459475952,450.61504696729156,207.08328715890914
-17.05980886159632,449.9120761757759,206.5684403525753
-17.239651652873494,449.1891329331981,206.03359244781154
-17.407630688594978,448.44621492447465,205.47874344746197
-17.570389988471423,447.68332100206385,204.90389335447702
-17.729530332649965,446.9004505458083,204.3090421719135
-17.885414122295924,446.0976030600629,203.6941899029345
-18.03797854382466,445.27477806990913,203.06135682163315
-18.186366775414534,444.43197504345125,202.4146147897788
-18.33660920588779,443.5693943510061,201.76395667875275
-18.487423927959544,442.68703652935886,201.11646458536976
-18.629521242536224,441.7847000976198,200.47213043402098
-18.761200499650933,440.8623836411269,199.8329132414747
-18.881755253436072,439.9200855840709,199.20105079408413
-18.99075192349511,438.95802746859886,198.5787647253047
-19.08796433155425,437.9785232535419,197.96817701815795
-19.174215427605407,436.9860434002747,197.37119534018888
-19.26549247972179,435.99827146529816,196.79145487218264
-19.376912439464807,435.03051431133906,196.23171335771843
-19.50847276800535,434.0749865267512,195.6919707997727
-19.64737348102456,433.11401831791085,195.17222720121552
-19.778154171924655,432.1368381899555,194.6724825648107
-19.898730655650077,431.14270330336325,194.19273689321568
-20.00955255688494,430.13173743919265,193.73299018898146
-20.110550910005415,429.10399098599714,193.29324245455282
-20.196742831090877,428.0671287393685,192.8698042353301
-20.263086636181615,427.02398038133634,192.45132968453277
-20.309583878777826,425.966233416458,192.021508261333
-20.336237078762373,424.8894143312231,191.5716858170574
-20.343049108006884,423.79259768628947,191.101862354098
-20.330022883337463,422.6757805881715,190.61203787495302
-20.297161321685707,421.5389601438093,190.10221238222718
-20.244467340088683,420.38213346056807,189.57238587863148
-20.17194379466077,419.2065529982567,189.02255836698333
-20.079593358537345,418.0122158650648,188.45272985020645
-19.96741888804366,416.7978638175625,187.86290033133093
-19.83542330063854,415.5634939647636,187.25306981349323
-19.6836095138862,414.3091034161075,186.6232382999361
-19.51198044545625,413.03468928145895,185.97340579400878
-19.32053901312366,411.74024867110825,185.30357229916675
-19.10928813476876,410.4257786957713,184.61373781897188
-18.89823072836835,409.09127743887706,183.9239023570836
-18.707369711898206,407.7367468734297,183.2540659171612
-18.536708003235567,406.3621899451464,182.60422850276663
-18.38624852015026,404.96760960016996,181.97439011735543
-18.255994180304693,403.55300878506864,181.36455076427677
-18.145947901253823,402.1183904468363,180.77471044677353
-18.056112600445157,400.66375753289225,180.2048691679822
-17.98649119521873,399.1891129910813,179.65502693093293
-17.91708660281594,397.69445879738623,179.1251837385496
-17.82790174047704,396.1797930390656,178.6153395936496
-17.7189395255386,394.6451128315158,178.12549449894408
-17.59020287544237,393.090415290559,177.65564845703784
-17.441694707735234,391.5156975324426,177.2058014704293
-17.273417940069216,389.9209566738396,176.77595354151052
-17.085375490201468,388.3061898318486,176.36610467256727
-16.87757027599424,386.67139412399365,175.97625486577894
-16.65000521541488,385.0165666682244,175.58640412322745
-16.402683226535796,383.34170458291607,175.1765524469947
-16.135607227534468,381.6468049868695,174.74669983926006
-15.848780136693415,379.931864999311,174.29684630230935
-15.542204872400179,378.19688173989266,173.82699183853467
-15.215884353147318,376.4418523286921,173.3371364504345
-14.869821497532387,374.6667738862127,172.82728014061368
-14.50401922425792,372.8716435333834,172.29742291178337
-14.118479479843975,371.0764583915234,171.74756476676114
-13.713200321765795,369.3012155819522,171.17770570847088
-13.288178835316149,367.54591222559964,170.58784573994285
-12.843412105892783,365.8105454429705,169.97798486431364
-12.37889721899844,364.0951123541445,169.34812308482626
-11.903820316633288,362.3996105254964,168.69826040483002
-11.433085371509087,360.7240395878257,168.0283968277806
-10.974261494562384,359.0684008202424,167.33853235724
-10.512438884322835,357.43269532513284,166.62866699687666
-10.030853544695752,355.816921035281,165.89880075046528
-9.529502561379662,354.22107506821624,165.148933621887
-9.0083830201782,352.64515454104304,164.3790656151293
-8.46749200700012,351.0891565704408,163.58919673428593
-7.90682660785931,349.553078272664,162.7793269835571
-7.326383908874814,348.03691676354197,161.94945636724933
-6.726160996270839,346.54066915847926,161.09958488977549
-6.106155928664219,345.0443325724908,160.24971255564597
-5.466370653926747,343.5279041205921,159.41983936937115
-4.806808092322844,341.991380918189,158.6099653353639
-4.127471164222095,340.4347600811133,157.82009045793083
-3.428362790099239,338.85803872562286,157.05021474127207
-2.709485890534148,337.26121396840125,156.3003381894815
-1.9708433862118162,335.64428292655805,155.57046080654663
-1.212438197922341,334.0072427176289,154.86058259634862
-0.4536854212375211,332.3700914032979,154.15070356267117
0.28624141594649244,330.7528308087269,153.42082370929793
1.0078170588326074,329.15546364484476,152.67094304011013
1.7115072347769833,327.57799255395173,151.90106155909524
2.39776475466595,326.02042011132,151.11117927034718
3.067025507481475,324.48274882736575,150.30129617806617
3.719704302278826,322.96498115042056,149.4714122865588
4.356190816975871,321.46711947010346,148.62152760023807
4.974567486230436,319.98916623202575,147.77164212361436
5.572730137435889,318.5311242820406,146.94175586119817
6.150681684273796,317.0929965680109,146.13186881740248
6.708425040533196,315.67478603737464,145.34198099653383
7.245963120110585,314.2764956371448,144.57209240279255
7.763298837009903,312.89812831390947,143.82220304027257
8.260435105342514,311.53968701383167,143.09231291296143
8.737374839327199,310.20117468264937,142.38242202474038
9.194120953290131,308.88259426567555,141.6925303793843
9.630676361664866,307.58394870779824,141.0226379805617
10.047043978992324,306.3052409534803,140.37274483183484
10.443226719920773,305.0464739467595,139.74285093665947
10.81922749920582,303.8076506312486,139.13295629838515
11.175049231710386,302.5887739501352,138.54306092025502
11.510694832404695,301.3898468461819,137.97316480540584
11.826167216366262,300.21087226172597,137.42326795686813
12.121469298779873,299.0518531386797,136.8733703775748
12.39660399493757,297.9127924185301,136.30347207045884
12.651574220238635,296.79369304233904,135.71357303855072
12.886382890189578,295.6945579507432,135.10367328498725
13.101032920404121,294.615390083954,134.4737728130116
13.295527226603175,293.55619238175774,133.82387162597334
13.469868724614834,292.5169677835153,133.15396972732833
13.624060330374354,291.4977192281625,132.4640671206388
13.758103987636698,290.4784496542452,131.75416380957333
13.871997751114197,289.43916200030935,131.0242597979069
13.965738703338886,288.37985920529104,130.27435508952078
14.039323926949967,287.30054420855186,129.50444968840267
14.092750504693822,286.2012199498787,128.71454359864657
14.126015519424023,285.0818893694841,127.90463682445284
14.139116054101354,283.94255540800594,127.0747293701282
14.132049191793826,282.7832210065075,126.22482124008573
14.124812015667828,281.6038881341902,125.374912438836
14.137401608890654,280.40455487153076,124.54500297088958
14.169815054533032,279.1852183271442,123.73509284065958
14.222049435560274,277.94587561007074,122.94518205245271
14.294101834832295,276.6865238297762,122.17527061046938
14.385969335103626,275.40716009615164,121.42535851880363
14.497649019023427,274.10778151951376,120.69544578144317
14.629137969135511,272.78838521060476,119.98553240226933
14.760433267887214,271.4489692528797,119.27561838506598
14.87189491467315,270.0895356017259,118.54570373361699
14.966944602174713,268.71008696582953,117.79578845180373
15.047489246931379,267.31062549728694,117.0258725436139
15.11010229380354,265.9111535342182,116.23595601314157
15.152512936179646,264.53167391269386,115.42603886458718
15.174724090696506,263.1721895788828,114.5961211022575
15.176738674098335,261.8327034785287,113.74620273056566
15.15855960323675,260.5132185569496,112.87628375403114
15.120189795070743,259.21373775903834,111.9863641772798
15.061632166666678,257.93426402926224,111.07644400504381
14.982889635198264,256.6748003116632,110.14652324216175
14.883965117946543,255.43534954985765,109.1966018935785
14.76486153229988,254.21591468703656,108.22667996434532
14.625581795753945,253.0164986659654,107.23675745961982
14.466128825911689,251.83710442898413,106.22683438466599
14.286505540483338,250.67773491800722,105.19691074485412
14.086714857286378,249.53839307452355,104.1469865456609
13.86675969424553,248.41908183959652,103.07706179266935
13.626642969392748,247.3198041538639,101.98713649156886
13.36636695897904,246.2273592870596,100.8972106481463
13.085931041410717,245.12175017928655,99.82728426818855
12.785332631715978,243.99618344140657,98.77735735738499
12.464568814630942,242.85066201419295,97.74742992131867
12.123636674998963,241.6851888388441,96.7375019654663
11.76253329777064,240.49976685698365,95.7475734951982
11.381255768003829,239.2943990106603,94.77764451577838
10.97980117086367,238.06908824234787,93.82771503236448
10.57816756390117,236.8438365226224,92.89778505000781
10.196356893818061,235.63864193290985,91.98785457365334
9.834372079506968,234.4535015819585,91.09792360813964
9.492216039755093,233.28841257809088,90.22799215819897
9.169891693244194,232.1433720292039,89.37806022845727
8.867401958550577,231.0183770427688,88.54812782343407
8.58474975414507,229.9134247258311,87.7381949475426
8.321937998393022,228.82851218501082,86.9482616050897
8.078969609554273,227.76363652650227,86.17832780027588
7.853662635541045,226.71879496229025,85.42839353719532
7.638089372316431,225.6939854081245,84.69845881983584
7.42359224070435,224.68920714454828,83.98852365207888
7.206243386404935,223.704460347193,83.29858803769959
6.984889938061485,222.73974553733143,82.62865198036673
6.759477834534029,221.79506330835775,81.97871548364272
6.5303047898733935,220.87041423363033,81.34877855098362
6.309292095740012,219.9657982717326,80.73884118573918
6.108149030983225,219.0812130941261,80.14890339115274
5.926878130637715,218.20877958802066,79.57896517036136
5.765480005646876,217.332547021587,79.02902652639568
5.623953117370944,216.440388711351,78.49908746218006
5.502294746693698,215.52824959295876,77.98914798053246
5.400501977399736,214.59612676893636,77.49920808416452
5.318571893168019,213.6440173422353,77.02926777568153
5.236502521117925,212.6913279940609,76.55932705759128
5.134295642563012,211.75705881428235,76.06938593240154
5.011953892665102,210.84059725538538,75.55944440271765
4.869479852384031,209.94185460561226,75.0295024712512
4.706876143466251,209.06153551830567,74.47956014082023
4.524145532245411,208.200736452065,73.90961741434904
4.321290911997421,207.3599655033357,73.31967429486838
4.098315200663297,206.53922560685314,72.70973078551526
3.855738104773489,205.73851967180386,72.07978688953312
3.597748986284081,204.95785032805736,71.4298426102717
3.3278410750503427,204.197219475061,70.75989795118714
3.045852756231649,203.45662886759314,70.06995291584188
2.751810177788803,202.73608026543602,69.36000750790475
2.4457368970904287,202.03557542499493,68.63006173115093
2.127664678568765,201.35469752527604,67.88011558946194
1.7978218177131366,200.6921770029949,67.11016908682565
1.4573037007943794,200.0481579483302,66.33577995466628
1.1075800518722687,199.42217770954696,65.57479646655638
0.750135428375756,198.8109084075124,64.8315195503649
0.38706627492709633,198.21032996928778,64.10810094058074
0.020804220512238958,197.6162801366843,63.404681989889454
-0.34619997121593193,197.02495719397754,62.7212627020315
-0.7115657441013246,196.43305428041816,62.05784308064101
-1.0730356493858877,195.83786819874027,61.41442312924575
-1.442054878946007,195.24463431930656,60.79100285126713
-1.8311602496523134,194.65546087460015,60.187582250020235
-2.2403517777386415,194.06227466054372,59.60416132871377
-2.669630571010795,193.45821949788765,59.04074009045013
-3.1189986258318676,192.83807513534828,58.497318538225315
-3.5884585246068013,192.1992593651458,57.97389667492901
-4.078013045648518,191.5412497089942,57.47047450334453
-4.587665007118052,190.86388196061503,56.987052026148866
-5.11741704929084,190.17118805013308,56.50362924592149
-5.667271092360665,189.46568888400478,56.00020616524189
-6.237229244431098,188.74422889964418,55.47678278678706
-6.8272940510160725,188.0040597685205,54.93335911334032
-7.437468367198518,187.24397816066846,54.36993514779137
-8.067755106596126,186.46398700913406,53.786510893136224
-8.71815718271964,185.6640892473883,53.18308635247729
-9.388677508972838,184.84428780932694,52.5596615290233
-10.05931802637394,184.0245846569479,51.9362364260805
-10.710076786790758,183.22497786309867,51.3328110469551
-11.340950869900519,182.44546452794896,50.749385394855864
-11.95193735548619,181.68604175124247,50.18595947288519
-12.543033323436493,180.94670663229707,49.64253328403912
-13.114235853745914,180.22745627000475,49.11910683120735
-13.665542026514725,179.52828776283167,48.615680117173234
-14.196948921949,178.84919820881805,48.13225314461377
-14.725039090552864,178.19018551187065,47.66882591609961
-15.266966894523849,177.55125082843747,47.22539843409504
-15.823978757989414,176.93239626496378,46.80197070095802
-16.39754195880225,176.33362412555348,46.39854271894015
-16.98936049385841,175.75493694540788,46.015114490186676
-17.600803963594704,175.19633749789887,45.6516860167365
-18.23232771701648,174.65782868953204,45.308257300522165
-18.88392883390325,174.1394134486656,44.984828343369884
-19.538325180523405,173.62109386320196,44.6813991469995
-20.178483806851048,173.0828686727063,44.39796971302452
-20.804871705247418,172.5247358354033,44.134540042952096
-21.417906254194367,171.9466933739246,43.891110138183016
-22.01796158120718,171.34873936854777,43.66768000001174
-22.605374290600526,170.7308719513107,43.46424962962637
-23.180448519867877,170.09308930091962,43.28081902810867
-23.743460250287814,169.43538963833475,43.117388196434014
-24.290555092571505,168.77777102334747,42.97395713547147
-24.817744767296933,168.1402307468966,42.85052584598375
-25.325026354798407,167.5227659057376,42.7470943286272
-25.8123969355161,166.92537359620005,42.66366258395181
-26.279853589996073,166.34805091418778,42.60023061240125
-26.72739339889027,165.79079495517885,42.55679841431281
-27.159005558929206,165.2536030082998,42.53336598991745
-27.583148096081075,164.7364733557975,42.52993333933978
-28.015826947534073,164.21940590356402,42.5353529339546
-28.468583110427787,163.6824030185961,42.54245349669007
-28.941419499216984,163.12546762924384,42.55821514434953
-29.43433902824966,162.54860266428258,42.58840436015348
-29.94734461176702,161.95181105291255,42.637188555743755
-30.48043916390345,161.33509572475901,42.70597252459962
-31.03362559868652,160.69845960987226,42.79475626635533
-31.60690683003696,160.0419056387276,42.903539780538765
-32.180285771777505,159.3654357699378,43.03232306657146
-32.73376533773037,158.66904807339083,43.18110612376861
-33.267348441814725,157.95273964711222,43.34988895133904
-33.781037998055545,157.21650758955244,43.538671548385246
-34.274836920583574,156.46034899958698,43.74745391390337
-34.74874812363535,155.68426097651636,43.9762360467832
-35.202774521553145,154.88824062006609,44.225017945808176
-35.63691902878497,154.07228503038678,44.49379960965538
-36.07118358758827,153.25639228030602,44.782581036895564
-36.525566251070074,152.46056433180087,45.0913622259931
-37.00006409995184,151.68480411874555,45.42014317530604
-37.494674220177245,150.92900495354073,45.76892388308606
-38.00939374274579,150.1925696315019,46.13770434747852
-38.544219919566636,149.4745929393404,46.52648456652239
-39.09915012518522,148.77429637998975,46.93526453815033
-39.674181840800344,148.09099585069234,47.364044260188614
-40.24931351746368,147.40607487768298,47.81282373035719
-40.804547179578535,146.70123633264004,48.28160294626964
-41.339885741054744,145.97647731378757,48.770381905433226
-41.855332115907956,145.2317949197746,49.279160605248826
-42.35088921825957,144.46718624967508,49.80793904301098
-42.826559962336766,143.6826484029881,50.356717215907885
-43.28234726247248,142.87817847963768,50.92549512102138
-43.718254033105346,142.05377357997293,51.51427275532696
-44.15092232222574,141.209431613669,52.10305011570263
-44.597904086135514,140.3451537706649,52.671827199026396
-45.06091360788019,139.4609422661266,53.22060400227376
-45.541497621286815,138.55679955181915,53.74938052252657
-46.04113657209463,137.63272829899225,54.25815675697303
-46.56074051333318,136.6887313667298,54.74693270290769
-47.10048432565442,135.72481168372076,55.215708357731465
-47.66037092305056,134.74097218743927,55.66448371895161
-48.240328924362785,133.7372158121725,56.11325878417287
-48.84036124336947,132.71354548179727,56.58203355100001
-49.46054508878615,131.66996413145068,57.07080801694028
-50.100883374177286,130.60647470030662,57.57958217939461
-50.76137901300017,129.52308012796385,58.108356035657565
-51.442034918604925,128.41978335444608,58.65712958291736
-52.14285400423444,127.2965873202019,59.225902818255854
-52.863839183024396,126.15349496610472,59.814675738648575
-53.584993368012114,124.99050826116542,60.423448340964676
-54.286319472234,123.80762528566991,61.052220621966995
-54.967820408823044,122.60484314804155,61.70099257831199
-55.62949909101766,121.38215895712854,62.36976420654978
-56.271358432161655,120.13956982220395,63.05853550312415
-56.89340134570424,118.8770728529658,63.7673064643725
-57.495630745199996,117.59466515953696,64.49607708652593
-58.078049544308854,116.29234385246528,65.24484736570913
-58.658090440116176,114.99010689007332,66.01192003994564
-59.25276392086822,113.70795559988781,66.7957076494077
-59.861236828198535,112.44589205505974,67.59644572459534
-60.48268496057647,111.2039182079763,68.4144030524492
-61.11628503955911,109.9820358909897,69.24988421693749
-61.76120701936597,108.78024681597428,70.10323151403239
-62.416607548492316,107.59855257285143,70.97482631736983
-63.08162514793628,106.43695462726707,71.86508971148723
-63.74131716952269,105.2954536341951,72.77479744848617
-64.38117522261182,104.17404740637504,73.70450479849235
-65.00119638693886,103.07273305094616,74.65421175656202
-65.6013777423445,101.99150767462181,75.62391831764505
-66.1817163687749,100.93036838368954,76.61362447658497
-66.74220934628175,99.88931228401096,77.62333022811896
-67.2828537550223,98.86833648102186,78.65303556687788
-67.80364667525929,97.86743807973221,79.7027404873862
-68.3245851873522,96.88661515701361,80.7585726162093
-68.86566637165971,95.9258696784616,81.80642421687355
-69.42688730844228,94.98520458153335,82.84584336806614
-70.00824507785323,94.06462280326024,83.87641611238632
-70.60973675993888,93.16412728024773,84.89776686452016
-71.2313594346384,92.28372094867547,85.90955834257797
-71.87311018178397,91.42340674429721,86.91149087000652
-72.53498608110071,90.58318760244083,87.90330118540513
-73.1969842122156,89.76306548572083,88.8799888181089
-73.83910165475496,88.96303846717603,89.83667597819743
-74.46133548844196,88.1831036471319,90.77336266058349
-75.06368279310553,87.42325812548803,91.69004886028618
-75.64614064868033,86.6834990017181,92.58673457243098
-76.20870613520677,85.96382337486995,93.46341979224971
-76.75137633283106,85.26422834356555,94.32010451508056
-77.27414832180519,84.58471100600106,95.15678873636806
-77.79702015476555,83.9052694322697,95.97347245166308
-78.33999377349775,83.20590558161408,96.77015565662289
-78.90307209197684,82.48662238595375,97.54683834701106
-79.48625802407093,81.74742277763329,98.30352051869755
-80.08955448354125,80.98830968942218,99.04020216765865
-80.71296438404204,80.20928605451489,99.75688328997703
-81.35649063912062,79.4103548065308,100.45356388184169
-82.02013616221734,78.59151887951421,101.130243939548
-82.6991379174184,77.75278097624069,101.80692345948881
-83.39024547630213,76.89414294667061,102.503602438057
-84.09665848743651,76.01560678550632,103.22028087154791
-84.82163320560088,75.11717496518708,103.95695875615057
-85.56674175766892,74.19885034559518,104.71363608794768
-86.33198705654083,73.26063586332413,105.49031286291553
-87.11737201500968,72.30253445539225,106.28698907692412
-87.92289954576148,71.32454905924266,107.10366472573708
-88.72857158909655,70.34668164042036,107.9403398050117
-89.51438619616465,69.38893027531996,108.7970143102989
-90.28034044592486,68.4512920676581,109.6736882370433
-91.02643141744184,67.53376412072534,110.5703615805831
-91.7526561898859,66.6363435373863,111.48703433615022
-92.45901184253295,65.7590274200796,112.42370649887017
-93.14549545476459,64.90181287081793,113.38037806376218
-93.81210410606806,64.06469699118801,114.35704902573907
-94.45883487603633,63.24767688235063,115.35371937960737
-95.08568484436805,62.45074964504068,116.37038912006722
-95.69265109086757,61.67391237956714,117.4070582417124
-96.279730695445,60.917162185813126,118.4637267390304
-96.84692073811617,60.180496163235865,119.54039460640232
-97.3942182990027,59.463911410866736,120.63706183810291