
10.0,8.664585,-10.0
10.0,8.034651,-10.0
10.0,7.4078426,-10.0
10.0,6.7837315,-10.0
10.0,6.161916,-10.0
10.0,5.5421653,-10.0
10.0,4.924569,-10.0
10.0,4.3096066,-10.0
10.0,3.6980672,-10.0
10.0,3.0906992,-10.0
10.0,2.487729,-10.0
10.0,1.8883994,-10.0
10.0,1.2907689,-10.0
10.0,0.69213176,-10.0
10.0,0.09006524,-10.0
10.0,-0.5160134,-10.0
10.0,-1.1233875,-10.0
10.0,-1.7252629,-10.0
10.0,-2.3111935,-10.0
10.0,-2.86874,-10.0
10.0,-3.3859587,-10.0
10.0,-3.8539917,-10.0
10.0,-4.2690473,-10.0
10.0,-4.633283,-10.0
10.0,-4.954499,-10.0
10.0,-5.2447796,-10.0
10.0,-5.5185137,-10.0
10.0,-5.790201,-10.0
10.0,-6.072518,-10.0
10.0,-6.374898,-10.0
10.0,-6.7028303,-10.0
10.0,-7.057878,-10.0
10.0,-7.438242,-10.0
10.0,-7.839704,-10.0
10.0,-8.256674,-10.0
10.0,-8.683152,-10.0
10.0,-9.113456,-10.0
10.0,-9.542702,-10.0
10.0,-9.9670105,-10.0
10.0,-10.0,-10.0
10.0,-10.0,-10.0
10.0,-10.0,-10.0
10.0,-10.0,-10.0
10.0,-10.0,-10.0
10.0,-10.0,-10.0
10.0,-10.0,-10.0
10.0,-10.0,-10.0
10.0,-10.0,-10.0
10.0,-10.0,-10.0
10.0,-10.0,-10.0
10.0,-10.0,-10.0
10.0,-10.0,-10.0
10.0,-10.0,-10.0
10.0,-10.0,-10.0
10.0,-10.0,-10.0
10.0,-10.0,-10.0
10.0,-10.0,-10.0
10.0,-10.0,-10.0
10.0,-10.0,-10.0
10.0,-10.0,-10.0
10.0,-10.0,-10.0
10.0,-10.0,-10.0
10.0,-10.0,-10.0
10.0,-10.0,-10.0
10.0,-10.0,-10.0
10.0,-10.0,-10.0
10.0,-10.0,-10.0
10.0,-10.0,-10.0
10.0,-10.0,-10.0
10.0,-10.0,-10.0
10.0,-10.0,-10.0
10.0,-10.0,-10.0
10.0,-10.0,-10.0
10.0,-10.0,-10.0
10.0,-10.0,-10.0
10.0,-10.0,-10.0
10.0,-10.0,-10.0
10.0,-10.0,-10.0
10.0,-10.0,-10.0
10.0,-10.0,-10.0
10.0,-10.0,-10.0
10.0,-10.0,-10.0
10.0,-10.0,-10.0
10.0,-10.0,-10.0
10.0,-10.0,-10.0
10.0,-10.0,-10.0
10.0,-10.0,-10.0
10.0,-10.0,-10.0
10.0,-10.0,-10.0
10.0,-10.0,-10.0
10.0,-10.0,-10.0
10.0,-10.0,-10.0
10.0,-10.0,-10.0
10.0,-10.0,-10.0
10.0,-10.0,-10.0
10.0,-10.0,-10.0
10.0,-10.0,-10.0
10.0,-10.0,-10.0
10.0,-10.0,-10.0
10.0,-10.0,-10.0
10.0,-10.0,-10.0
10.0,-10.0,-10.0
10.0,-10.0,-10.0
10.0,-10.0,-10.0
10.0,-10.0,-10.0
10.0,-10.0,-10.0
10.0,-10.0,-10.0
10.0,-10.0,-10.0
10.0,-10.0,-10.0
10.0,-10.0,-10.0
10.0,-10.0,-10.0
10.0,-10.0,-10.0
10.0,-10.0,-10.0
10.0,-10.0,-10.0
10.0,-10.0,-10.0
10.0,-10.0,-10.0
10.0,-10.0,-10.0
10.0,-10.0,-10.0
10.0,-10.0,-10.0
10.0,-10.0,-10.0
10.0,-10.0,-10.0
10.0,-10.0,-10.0
10.0,-10.0,-10.0
10.0,-10.0,-10.0
10.0,-10.0,-10.0
10.0,-10.0,-10.0
10.0,-10.0,-10.0
10.0,-10.0,-10.0
10.0,-10.0,-10.0
10.0,-10.0,-10.0
10.0,-10.0,-10.0
10.0,-10.0,-10.0
10.0,-10.0,-10.0
10.0,-10.0,-10.0
10.0,-10.0,-10.0
10.0,-10.0,-10.0
10.0,-10.0,-10.0
10.0,-10.0,-10.0
10.0,-10.0,-10.0
10.0,-10.0,-10.0
10.0,-10.0,-10.0
10.0,-10.0,-10.0
10.0,-10.0,-10.0
10.0,-10.0,-10.0
10.0,-10.0,-10.0
10.0,-10.0,-10.0
10.0,-10.0,-10.0
10.0,-10.0,-10.0
10.0,-10.0,-10.0
10.0,-10.0,-10.0
10.0,-10.0,-10.0
10.0,-10.0,-10.0
10.0,-10.0,-10.0
10.0,-10.0,-10.0
10.0,-10.0,-10.0
10.0,-10.0,-10.0
10.0,-10.0,-10.0
10.0,-10.0,-10.0
10.0,-10.0,-10.0
10.0,-10.0,-10.0
10.0,-10.0,-10.0
10.0,-10.0,-10.0
10.0,-10.0,-10.0
10.0,-10.0,-10.0
10.0,-10.0,-10.0
10.0,-10.0,-10.0
10.0,-10.0,-10.0
10.0,-10.0,-10.0
10.0,-10.0,-10.0
10.0,-10.0,-10.0
10.0,-10.0,-10.0
10.0,-10.0,-10.0
10.0,-10.0,-10.0
10.0,-10.0,-10.0
10.0,-10.0,-10.0
10.0,-10.0,-10.0
10.0,-10.0,-10.0
10.0,-10.0,-10.0
10.0,-10.0,-10.0
10.0,-10.0,-10.0
10.0,-10.0,-10.0
10.0,-10.0,-10.0
10.0,-10.0,-10.0
10.0,-10.0,-10.0
10.0,-10.0,-10.0
10.0,-10.0,-10.0
10.0,-10.0,-10.0
10.0,-10.0,-10.0
10.0,-10.0,-10.0
10.0,-10.0,-10.0
10.0,-10.0,-10.0
10.0,-10.0,-10.0
10.0,-10.0,-10.0
10.0,-10.0,-10.0
10.0,-10.0,-10.0
10.0,-10.0,-10.0
10.0,-10.0,-10.0
10.0,-10.0,-10.0
10.0,-10.0,-10.0
10.0,-10.0,-10.0
10.0,-10.0,-10.0
10.0,-10.0,-10.0
10.0,-10.0,-10.0
10.0,-10.0,-10.0
10.0,-10.0,-10.0
10.0,-10.0,-10.0
10.0,-10.0,-10.0
10.0,-10.0,-10.0
10.0,-10.0,-10.0
10.0,-10.0,-10.0
10.0,-10.0,-10.0
10.0,-10.0,-10.0
10.0,-10.0,-10.0
10.0,-10.0,-10.0
10.0,-10.0,-10.0
10.0,-10.0,-10.0
10.0,-10.0,-10.0
10.0,-10.0,-10.0
10.0,-10.0,-10.0
10.0,-10.0,-10.0
10.0,-10.0,-10.0
10.0,-10.0,-10.0
10.0,-10.0,-10.0
10.0,-10.0,-10.0
10.0,-10.0,-10.0
10.0,-10.0,-10.0
10.0,-10.0,-10.0
10.0,-10.0,-10.0
10.0,-10.0,-10.0
10.0,-10.0,-10.0
10.0,-10.0,-10.0
10.0,-10.0,-10.0
10.0,-10.0,-10.0
10.0,-10.0,-10.0
10.0,-10.0,-10.0
10.0,-10.0,-10.0
10.0,-10.0,-10.0
10.0,-10.0,-10.0
10.0,-10.0,-10.0
10.0,-10.0,-10.0
10.0,-10.0,-10.0
10.0,-10.0,-10.0
10.0,-10.0,-10.0
10.0,-10.0,-10.0
10.0,-10.0,-10.0
10.0,-10.0,-10.0
10.0,-10.0,-10.0
10.0,-10.0,-10.0
10.0,-10.0,-10.0
10.0,-10.0,-10.0
10.0,-10.0,-10.0
10.0,-10.0,-10.0
10.0,-10.0,-10.0
10.0,-10.0,-10.0
10.0,-10.0,-10.0
10.0,-10.0,-10.0
10.0,-10.0,-10.0
10.0,-10.0,-10.0
10.0,-10.0,-10.0
10.0,-10.0,-10.0
10.0,-10.0,-10.0
10.0,-10.0,-10.0
10.0,-10.0,-10.0
10.0,-10.0,-10.0
10.0,-10.0,-10.0
10.0,-10.0,-10.0
10.0,-10.0,-10.0