
-62.183812744123045,950.1826886862359,-169.18224669103563
-62.465706449781806,949.8093471992,-169.33373326483292
-62.7328340207018,949.4330873553735,-169.50521893818012
-62.98492391768942,949.0528837936146,-169.69670371016537
-63.221604248306065,948.6677377951784,-169.9081875797704
-63.44242993423785,948.2766755245301,-170.13967054587067
-63.64690967343207,947.8787457737824,-170.39115260723526
-63.83453255788362,947.473016577603,-170.6626337625269
-64.00479332350231,947.058570277912,-170.95411401030196
-64.1572144012392,946.6344970273132,-171.2655933490105
-64.29136264106887,946.1998872408521,-171.59707177699616
-64.40685890933204,945.7538239486234,-171.94854929249635
-64.50337964861028,945.2953762244628,-172.32002589364203
-64.58065084716897,944.8235947142894,-172.71150157845787
-64.63843609322267,944.3375097985902,-173.1229763448622
-64.67652119509401,943.8361323554547,-173.55445019066693
-64.69474268919372,943.3184566048451,-174.0059231135777
-64.69304196495361,942.7834668628878,-174.47739511119377
-64.67142162152257,942.2301490195327,-174.96886618100808
-64.62988440488128,941.6575003453148,-175.4803363204072
-64.56843318641313,941.0649329184995,-176.0118055266713
-64.48707087899236,940.4523550774638,-176.56327379697439
-64.3858003999139,939.8197639185254,-177.1347411283839
-64.26462466657863,939.167156538427,-177.72620751786104
-64.1235465964932,938.4945300343371,-178.3376729622607
-63.96256910727014,937.8018815038497,-178.96913745833137
-63.78169511662779,937.0892080449843,-179.62060100271518
-63.58092754239028,936.3565067561858,-180.29206359194794
-63.360269302487524,935.6037747363248,-180.9835252224591
-63.119723314955216,934.8310090846975,-181.69498589057181
-62.8592924979348,934.0382069010255,-182.42644559250283
-62.57897976967347,933.2253652854562,-183.17790432436254
-62.278788048524106,932.3924813385623,-183.9493620821551
-61.958720252945334,931.5395521613426,-184.74081886177817
-61.618779301501455,930.6665748552211,-185.55227465902317
-61.258968112862455,929.7735465220477,-186.38372946957514
-60.87928960580397,928.8604642640979,-187.23518328901275
-60.47974669920729,927.927325184073,-188.1066361128084
-60.06034231205933,926.9741263850999,-188.998087936328
-59.62107936345264,926.0008649707313,-189.90953875483132
-59.16196077258533,925.0075380449454,-190.84098856347157
-58.68298945876113,923.9941427121464,-191.79243735729577
-58.18416834138931,922.9606760771643,-192.76388513124454
-57.66550033998471,921.9071352452546,-193.75533188015214
-57.1269883741677,920.8335173220989,-194.7667775987465
-56.56863536366418,919.7398194138046,-195.7982222816492
-55.99044422830554,918.6260386269048,-196.8496659233755
-55.392417888028675,917.4921720683583,-197.9211085183343
-54.77455926287594,916.33821684555,-199.01255006082812
-54.13687127299517,915.1641700662907,-200.12399054505318
-53.47935683863963,913.9700288388169,-201.2554299650993
-52.80201888016801,912.7557902717912,-202.40686831495
-52.10486031804442,911.5214514743019,-203.5783055884825
-51.38788407283837,910.2670095558635,-204.76974177946752
-50.65109306522474,908.9924616264162,-205.9811768815696
-49.89449021598379,907.6978047963264,-207.2126108883469
-49.11807844600111,906.3830361763863,-208.46404379325114
-48.32186067626765,905.0481528778142,-209.73547558962775
-47.505839827879655,903.6931520122544,-211.02690627071587
-46.6700188220387,902.3180306917772,-212.33833582964823
-45.814400580051625,900.9227860288788,-213.66976425945123
-44.938988023330566,899.5074151364819,-215.02119155304496
-44.04378407339289,898.0719151279347,-216.39261770324308
-43.128791651861235,896.616283117012,-217.784042702753
-42.194013680463435,895.1405162179144,-219.1954665441757
-41.23945308103254,893.6446115452687,-220.6268892200059
-40.26511277550683,892.128566214128,-222.0783107226319
-39.27099568592972,890.5923773399712,-223.54973104433572
-38.25710473444982,889.0360420387036,-225.041150177293
-37.22344284332086,887.4595574266567,-226.55256811357305
-36.170012934901735,885.8629206205882,-228.0839848451388
-35.09681793165643,884.2461287376818,-229.63540036384683
-34.00386075615406,882.6091788955478,-231.20681466144745
-32.891144331068794,880.9520682122223,-232.79822772958457
-31.758671579179893,879.2747938061681,-234.40963955979575
-30.606445423371675,877.577352796274,-236.04105014351225
-29.434468786633484,875.8597423018551,-237.6924594720589
-28.2427445920597,874.1219594426531,-239.3638675366543
-27.031275762849702,872.3640013388355,-241.05527432841066
-25.80006522230787,870.5858651109965,-242.7666798383338
-24.549115893843563,868.7875478801566,-244.49808405732324
-23.278430700971093,866.9690467677627,-246.2494869761721
-21.988012567309724,865.130358895688,-248.02088858556726
-20.677864416583652,863.271481386232,-249.81228887608916
-19.347989172621993,861.3924113621209,-251.62368783821196
-17.998389759358748,859.4931459465071,-253.45508546230346
-16.629069100832815,857.5736822629693,-255.30648173862505
-15.240030121187957,855.6340174355132,-257.1778766573319
-13.831275744672787,853.6741485885706,-259.06927020847274
-12.402808895640762,851.6940728469996,-260.98066238198993
-10.954632498550158,849.6937873360852,-262.9120531677196
-9.486749477964056,847.6732891815386,-264.8634425553915
-7.999162758550331,845.6325755094979,-266.8348305346289
-6.4918752650816325,843.5716434465273,-268.82621709494896
-4.964889922435368,841.490490119618,-270.8376022257623
-3.4182096555936923,839.3891126561874,-272.8689859163733
-1.8518373896434868,837.2675081840799,-274.92036815597993
-0.2657760497763473,835.1256738315661,-276.99174893367393
1.339971438711433,832.9636067273435,-279.0831282384406
2.965402150418879,830.7813040005362,-281.1945060591589
4.610513159840348,828.5787627806949,-283.32588238460147
6.275301541365549,826.3559801977968,-285.4772572034346
7.959764369279551,824.1129533822462,-287.6486305042182
9.663898717762807,821.8496794648738,-289.84000227540594
11.387701660891164,819.5661555769371,-292.05137250534506
13.131170272635881,817.2623788501204,-294.2827411822765
14.89430162686364,814.9383464165345,-296.53410829433477
16.677092797336574,812.5940554087173,-298.80547382954813
18.479540857712262,810.2295029596332,-301.09683777583854
20.30164288154377,807.8446862026736,-303.4082001210215
22.14339594227964,805.4396022716567,-305.73956085280616
24.004797113263926,803.0142483008274,-308.09091995879544
25.885843467736205,800.5686214248575,-310.46227742648585
27.786532078831577,798.1027187788455,-312.8536332432676
29.706860019580706,795.6165374983171,-315.26498739642454
31.64682436290982,793.1100747192247,-317.6963398731341
33.60642218164072,790.5833275779476,-320.1476906604675
35.58565054849082,788.0362932112919,-322.6190397453895
37.584506536073135,785.4689687564908,-325.1103871147586
39.602987216896324,782.8813513512044,-327.6217327553269
41.641089663364674,780.2734381335198,-330.1530766537402
43.69881094777814,777.645226241951,-332.7044187965379
45.776148142332346,774.9967128154392,-335.27575917015315
47.87309831911862,772.3278949933522,-337.8670977609127
49.989658550123984,769.6387699154851,-340.47843455503704
52.12582590723119,766.9293347220602,-343.10976953864014
54.28159746221873,764.1995865537264,-345.76110269772977
56.45697028676084,761.44952255156,-348.4324340182073
58.65194145242754,758.6791398570643,-351.1237634858678
60.86650803068463,755.8884356121699,-353.83509108640004
63.10066709289369,753.0774069592342,-356.56641680538627
65.35441571031214,750.2460510410417,-359.31774062830266
67.62775095409323,747.3943650008044,-362.0890625405188
69.92066989528605,744.5223459821611,-364.880382527298
72.23316960483555,741.629991129178,-367.6917005737974
74.56524715358256,738.7172975863485,-370.52301666506753
76.9168996122638,735.7842624985931,-373.37433078605284
79.28812405151193,732.8308830112594,-376.24564292159124
81.67891754185547,729.8571562701225,-379.13695305641437
84.08927715371894,726.8630794213846,-382.04826117514756
86.51919995742281,723.8486496116751,-384.97956726230973
88.9686830231835,720.8138639880509,-387.93087130231356
91.43772342111342,717.7587196979961,-390.9021732794653
93.926318221221,714.6832138894221,-393.8934731779649
96.43446449341064,711.5873437106675,-396.904770981906
98.96215930748285,708.4711063104984,-399.93606667527575
101.50939973313415,705.3344988381082,-402.98736024195523
104.07618283995711,702.1775184431177,-406.0586516657189
106.66250569744041,699.0001622755751,-409.14994093023506
109.26836537496878,695.802427485956,-412.2612280190656
111.89375894182312,692.5843112251631,-415.39251291566603
114.53868346718043,689.3458106445272,-418.54379560338566
117.20313602011386,686.0869228958061,-421.7150760654673
119.88711366959271,682.8076451311849,-424.9063542850476
122.59061348448245,679.5079745032767,-428.1176302451567
125.31363253354475,676.1879081651216,-431.34890392871847
128.05616788543747,672.8474432701876,-434.60017531855044
130.81821660871475,669.4865769723699,-437.8714443973638
133.59977577182687,666.1053064259914,-441.1627111477634
136.40084244312044,662.7036287858025,-444.4739755522477
139.2214136908383,659.2815412069813,-447.805237593209
142.0614865831196,655.8390408451332,-451.15649725293304
144.92105818799976,652.3761248562917,-454.5277545135993
147.80012557341053,648.8927903969173,-457.91900935728097
150.69868580718,645.3890346238985,-461.3302617659449
153.61673595703257,641.8648546945515,-464.76151172145154
156.55427309058905,638.3202477666199,-468.2127592055551
159.5112942753666,634.7552109982752,-471.68400419990326
162.48779657877873,631.1697415481163,-475.1752466860376
165.48377706813545,627.5638365751703,-478.68648664539324
168.49923281064312,623.9374932388915,-482.2177240592989
171.53416087340457,620.2907086991622,-485.7689589089771
174.5885583234191,616.6234801162925,-489.3401911755439
177.66242222758245,612.9358046510201,-492.93142084000914
180.75574965268686,609.2276794645107,-496.54264788327623
183.86853766542103,605.4991017183575,-500.17387228614234
187.00078333237028,601.7500685745815,-503.82509402929816
190.15248372001636,597.980577195632,-507.4963130933281
193.3236358947376,594.1906247443857,-511.1875294587104
196.51423692280895,590.3802083841473,-514.8987431058166
199.72428387040182,586.5493252786492,-518.6299540149123
202.95377380358434,582.6979725920521,-522.3811621661565
206.20270378832117,578.8261474889442,-526.1523675396021
209.47107089047367,574.9338471343418,-529.9435701151953
212.75887217579972,571.021068693689,-533.7547698727763
216.06610470995398,567.0878093328581,-537.5859667920788
219.39276555848775,563.1340662181491,-541.4371608527302
222.73885178684895,559.1598365162899,-545.3083520342517
226.1043604603823,555.1651173944368,-549.1995403160579
229.4892886443292,551.149906020174,-553.1107256774571
232.8936334038278,547.1141995615133,-557.0419080976516
236.31739180391295,543.0579951868948,-560.9930875557369
239.76056090951633,538.9812900651868,-564.9642640307026
243.22313778546638,534.8840813656857,-568.9554375014316
246.7051194964883,530.7663662581157,-572.9666079467007
250.20650310720416,526.6281419126293,-576.9977753451802
253.72728568213284,522.469405499807,-581.0489396754343
257.2674642856901,518.2901541906573,-585.1201009159206
260.8270359821885,514.0903851566173,-589.2112590449905
264.4059978358374,509.8700955695519,-593.322414040889
268.0043469107433,505.629282601754,-597.4535658817549
271.62208027090935,501.3679434259452,-601.6047145456206
275.2591949802358,497.08607521527495,-605.7758600104121
278.91568810251977,492.783675143321,-609.9670022539491
282.5915567014553,488.4607403840893,-614.1781412539449
286.2867978406335,484.11726811201413,-618.4092769880067
290.00140858354223,479.75325550195794,-622.6604094336351
293.7353859935667,475.36869972921147,-626.9315385682245
297.48872713398885,470.9635979694939,-631.2226643690628
301.2614290679879,466.5379473989525,-635.533786813332
305.0534888586398,462.091745194163,-639.8649058781073
308.8649035689179,457.6249885321294,-644.2160215403577
312.6956702616924,453.13767459028406,-648.5871337769461
316.5457859997306,448.62980054648784,-652.9782425646288
320.4152478456971,444.1013635790298,-657.3893478800558
324.30405286215336,439.55236086662745,-661.8204496997707
328.2121981115583,434.9827895884268,-666.271548000211
332.1396806562676,430.3926469240021,-670.7426427577078
336.0864975585345,425.78193005335635,-675.2337339484857
340.0526458805093,421.15063615692065,-679.7448215486631
344.0381226842394,416.49876241555484,-684.2759055342522
348.04292503166937,411.8263060105471,-688.8269858811585
352.06704998464124,407.1332641236142,-693.3980625651816
356.11049460489426,402.41963393690133,-697.9891355620143
360.1732559540647,397.6854126329824,-702.6002048472435
364.25533109368644,392.9305973948596,-707.2312703963496
368.35671708519044,388.15518540596395,-711.8823321847066
372.477410989905,383.3591738501548,-716.5533901875822
376.6174098690558,378.5425599117203,-721.2444443801378
380.7767107837658,373.70534077537707,-725.9554947374286
384.9553107950555,368.8475136262705,-730.6865412344032
389.15320696384254,363.9690756499744,-735.4375838459041
393.37039635094203,359.0700240324914,-740.2086225466674
397.6068760170666,354.1503559602528,-744.9996573113226
401.8626430228262,349.2100686201185,-749.8106881143934
406.1376944287282,344.2491591993771,-754.6417149302968
410.4320272951774,339.267624885746,-759.4927377333435
414.7456386824763,334.26546286737124,-764.3637564977379
419.0785256508246,329.2426703328276,-769.2547711975782
423.43068526031954,324.1992444711187,-774.1657818068561
427.80211457095606,319.1351824716768,-779.0967882994571
432.1928106426265,314.05048152436314,-784.0477906491602
436.6027705351208,308.9451388194676,-789.0187888296383
441.03199130812635,303.819151547709,-794.0097828144578
445.4804700212283,298.6725169002348,-799.0207725770788
449.9482037339093,293.5052320686215,-804.0517580908551
454.4351895055495,288.3172942448744,-809.1027393290342
458.94142439542685,283.1087006214276,-814.1737162647572
463.46690546271685,277.8794483911442,-819.264688871059
468.0116297664928,272.62953474731614,-824.3756571208679
472.5755943657254,267.35895688366435,-829.5066209870063
477.1587963192833,262.06771199433854,-834.6575804421897
481.76123268593267,256.7557972739176,-839.8285354590278
486.3829005243376,251.42320991740925,-845.0194860100237
491.0237968930597,246.0699471202502,-850.2304320675744
495.6839188505584,240.6960060783061,-855.4613736039703
500.36326345519103,235.30138398787176,-860.7123105913955
505.0618277652125,229.8860780456709,-865.983243001928
509.7796088387757,224.4500854488563,-871.2741708075393
514.5166037339312,218.99340339500984,-876.5850939800946
519.2728095086275,213.5160290821424,-881.9160124913527
524.0482232207107,208.01795970869404,-887.2669263129663
528.8428419279253,202.49919247353378,-892.6378354164816
533.656662687913,196.9597245759599,-898.0287397733384
538.4896825582139,191.39955321569974,-903.4396393548705
543.3418985962658,185.81867559290978,-908.8705341323048
548.2133078594044,180.2170889081757,-914.3214240767625
553.1039074048633,174.5947903625123,-919.792309159258
558.0136942897744,168.9517771573636,-925.2831893506998
562.9426655711673,163.28804649460287,-930.7940646218897
567.8908183059694,157.60359557653248,-936.3249349435233
572.8581495510065,151.89842160588418,-941.87580028619
577.8446563630021,146.17252178581884,-947.4466606203728
582.8503357985779,140.4258933199267,-953.0375159164482
587.8751849142536,134.6585334122272,-958.6483661446867
592.9192007664469,128.8704392671691,-964.2792112752522
597.9823804114737,123.06160808963048,-969.9300512782024
603.064720905548,117.23203708491873,-975.6008861234886
608.1662193047817,111.38172345877058,-981.291715780956
613.2868726651852,105.51066441735212,-987.0025402203431
618.4266780426667,99.61885716725881,-992.7333594112824
623.5856324930328,93.70629891551549,-998.4841733233001
628.763733071988,87.77298686957639,-1004.2549819258155
633.9609768351352,81.81891823732516,-1010.0457851881424
639.1773608379754,75.84409022707487,-1015.8565830794878
644.4128821359078,69.84850004756805,-1021.6873755689525
649.66753778423,63.83214490797667,-1027.5381626255307