
-218.73830246666535,438.8384204960731,10.01160829646387
-218.70850422687104,438.8218881438492,9.98160821659468
-218.6587127645092,438.7931527612742,9.931608083656615
-218.5889299340965,438.7511745664196,9.861607897915555
-218.49915774282337,438.69489591055003,9.771607659743728
-218.38939835285632,438.6232456783993,9.661607369619714
-218.25965408290566,438.53514488149267,9.531607028128448
-218.10992740891774,438.4295130077335,9.381606635961214
-217.94022096380738,438.3052747763013,9.211606193915646
-217.75053753207203,438.16145179722037,9.021605702895728
-217.54088001012138,437.9975996975394,8.811605163911802
-217.31125131593262,437.8137155643875,8.581604578080556
-217.06165436758917,437.6097964853196,8.33160394662503
-216.79209208328058,437.38583954831597,8.061603270874615
-216.50256738130255,437.1418418417827,7.771602552265055
-216.19308318005704,436.87780045455133,7.461601792338443
-215.86364239805204,436.59371247587916,7.131600992743226
-215.5142479539017,436.2895749954491,6.781600155234201
-215.14490276632625,435.96538510336967,6.411599281672516
-214.7556097541521,435.62113989017513,6.02159837402567
-214.34637183631156,435.25683644682545,5.611597434367514
-213.91719193184315,434.8724718647062,5.18159646487825
-213.4680729598914,434.46804323562884,4.731595467844432
-212.99901783970685,434.04354765183047,4.261594445658964
-212.51002949064605,433.59898220597404,3.771593400821101
-212.00111083217152,433.1343439911482,3.2615923359364505
-211.4722647838518,432.6496301008674,2.7315912537169704
-210.92349426536143,432.1448376290719,2.1815901569809695
-210.3548021964808,431.61996367012785,1.6115890486531086
-209.7661914970963,431.0750053188271,1.0215879317643992
-209.15766508720023,430.50995967038745,0.41158680945220394
-208.5292258868908,429.92482382045256,-0.21841431503976372
-207.88087681637208,429.31959486509203,-0.8684154383614389
-207.21262079595405,428.6942699008012,-1.5384165570564057
-206.5244607460525,428.0488460245014,-2.228417667561897
-205.8163995871891,427.38332033354004,-2.938418766208796
-205.08844023999131,426.69768992569027,-3.6684198492216327
-204.34058562519243,425.9919518991513,-4.418420912718587
-203.57283866363156,425.2661033525482,-5.188421952711488
-202.78520227625356,424.52014138493223,-5.978422965105816
-201.97767938410902,423.7540630957805,-6.788423945700696
-201.15027290835437,422.9678655849962,-7.618424890188905
-200.30298577025167,422.16154595290857,-8.468425794156868
-199.43582089116873,421.33510130027287,-9.338426653084658
-198.54878119257913,420.48852872827047,-10.228427462346001
-197.641869596062,419.62182533850876,-11.138428217208272
-196.7150890233023,418.7349882330212,-12.06842891283249
-195.76844239609053,417.8280145142676,-13.018429544273326
-194.80193263632287,416.9009012851336,-13.988430106479104
-193.81556266600109,415.95364564893123,-14.97843059429179
-192.8093354072326,414.98624470939853,-15.988431002447006
-191.7832537822304,413.99869557069974,-17.01843132557402
-190.73732071331304,412.9909953374253,-18.06843155819575
-189.6715391229047,411.9631411145919,-19.138431694728766
-188.58591193353502,410.91513000764246,-20.22843172948328
-187.48044206783922,409.84695912244604,-21.33843165666316
-186.355132448558,408.758625565298,-22.468431470365925
-185.2099859985376,407.6501264429201,-23.618431164582734
-184.04500564072976,406.5214588624602,-24.788430733198403
-182.86019429819157,405.37261993149247,-25.9784301699914
-181.65555489408572,404.20360675801754,-27.188429468633842
-180.43109035168027,403.01441645046225,-28.418428622691486
-179.18680359434867,401.80504611767986,-29.66842762562375
-177.92269754556983,400.57549286894994,-30.938426470783696
-176.63877512892805,399.32575381397834,-32.22842515141804
-175.33503926811292,398.05582606289755,-33.538423660667135
-174.0114928869195,396.7657067262663,-34.868421991565
-172.66813890924817,395.45539291506975,-36.2184201370393
-171.30498025910455,394.1248817407196,-37.58841808991135
-169.92201986059968,392.7741703150538,-38.978415842896105
-168.51926063794983,391.403255750337,-40.38841338860218
-167.09670551547657,390.0121351592602,-41.81841071953184
-165.65435741760678,388.6008056549409,-43.268407828080996
-164.1922192688725,387.1692643509232,-44.73840470653921
-162.7102939939111,385.7175083611776,-46.22840134708969
-161.20858451746508,384.24553480010127,-47.7383977418093
-159.6870937643822,382.7533407825179,-49.26839388266856
-158.14582465961544,381.2409234236777,-50.818389761531634
-156.58478012822286,379.7082798392576,-52.38838537015633
-155.00396309536774,378.15540714536104,-53.97838070019411
-153.40337648631848,376.58230245851803,-55.58837574319009
-151.78302322644862,374.98896289568535,-57.21837049058304
-150.1429062412368,373.37538557424637,-58.86836493370537
-148.48302845626677,371.74156761201107,-60.538359063783155
-146.8033927972273,370.0875061272163,-62.2283528719361
-145.1040021899123,368.41319823852535,-63.938346349177586
-143.38485956022072,366.71864106502846,-65.66833948641462
-141.6459678341565,365.0038317262424,-67.41833227444788
-139.8873299378286,363.2687673421109,-69.18832470397166
-138.10894879745106,361.51344503300425,-70.97831676557395
-136.31082733934278,359.73786191971965,-72.78830844973638
-134.4929684899277,357.942015123481,-74.6182997468342
-132.65537517573475,356.12590176593903,-76.46829064713636
-130.79805032339772,354.2895189691714,-78.3382811408054
-128.92099685965536,352.43286385568246,-80.22827121789759
-127.02421771135134,350.55593354840346,-82.13826086836276
-125.10771580543422,348.6587251706925,-84.06825008204447
-123.17149406895743,346.7412358463347,-86.01823884867989
-121.21555542907925,344.80346269954185,-87.98822715789984
-119.2399028130628,342.8454028549528,-89.97821499922881
-117.24453914827606,340.86705343763333,-91.98820236208493
-115.22946736219183,338.8684115730761,-94.01818923578
-113.19469038238766,336.8494743872008,-96.06817560951943
-111.14021113654594,334.8102390063541,-98.13816147240232
-109.06603255245379,332.75070255730947,-100.22814681342142
-106.97215755800309,330.6708621672676,-102.3381316214631
-104.85858908119044,328.57071496385623,-104.46811588530741
-102.72533005011721,326.45025807512997,-106.61809959362806
-100.57238339298942,324.3094886295705,-108.78808273499237
-98.39975203811782,322.14840375608674,-110.97806529786135
-96.20743891391784,319.96700058401444,-113.18804727058965
-93.99544694890953,317.76527624311666,-115.41802864142558
-91.76377907171761,315.54322786358347,-117.66800939851109
-89.51243821107141,313.30085257603207,-119.93798952988178
-87.24142729580488,311.0381475115068,-122.22796902346691
-84.95074925485659,308.7551098014792,-124.5379478670894
-82.64040701726965,306.45173657784795,-126.8679260484658
-80.31040351219177,304.12802497293893,-129.21790355520633
-77.96074166887519,301.7839721195052,-131.58788037481486
-75.59142441667667,299.41957515072716,-133.97785649468892
-73.20245468505755,297.03483120021224,-136.3878319021197
-70.79383540358359,294.6297374019952,-138.817806584292
-68.36556950192511,292.2042908905382,-141.26778052828428
-65.91765990985685,289.7584888007304,-143.7377537210687
-63.45010955725805,287.2923282678886,-146.22772614951106
-60.962921374112355,284.80580642775664,-148.73769780037077
-58.45609829050784,282.29892041650584,-151.26766866030093
-55.929643236637006,279.7716673707347,-153.81763871584826
-53.38355914279674,277.22404442746927,-156.3876079534532
-50.81784893938832,274.6560487241628,-158.97757635944978
-48.232515556917356,272.0676773986961,-161.5875439200657
-45.62756192599383,269.4589275893772,-164.21751062142235
-43.002990977332054,266.82979643494167,-166.8674764495347
-40.35880564175064,264.1802810745525,-169.53744139031144
-37.69500885017253,261.51037864780005,-172.22740542955486
-35.01160353362492,258.8200862947022,-174.93736855296098
-32.30859262323929,256.10940115570435,-177.66733074611935
-29.58597905025138,253.37832037167928,-180.4172919945133
-26.84376574600116,250.62684108392736,-183.1872522835198
-24.081955641932815,247.8549604341765,-185.97721159840935
-21.30055166959475,245.06267556458207,-188.78716992434627
-18.499556760639557,242.24998361772708,-191.6171272463884
-15.678973846824002,239.41688173662203,-194.4670835494873
-12.838805860009016,236.56336706470506,-197.33703881848822
-9.979055732159667,233.6894367458419,-200.22699303813
-7.0997263953451615,230.79508792432586,-203.1369461930451
-4.200820781738811,227.8803177448779,-206.06689826775977
-1.28234182361803,224.94512335264668,-209.01684924669374
1.6557075466356863,221.98950189320843,-211.98679911416056
4.613324396536776,219.01345051256712,-214.97674785436735
7.590505793495626,216.01696635715436,-217.98669545141487
10.587248804818586,213.0000465738295,-221.0166418892976
13.603550497707989,209.9626883098796,-224.0665871519036
16.63940793926216,206.90488871301946,-227.13653122301463
19.694818196475442,203.82664493139163,-230.22647408630613
22.769778336238193,200.72795411356645,-233.33641572534714
25.864285425336828,197.60881340854198,-236.46635612360038
28.97833653045381,194.46921996574412,-239.6162952644222
32.111928718167675,191.3091709350266,-242.78623313106266
35.265059054953056,188.12866346667093,-245.97616970666542
38.437724607180684,184.9276947113865,-249.18610497426786
41.62992244111741,181.7062618203105,-252.41603891680094
44.84164962292623,178.46436194500808,-255.66597151708933
48.072903218666276,175.2019922374722,-258.93590275785135
51.32368029429287,171.91914985012377,-262.22583262169894
54.59397791565749,168.6158319358116,-265.5357610911378
57.883793148507834,165.29203564781244,-268.8656881485671
61.19312305848781,161.947758139831,-272.2156137762798
64.52196471113754,158.58299656599988,-275.5855379564625
67.87031517189341,155.19774808087976,-278.97546067119544
71.23817150608805,151.79200983945924,-282.3853819024526
74.62553077895039,148.365778997155,-285.8153016321014
78.03239005560565,144.91905270981164,-289.26521984190316
81.45874640107532,141.4518281337019,-292.73513651351277
84.90459688027725,137.9641024255265,-296.2250516284787
88.36993855802562,134.4558727424143,-299.73496516824315
91.85476849903095,130.9271362419222,-303.264877114142
95.35908376790017,127.3778900820352,-306.81478744740474
98.88288142913655,123.8081314211664,-310.3846961491545
102.42615854713976,120.21785741815705,-313.9746032004082
105.98891218620595,116.60706523227658,-317.5845085820762
109.57113941052764,112.97575202322251,-321.2144122749626
113.1728372841938,109.3239149511206,-324.86431425976537
116.79400287118992,105.65155117652473,-328.5342145170758
120.43463323539788,101.95865786041705,-332.224113027379
124.09472544059615,98.24523216420789,-335.9340097710539
127.77427655045966,94.51127124973584,-339.6639047283728
131.47328362855987,90.75677227926772,-343.41379787950183
135.19174373836475,86.98173241549863,-347.1836892045007
138.92965394323892,83.18614882155194,-350.9735786833228
142.68701130644345,79.37001866097933,-354.7834662958152
146.46381289113612,75.53333909776077,-358.6133520217186
150.26005576037122,71.6761072963046,-362.4632358406674
154.07573697709972,67.79832042144741,-366.33311773218963
157.9108536041692,63.89997563845426,-370.222997675707
161.7654027043239,59.98107011301849,-374.13287565053486