
50.705588869929684,798.839591230488,-298.66096201574965
49.375222930867395,797.9917824305428,-298.71098422432885
48.064735604929496,797.1641662057682,-298.7810048444875
46.77412981594691,796.356739656792,-298.8710238758532
45.50340848764482,795.5694998838159,-298.9810413179474
44.25257454364269,794.8024439866148,-299.111057170185
43.02163090745421,794.0555690645375,-299.2610714318746
41.81058050248733,793.3288722165064,-299.43108410221856
40.6194262520442,792.6223505410175,-299.62109518031286
39.44817107932117,791.9360011361402,-299.831104665147
38.29681790740877,791.2698210995183,-300.06111255560427
37.16536965929173,790.6238075283683,-300.31111885046164
36.053829257848896,789.9979575194812,-300.5811235483897
34.96219962585328,789.3922681692216,-300.8711266479526
33.89048368597201,788.8067365735275,-301.1811281476083
32.83868436076631,788.2413598279109,-301.51112804570835
31.806804572691508,787.6961350274576,-301.8611263404979
30.794847244097014,787.171059266827,-302.23112303011584
29.80281529722629,786.6661296402525,-302.62111811259473
28.83071165421684,786.1813432415413,-303.03111158586074
27.878539237100213,785.7166971640743,-303.4611034477337
26.946300967801957,785.2721885008064,-303.9110936959271
26.033999764823946,784.8477460993322,-304.3810823280481
25.14163849874625,784.4425882135997,-304.87106934159743
24.269219863922487,784.0552891543165,-305.3810547339697
23.41674634688035,783.6844203612532,-305.9110385024529
22.58422022595127,783.3285510789509,-306.46102064422894
21.77164357100997,782.9862492269808,-307.0310011563732
20.979018243372963,782.6560827732641,-307.62098003585476
20.206345895956748,782.3366219823906,-308.2309572795364
19.453627973847674,782.0264428588902,-308.86093288417453
18.72086571547141,781.7241319280316,-309.51090684641923
18.008060154543102,781.4282920620882,-310.1808791628142
17.315212122896057,781.1375485249932,-310.87084982979684
16.642322254133486,780.850553969146,-311.5808188436982
15.989390987851685,780.5659910883236,-312.31078620074294
15.356418574032139,780.2825722388623,-313.0607518970495
14.743405077177814,779.9990365147652,-313.83071592862984
14.150350379944584,779.7141461791992,-314.62067829138965
13.577254186377582,779.4266853514313,-315.43063898112825
13.024116025297268,779.1354637807812,-316.2605979935387
12.490935254709084,778.8393271990205,-317.11055532420755
11.977617509858483,778.5371734478824,-317.98051096861514
11.483643711087533,778.2279749253121,-318.8703446046764
11.008351376492111,777.9108106334191,-319.7795857305284
10.551408468211529,777.58487786202,-320.7077008034718
10.112736720651725,777.2494744223176,-321.65445157737577
9.692456387202407,776.9039771671783,-322.6198305904264
9.29084383547667,776.5478194086,-323.604016435894
8.908295853935273,776.1804662556087,-324.60734110355537
8.545296808153722,775.8013879181616,-325.6302640902953
8.202173792271685,775.4100322612658,-326.67311470776707
7.8789928997627285,775.0058076726968,-327.73596358812813
7.575752202744219,774.5880769038868,-328.8188107257268
7.292449677149083,774.1561535484589,-329.92165611480493
7.029083195592986,773.7093036348793,-331.04449974949813
6.785650520896052,773.2467526302563,-332.1873416238356
6.562149300880695,772.7676955464433,-333.3501817317401
6.358577064740176,772.2713080713428,-334.53302006702836
6.174931221008314,771.7567571833189,-335.7358566234104
6.011209056978581,771.2232103122103,-336.9586913944902
5.8674077454383315,770.6699683673785,-338.20152437376515
5.743524384023529,770.0967459424947,-339.46435555462654
5.639556056530603,769.5035401328757,-340.74718493035914
5.5554998466500845,768.8903480342635,-342.0500124941414
5.49135283796662,768.2571667428256,-343.37283823904556
5.447112113958986,767.6039933551544,-344.7156621580374
5.42277475800011,766.9308249682683,-346.0784842439763
5.418337853357079,766.2376586796106,-347.4613044896154
5.43379848319116,765.5244915870503,-348.8641228876015
5.469153730557814,764.7913207888815,-350.2869394304751
5.5244006784067095,764.0381433838241,-351.7297541106702
5.5995364095817415,763.2649564710232,-353.19256692051465
5.694558006821045,762.4717571500493,-354.67537785222976
5.809462552757011,761.6585425208984,-356.1781868979307
5.9442471299163,760.8253096839921,-357.70099404962616
6.0989088207198625,759.9720557401776,-359.2437992992185
6.273444707482948,759.0987777907272,-360.8066026385038
6.467851872415127,758.2054729373391,-362.38940405917185
6.6821273976203015,757.292138282137,-363.9922035528059
6.916268365096723,756.35877092767,-365.615001110883
7.170271856737008,755.405367976913,-367.2577967247738
7.444134954328152,754.4319265332663,-368.9205903857428
7.737854739551546,753.4384437005559,-370.6033820849479
8.051428293982992,752.4249165830335,-372.3061718134407
8.38485269909272,751.3913422853761,-374.0289595621666
8.7381250362454,750.3377179126869,-375.7717453219646
9.111242386700162,749.2640405704943,-377.53452908356735
9.504201831610606,748.1703073647527,-379.3173108376011
9.917000452024823,747.0565154018418,-381.12009057458584
10.349635328885405,745.9226617885676,-382.9428682849352
10.80210354302947,744.7687436321613,-384.7856439589564
11.274402175188662,743.5947580402801,-386.6484175868505
11.766528305989183,742.4007021210069,-388.53118915871204
12.2784790159518,741.1865729828505,-390.43395866452926
12.810251385491862,739.9523677347453,-392.35672609418407
13.36184249491931,738.6980834860516,-394.2994914374521
13.933249424438705,737.4237173465556,-396.2622546840025
14.524469254149231,736.1292664264691,-398.2450158233983
15.13549906404472,734.8147278364302,-400.24777484509605
15.766335934013659,733.4800986875024,-402.27053173844587
16.416976943839213,732.1253760911752,-404.3132864926917
17.08741917319924,730.7505571593642,-406.37603909697106
17.777659701666295,729.3556390044108,-408.4587895403152
18.487695608707664,727.9406187390823,-410.5615378116489
19.217523973685367,726.5054934765719,-412.6842838997908
19.96714187585617,725.0502603304991,-414.827027793453
20.736546394371615,723.5749164149088,-416.98976948124135
21.52573460827803,722.0794588442724,-419.17250895165535
22.33470359651653,720.563884733487,-421.3752461930882
23.163450437923053,719.0281911978759,-423.5979811938266
24.01197221122837,717.4723753531885,-425.8407139420513
24.880265995058096,715.8964343155999,-428.1034444258363
25.7683288679327,714.3003652017117,-430.38617263314933
26.67615790826753,712.6841651285513,-432.68889855185193
27.60375019437284,711.0478312135723,-435.01162216969925
28.551102804453777,709.3913605746543,-437.3543434743401
29.518212816610415,707.7147503301034,-439.7170624533169
30.505077308837762,706.0179975986514,-442.09977909406575
31.511693359025795,704.3010994994564,-444.50249338391643
32.53805804495945,702.5640531521028,-446.9252053100924
33.58416844431865,700.8068556766011,-449.3679148597107
34.65002163467832,699.0295041933882,-451.8306220197822
35.735614693508396,697.2319958233268,-454.3133267772113
36.84094469817386,695.4143276877062,-456.816029118796
37.96600872593473,693.5764969082418,-459.33872903122807
39.11080385394609,691.7185006070753,-461.88142650109296
40.2753271592581,689.8403359067748,-464.4441215148697
41.459575718816026,687.9419999303346,-467.0268140589311
42.66354660946023,686.0234898011752,-469.62950411954347
43.88723690792621,684.0848026431435,-472.2521916828669
45.1306436908446,682.1259355805128,-474.8948767349551
46.39376403474119,680.1468857379829,-477.5575592617555
47.67659501603694,678.1476502406796,-480.24023924910904
48.979133711048,676.1282262141555,-482.9429166827505
50.30137719598572,674.0886107843893,-485.6655915483082
51.64332254695668,672.0288010777863,-488.4082638313043
53.00496683996269,669.9487942211782,-491.1709335171543
54.386307150900805,667.8485873418232,-493.9536005911677
55.78734055556334,665.7281775674057,-496.75626503854744
57.2080641296379,663.587562026037,-499.5789268443902
58.64847494870738,661.4267378462544,-502.4215859936864
60.108570088250005,659.2457021570223,-505.28424247131994
61.5883466236393,657.0444520877312,-508.1668962620686
63.087801630144156,654.8229847681982,-511.0695473506036
64.60693218292882,652.5812973286672,-513.9921957214901
66.14573535705287,650.3193868998084,-516.9348413591866
67.70420822747136,648.0372506127186,-519.8974842480455
69.28234786903465,645.7348855989213,-522.8801243723128
70.88015135648861,643.4122889903668,-525.8827617161281
72.49761576447449,641.0694579194318,-528.9053962635247
74.13473816752902,638.7063895189197,-531.9480279984297
75.79151564008438,636.3230809220604,-535.0106569046636
77.46794525646825,633.9195292625109,-538.0932829659408
79.1640240909038,631.4957316743545,-541.1959061658692
80.87974921750968,629.0516852921013,-544.3185264879505
82.61511771030014,626.5873872506884,-547.4611439155799
84.37012664318492,624.1028346854793,-550.6237584320464
86.14477308996933,621.5980247322644,-553.8063700205328
87.9390541243543,619.072954527261,-557.0089786641151
89.75296681993629,616.5276212071128,-560.2315843457635
91.5865082502074,613.9620219088907,-563.4741870483416
93.43967548855535,611.3761537700924,-566.7367867546067
95.3124656082635,608.7700139286421,-570.0193834472095
97.20487568251085,606.1435995228912,-573.3219771086948
99.11690278437209,603.4969076916177,-576.6445677215008
101.04854398681758,600.8299355740266,-579.9871552679597
102.9997963627134,598.14268030975,-583.3497397302967
104.97065698482132,595.4351390388464,-586.7323210906314
106.96112292579886,592.7073089018018,-590.1348993309767
108.97119125819928,589.9591870395286,-593.5574744332392
111.00085905447162,587.1907705933667,-597.0000463792192
113.05012338696066,584.4020567050825,-600.4626151506104
115.11898132790702,581.5930425168697,-603.9451807290006
117.20742994944712,578.7637251713488,-607.447743095871
119.31546632361317,575.9141018115675,-610.9703022325966
121.44308752233327,573.0441695810003,-614.512858120446
123.59029061743134,570.153925623549,-618.0754107405813
125.75707268062718,567.2433670835422,-621.6579600740587
127.9434307835365,564.312491105736,-625.2605061018276
130.14936199767087,561.361294835313,-628.8830488047314
132.37486339443785,558.3897754178832,-632.5255881635071
134.61993204514084,555.3979299994841,-636.1881241587852
136.88456502097927,552.3857557265796,-639.8706567710898
139.1687593930485,549.3532497460614,-643.5731859808391
141.47251223233988,546.3004092052479,-647.2957117683444
143.79582060974076,543.227231251885,-651.0382341138113
146.13868159603447,540.1337130341457,-654.8007529973387
148.50109226190042,537.01985170063,-658.583268398919
150.88304967791402,533.8856444003657,-662.3857802984386
153.28455091454677,530.731088282807,-666.2082886756774
155.7055930421662,527.5561804978362,-670.0507935103091
158.14617313103602,524.3609181957623,-673.9132947819007
160.60628825131593,521.1452985273219,-677.7957924699135
163.08593547306185,517.9093186436787,-681.6982865537019
165.5851118662258,514.6529756964238,-685.6207770125143
168.10381450065591,511.3762668375757,-689.5632638254925
170.64204044609656,508.0791892195803,-693.5257469716722
173.19978677218822,504.7617399953106,-697.5082264299826
175.77705054846763,501.4239163180673,-701.5107021792468
178.37382884436772,498.06571534157825,-705.5331741981813
180.99011872921767,494.6871342199988,-709.5756424653964
183.6259172722429,491.28817010791175,-713.6381069593962
186.28122154256505,487.8688201603273,-717.7205676585781
188.9560286092021,484.4290815326831,-721.8230245412336
191.65033554106827,480.9689513808443,-725.9454775855476
194.36413940697415,477.48842686110356,-730.0879267695987
197.09743727562656,473.987505130181,-734.2503720713592
199.85022621562877,470.46618334522424,-738.432813468695
202.62250329548033,466.92445866380854,-742.635250939366
205.41426558357716,463.36232824393653,-746.8576844610252
208.2255101482116,459.7797892440386,-751.1001140112198
211.0562340575724,456.1768388229726,-755.3625395673905
213.90643437974467,452.5534741400239,-759.6449611068714
216.77610818271003,448.90969235490564,-763.9473786068905
219.66525253434648,445.2454906277585,-768.2697920445697
222.5738645024285,441.5608661191508,-772.6122013969242
225.5019411546271,437.8558159900785,-776.974606640863
228.44947955850972,434.1303374019652,-781.3570077531888
231.41647678154035,430.3844275166623,-785.7594047105978
234.4029298910795,426.61808349644883,-790.1817974896802
237.40883595438424,422.83130250403156,-794.6241860669197
240.43419203860813,419.02408170254483,-799.0865704186936
243.47899521080137,415.1964182555509,-803.5689505212729
246.54324253791074,411.34830932703983,-808.0713263508223
249.6269310867796,407.47975208142924,-812.5936978834003
252.73005792414793,403.5907436835647,-817.1360650949588
255.85262011665236,399.6812812987196,-821.6984279613436
258.99461473082624,395.751362092595,-826.280786458294
262.15603883309944,391.80098323131995,-830.883140561443
265.33688948979864,387.8301418814512,-835.5054902463177
268.53716376714715,383.8388352099735,-840.1478354883382
271.756858731265,379.8270603842995,-844.8101762628187
274.995971448169,375.79481457226956,-849.4925125449668
278.2544989837726,371.74209494215205,-854.194844309884
281.5324384038861,367.66889866264336,-858.9171715325655
284.8297867742166,363.5752229028676,-863.6594941878999
288.1465411603679,359.46106483237713,-868.4218122506699
291.4826986278407,355.32642162115195,-873.2041256955514
294.83825624203246,351.17129043960034,-878.0064344971142
298.21321106823746,346.9956684585584,-882.8287386298219
301.60756017164687,342.7995528492902,-887.6710380680316
305.02130061734874,338.582940783488,-892.533332785994
308.454429470328,334.34582943327206,-897.4156227578536
311.90694379546653,330.08821597119066,-902.3179079576487
315.378840657543,325.81009757022014,-907.2401883593111
318.8701171212331,321.511471403765,-912.1824639366662
322.3807702511095,317.19233464565775,-917.1447346634332
325.9107971116417,312.8526844701591,-922.127000513225
329.4601947671964,308.49251805195786,-927.1292614595482
333.0289602820371,304.111832566171,-932.1515174758028
336.61709072032426,299.71062518834367,-937.193768535283
340.2245831461156,295.2888930944491,-942.256014611176
343.8514346233657,290.8466334608889,-947.3382556765634
347.4976422159263,286.38384346449266,-952.44049170442
351.1632029875462,281.9005202825184,-957.5627226676143
354.8481140018711,277.39666109265227,-962.7049485389085
358.55237232244417,272.8722630730087,-967.8671692909587
362.2759750127053,268.3273234021304,-973.0493848963145
366.01891913599184,263.76183925898835,-978.2515953274191
369.7812017555381,259.1758078229818,-983.4738005566095
373.5628199344756,254.56922627393845,-988.7160005561163
377.3637707358331,249.94209179211413,-993.9781952980638
381.1840512225365,245.29440155819316,-999.2603847544702
385.02365845740894,240.62615275328815,-1004.5625688972469
388.8825895031707,235.9373425589401,-1009.8847476981995
392.7608414224395,231.2279681571184,-1015.2269211290268
396.6584112777301,226.4980267302209,-1020.5890891613217
400.57529613145476,221.74751546107376,-1025.9712517665705
404.51149304592275,216.97643153293168,-1031.3734089161533
408.4669990833409,212.18477212947775,-1036.7955605813438
412.44181130581325,207.37253443482354,-1042.2377067333096
416.43592677534116,202.53971563350908,-1047.6998473431113
420.4493425538234,197.68631291050295,-1053.1819823817038
424.48205570305606,192.81232345120216,-1058.684111819936
428.5340632847327,187.91774444143232,-1064.2062356285498
432.60536236044425,183.0025730674475,-1069.748353778181
436.695949991679,178.06680651593044,-1075.310466239359
440.8058232398227,173.1104419739923,-1080.892572982507
444.9349791661585,168.13347662917295,-1086.494673977942
449.0834148318671,163.1359076694408,-1092.1167691958744
453.2511272980267,158.11773228319288,-1097.7588586064085
457.43811362561286,153.07894765925488,-1103.4209421795422
461.6443708754988,148.0195509868811,-1109.103019885167
465.8698961084551,142.93953945575447,-1114.8050916930679
470.1146863851501,137.83891025598666,-1120.5271575729241
474.37873876614947,132.717660578118,-1126.2692174943081
478.6620503119166,127.57578761311751,-1132.0312714266863
482.96461808281236,122.41328855238298,-1137.8133193394185
487.28643913909536,117.23016058774087,-1143.6153612017586
491.6275105409217,112.02640091144642,-1149.4373969828537
495.9878293483453,106.80200671618361,-1155.2794266517449
500.3673926213175,101.55697519506525,-1161.141450177367
504.76619741968744,96.29130354163289,-1167.0234675285483
509.1842408032019,91.0049889498569,-1172.925478674011
513.6215198315053,85.69802861413648,-1178.8474835823704
518.07803156414,80.37041972929968,-1184.7894822221363
522.5537730605458,75.0221594906034,-1190.7514745617118
527.0487413800605,69.65324509373339,-1196.7334605693936
531.5629335819194,64.26367373480429,-1202.735440213372