
0.35139670832609254,1025.7547814509662,164.03877295877246
-0.017169724850166768,1025.0594240608173,163.5114760726715
-0.36583789183619897,1024.3594690830555,162.9641783170984
-0.6946085549039487,1023.6537521748602,162.39687969496336
-1.003482637631857,1022.9412248511345,161.8095802092831
-1.2924612067791068,1022.2209690194788,161.20227986318056
-1.561545453092538,1021.4921968099785,160.57497865988512
-1.8107366732346017,1020.754235616363,159.92767660273248
-2.0400362548199293,1020.0065010974994,159.26037369516467
-2.2494456659858737,1019.2484629219009,158.57306994073016
-2.4389664501446866,1018.4796089377172,157.8657653430837
-2.6086002257455343,1017.6994131092607,157.13845990598642
-2.758348690186558,1016.9073111816338,156.39115363330583
-2.888213626578429,1016.1026860637743,155.62384652901574
-2.9981969119209277,1015.2848629103703,154.83653859719635
-3.088300525378995,1014.4531122990403,154.02922984203425
-3.158526555652607,1013.6066590337166,153.20192026782232
-3.208877206813454,1012.7446939320756,152.35460987895982
-3.2393548023472523,1011.8663863205968,151.48729867995237
-3.2499617874244415,1010.9708956193381,150.59998667541197
-3.2407007296090504,1010.0573810770618,149.6926738700569
-3.211574318307019,1009.1250093024184,148.76536026871185
-3.1625853613959714,1008.1729983113196,147.81804587630788
-3.093736758182547,1007.2009787272867,146.8507306978824
-3.0050314258951785,1006.2089476541399,145.86341473857914
-2.8964722818678883,1005.1969021961247,144.8560980036482
-2.768062243540273,1004.1648394579121,143.82878049844606
-2.619804228457486,1003.1127565445984,142.78146222843552
-2.4517011542702245,1002.0406505617055,141.71414319918577
-2.263755938734713,1000.9485186151813,140.6268234163723
-2.0559714997126863,999.8363578113986,139.51950288577703
-1.828350755171377,998.7041652571559,138.3921816132882
-1.5808966231834969,997.5519380596775,137.24485960490034
-1.3136120219272238,996.3796733266131,136.07753686671447
-1.0264998696861851,995.187368166038,134.89021340493787
-0.7195630848494419,993.9750196864534,133.68288922588414
-0.3928045859114737,992.7426249967858,132.45556433597338
-0.046227291472163645,991.4901812063874,131.2082387417319
0.32016587976321814,990.2176854250363,129.9409124497924
0.7063720089840295,988.9251347629361,128.65358546689401
1.1123881772742714,987.6125263307159,127.34625779988215
1.5382114656126045,986.279857239431,126.0189294557086
1.9838389548723634,984.9271246005619,124.6716004414315
2.4492677258215734,983.5543255260153,123.30427076421532
2.9344948591229647,982.1614571281233,121.91694043133093
3.4395174353339897,980.748516519644,120.50960945015554
3.9643325349068363,979.3155008137612,119.08227782817269
4.508937238188445,977.8624071240846,117.63494557297231
5.073328625420524,976.3892325646495,116.16761269225066
5.657503776739566,974.8959742499173,114.68027919381035
6.261459772176861,973.382629294775,113.17294508556037
6.885193691658512,971.8491948145356,111.64561037551604
7.5287026150054555,970.295667924938,110.09827507179907
8.19198362193347,968.722045742147,108.53093918263747
8.875033792053198,967.1283253827531,106.94360271636563
9.577850204870154,965.514503963773,105.33626568142431
10.300429939784749,963.8805786026493,103.70892808636061
11.0427700760923,962.2265464172505,102.06158993982798
11.804867692983045,960.5524045258709,100.39425125058624
12.586719869542163,958.858150047231,98.70691202750153
13.388323684749786,957.1437801004774,96.9995722795464
14.209676217481015,955.4092918051826,95.27223201579969
15.050774546505938,953.654682281345,93.52489124544664
15.911615750489641,951.8799486493891,91.75754997777884
16.79219690799223,950.0850880301656,89.9702082221942
17.692515097468842,948.2700975449512,88.16286598819701
18.612567397269657,946.4349743154488,86.33552328539791
19.55235088563992,944.5797154637871,84.48818012351391
20.511862640719958,942.7043181125213,82.62083651236834
21.491099740545184,940.8087793846324,80.7334924618909
22.49005926304613,938.893096403528,78.82614798211765
23.508738286048445,936.9572662930415,76.89880308319098
24.54713388727292,935.0012861774325,74.95145777535967
25.60524314433551,933.0251531813868,72.98411206897882
26.683063134747332,931.0288644300167,70.9967659745099
27.78059093591469,929.0124170488606,68.98941950252072
28.8978236251391,926.9758081638829,66.96207266368548
30.03475827961729,924.9190349014744,64.91472546878467
31.191391976441217,922.8420943884526,62.84737792870519
32.3677217925981,920.7449837520605,60.760030054440286
33.563744804970405,918.627700119968,58.65268185708952
34.77945809033589,916.4902406202713,56.525333347858826
36.014858725367624,914.3326023814925,54.37798453806051
37.26994378663395,912.1547825325805,52.210635439113204
38.544710350598564,909.9567782029104,50.02328606254191
39.8391554936205,907.7385865222838,47.815936419977966
41.15327629195416,905.5002046209285,45.58858652315908
42.487069821749294,903.2416296294988,43.341236383929306
43.84053315905107,900.9628586790756,41.07388601423904
45.213663379800046,898.663888901166,38.78653542614504
46.606457559832194,896.3447174277037,36.479184631810426
48.01891277487893,894.0053413910488,34.15183364350465
49.45102610056712,891.6457579239878,31.804482473603535
50.90279461241911,889.2659641597342,29.437131134589237
52.37421538585269,886.8659572319273,27.049779639050275
53.8652854961812,884.4457342746335,24.642427999681523
55.376002018613455,882.0052924223455,22.2150762292842
56.90636202825382,879.5446288099826,19.76772434076588
58.45636260010218,877.0637405728907,17.300372347140488
60.02600080905402,874.5626248468423,14.813020261528301
61.615273729900366,872.0412787680365,12.305668097155946
63.22417843732785,869.4996994730992,9.778315867356405
64.8527120059187,866.9378840990827,7.230963585569006
66.50087151015079,864.355829783466,4.663611265339432
68.1686540243976,861.7535336641548,2.0762589203197175
69.85605662292828,859.1309928794816,-0.5310934357317523
71.56307637990767,856.4882045682053,-3.1584457889502415
73.28971036939625,853.825165869512,-5.805798125364664
75.03595566535023,851.1418739230143,-8.47315043089758
76.80180934162154,848.4383258687512,-11.160502691365203
78.58726847195783,845.7145188471892,-13.867854892477391
80.39233013000248,842.9704499992208,-16.595207019837652
82.21699138929466,840.2061164661659,-19.342559058943145
84.06124932326932,837.421515389771,-22.109910995184684
85.92510100525719,834.6166439122093,-24.89726281384672
87.80854350848482,831.7914991760808,-27.70461450010736
89.71157390607453,828.946078324413,-30.531966039038366
91.63418927104459,826.0803785006592,-33.37931741560514
93.57638667630901,823.1943968487005,-36.246668614666746
95.53816319467776,820.2881305128446,-39.134019620975884
97.51951589885665,817.361576637826,-42.04137041917891
99.5204418614474,814.4147323688062,-44.96872099381583
101.54093815494765,811.4475948513738,-47.916071329320296
103.58100185175098,808.460161231544,-50.88342141001962
105.64063002414692,805.4524286557594,-53.87077122013476
107.71981974432096,802.4243942708894,-56.87812074378032
109.81856808435457,799.3760552242303,-59.90546996496457
111.9368721162252,796.3074086635057,-62.95281886758939
114.07472891180635,793.218451736866,-66.02016743545038
116.2321355428675,790.1091815928886,-69.1075156522367
118.40908908107421,786.9795953805784,-72.21486350153124
120.60558659798811,783.829690249367,-75.34221096681051
122.82162516506683,780.659463349113,-78.48955803144467
125.05720185366418,777.4689118301026,-81.65690467869754
127.31231373503002,774.2580328430486,-84.84425089172657
129.58695788031034,771.0268235390912,-88.05159665358288
131.88113136054727,767.7752810697978,-91.27894194721124
134.19483124667912,764.5034025871629,-94.52628675545006
136.5280546095403,761.2111852436083,-97.79363106103142
138.8807985198615,757.8986261919827,-101.08097484658103
141.25306004826948,754.5657225855623,-104.38831809461828
143.64483626528732,751.2124715780507,-107.71566078755619
146.0561242413343,747.8388703235782,-111.06300290770143
148.48692104672588,744.444915976703,-114.43034443725432
150.93722375167394,741.0306056924102,-117.81768535830886
153.40702942628647,737.5959366261121,-121.22502565285268
155.89633514056786,734.1409059336487,-124.65236530276705
158.4051379644187,730.665510771287,-128.09970428982692
160.93343496763606,727.1697482957214,-131.56704259570088
163.4812232199132,723.6536156640738,-135.05438020195118
166.0484997908398,720.1171100338934,-138.56171709003368
168.6352617499019,716.5602285631567,-142.08905324129796
171.24150616648194,712.9829684102675,-145.63638863698722
173.86723010985875,709.3853267340576,-149.2037232582383
176.51243064920757,705.7673006937855,-152.79105708608174
179.17710485360007,702.1288874491376,-156.39839010144166
181.8612497920044,698.4700841602277,-160.02572228513588
184.5648625332851,694.7908879875969,-163.6730536178759
187.28794014620325,691.091296092214,-167.3403840802668
190.03047969941645,687.3713056354751,-171.02771365280736
192.79247826147875,683.630913779204,-174.73504231589
195.57393290084073,679.8701176856521,-178.46237004980082
198.37484068584956,676.088914517498,-182.20969683471958
201.19519868474893,672.2873014378482,-185.97702265071965
204.0350039656791,668.4652756102367,-189.764347477768
206.89425359667692,664.6228341986251,-193.57167129572542
209.77294464567586,660.7599743674026,-197.39899408434624
212.671074180506,656.876693281386,-201.24631582327845
215.58863926889404,652.9729881058198,-205.1136364920637
218.52563697846335,649.0488560063762,-209.00095607013733
221.48206437673397,645.104294149155,-212.90827453682832
224.45791853112257,641.1392997006834,-216.83559187135927
227.45319650894263,637.1538698279169,-220.78290805284647
230.4678953774042,633.1480016982383,-224.75022306029985
233.50201220361419,629.1216924794584,-228.737536872623
236.5555440545762,625.0749393398155,-232.74484946861315
239.6284879971905,621.0077394479757,-236.7721608269612
242.72084109825428,616.9200899730331,-240.81947092625174
245.83260042446148,612.8119880845094,-244.88677974496295
248.96376304240277,608.683430952354,-248.9740872614667
252.11432601856575,604.5344157469444,-253.08139345402853
255.28428641933476,600.364939639086,-257.2086983008076
258.47364131099107,596.1749998000115,-261.35600177985674
261.68238775971275,591.9645934013821,-265.52330386912246
264.91052283157484,587.7337176152867,-269.7106045464449
268.15804359254923,583.4823696142417,-273.91790378955795
271.4249471085047,579.2105465711921,-278.14520157608894
274.711230445207,574.9182456595104,-282.39249788355903
278.01689066831875,570.6054640529969,-286.65979268938304
281.34192484339974,566.2721989258803,-290.9470859708693
284.68633003590645,561.918447452817,-295.25437770521995
288.0501033111926,557.5442068088913,-299.5816678695308
291.4332417345087,553.1494741696159,-303.9289564407912
294.8357423710026,548.7342467109312,-308.2962433958842
298.2576022857188,544.2985216092056,-312.68352871158646
301.69881854359915,539.8422960412358,-317.0908123645685
305.1593882094824,535.3655671842464,-321.5180943313942
308.6393083481046,530.8683322158901,-325.96537458852134
312.1385760240986,526.3505883142476,-330.43265311230124
315.6571883019946,521.8123326578278,-334.9199298789789
319.19514224621986,517.2535624255679,-339.42720486469307
322.75243492109877,512.674274796833,-343.9544780454759
326.329063390853,508.0744669514164,-348.5017493972536
329.92502471960114,503.45413606953974,-353.06901889584566
333.5403159713593,498.8132793318526,-357.6562865169654
337.1749342100406,494.1518939194329,-362.26355223621977
340.8288764994554,489.46997701378666,-366.8908160291094
344.5021399033114,484.7675257968483,-371.5380778710285
348.19472148521345,480.0445374509804,-376.20533773726515
351.9066183086638,475.3010091589738,-380.89259560300087
355.6378274370618,470.5369381040476,-385.5998514433109
359.3883459337043,465.7523214698492,-390.3271052331642
363.1581708617853,460.9471564404544,-395.0743569474233
366.9472992843963,456.12144020036715,-399.8416065608445
370.7557282645261,451.2751699345198,-404.6288540480776
374.5834548650608,446.4083428282731,-409.43609938366615
378.4304761487839,441.5209560674162,-414.26334254204744
382.2967891783764,436.6130068381665,-419.11058349755234
386.1823910164166,431.68449232716983,-423.9778222244054
390.0872787253804,426.7354097215005,-428.86505869672476
394.0114493676408,421.7657562086613,-433.7722928885223
397.9549000054687,416.7755289765832,-438.69952477370356
401.9176277010321,411.7647252136259,-443.64675432606765
405.8996295163967,406.73334210857746,-448.61398151930746
409.90090251352575,401.6813768506544,-453.6012063270095
413.9214437542799,396.6088266295017,-458.6084287226539
417.96125030041736,391.51568863519304,-463.6356486796146
422.0203192135939,386.40196005823043,-468.68286617115893
426.0986475553629,381.26763808954456,-473.75008117044814
430.1962323871753,376.1127199204946,-478.837293650537
434.3130707703796,370.93720274286835,-483.944503584374
438.44915976622207,365.74108374888215,-489.0717109448013
442.6044964358464,360.5243601311809,-494.21891570455466
446.77907784029406,355.28702908283833,-499.38611783626357
450.9729010405042,350.0290877973565,-504.57331731245114
455.1859630973136,344.7505334686664,-509.78051410553417
459.41826107145675,339.4513632911275,-515.0077081878231
463.66979202356583,334.131574459528,-520.2548995315221
467.9405530141708,328.7911641690849,-525.5220881087289
472.2305411036993,323.43012961544366,-530.8092738914349
476.5397533524768,318.04846799467873,-536.1164568515252
480.86818682072646,312.64617650329313,-541.4436369607786
485.2158385685693,307.22325233821874,-546.7908141908675
489.58270565602413,301.77969269681614,-552.1579885133581
493.9687851430076,296.3154947768747,-557.5451598997101
498.3740740893341,290.8306557766126,-562.952328321277
502.798569554716,285.3251728946769,-568.3794937493059
507.2422685987634,279.7990433301433,-573.8266561549374
511.7051682809845,274.2522642825166,-579.2938155092061
516.1872656607851,268.6848329517302,-584.7809717830398
520.6885577974692,263.09674653814653,-590.2881249472606
525.2090417502386,257.4880022425569,-595.8152749725838
529.748714578193,251.8585972661815,-601.3624218296184
534.3075733403302,246.20852881066943,-606.9295654888672
538.885615095546,240.53779407809873,-612.5167059207265
543.4828369026337,234.84639027097637,-618.1238430954866
548.0992358202853,229.1343145922383,-623.750976983331
552.7348089070906,223.40156424524943,-629.3981075543373
557.3895532215371,217.6481364338037,-635.0652347784767
562.0634658220108,211.87402836212402,-640.7523586256137
566.7565437667955,206.07923723486232,-646.4594790655068
571.4687841140733,200.2637602570996,-652.1865960678081
576.2001839219241,194.42759463434587,-657.9337096020632
580.9507402483263,188.57073757254022,-663.7008196377118
585.7204501511561,182.69318627805086,-669.4879261440867
590.509310688188,176.79493795767505,-675.2950290904148
595.3173189170947,170.87598981863917,-681.1221284458164
600.1444718954469,164.93633906859873,-686.9692241793058
604.9907666807138,158.97598291563838,-692.8363162597906
609.8562003302626,152.99491856827194,-698.7234046560723
614.7407699013587,146.99314323544235,-704.6304893368458
619.6444724511659,140.9706541265218,-710.5575702707001
624.5673050367461,134.92744845131168,-716.5046474261177
629.5092647150597,128.86352342004253,-722.4717207714743
634.470348542965,122.77887624337414,-728.45879027504
639.450553577219,116.67350413239558,-734.4658559049781
644.4498768744768,110.54740429862517,-740.4929176293458
649.468315491292,104.40057395401047,-746.5399754160937
654.5058664841163,98.23301031092836,-752.6070292330664
659.5625269093,92.04471058218502,-758.6940790480021
664.6382938230917,85.83567198101593,-764.8011248285325
669.7331642816384,79.60589172108594,-770.9281665421829
674.8471353409857,73.3553670164892,-777.0752041563726
679.9802040570771,67.08409508174925,-783.2422376384144
685.1323674857553,60.79207313181903,-789.4292669555147