
-32.51852389110049,577.9446726773225,154.78451640076153
-32.05026203543599,578.101528883048,155.41968278150958
-31.561979278116123,578.2383153360144,156.034848335814
-31.053678538599684,578.3550291165237,156.6300130604036
-30.525362736451918,578.4516673053041,157.20517695211356
-29.9770347913445,578.5282269835094,157.76034000788542
-29.408697623055524,578.5847052327191,158.29550222476706
-28.82035415146947,578.6210991349386,158.81066359991274
-28.212007296577223,578.6374057725994,159.3058241305831
-27.58365997847602,578.6336222285587,159.78098381414503
-26.935315117369466,578.6097455860993,160.23614264807185
-26.266975633567494,578.5657729289304,160.67130062994326
-25.578644447486358,578.5017013411867,161.0864577574453
-24.870324479648623,578.4175279074292,161.48161402837027
-24.142018650683152,578.3132497126445,161.85676944061697
-23.39372988132507,578.1888638422454,162.2119239921905
-22.625461092415772,578.0443673820704,162.54707768120227
-21.8372152049029,577.8797574183844,162.8622305058701
-21.028995139840312,577.695031037878,163.15738246451812
-20.200803818388096,577.490185327668,163.4325335555769
-19.352644161812524,577.265217375297,163.6876837775833
-18.484519091486064,577.0201242687339,163.9228331291805
-17.59643152888734,576.7549030963735,164.1379816091181
-16.688384395601133,576.4695509470369,164.33312921625202
-15.760380613318365,576.1640649099711,164.50827594954458
-14.812423103836066,575.8384420748492,164.66342180806444
-13.844514789057381,575.4926795317706,164.79856679098657
-12.85665859099154,575.1267743712607,164.91371089759235
-11.848857431753848,574.7407236842712,165.00885412726947
-10.82111423356567,574.3345245621798,165.08399647951202
-9.773431918754412,573.9081740967905,165.13913795392045
-8.705813409753507,573.4616693803337,165.1742785502015
-7.618261629102401,572.9950075054654,165.18941826816834
-6.510779499446536,572.5081855652687,165.18455710774046
-5.383369943537335,572.0012006532523,165.15969506894365
-4.236035884232185,571.4740498633514,165.11483215191018
-3.068780244494424,570.9267302899276,165.0499683568786
-1.881605947393323,570.3592390277686,164.9651036841938
-0.6745159161040721,569.7715731720884,164.8602381343071
0.552486926092236,569.1637298185276,164.7353717077761
1.7993996558086207,568.5357060631528,164.5905044052648
3.0662193495522296,567.8874990024574,164.4256362275435
4.352943083724354,567.2191057333606,164.2407671754889
5.659567934620445,566.5305233532085,164.0358972500841
6.986090978430127,565.8217489597736,163.81102645241847
8.332509291237216,565.0927796512543,163.5661547836878
9.698819949019734,564.3436125262759,163.3012822451942
11.085020027649925,563.5742446838901,163.01640883834608
12.491106602894266,562.784673223575,162.71153456465834
13.917076750413491,561.9748952452353,162.38665942575219
15.3629275457626,561.144907849202,162.04178342335507
16.828656064390877,560.2947081362328,161.67690655930096
18.314259381641904,559.4242932075117,161.2920288355301
19.81973457275358,558.5336601646495,160.88715025408908
21.34507871285813,557.6228061096834,160.46227081713087
22.89028887698213,556.6917281450774,160.0173905269148
24.455362140046518,555.7404233737218,159.55250938580653
26.0402955768666,554.7688888989337,159.06762739627808
27.645086262152088,553.7771218244569,158.56274456090784
29.26973127050709,552.7651192544616,158.03786088238058
30.91422767643014,551.7328782935449,157.49297636348737
32.57857255431422,550.6803960467304,156.9280910071257
34.26276297844675,549.6076696194684,156.3432048162993
35.966796023009636,548.514696117636,155.73831779411842
37.69066876207927,547.4014726475368,155.11342994379953
39.43437826962653,546.2679963159014,154.46854126866552
41.19792161951682,545.1142642298871,153.80365177214563
42.981295885510086,543.9402734970779,153.11876145777543
44.7844981412608,542.7460212254845,152.41387032919684
46.60752546031802,541.5315045235445,151.68897839015818
48.45037491612538,540.2967205001223,150.94408564451413
50.31304358202108,539.0416662645092,150.17919209622568
52.19552853123797,537.7663389264233,149.39429774936016
54.0978268369035,536.4707355960093,148.58940260809132
56.01993557203977,535.154853383839,147.76450667669923
57.96185180956355,533.8186894009112,146.9196099595703
59.92357262228626,532.4622407586515,146.0547124611973
61.90509508291401,531.0855045689124,145.16981418617942
63.90641626404763,529.6884779439732,144.26491513922213
65.92753323818266,528.2711579965404,143.34001532513724
67.96844307770937,526.8335418397473,142.395114748843
70.02914285491278,525.3756265871542,141.430213415364
72.10962964197269,523.8974093527485,140.4453113298311
74.20990051096369,522.3988872509443,139.44040849748157
76.32995253385512,520.8800573965832,138.41550492365906
78.46978278251119,519.3409169049335,137.37060061381354
80.6293883286909,517.7814628916906,136.30569557350134
82.80876624404809,516.201692472977,135.22078980838515
85.00791360013149,514.6016027653425,134.115883324234
87.22682746838467,512.9811908857637,132.99097612692333
89.46550492014613,511.3404539516443,131.84606822243487
91.72394302664927,509.67938908081544,130.68115961685672
94.00213885902235,507.9979933915351,129.49625031638337
96.30008948828866,506.2962640024886,128.29134032731562
98.61779198536638,504.57419803278844,127.06642965606065
100.95524342106867,502.8317926019742,125.82151830913199
103.31244086610369,501.06904483001273,124.55660629314951
105.68938139107456,499.2859518372981,123.27169361483946
108.08606206647949,497.4825107446517,121.96678028103443
110.50247996271165,495.65871867332197,120.64186629867338
112.93863215005928,493.8145727449849,119.29695167480158
115.39451569870569,491.95007008174355,117.9320364165707
117.87012767872925,490.06520780612834,116.54712053123875
120.36546516010344,488.15998304109706,115.14220402617009
122.88052521269685,486.2343929100347,113.71728690883546
125.41530490627318,484.28843453675387,112.27236918681193
127.96980131049128,482.32210504549414,110.8074508677829
130.54401149490516,480.33540156092283,109.32253195953818
133.13793252896397,478.3283212081344,107.81761246997388
135.75156148201208,476.30086111265086,106.29269240709252
138.38489542328904,474.25301840042164,104.74777177900292
141.03793142192964,472.18479019782353,103.18285059392029
143.7106665469639,470.0961736316608,101.59792886016616
146.40309786731706,467.98716582916524,99.99300658616848
149.11522245180967,465.85776391799607,98.36808378046148
151.8470373691575,463.70796502624,96.72316045168577
154.59853968797168,461.53776628241127,95.05823660858833
157.36972647675861,459.34716481545166,93.37331226002249
160.16059480392002,457.13615775473056,91.66838741494792
162.97114173775302,454.90474223004486,89.94346208243063
165.80136434645001,452.65291537161903,88.19853627164302
168.65125969809884,450.38067431010506,86.43360999186383
171.5208248606827,448.0880161765827,84.64868325247814
174.41005690208019,445.7749381025592,82.8437560629774
177.31895289006533,443.4414372199695,81.01882843295941
180.2475098923076,441.0875106611761,79.1739003721283
183.1957249763719,438.7131555589694,77.3089718902946
186.16359520971864,436.31836904656717,75.42404299737517
189.15111765970363,433.9031482576151,73.51911370339319
192.1582893935783,431.4674903261865,71.59418401847824
195.18510747848944,429.0113923867826,69.64925395286625
198.23156898147954,426.534851574332,67.68432351689947
201.29767096948652,424.0378650241913,65.69939272102653
204.38341050934386,421.520429872145,63.69446157580241
207.4887846677807,418.9825432544051,61.66953009188843
210.61379051142166,416.42420230761155,59.62459828005228
213.75842510678706,413.84540416883215,57.559666151168
216.92268552029282,411.2461459755625,55.474733716215965
220.10656881825048,408.6264248657261,53.36980098628292
223.31007206686724,405.9862379776742,51.244867972561956
226.533192332246,403.32558245018595,49.09993468635252
229.77592668038525,400.6444554224685,46.93500113906041
233.03827217717932,397.94285403415694,44.750067342197774
236.32022588841815,395.220775425314,42.54513330738312
239.62178487978747,392.4782167364307,40.3201990463413
242.94294621686868,389.7151751084258,38.07526457090353
246.28370696513906,386.93164768264614,35.81032989300735
249.6440641899716,384.1276316008665,33.525395024696685
253.02401495663506,381.30312400528965,31.22045997812179
256.42355633029405,378.45812203854643,28.895524765539292
259.84268537600906,375.59262284369566,26.550589399312152
263.2813991587363,372.70662356422423,24.185653891909688
266.7396947433279,369.80012134404717,21.800718255907576
270.2175691945319,366.87311332750744,19.39578250398784
273.7150195769921,363.92559665937614,16.97084664893885
277.2320429552484,360.9575684848525,14.525910703655338
280.7686363937365,357.969025949564,12.06097468113838
284.32479695678796,354.95996619956605,9.576038594495403
287.90052170863044,351.9303863813423,7.07110245694019
291.49580771338753,348.88028364180457,4.546166281792873
295.1106520350788,345.8096551282929,2.0012300824799354
298.7450517376197,342.71849798857545,-0.5637061274657875
302.3990038848218,339.6068093708487,-3.14864233440511
306.0725055403928,336.47458642373726,-5.753578524592496
309.7655537679362,333.3218262962941,-8.378514684176057
313.4781456309517,330.1485261380003,-11.023450799197553
317.2102781928352,326.9546830987653,-13.688386855592396
320.96194851687835,323.74029432892695,-16.373322839189644
324.7331536662693,320.50535697925113,-19.07825873571201
328.523890704092,317.24986820093227,-21.803194530775844
332.3341566933268,313.9738251455931,-24.54813020989116
336.16394869685,310.67722496528455,-27.31306575846161
340.0132637774342,307.36006481248614,-30.09800116178451
343.8820989977481,304.02234184010564,-32.90293640505081
347.7704514203566,300.6640532014792,-35.72787147334512
351.6783181077209,297.28519605037144,-38.572806351645696
355.6056961221983,293.8857675409754,-41.43774102482443
359.55258252604256,290.46576482791255,-44.322675477646904
363.51897438140355,287.02518506623284,-47.227609694772305
367.5048687503274,283.56402541141466,-50.1525436607535
371.51026269475653,280.08228301936487,-53.09747736003699
375.53515327652974,276.5799550464189,-56.062410776962935
379.5795375573822,273.0570386493406,-59.04734389576513
383.6434125989453,269.5135309853225,-62.05227670057105
387.72677546274684,265.9494292119856,-65.0772091754018
391.829623210211,262.36473048737935,-68.12214130417215
395.9519529026584,258.75943196998196,-71.18707307069047
400.09376160130586,255.13353081870014,-74.27200445865887
404.2550463672669,251.48702419286926,-77.37693545167303
408.4358042615513,247.81990925225324,-80.50186603322233
412.6360323450653,244.1321831570447,-83.64679618668976
416.85572767861163,240.42384306786488,-86.811725895352
421.0948873228896,236.69488614576375,-89.99665514237938
425.35350833849475,232.94530955221987,-93.20158391083585
429.63158778591946,229.17511044914056,-96.42651218367904
433.9291227255524,225.38428599886186,-99.6714399437602
438.24611021767896,221.57283336414852,-102.93636717382428
442.5825473224809,217.74074970819402,-106.22129385650985
446.93843110003667,213.88803219462062,-109.52621997434912
451.3137586103214,210.01467798747936,-112.85114550976797
455.7085269132066,206.12068425125005,-116.19607044508595
460.12273306846055,202.20604815084133,-119.56099476251623
464.55637413574823,198.27076685159062,-122.94591844416564
469.00944717463113,194.31483751926422,-126.35084147203466
473.4819492445675,190.33825732005727,-129.77576382801743
477.9738774049122,186.34102342059376,-133.22068549390178
482.4852287149168,182.32313298792658,-136.6856064513691
487.0160002337297,178.2845831895375,-140.17052668199455
491.56618902039594,174.2253711933372,-143.6754461672468
496.13579213385725,170.14549416766528,-147.2003648884883
500.72480663295227,166.04494928129031,-150.74528282697514
505.33322957641633,161.92373370340977,-154.31019996385697
509.96105802288156,157.78184460365014,-157.89511628017715
514.6082890308769,153.6192791520669,-161.50003175687272
519.2749196588281,149.4360345191445,-165.12494637477434
523.9609469650578,145.2321078757964,-168.76986011460636
528.6663680077855,141.00749639336516,-172.4347729569867
533.3911798451276,136.76219724362232,-176.11968488242704
538.1353795350971,132.49620759876848,-179.82459587133266
542.8989641356043,128.20952463143334,-183.54950590400247
547.6819307044562,123.90214551467567,-187.29441496062907
552.4842762993569,119.57406742198339,-191.0593230212987
557.3059979779073,115.22528752727347,-194.84423006599127
562.1470927976052,110.8558030048921,-198.64913607458033
567.0075578158456,106.46561102961455,-202.47404102683308
571.8873900899205,102.05470877664528,-206.3189449024104
576.7865866770186,97.62309342161797,-210.1838476808668
581.7051446342259,93.17076214059543,-214.06874934165043
586.6430610185254,88.69771211006973,-217.97364986410315
591.6003328867971,84.20394050696214,-221.89854922746045
596.5769572958181,79.68944450862318,-225.84344741085144
601.5729313022628,75.15422129283264,-229.8083443932989
606.5882519627022,70.59826803779956,-233.79324015371932
611.622916333605,66.02158192216227,-237.7981346709228
616.6769214713364,61.42416012498841,-241.82302792361304