
-275.7684554109159,601.753881659283,-93.68077311767635
-275.3858752036783,602.2269261701963,-93.3592891401657
-274.983231861837,602.6799134213495,-93.05780466620317
-274.56052830439523,603.1128404868853,-92.7763196973919
-274.1177674504632,603.525704441372,-92.5148342352287
-273.65495221925767,603.9185023598042,-92.27334828110405
-273.1720855301019,604.2912313176016,-92.05186183630205
-272.669170302426,604.6438883906102,-91.85037490200048
-272.14620945576644,604.9764706551014,-91.66888747927077
-271.60320590976653,605.2889751877725,-91.50739956907795
-271.040162584176,605.5813990657468,-91.36591117228078
-270.4570823988512,605.8537393665733,-91.2444222896316
-269.85396827375496,606.105993168227,-91.14293292177645
-269.2308231289568,606.3381575491084,-91.061443069255
-268.5876498846326,606.5502295880441,-90.99995273250059
-267.9244514610648,606.7422063642867,-90.95846191184017
-267.2412307786424,606.9140849575148,-90.93697060749439
-266.53799075786065,607.0658624478324,-90.93547881957753
-265.8147343193215,607.1975359157699,-90.9539865480975
-265.07146438373314,607.3091024422836,-90.99249379295593
-264.30818387191033,607.4005591087557,-91.05100055394801
-263.52489570477417,607.4719029969943,-91.12950683076265
-262.7216028033522,607.5231311892336,-91.22801262298239
-261.89830808877826,607.5542407681339,-91.34651793008342
-261.05501448229256,607.5652288167814,-91.48502275143558
-260.19172490524176,607.5560924186885,-91.64352708630237
-259.30844227907875,607.5268286577935,-91.82203093384092
-258.40516952536274,607.477434618461,-92.02053429310203
-257.4819095657592,607.4079073854813,-92.23903716303015
-256.5386653220401,607.3182440440712,-92.47753954246338
-255.57543971608342,607.2084416798735,-92.73604143013347
-254.59223566987353,607.0784973789572,-93.01454282466581
-253.58905610550093,606.9284082278172,-93.31304372457947
-252.56590394516246,606.7581713133748,-93.63154412828716
-251.5227821111611,606.5677837229777,-93.97004403409522
-250.459693525906,606.3572425443992,-94.32854344020367
-249.3766411119126,606.1265448658395,-94.70704234470617
-248.27362779180234,605.8756877759247,-95.10554074559003
-247.1506564883029,605.604668363707,-95.52403864073621
-246.0077301242481,605.3134837186651,-95.96253602791933
-244.8448516225778,605.002130930704,-96.42103290480765
-243.66202390633802,604.6706070901548,-96.8995292689631
-242.45924989868084,604.3189092877751,-97.39802511784123
-241.23653252286434,603.9470346147489,-97.91652044879127
-239.99387470225278,603.5549801626862,-98.45501525905611
-238.73127936031636,603.1427430236237,-99.01350954577225
-237.44874942063134,602.7103202900242,-99.5920033059699
-236.14628780687997,602.2577090547773,-100.19049653657285
-234.82389744285047,601.7849064111984,-100.8089892343986
-233.48158125243705,601.2919094530299,-101.44748139615827
-232.11934215963987,600.7787152744404,-102.10597301845665
-230.73718308856508,600.2453209700249,-102.7844640977922
-229.33510696342466,599.6917236348049,-103.48295463055696
-227.91311670853656,599.1179203642286,-104.2014446130367
-226.47121524832463,598.5239082541702,-104.93993404141082
-225.00940550731858,597.909684400931,-105.69842291175233
-223.527690410154,597.2752459012385,-106.47691122002794
-222.0260728815723,596.6205898522467,-107.27539896209801
-220.50455584642074,595.9457133515363,-108.09388613371654
-218.96314222965242,595.2506134971144,-108.93237273053116
-217.40183495632618,594.5352873874151,-109.79085874808318
-215.8206369516067,593.7997321212987,-110.66934418180756
-214.21955114076442,593.0439447980523,-111.5678290270329
-212.59858044917553,592.2679225173895,-112.48631327898146
-210.95772780232193,591.4716623794507,-113.42479693276914
-209.29699612579128,590.6551614848029,-114.38327998340552
-207.61638834527696,589.8184169344398,-115.36176242579381
-205.91590738657797,588.9614258297819,-116.36024425473089
-204.19555617559908,588.0841852726762,-117.37872546490725
-202.45533763835067,587.1866923653968,-118.41720605090708
-200.69525470094877,586.268944210644,-119.47568600720821
-198.91531028961504,585.3309379115452,-120.55416532818211
-197.11550733067676,584.3726705716548,-121.6526440080939
-195.2958487505668,583.3941392949534,-122.77112204110236
-193.4563374758236,582.3953411858489,-123.90959942125993
-191.59697643309119,581.3762733491758,-125.0680761425127
-189.71776854911917,580.3369328901955,-126.2465521987004
-187.81871675076266,579.2773169145963,-127.44502758355642
-185.8998239649823,578.1974225284935,-128.6635022907078
-183.9610931188442,577.0972468384288,-129.90197631367528
-182.00252713952003,575.9767869513712,-131.16044964587314
-180.02412895428685,574.8360399747165,-132.4389222806094
-178.02590149052727,573.6750030162876,-133.73739421108576
-176.0078476757293,572.493673184334,-135.05586543039746
-173.96997043748632,571.2920475875326,-136.3943359315335
-171.91227270349722,570.0701233349869,-137.75280570737647
-169.83475740156624,568.8278975362274,-139.13127475070266
-167.737427459603,567.5653673012118,-140.52974305418195
-165.6202858056225,566.282529740325,-141.94821061037794
-163.4833353677451,564.9793819643785,-143.38667741174783
-161.32657907419645,563.655921084611,-144.8451434506425
-159.15001985330755,562.3121442126884,-146.3236087193065
-156.95366063351472,560.9480484607036,-147.82207320987797
-154.73750434335952,559.5636309411766,-149.34053691438882
-152.5015539114888,558.1588887670546,-150.87899982476446
-150.24581226665467,556.7338190517117,-152.43746193282408
-147.9702823377145,555.2884189089496,-154.01592323028044
-145.6749670536309,553.8226854529964,-155.61438370874
-143.3598693434716,552.3366157985082,-157.23284335970288
-141.0249921364096,550.8302070605678,-158.87130217456283
-138.67033836172308,549.3034563546854,-160.52976014460722
-136.29591094879535,547.7563607967983,-162.20821726101715
-133.9017128271149,546.188917503271,-163.9066735148673
-131.4877469262753,544.6011235908956,-165.62512889712607
-129.05401617597528,542.9929761768909,-167.36358339865546
-126.60052350601869,541.3644723789037,-169.1220370102112
-124.12727184631441,539.7156093150073,-170.9004897224425
-121.63426412687643,538.046384103703,-172.69894152589245
-119.12150327782378,536.356793863919,-174.51739241099764
-116.58899222938051,534.6468357150112,-176.3558423680884
-114.03673391187571,532.9165067767624,-178.2142913873886
-111.4647312557435,531.1658041693831,-180.09273945901592
-108.87298719152297,529.3947250135113,-181.99118657298155
-106.26150464985815,527.6032664302121,-183.90963271919043
-103.6302865614981,525.791425540978,-185.8480778874411
-100.97933585729676,523.9591994677294,-187.8065220674258
-98.30865546821306,522.1065853328134,-189.78496524873037
-95.6182483253108,520.2335802590054,-191.78340742083435
-92.90811735975869,518.3401813695078,-193.8018485731109
-90.17826550283033,516.4263857879505,-195.84028869482685
-87.42869568590417,514.492190638391,-197.8987277751427
-84.65941084046354,512.5375930453145,-199.9771658031126
-81.87041389809656,510.5625901336333,-202.07560276768433
-79.0617077904962,508.56717902868775,-204.19403865769934
-76.23329544946026,506.55135685624555,-206.33247346189273
-73.38517980689129,504.51512074250195,-208.49090716889324
-70.51736379479661,502.4584678140798,-210.66933976722333
-67.62985034528833,500.3813951980298,-212.86777124529902
-64.72264239058329,498.28390002182994,-215.08620159143007
-61.79574286300302,496.1659794133861,-217.32463079381984
-58.84915469497382,494.0276305010317,-219.58305884056537
-55.882880819026646,491.868850413528,-221.8614857196573
-52.89692416779715,489.68963628006384,-224.15991141898004
-49.89128767402565,487.48998523025574,-226.4783359263116
-46.86597427055709,485.269894394148,-228.81675922932357
-43.820986890341075,483.0293609022128,-231.17518131558128
-40.75632846643181,480.76838188534975,-233.5536021725437
-37.67200193198811,478.48695447488655,-235.95202178756344
-34.56801022027338,476.18507580257847,-238.3704401478868
-31.444356264655575,473.86274300060876,-240.80885724065368
-28.30104299860723,471.51995320158835,-243.26727305289768
-25.1380733557054,469.1567035385561,-245.74568757154606
-21.955450269631683,466.7729911449786,-248.2441007834197
-18.75317667417217,464.36881315475046,-250.76251267523313
-15.531255503217452,461.9441667021941,-253.3009232335946
-12.289689690762593,459.4990489220598,-255.85933244500595
-9.02848217090712,457.03345694952577,-258.4377402958627
-5.747635877855006,454.5473879201982,-261.036146772454
-2.447153745914654,452.04083897011117,-263.6545518609628
0.8729612905011188,449.5138072357267,-266.29295554746545
4.212706296875094,446.96628985393477,-268.9513578179322
7.572078338585674,444.3982839620535,-271.6297586582268
10.951074480906888,441.80978669782877,-274.3281580541067
14.349691789008416,439.2007951994347,-277.0465559912231
17.767927327955604,436.5713066054733,-279.7849524551207
21.20577816270947,433.9213180549746,-282.5433474312379
24.663241358126736,431.25082668739685,-285.32174090490685
28.140313978959824,428.5598296426263,-288.1201328613533
31.63699308985689,425.84832406097723,-290.9385232856966
35.15327575536183,423.11630708319217,-293.7769121629498
38.689159039914294,420.3637758504416,-296.6352994780197
42.2446400078497,417.5907275043242,-299.51368521570663
45.81971572339927,414.79715918686696,-302.41206936070455
49.414383250690015,411.9830680405248,-305.3304518976012
53.02863965374477,409.148451208181,-308.268832810878
56.66248199648221,406.29330583314686,-311.22721208490987
60.31590734271684,403.41762905916215,-314.2055897039655
63.988912756159074,400.52141803039467,-317.2039656522071
67.68149530041516,397.60466989144055,-320.2223399136908
71.39365203898727,394.66738178732413,-323.26071247236615
75.1253800352735,391.709550863498,-326.31908331207643
78.87667635256784,388.73117426584315,-329.3974524165586
82.64753805406026,385.7322491406688,-332.4958197694433
86.43796220283666,382.7127726347125,-335.6141853542548
90.24794586187893,379.6727418951402,-338.752549154411
94.07748609406497,376.6121540695461,-341.9109111532235
97.92657996216863,373.5310063059528,-345.0892713338975
101.79522452885985,370.4292957528113,-348.28762967953196
105.68341685670457,367.30701955900105,-351.50598617311937
109.59115400816479,364.1641748738298,-354.744340797546
113.5184330455986,361.00075884703375,-358.0026935355916
117.46525103126012,357.8167686287776,-361.28104436992993
121.43160502729964,354.6122013696545,-364.579393283128
125.4174920957635,351.387054220686,-367.8977402576468
129.42290929859425,348.1413243333223,-371.2360852758407
133.44785369763048,344.8750088594419,-374.59442831995796
137.49232235460704,341.58810495135197,-377.97276937214036
141.55631233115494,338.2806097617881,-381.3711084144235
145.63982068880136,334.9525204439146,-384.78944542873637
149.7428444889697,331.60383415132407,-388.22778039690184
153.86538079297958,328.23454803803793,-391.6861133006364
158.00742666204687,324.84465925850606,-395.1644441215502
162.16897915728367,321.43416496760705,-398.662772841147
166.35003533969837,318.00306232064804,-402.18109944082425
170.55059227019566,314.5513484733649,-405.7194239018731
174.77064700957658,311.07902058192195,-409.27774620547825
179.01019661853837,307.58607580291243,-412.8560663327182
183.26923815767466,304.0725112933581,-416.454384264565
187.5477686874755,300.5383242107095,-420.0726999818844
191.8457852683272,296.9835117128458,-423.7110134654358
196.16328496051256,293.4080709580751,-427.36932469587236
200.50026482421066,289.81199910513385,-431.0476336537407
204.85672191949706,286.19529331318773,-434.7459403194813
209.23265330634376,282.5579507418309,-438.46424467342814
213.62805604461917,278.8999685510864,-442.20254669580896
218.04292719408815,275.221343901406,-445.96084636674516
222.4772638144121,271.52207395367043,-449.7391436662518
226.93106296514887,267.80215586918916,-453.53743857423746
231.40432170575278,264.06158680970054,-457.35573107050465
235.89703709557472,260.30036393737174,-461.19402113474933
240.40920619386213,256.5184844147989,-465.0523087465612
244.94082605975896,252.7159454050069,-468.9305938854236
249.49189375230574,248.89274407144973,-472.82887653071356
254.06240633043961,245.0488775780102,-476.7471566617017
258.6523608529943,241.18434308900004,-480.6854342575524
263.2617543787002,237.29913776915998,-484.64370929732365
267.89058396618424,233.39325878365972,-488.6219817599672
272.53884667397006,229.4667032980979,-492.62025162432826
277.2065395604779,225.51946847850223,-496.6385188691458
281.8936596840247,221.5515514913294,-500.6767834730525
286.60020410282425,217.56294950346512,-504.7350454145747
291.3261698749868,213.55365968222415,-508.8133046721324
296.07155405851955,209.52367919535035,-512.9115612240391
300.8363537113263,205.47300521101664,-517.0298150485023
305.62056589120755,201.401634897825,-521.1680661236228
310.4241876558608,197.30956542480655,-525.3263144273953
315.2472160628801,193.19679396142152,-529.5045599377081
320.0896481697565,189.0633176775593,-533.7028026323432
324.95148103387777,184.90913374353835,-537.921042488976
329.83271171252846,180.7342393301064,-542.159279485176
334.73333726289013,176.5386316084403,-546.417513598406
339.653354742041,172.32230775014617,-550.6957448060228
344.59276120695637,168.08526492725926,-554.9939730852766
349.5515537145083,163.82750031224407,-559.3121984133113
354.52972932146594,159.54901107799435,-563.6504207671644
359.5272850844951,155.24979439783314,-568.0086401237673
364.5442180601587,150.92984744551268,-572.386856459945
369.58052530491665,146.58916739521456,-576.785069752416
374.63620387512583,142.22775142154967,-581.2032799777926
379.71125082704003,137.84559669955817,-585.6414871125806
384.80566321681005,133.4427004047096,-590.0996911331799
389.91943810048383,129.01905971290282,-594.5778920158834
395.0525725340062,124.57467180046604,-599.0760897368783
400.2050635732191,120.10953384415687,-603.5942842722451
405.3769082738616,115.62364302116234,-608.132475597958
410.5681036915698,111.11699650909884,-612.6906636898849
415.7786468818769,106.58959148601222,-617.2688485237876
421.00853490021325,102.04142513037773,-621.8670300753212
426.2577648019063,97.47249462110011,-626.4852083200345
431.5263336421807,92.88279713751353,-631.1233832333704
436.8142384761582,88.2723298593817,-635.7815547906649
442.1214763588578,83.64108996689775,-640.4597229671481
447.4480443451956,78.9890746406844,-645.1578877379434
452.79393948998495,74.31628106179382,-649.8760490780681
458.15915884793645,69.62270641170778,-654.6142069624334
463.54369947365797,64.90834787233761,-659.3723613658436
468.9475584216545,60.173202626024185,-664.150512262997