
50.98677469565401,539.6364494658546,-8.631032359556482
50.72033556636087,538.9845017951322,-9.314955676520537
50.47380110854492,538.318019512594,-10.018878943942951
50.24716917142001,537.6366221915376,-10.742802158080577
50.04043754522138,536.9398781603662,-11.486725315083913
49.85360395421372,536.2273112603336,-12.250648410997108
49.68666605072493,535.4984079780845,-13.034571441757961
49.539621410195466,534.7526241457043,-13.83849440319792
49.41246752714464,533.989390761005,-14.662417291042079
49.30520181190977,533.2081187663994,-15.506340100909185
49.217821588008356,532.4082028254634,-16.37026282831163
49.15032408998551,531.5890242354706,-17.254185468655464
49.102706466906604,530.7500616051242,-18.15810801724038
49.07496581225317,529.8911044699855,-19.08203046925972
49.067099209310406,529.0121499313481,-20.025952819800477
49.07910374125781,528.113195090931,-20.989875063843293
49.11097649116921,527.1942370508785,-21.97379719626246
49.162714542012814,526.2552729137609,-22.977719211825917
49.23431497665116,525.2962997825732,-24.001641105195258
49.325774877841184,524.3173147607363,-25.04556287092572
49.437091328234224,523.3183149520963,-26.109484503466195
49.56826141037601,522.2992974609252,-27.193405997159225
49.71928220670672,521.26025939192,-28.297327346240994
49.89015079956096,520.2011978502036,-29.421248544841344
50.08086427116781,519.1221099413242,-30.565169586983764
50.29141970365081,518.0229927712555,-31.729090466585397
50.521814179027984,516.903843446397,-32.91301117745703
50.77204477921188,515.7646590735736,-34.11693171330309
51.042108586009554,514.6054367600358,-35.34085206772168
51.3320026811226,513.4261736134598,-36.58477223420453
51.64172414614717,512.2268667419474,-37.84869220613702
51.971270062573964,511.00751325402604,-39.132611976798195
52.320637511788284,509.7681102586486,-40.43653153936075
52.68982357507002,508.50865486519393,-41.760450886891014
53.078825333593684,507.22914418346636,-43.10437001234898
53.4876398684284,505.92957532369604,-44.46828890858828
53.916264260537965,504.6099453965389,-45.85220756835621
54.364695590780805,503.2702515130763,-47.256125984293696
54.832930939910035,501.91049078481564,-48.68004414893534
55.320967388573465,500.5306603236899,-50.123962054709374
55.82880201731361,499.13075724205794,-51.58787969393769
56.356431906567714,497.7107786527044,-53.07179705883583
56.90385413666774,496.2707216688397,-54.57571414151297
57.47106578784041,494.81058340410004,-56.09963093397196
58.05806394020722,493.3303609725475,-57.643547428109294
58.66484567378445,491.83005148867005,-59.207463615715106
59.29140806848318,490.3096520673815,-60.7913794884732
59.937748204109305,488.7691598240215,-62.395295037961
60.60386316036355,487.2085718743556,-64.01921025564961
61.28975001684149,485.62788533457535,-65.66312513290377
61.995405853033546,484.02709732129813,-67.32703966098188
62.720827748325036,482.4062049515673,-69.01095383103599
63.46601278199617,480.7652053428522,-70.71486763411178
64.23095803322205,479.1040956130482,-72.4387810611486
65.01566058107272,477.4228728804764,-74.18269410297945
65.82011750451314,475.7215342638843,-75.946606750331
66.64432588240324,474.0000768824451,-77.73051899382352
67.48828279349793,472.2584978557582,-79.53443082397098
68.3519853164471,470.49679430384896,-81.35834223118097
69.23543052979565,468.71496334716886,-83.20225320575474
70.13861551198346,466.9130021065955,-85.06616373788721
71.06153734134548,465.0909077034325,-86.95007381766692
72.0041930961117,463.2486772594096,-88.85398343507609
72.96657985440719,461.38630789668264,-90.77789257999058
73.94869469425203,459.50379673783374,-92.7218012421799
74.95053469356148,457.601140905871,-94.68570941130719
75.97209693014587,455.6783375242288,-96.66961707692928
77.01337848171065,453.7353837167678,-98.67352422849663
78.07437642585643,451.7722766077746,-100.69743085535336
79.15508784007896,449.7890133219622,-102.74133694673723
80.2555098017692,447.78559098446993,-104.80524249177968
81.37563938821323,445.7620067208632,-106.88914747950577
82.5154736765924,443.7182576571337,-108.99305189883421
83.67500974398327,441.6543409196994,-111.11695573857739
84.85424466735759,439.57025363540464,-113.26085898744132
86.0531755235824,437.46599293152,-115.42476163402571
87.27179938941997,435.34155593574246,-117.60866366682389
88.5101133415279,433.19693977619534,-119.81256507422282
89.76811445645906,431.0321415814282,-122.03646584450314
91.04579981066163,428.84715848041714,-124.28036596583914
92.34316648047914,426.6419876025645,-126.54426542629876
93.66021154215042,424.41662607769905,-128.82816421384362
94.9969320718097,422.171071036076,-131.13206231632893
96.35332514548655,419.90531960837706,-133.4559597215036
97.72938783910598,417.61936892571026,-135.79985641701018
99.12511722848836,415.3132161196102,-138.16375239038487
100.54051038934949,412.986858322038,-140.54764762905754
101.97556439730063,410.64029266538114,-142.95154212035166
103.43027632784847,408.2735162824536,-145.37543585148444
104.90464325639518,405.88652630649597,-147.8193288095667
106.39866225823837,403.4793198711754,-150.28322098160288
107.91233040857125,401.0518941105855,-152.7671123544911
109.44564478248243,398.60424615924666,-155.27100291502313
110.99860245495613,396.1363731521056,-157.79489264988442
112.57120050087208,393.64827222453573,-160.33878154565403
114.16343599500557,391.1399405123371,-162.9026695888047
115.77530601202749,388.61137515173635,-165.48655676570286
117.40680762650429,386.06257327938687,-168.0904430626085
119.05793791289807,383.4935320323686,-170.71432846567532
120.7286939455665,380.90424854818815,-173.35821296095068
122.41907279876294,378.29471996477895,-176.02209653437558
124.12907154663637,375.66494342050106,-178.70597917178466
125.85868726323147,373.0149160541412,-181.40986085890626
127.60791702248858,370.34463500491296,-184.13374158136233
129.37675789824374,367.65409741245657,-186.8776213246685
131.16520696422873,364.94330041683907,-189.64150007423402
132.97326129407102,362.2122411585543,-192.4253778153618
134.80091796129392,359.4609167785229,-195.22925453324848
136.6481740393164,356.6893244180922,-198.05313021298426
138.51502660145323,353.89746121903664,-200.89700483955303
140.40147272091502,351.0853243235572,-203.76087839783233
142.30750947080816,348.25291087428184,-206.64475087259336
144.23313392413488,345.4002180142655,-209.548622248501
146.17834315379324,342.5272428869898,-212.47249251011374
148.14313423257715,339.6339826363635,-215.41636164188373
150.1275042331764,336.7204344067221,-218.38022962815677
152.13145022817667,333.78659534282815,-221.36409645317238
154.15496929005954,330.83246258987106,-224.36796210106368
156.19805849120252,327.8580332934672,-227.39182655585745
158.26071490387903,324.86330459966,-230.4356898014741
160.3429356002585,321.84827365491986,-233.49955182172775
162.4447176524062,318.81293760614415,-236.58341260032614
164.56605813228356,315.7572936006573,-239.6872721208707
166.70695411174785,312.68133878621086,-242.81113036685645
168.86740266255242,309.58507031098327,-245.95498732167212
171.04740085634668,306.4684853235802,-249.1188429686001
173.246945764676,303.33158097303425,-252.3026972908164
175.4660344589819,300.1743544088053,-255.50655027139072
177.7046640106019,296.9968027807802,-258.73040189328634
179.96283149076964,293.798923239273,-261.9742521393603
182.24053397061485,290.5807129350249,-265.23810099236334
184.53776852116343,287.3421690192043,-268.52194843493965
186.85453221333736,284.0832886434066,-271.8257944496272
189.1908221179548,280.80406895965467,-275.14963901885767
191.54663530573012,277.50450712039833,-278.4934821249563
193.92196884727377,274.1846002785148,-281.85732375014203
196.3168198130925,270.84434558730845,-285.2411638765275
198.73118527358926,267.48374020051097,-288.64500248611887
201.16506229906312,264.1027812722812,-292.06883956081606
203.61844795970956,260.70146595720547,-295.5126750824127
206.0913393256202,257.2797914102972,-298.97650903259597
208.583733466783,253.8377547869972,-302.46034139294676
211.09562745308216,250.37535324317363,-305.9641721449396
213.6270183542983,246.89258393512196,-309.4880012699427
216.17790324010818,243.38944401956508,-313.0318287492178
218.7482791800851,239.86593065365315,-316.5956545639206
221.33814324369857,236.32204099496383,-320.17947869510016
223.94749250031452,232.75777220150215,-323.78330112369923
226.57632401919528,229.17312143170054,-327.4071218305544
229.2246348694996,225.56808584441887,-331.0509407963957
231.89242212028256,221.94266259894448,-334.7147580018471
234.57968284049576,218.29684885499216,-338.3985734274259
237.28641409898725,214.63064177270417,-342.1023870535433
240.01261296450147,210.94403851265028,-345.826198860504
242.75827650567942,207.2370362358278,-349.5700088285065
245.52340179105852,203.5096321036615,-353.33381693764284
248.30798588907277,199.76182327800373,-357.1176231678988
251.11202586805265,195.99360692113444,-360.92142749915376
253.9355187962252,192.20498019576107,-364.7452299111808
256.77846174171407,188.39594026501868,-368.5890303836467
259.64085177253935,184.56648429246994,-372.4528288961118
262.52268595661786,180.71660944210512,-376.33662542803006
265.4239613617629,176.84631287834216,-380.2404199587493
268.3446750556845,172.9555917660266,-384.1642124675109
271.2848241059893,169.04444327043166,-388.10800293344977
274.24440558018057,165.11286455725823,-392.07179133559464
277.2234165456582,161.1608527926349,-396.0555776528679
280.2218540697189,157.188405143118,-400.0593618640855
283.2397152195559,153.1955187756915,-404.08314394795707
286.2769970622592,149.1821908577672,-408.126923883086
289.33369666481576,145.1484185571846,-412.1907016479693
292.40981109410893,141.09419904221096,-416.2744772209976
295.505337416919,137.01952948154133,-420.37825058045513
298.6202726999231,132.92440704429856,-424.5020217045199
301.7546140096949,128.80882890003335,-428.64579057126355
304.9083584127051,124.67279221872417,-432.80955715865133
308.0815029753213,120.51629417077737,-436.9933214445422
311.2740447638077,116.33933192702715,-441.19708340668876
314.48598084432547,112.14190265873556,-445.4208430227373
317.71730828293266,107.92400353759258,-449.66460027022777
320.9680241455842,103.68563173571606,-453.9283551265937
324.23812549813186,99.42678442565176,-458.2121075691624
327.5276094063244,95.14745878037341,-462.51585757515477
330.8364729358075,90.84765197328267,-466.8396051216854
334.1647131521237,86.52736117820915,-471.1833501857625
337.5123271207126,82.18658356941043,-475.547092744288
340.87931190691086,77.82531632157213,-479.93083277405754
344.2656645759519,73.44355660980783,-484.33457025176017
347.67138219296635,69.04130160965916,-488.7583051539789
351.0964618229818,64.61854849709577,-493.2020374571903
354.5409005309229,60.175294448515395,-497.6657671377645