
156.0620626235684,1004.91309575997,148.7483478634398
154.13769847124212,1003.7954027662744,147.69860605575977
152.2331752488459,1002.6979889810478,146.62886346269335
150.34849588336948,1001.620851510414,145.53912008992893
148.4836633016971,1000.5639874600695,144.42937594326128
146.63868043060742,999.527393935284,143.29963102859153
144.81355019677358,998.5110680409003,142.1498853519272
143.00827552676307,997.5150068813349,140.98013891938209
141.2228593470379,996.5392075605768,139.79039173717638
139.45730458395445,995.5836671821885,138.58064381163663
137.71161416376347,994.6483828493059,137.35089514919574
135.98579101261012,993.7333516646378,136.10114575639295
134.27983805653386,992.8385707304662,134.8313956398739
132.5937582214685,991.964037148647,133.5416448063905
130.9275544332422,991.1097480206087,132.23189326280112
129.2812296175774,990.2757004473533,130.90214101607043
127.65478670009087,989.4618915294562,129.5523880732694
126.04822860629363,988.6683183670661,128.1826344415755
124.46155826159097,987.894978059905,126.79288012827239
122.8947785912824,987.1418677072684,125.38312514075021
121.34789252056171,986.4089844080247,123.95336948650541
119.82090297451686,985.6963252606164,122.50361317314078
118.31381287813002,985.0038873630588,121.03385620836546
116.82662515627757,984.331667812941,119.544098599995
115.35934273373002,983.6796637074252,118.03434035595123
113.91196853515204,983.0478721432476,116.50458148426239
112.48450548510247,982.4362902167172,114.95482199306305
111.07695650803424,981.8449150237169,113.38506189059413
109.68932452829439,981.273743659703,111.79530118520293
108.32161247012407,980.7227732197052,110.18553988534309
106.97382325765847,980.1920007983271,108.55577799957459
105.64595981492687,979.6814234897452,106.90601553656379
104.33802506585258,979.1910383877101,105.23625250508336
103.05002193425292,978.7208425855458,103.54648891401237
101.78195334383928,978.27083317615,101.83672477233624
100.53382221821698,977.8410072519936,100.10696008914672
99.30563148088537,977.4313619051217,98.35719487364194
98.09738405523773,977.0418942271526,96.58742913512637
96.90908286456131,976.6726013092785,94.79766288301082
95.74073083203731,976.3234802422652,92.98789612681247
94.59233088074082,975.9945281164519,91.15812887615486
93.46388593364084,975.6857420217519,89.30836114076787
92.35539889788271,975.3967957368006,87.43859293048774
91.26687257390492,975.1264635008218,85.54882425525707
90.19830952689833,974.8729274591792,83.63905512512481
89.14971205488673,974.6343369957848,81.70928555024624
88.12108218387064,974.4088081552117,79.75951554088302
87.11242166315633,974.1944271250759,77.78974510740316
86.12373196160749,973.9892596741146,75.79997426028103
85.15501426576955,973.7913674152354,73.79020301009731
84.20626948081227,973.5988298089703,71.76043136753911
83.27749823490788,973.4097685291791,69.71065934339983
82.36870088703922,973.2223692199773,67.64088694857922
81.47987753750134,973.0348960631493,65.55111419408345
80.61102803986606,972.8456972494156,63.441341091024974
79.76215201318374,972.6532034986028,61.31156765062262
78.93324885378807,972.455925221543,59.16179388420158
78.12431774697681,972.2524546346395,56.992019803193394
77.33535767961314,972.0414765252106,54.80224541913594
76.56636745488713,971.8217864471467,52.59247074367347
75.81734570993959,971.5923104846443,50.362695788556586
75.0882909360039,971.3521186768631,48.11292056564222
74.37920149962582,971.1004255253013,45.84314508689368
73.69007566281934,970.8365748270518,43.553369364380615
73.02091159994814,970.5600105949027,41.24359341027904
72.37170740965729,970.2702393724318,38.91381723687131
71.74246112109753,969.9667908353463,36.56404085654613
71.13317069467769,969.6491831120808,34.19426428179856
70.54383401839144,969.316897307828,31.80448752523002
69.97444890122799,968.9693630683049,29.394710599548272
69.42501306525867,968.6059545800554,26.964933517567435
68.89552413776755,968.2259946741232,24.51515629220798
68.38597964438813,967.8287640118577,22.045378936496732
67.8963770037736,967.4135124799069,19.55560146356686
67.426713523949,966.9794705656602,17.045823886657892
66.97698640085487,966.5258721348224,14.516046219115703
66.5471927383207,966.0523378399753,11.966268474392521
66.13732962176964,965.5588647741735,9.396490666046928
65.74739413651879,965.0454500308965,6.806712807743853
65.37738336777936,964.5120907040491,4.196934913254581
65.02729440065656,963.9587838879611,1.5671569964567449
64.69712432014968,963.3855266773874,-1.0826209286656696
64.3868702111521,962.792316167508,-3.7523988480223265
64.09652915845129,962.1791494539283,-6.442176747416539
63.82609824672881,961.5460236326786,-9.15195461254527
63.575574560560376,960.8929358002146,-11.881732428999127
63.344955184415824,960.2198830534169,-14.631510182262373
63.13423720265916,959.5268624895915,-17.401287857712916
62.94341769954856,958.8138712064699,-20.191065440622314
62.772493759236404,958.0809063022084,-23.000842916155776
62.621462465769255,957.3279648753888,-25.830620269372158
62.4903209030879,956.5550440250181,-28.68039748522397
62.37906615502736,955.7621408505286,-31.550174548557365
62.28769530531692,954.949252451778,-34.439951444112154
62.21620543758012,954.1163759290492,-37.34972815652179
62.16459363533479,953.2635083830506,-40.27950467031338
62.13285698199304,952.3906469149158,-43.22928096990768
62.1209925608613,951.4977886262038,-46.19905703961909
62.12899745514035,950.5849306188991,-49.18883286365568
62.15686874792529,949.6520699954115,-52.19860842611915
62.20460352220558,948.6992038585761,-55.22838371100486
62.272198860865075,947.7263293116538,-58.27815870220181
62.35965184668199,946.7334434583306,-61.34793338349266
62.466959562328974,945.7205434027182,-64.43770773855373
62.59411909037308,944.6876262493536,-67.54748175095496
62.7411275132758,943.6346891031992,-70.67725540415996
62.90798191339309,942.5617290696433,-73.82702868152602
63.09467937297536,941.4687432544994,-76.99680156630403
63.3012169741675,940.3557287640067,-80.18657404163854
63.52759179900893,939.2226827048299,-83.39634609056779
63.773800929433555,938.0696021840592,-86.62611769602363
64.03984144726981,936.8964843092106,-89.87588884083158
64.32571043424069,935.7033261882253,-93.1456595077108
64.63140497196375,934.4901249294707,-96.43542967927412
64.95692214195111,933.2568776417392,-99.74519933802802
65.30225902560947,932.0035814342492,-103.0749684663726
65.66741270424019,930.730233416645,-106.42473704660163
66.0523802590392,929.4368306989961,-109.79450506090257
66.45715877109708,928.123370391798,-113.18427249135647
66.8817453213991,926.7898496059717,-116.59403931993805
67.32613699082513,925.4362654528641,-120.02380552851572
67.7903308601498,924.0626150442478,-123.47357109885151
68.27432401004238,922.6688954923211,-126.9433360126011
68.77811352106691,921.2551039097082,-130.43310025131382
69.30169647368213,919.8212374094587,-133.94286379643265
69.84506994824152,918.3672931050486,-137.47262662929427
70.40823102499334,916.8932681103793,-141.02238873112898
70.99117678408064,915.3991595397781,-144.5921500830607
71.59390430554122,913.8849645079983,-148.181910666107
72.21641066930773,912.3506801302191,-151.7916704611792
72.85869295520764,910.7963035220452,-155.42142944908218
73.52074824296324,909.2218317995074,-159.07118761051453
74.2025736121917,907.6272620790627,-162.74094492606844
74.90416614240505,906.0125914775936,-166.4307013762298
75.62552291301019,904.3778171124087,-170.1404569413781
76.36664100330894,902.7229361012427,-173.87021160178654
77.12751749249806,901.0479455622559,-177.61996533762192
77.9081494596692,899.352842614035,-181.38971812894474
78.708533983809,897.6376243755926,-185.17946995570912
79.52866814379905,895.9022879663671,-188.9892207977629
80.36854901841589,894.1468305062232,-192.8189706348475
81.22817368633109,892.3712491154514,-196.668719446598
82.10753922611124,890.5755409147683,-200.5384672125432
83.00664271621793,888.759703025317,-204.42821391210546
83.92548123500778,886.9237325686661,-208.33795952460085
84.86405186073252,885.0676266668106,-212.26770402923913
85.82235167153891,883.1913824421717,-216.21744740512364
86.80037774546881,881.2949970175966,-220.18718963125139
87.79812716045919,879.3784675163587,-224.1769306865131
88.81559699434214,877.4417910621574,-228.18667054969308
89.85278432484489,875.4849647791186,-232.21640919946935
90.9096862295898,873.5079857917942,-236.26614661441354
91.9862997860944,871.5108512251626,-240.33588277299094
93.08262207177145,869.4935582046278,-244.42561765356052
94.19865016392885,867.4561038560207,-248.5353512343749
95.33438113976972,865.3984853055982,-252.66508349358037
96.48981207639243,863.3206996800434,-256.81481440921686
97.66494005079059,861.2227441064657,-260.98454395921794
98.85976213985307,859.104615712401,-265.1742721214108
100.07427542036402,856.9663116258114,-269.3839988735164
101.30847696900285,854.8078289750853,-273.61372419314927
102.56236386234434,852.6291648890375,-277.86344805781766
103.83593317685852,850.4303164969093,-282.13317044492334
105.1291819889108,848.2112809283681,-286.4228913317619
106.44210737476192,845.9720553135078,-290.7326106955225
107.77470641056802,843.7126367828489,-295.06232851328804
109.1269761723806,841.4330224673382,-299.41204476203495
110.49891373614655,839.133209498349,-303.7817594186333
111.89051617770821,836.8131950076807,-308.17147245984705
113.30178057280332,834.4729761275598,-312.58118386233355
114.7327039970651,832.1125499906389,-317.010893602644
116.1832835260222,829.7319137299971,-321.46060165722315
117.65351623509875,827.3310644791402,-325.9303080024095
119.1433991996144,824.9099993720004,-330.42001261443505
120.65292949478427,822.4687155429364,-334.92971546942556
122.18210419571905,820.0072101267335,-339.4594165434005
123.73092037742491,817.5254802586038,-344.0091158122729
125.29937511480362,815.0235230741858,-348.57881325184957
126.88746548265253,812.5013357095447,-353.16850883783076
128.49518855566455,809.9589153011722,-357.77820254581064
130.1225414084282,807.3962589859866,-362.4078943512768
131.7695211154276,804.8133639013332,-367.0575842296107
133.43612475104257,802.2102271849836,-371.7272721560874
135.12234938954845,799.5868459751363,-376.4169581058755
136.8281921051164,796.9432174104164,-381.1266420540374
138.55364997181312,794.2793386298758,-385.85632397552905
140.2987200636011,791.5952067729933,-390.6060038452001
142.0633994543385,788.8908189796739,-395.37568163779395
143.84768521777923,786.1661723902498,-400.1653573279475
145.6515744275729,783.42126414548,-404.9750308901915
147.47506415726494,780.6560913865502,-409.80470229895013
149.3181514802965,777.8706512550729,-414.6543715285414
151.18083347000456,775.0649408930874,-419.524038553177
153.06310719962184,772.2389574430599,-424.4137033469621
154.96496974227696,769.3926980478833,-429.32336588389575
156.88641817099432,766.5261598508777,-434.2530261378705
158.82744955869418,763.6393399957897,-439.2026840826726
160.7880609781927,760.7322356267931,-444.172339691982
162.76824950220185,757.8048438884884,-449.1619929393723
164.7680122033296,754.8571619259034,-454.1716437983107
166.78734615407973,751.8891868844922,-459.2012922421582
168.82624842685203,748.9009159101365,-464.25093824416933
170.8847160939422,745.8923461491446,-469.3205817774923
172.96274622754186,742.8634747482521,-474.41022281516905
175.06033589973867,739.8142988546211,-479.51986133013514
177.1774821825163,736.7448156158414,-484.64949729521976
179.3141821477543,733.6550221799293,-489.7991306831458
181.4704328672284,730.5449156953284,-494.9687614665298
183.64623141261026,727.4144933109093,-500.1583896178821
185.84157485546766,724.2637521759696,-505.3680151096064
188.05646026726436,721.0926894402343,-510.5976379140003
190.29088471936032,717.9013022538551,-515.847258003255
192.5448452830115,714.6895877674111,-521.1168753494553
194.81833902937004,711.4575431319086,-526.4064899245799
197.11136302948418,708.2051654987808,-531.7161017005009
199.42391435429832,704.9324520198884,-537.0457106489841
201.755990074653,701.6393998475189,-542.3953167416892
204.10758726128498,698.3260061343873,-547.764919950169
206.47870298482718,694.9922680336357,-553.1545202458707
208.86933431580871,691.6381826988335,-558.5641176001348
211.27947832465497,688.2637472839773,-563.9937119841952
213.70913208168756,684.868958943491,-569.4433033691801
216.15829265712432,681.4538148322258,-574.9128917261107
218.62695712107939,678.0183121054602,-580.4024770259024
221.1151225435632,674.5624479188998,-585.9120592393639
223.62278599448243,671.0862194286779,-591.4416383371976
226.14994454364015,667.5896237913547,-596.9912142899998
228.69659526073573,664.0726581639183,-602.5607870682604
231.26273521536487,660.5353197037837,-608.1503566423628
233.8483614770197,656.9776055687935,-613.7599229825842
236.45347111508863,653.3995129172176,-619.3894860590954
239.07806119885657,649.8010389077534,-625.0390458419608
241.72212879750478,646.1821806995258,-630.7086023011389
244.38567098011097,642.5429354520869,-636.3981554064811
247.06868481564925,638.8833003254166,-642.1077051277333
249.77116737299025,635.2032724799219,-647.8372514345343
252.49311572090105,631.5028490764375,-653.5867942964172
255.23452692804523,627.7820272762258,-659.3563336828083
257.9953980629828,624.0408042409764,-665.145869563028
260.7757261941705,620.2791771328066,-670.9554019062899
263.57550838996127,616.4971431142611,-676.7849306817017
266.3947417186049,612.6946993483124,-682.6344558582643
269.2334232482476,608.8718429983603,-688.5039774048728
272.09155004693224,605.0285712282325,-694.3934952903155
274.9691191825982,601.1648812021841,-700.3030094832748
277.86612772308155,597.280770084898,-706.2325199523264
280.78257273611496,593.3762350414845,-712.1820266659397
283.71845128932773,589.4512732374818,-718.1515295924781
286.6737604502459,585.5058818388558,-724.1410287001984
289.64849728629207,581.5400580119998,-730.150523957251
292.64265886478563,577.553798923735,-736.1800153316802
295.65624225294266,573.5471017413103,-742.2295027914238
298.68924451787586,569.5199636324022,-748.2989863043133
301.74166272659477,565.4723817651153,-754.3884658380739
304.81349394600574,561.4043533079815,-760.4979413603245
307.9047352429117,557.3158754299609,-766.6274128385776
311.0153836840126,553.2069453004411,-772.7768802402395
314.14543633590506,549.0775600892376,-778.9463435326101
317.2948902650825,544.9277169665938,-785.1358026828827
320.46374253793516,540.757413103181,-791.3452576581449
323.65199022075024,536.566645670098,-797.5747084253771
326.8596303797117,532.3554118388719,-803.8241549514544
330.0866600809004,528.1237087814573,-810.0935972031447
333.33307639029414,523.871533670237,-816.3830351471099
336.59887637376755,519.5988836780217,-822.6924687499057
339.8840570970923,515.3057559780498,-829.0218979779814
343.1886156259369,510.99214774398774,-835.3713227976798
346.51254902586686,506.65805614993,-841.7407431752374
349.85585436234464,502.3034783703991,-848.1301590767846
353.2185287007298,497.92841158034526,-854.5395704683452
356.6005691062787,493.532852955147,-860.968977315837
360.0019726441449,489.1167996706107,-867.4183795850713
363.4227363793789,484.68024890297085,-873.8877772417529
366.8628573769282,480.2231978288899,-880.3771702514805
370.3223327016376,475.7456436254585,-886.8865585797464
373.80115941824874,471.2475834701953,-893.4159421919366
377.2993345914005,466.72901454104704,-899.9653210533306
380.8168552856287,462.1899340163885,-906.534695129102
384.3537185653666,457.63033907502273,-913.1240643843176
387.90992149494423,453.05022689618085,-919.7334287839383
391.485461138589,448.4495946595221,-926.3627882928181
395.0803345604255,443.82843954513396,-933.0121428757053
398.6945388244755,439.18675873353203,-939.6814924972415
402.3280709946579,434.5245494056602,-946.370837121962
405.9809281347889,429.84180874289046,-953.080176714296
409.65310730858187,425.13853392702316,-959.8095112385662
413.34460557964746,420.41472214028676,-966.558840658989
417.0554200114937,415.67037056533803,-973.3281649396744
420.78554766752575,410.9054763852621,-980.1174840446262
424.53498561104607,406.12003678357223,-986.9267979377419
428.3037309052546,401.3140489442101,-993.7561065828125
432.0917806132485,396.4875100515457,-1000.6054099435229
435.89913179802215,391.6404172903773,-1007.4747079834515
439.72578152246757,386.77276784593147,-1014.3640006660703
443.57172684937393,381.88455890386336,-1021.2732879547452
447.436964841428,376.97578765025634,-1028.2025698127359
451.3214925612137,372.0464512716222,-1035.1518462031954
455.22530707121257,367.0965469549011,-1042.1211170891706
459.1484054338036,362.1260718874617,-1049.1103824336021
463.0907847112631,357.13502325710107,-1056.1196421993238
467.052441965765,352.12339825204464,-1063.1488963490638
471.0333742593806,347.0911940609465,-1070.1981448454435
475.0335786540788,342.0384078728891,-1077.2673876509784
479.05305221172586,336.9650368773834,-1084.3566247280773
483.0917919940858,331.8710782643689,-1091.4658560390428
487.14979506282,326.7565292242136,-1098.5950815460712
491.22705847948754,321.621386947714,-1105.7443012112526
495.32357930554497,316.46564862609523,-1112.9135149965705
499.43935460234655,311.2893114510111,-1120.102722863902
503.5743814311441,306.09237261454376,-1127.3119247750185
507.72865685308705,300.8748293092042,-1134.5411206915844
511.90217792922243,295.63667872793184,-1141.7903105751582
516.0949417204951,290.37791806409484,-1149.0594943871918
520.3069452877473,285.09854451148993,-1156.348672089031
524.5381856917195,279.7985552643426,-1163.6578436419154
528.7886599930492,274.47794751730703,-1170.9870090069778
533.0583652522721,269.13671846546595,-1178.3361681452452
537.3472985298214,263.77486530433094,-1185.7053210176377
541.6554568860282,258.39238522984226,-1193.0944675849698
545.9828373811213,252.98927543836888,-1200.5036078079493
550.3294370752272,247.5655331267085,-1207.9327416471776
554.6952530283704,242.12115549208767,-1215.38186906315
559.0802823004731,236.65613973216168,-1222.850990016255
563.4845219513553,231.17048304501458,-1230.3401044667755
567.907969040735,225.66418262915928,-1237.8492123748877
572.3506206282278,220.13723568353754,-1245.3783137006612
576.8124737733476,214.5896394075199,-1252.92740840406
581.2935255355058,209.02139100090582,-1260.4964964449414
585.7937729740115,203.43248766392355,-1268.0855777830561
590.3132131480726,197.82292659723032,-1275.6946523780487
594.851843116794,192.1927050019122,-1283.3237201894576
599.4096599391792,186.54182007948418,-1290.972781176715
603.9866606741293,180.87026903189022,-1298.6418352991466
608.5828423804437,175.1780490615032,-1306.3308825159716
613.1982021168195,169.46515737112495,-1314.0399227863031
617.832736941852,163.73159116398628,-1321.768956069148
622.4864439140343,157.977347643747,-1329.5179823234068
627.1593200917581,152.20242401449596,-1337.2870015078736
631.8513625333125,146.406817480751,-1345.076013581236
636.562568296885,140.59052524745894,-1352.885018502076
641.2929344405615,134.75354451999578,-1360.7140162288683
646.0424580223253,128.89587250416645,-1368.563006719982
650.8111361000584,123.01750640620503,-1376.4319899336795
655.5989657315408,117.11844343277471,-1384.320965828117
660.4059439744506,111.19868079096773,-1392.229934361345
665.232067886364,105.25821568830551,-1400.1588954913066
670.0773345247557,99.29704533273858,-1408.1078491758392
674.9417409469983,93.31516693264663,-1416.076795372674
679.8252842103627,87.31257769683855,-1424.0657340394355
684.7279613720182,81.28927483455236,-1432.0746651336422
689.649769489032,75.24525555545532,-1440.1035886127063
694.59070561837,69.18051706964387,-1448.1525044339335
699.550766816896,63.09505658764372,-1456.221412554523