
-324.3634469378655,790.3256830630571,13.267283365314638
-324.3459685212647,790.3225696661093,13.237283259477108
-324.31634747648025,790.3164476392116,13.187283083258476
-324.2741681818017,790.3065205185216,13.117282836924621
-324.21903259395185,790.291995442468,13.027282520847773
-324.15057117376557,790.2720836024129,12.917282135506516
-324.06845099753497,790.2460003248067,12.78728168148578
-323.9723803064051,790.2129646510913,12.63728115947685
-323.8621091415164,790.1721983529309,12.467280570277362
-323.73742614222186,790.1229244229693,12.277279914791304
-323.59815209920424,790.064365134051,12.067279194029013
-323.44413118141046,789.995739831245,11.83727840910718
-323.2752209092349,789.9162626256864,11.587277561248847
-323.0912819444577,789.825140107433,11.317276651783406
-322.8921685208992,789.7215692032618,11.027275682146602
-322.67772010847386,789.6047352257953,10.717274653880532
-322.4477546300952,789.4738101361,10.38727356863364
-322.20206328909677,789.3279510152228,10.037272428160726
-321.9404068926997,789.1662987458446,9.66727123432294
-321.66251343259836,788.9879768947209,9.277269989087783
-321.3680766799285,788.7920907941608,8.867268694529107
-321.05675551563303,788.5777268675024,8.437267352827117
-320.72817375586317,788.3439522511189,7.987265966268368
-320.38192036152975,788.0902114033912,7.517264537245767
-320.01755015198125,787.8164187414976,7.027263068258571
-319.63458457781707,787.5225715887317,6.517261561912389
-319.23251219560103,787.208667196189,5.987260020919183
-318.81078927440086,786.8747027380115,5.437258448097262
-318.36912951632627,786.5206753207804,4.867256846371291
-317.90752793272077,786.1465820362893,4.277255218772282
-317.4259874429012,785.7524199763731,3.667253568437602
-316.92451096629054,785.3381862332925,3.0372518986109673
-316.40310142241776,784.903877899734,2.387250212642445
-315.8617617309178,784.4494920688097,1.7172485139884537
-315.3004948115316,783.9750258340579,1.0272468062117643
-314.71930358410606,783.4804762894422,0.3172450929814975
-314.11819096859404,782.9658405293526,-0.4127566219268746
-313.4971598850542,782.4311156486045,-1.162758334631529
-312.85621325365133,781.8762987424396,-1.9327600411442907
-312.19535399465605,781.3013869065252,-2.722761737370635
-311.5145850284448,780.7063772369545,-3.532763419109685
-310.8139092754999,780.0912668302468,-4.362765082054213
-310.0933296564096,779.4560527833474,-5.212766721790641
-309.352849091868,778.8007321936274,-6.08276833379904
-308.59247050267487,778.1253021588835,-6.972769913453129
-307.81219680973595,777.4297597773392,-7.8827714560202775
-307.0120309340627,776.7141021476434,-8.812772956661503
-306.1919757967724,775.9783263688712,-9.762774410431472
-305.352034319088,775.2224295405236,-10.732775812278502
-304.4922094223383,774.446408762528,-11.72277715704456
-303.6125040279578,773.6502611352375,-12.732778439465257
-302.7129210574867,772.8339837594315,-13.762779654169861
-301.7934634325709,771.9975737363153,-14.812780795681283
-300.85413407496196,771.1410281675204,-15.882781858416084
-299.8949359065172,770.2643441551045,-16.97278283668448
-298.9158718491995,769.3675188015513,-18.08278372469033
-297.91694482507745,768.4505492097709,-19.212784516531144
-296.8981577563252,767.5134324830992,-20.362785206198083
-295.85951356522247,766.5561657252987,-21.532785787575957
-294.8010151741547,765.5787460405578,-22.722786254443225
-293.7226655056129,764.5811705334912,-23.932786600471996
-292.6244674821935,763.5634363091399,-25.162786819228025
-291.50642402659855,762.5255404729711,-26.412786904170726
-290.3685380616356,761.4674801308781,-27.68278684865315
-289.21081251021786,760.3892523891808,-28.97278664592201
-288.0332502953638,759.2908543546253,-30.28278628911766
-286.8358543401976,758.1722831343837,-31.612785771274105
-285.6186275679488,757.033535836055,-32.962785085319005
-284.3815729019523,755.8746095676638,-34.33278422407366
-283.1246932656486,754.6955014376618,-35.72278318025303
-281.8479915825835,753.4962085549266,-37.13278194646573
-280.55147077640834,752.2767280287624,-38.562780515213994
-279.2351337708797,751.0370569688996,-40.012778878893755
-277.89898348985963,749.7771924854952,-41.48277702979455
-276.5430228573155,748.4971316891326,-42.972774960099585
-275.16725479732,747.1968716908216,-44.482772661885726
-273.7716822340513,745.8764096019985,-46.012770127123474
-272.3563080917926,744.5357425345261,-47.56276734767699
-270.9211352949326,743.1748676006936,-49.132764315304065
-269.46616676796526,741.7937819132168,-50.722761021656176
-267.9914054354898,740.392482585238,-52.332757458278415
-266.49685422221063,738.970966730326,-53.96275361660955
-264.98251605293746,737.5292314624762,-55.612749487981986
-263.4483938525852,736.0672738961106,-57.28274506362178
-261.89449054617387,734.5850911460776,-58.97274033464865
-260.3208090588289,733.0826803276525,-60.68273529207593
-258.72735231578065,731.560038556537,-62.41272992681066
-257.11412324236477,730.0171629488597,-64.16272422965349
-255.481124764022,728.4540506211754,-65.93271819129872
-253.82835980629827,726.8706986904658,-67.72271180233433
-252.15583129484455,725.2671042741395,-69.53270505324193
-250.4635421554169,723.6432644900315,-71.36269793439676
-248.7514953138765,721.9991764564035,-73.21269043606776
-247.0196936961896,720.334837291944,-75.08268254841748
-245.26814022842743,718.6502441157685,-76.97267426150215
-243.49683783676633,716.9453940474186,-78.88266556527164
-241.70578944748763,715.2202842068634,-80.81265644956946
-239.89499798697764,713.4749117144984,-82.76264690413278
-238.06446638172764,711.7092736911459,-84.73263691859242
-236.21419755833398,709.9233672580552,-86.72262648247285
-234.34419444349783,708.1171895369023,-88.73261558519219
-232.45445996402535,706.29073764979,-90.76260421606224
-230.54499704682766,704.444008719248,-92.8125923642884
-228.61580861892077,702.5769998682329,-94.88258001896976
-226.66689760742554,700.6897082201282,-96.97256716909905
-224.69826693956776,698.7821308987443,-99.08255380356265
-222.70991954267805,696.8542650283187,-101.2125399111406
-220.70185834419186,694.9061077335153,-103.36252548050656
-218.67408627164951,692.9376561394257,-105.5325105002279
-216.62660625269612,690.9489073715679,-107.72249495876558
-214.55942121508158,688.9398585558871,-109.93247884447426
-212.4725340866606,686.9105068187555,-112.16246214560222
-210.36594779539266,684.8608492869722,-114.41244485029141
-208.23966526934194,682.7908830877635,-116.68242694657742
-206.0936894366774,680.7006053487827,-118.9724084223895
-203.92802322567272,678.59001319811,-121.28238926555055
-201.74266956470623,676.4591037642529,-123.61236946377713
-199.53763138226105,674.3078741761458,-125.96234900467944
-197.31291160692487,672.1363215631503,-128.33232787576134
-195.0685131673901,669.9444430550552,-130.72230606442034
-192.80443899245378,667.7322357820764,-133.1322835579476
-190.5206920110176,665.4996968748568,-135.56226034352795
-188.21727515208775,663.2468234644666,-138.01223640823983
-185.89419134477518,660.9736126824033,-140.48221173905537
-183.55144351829532,658.6800616605913,-142.97218632284037
-181.18903460196816,656.3661675313823,-145.48216014635423
-178.80696752521828,654.0319274275555,-148.01213319625003
-176.4052452175748,651.6773384823169,-150.5621054590745
-173.98387060867128,649.3023978293003,-153.13207692126807
-171.5428466282459,646.9071026025663,-155.72204756916472
-169.08217620614124,644.4914499366031,-158.33201738899214
-166.60186227230434,642.0554369663258,-160.9619863668717
-164.10190775678677,639.5990608270774,-163.61195448881844
-161.58231558974447,637.1223186546279,-166.28192174074096
-159.04308870143785,634.6252075851745,-168.97188810844156
-156.4842300222317,632.107724755342,-171.68185357761624
-153.90574248259526,629.5698673021826,-174.41181813385458
-151.30762901310203,627.0116323631757,-177.16178176263983
-148.68989254443,624.4330170762286,-179.93174444934897
-146.05253600736143,621.8340185796751,-182.72170617925252
-143.39556233278293,619.2146340122773,-185.53166693751476
-140.71897445168543,616.5748605132246,-188.36162670919353
-138.02277529516414,613.9146952221336,-191.2115854792404
-135.30696779441863,611.2341352790485,-194.08154323250054
-132.57155488075261,608.5331778244409,-196.9714999537128
-129.81653948557417,605.8118199992102,-199.88145562750967
-127.04192454039553,603.0700589446832,-202.8114102384173
-124.2477129768332,600.3078918026142,-205.76136377085552
-121.43390772660788,597.5253157151851,-208.73131620913782
-118.60051172154446,594.7223278250053,-211.72126753747125
-115.74752789357198,591.8989252751119,-214.7312177399566
-112.87495917472368,589.0551052089695,-217.76116680058837
-109.98280849713693,586.1908647704704,-220.81111470325456
-107.07107879305322,583.3062011039347,-223.88106143173692
-104.13977299481814,580.4011113541098,-226.97100696971088
-101.18889403488141,577.4755926661711,-230.08095130074548
-98.21844484579682,574.5296421857215,-233.21089440830343
-95.2284283602222,571.5632570587916,-236.36083627574104
-92.21884751091945,568.5764344318397,-239.53077688630836
-89.18970523075451,565.569171451752,-242.72071622314905
-86.14100445269735,562.5414652658424,-245.9306542693005
-83.0727481098219,559.4933130218524,-249.1605910076936
-79.98493913530612,556.4247118679514,-252.41052642115304
-76.87758046243192,553.3356589527366,-255.6804604923971
-73.75067502458519,550.2261514252328,-258.9703932040377
-70.60422575525574,547.0961864348931,-262.28032453858054
-67.4382355880373,543.9457611315978,-265.6102544784248
-64.25270745662752,540.7748726656556,-268.9601830058634
-61.04764429482794,537.5835181878028,-272.330110103083
-57.82304903654399,534.3716948492037,-275.7200357521637
-54.578924615784956,531.1393998014502,-279.1299599350795
-51.315273966663966,527.8866301965626,-282.55988263369784
-48.03210002339799,524.6133831869886,-286.00980382978
-44.729405720307795,521.3196559256044,-289.4797235049809
-41.40719399181798,518.0054455657138,-292.9696416408489
-38.06546777245689,514.6707492610485,-296.4795582188263
-34.70422999685668,511.3155641657684,-300.0094732202488
-31.32348359975324,507.93988743446147,-303.559386626346
-27.92323151598618,504.54371622214336,-307.12929841824104
-24.503476680498864,501.12704768425806,-310.7192085769507
-21.064222028338342,497.6898789766775,-314.32911708338537
-17.605470494655368,494.2322072557017,-317.95902391834926
-14.127225014704358,490.75402967805877,-321.60892906254014
-10.629488523843401,487.2553434009048,-325.27883249654946
-7.112263957534224,483.73614558182413,-328.96873420086223
-3.575554251342184,480.1964333788291,-332.67863415585725
-0.019362340936251776,476.63620395036037,-336.4085323418069
3.556308837911004,473.05545445528657,-340.1584287388773
7.151456349323434,469.45418205290457,-343.92832332712817
10.76607725732132,465.83238390293945,-347.7182160865128
14.400168625821397,462.1900571655445,-351.52810699687836
18.05372751863686,458.5271990013011,-355.35799603796545
21.72675099947739,454.84380657121903,-359.2078831894085
25.419236131949155,451.1398770367362,-363.07776843073543
29.131179979554844,447.4154075597188,-366.96765174136806
32.86257960569367,443.6703953024614,-370.87753310062163
36.613432073661386,439.90483742768663,-374.80741248770516
40.3837344466503,436.1187310985457,-378.7572898817213
44.17348378774931,432.31207347861795,-382.72716526166636
47.9826771599439,428.48486173191117,-386.7170386064303
51.81131162611613,424.6370930228614,-390.72690989479685
55.65938424904472,420.76876451633314,-394.7567791054432
59.52689209140501,416.87987337761916,-398.8066462169403
63.41383221576899,412.97041677244073,-402.8765112077528
67.32020168460532,409.04039186694746,-406.966374056239
71.24599756027935,405.08979582771747,-411.0762347406508
75.19121690505312,401.11862582175723,-415.20609323913385
79.15585678108539,397.12687901650173,-419.3559495297273
83.13991425043163,393.1145525798144,-423.52580359036415
87.14338637504409,389.08164367998717,-427.7156553988709
91.16627021677176,385.0281494857404,-431.9255049329679
95.20856283736042,380.95406716622307,-436.155352170269
99.27026129845262,376.8593938910127,-440.40519708828174
103.35136266158776,372.7441268301153,-444.6750396644074
107.451863988202,368.6082631539654,-448.96487987594077
111.5717623396284,364.4518000334262,-453.2747177000705
115.71105477709686,360.2747346397895,-457.6045531138787
119.86973836173414,356.0770641447755,-461.95438609434126
124.04781015456388,351.8587857205333,-466.32421661832774
128.24526721650662,347.61989653964054,-470.7140446626013
132.46210660837986,343.3603937751034,-475.1238702038188
136.698325390898,339.08027460035686,-479.5536932185308
140.95392062467238,334.77953618926455,-484.0035136831814
145.2288893702113,330.4581757161188,-488.4733315741085
149.5232286879201,326.1161903556405,-492.9631468675436
153.83693563810104,321.75357728297956,-497.4729595396119
158.17000728095343,317.37033367371447,-502.0027695663321
162.5224406765736,312.96645670385243,-506.55257692361687
166.89423288495496,308.54194354982945,-511.12238158727223
171.2853809659879,304.0967913885104,-515.712183532998
175.69588197945995,299.6309973971889,-520.3219827363878
180.1257329850557,295.14455875358726,-524.9517791729287
184.57493104235684,290.6374726358569,-529.6015728180015
189.04347321084222,286.10973622257785,-534.2713636468806
193.53135654988776,281.56134669275906,-538.9611516347342
198.03857811876662,276.99230122583845,-543.6709367566241
202.56513497664906,272.4025970016827,-548.4007189875058
207.11102418260253,267.79223120058754,-553.1504983022284
211.67624279559175,263.1612010032775,-557.9202746755346
216.26078787447852,258.50950359090604,-562.710048082061
220.864656478022,253.83713614505572,-567.5198184963377
225.4878456648785,249.1440958477379,-572.3495858927884
230.1303524936017,244.43037988139304,-577.1993502457306
234.79217402264246,239.69598542889048,-582.0691115293754
239.47330731034896,234.9409096735287,-586.9588697178276
244.17374941496672,230.16514979903513,-591.8686247850857
248.89349739463853,225.3687029895663,-596.7983767050417
253.63254830740456,220.5515664297077,-601.7481254514815
258.39089921120234,215.71373730447397,-606.7178709980845
263.1685471638667,210.85521279930882,-611.7076133184239
267.96548922313,205.97599010008508,-616.7173523859664
272.78172244662187,201.07606639310464,-621.7470881740724
277.6172438918694,196.15543886509857,-626.7968206559959
282.4720506162971,191.2141047032271,-631.8665498048849
287.346139677227,186.25206109507954,-636.9562755937808
292.2395081318785,181.2693052286745,-642.0659979956185
297.1521530373685,176.2658342924597,-647.195716983227
302.0840714507115,171.24164547531203,-652.3454325293288
307.03526042881947,166.19673596653772,-657.5151446065399
312.00571702850175,161.13110295587214,-662.7048531873701
316.99543830646536,156.04474363347992,-667.9145582442228
322.00442131931493,150.93765518995502,-673.1442597493951
327.03266312355254,145.80983481632063,-678.3939576750778
332.08016077557795,140.66127970402923,-683.6636519933553
337.1469113316885,135.49198704496263,-688.9533426762059
342.2329118480791,130.301954031432,-694.2630296955014
347.33815938084234,125.09117785617778,-699.5927130230069
352.46265098596854,119.8596557123698,-704.942392630382
357.6063837193455,114.60738479360728,-710.3120684891791
362.7693546367589,109.33436229391879,-715.7017405708448
367.95156079389204,104.04058540776232,-721.1114088467192
373.152999246326,98.72605133002529,-726.5410732880363
378.37366704953934,93.39075725602453,-731.9907338659233
383.6135612589087,88.03470038150631,-737.4603905514014
388.8726789297083,82.65787790264638,-742.9500433153854
394.1510171171101,77.26028701604996,-748.459692128684
399.44857287618396,71.84192491875174,-753.989336961999
404.76534326189756,66.40278880821596,-759.5389777859265
410.1013253291164,60.94287588233633,-765.1086145709558