
-75.21611825883787,750.9339323181312,164.63309525484354
-76.60200763925785,749.6709469806303,163.8111184076986
-77.96808096627494,748.4281623205738,162.96914068948809
-79.31433531576265,747.2055754477134,162.10716210468928
-80.64076776369987,746.0031834713743,161.22518265788582
-81.9473753861709,744.8209835004556,160.32320235376767
-83.23415525936547,743.6589726434295,159.40122119713115
-84.50110445957871,742.5171480083422,158.45923919287895
-85.74822006321124,741.3955067028135,157.49725634602012
-86.97549914676912,740.2940458340365,156.51527266167002
-88.1829387868639,739.2127625087782,155.51328814505044
-89.37053606021263,738.151653833379,154.49130280148947
-90.53828804363786,737.1107169137533,153.44931663642154
-91.68619181406771,736.089948855389,152.38732965538753
-92.81424444853577,735.0893467633477,151.30534186403457
-93.92244302418128,734.1089077422647,150.20335326811622
-95.01078461824896,733.148628896349,149.0813638734923
-96.0792663080892,732.2085073293835,147.93937368612913
-97.12788517115797,731.2885401447246,146.77738271209924
-98.15663828501683,730.3887244453028,145.59539095758163
-99.16552272733303,729.5090573336223,144.3933984288616
-100.15453557587942,728.6495359117608,143.17140513233073
-101.12367390853457,727.8101572813702,141.92941107448712
-102.07293480328269,726.990918543676,140.6674162619351
-103.0023153382137,726.1918167994776,139.38542070138544
-103.91181261559683,725.4123539547141,138.08342439965517
-104.80142387402749,724.6512106306164,136.76142736366774
-105.67114657641343,723.9067310336912,135.41942960045293
-106.52097842823898,723.1772407376808,134.0574311171469
-107.35091737998724,722.4610507390987,132.67543192099217
-108.16096162896754,721.7564615585422,131.27343201933758
-108.95110962054342,721.0617673462962,129.85143141963835
-109.7213600487622,720.3752599989041,128.409430129456
-110.47171185637437,719.6952334474016,126.94742815645851
-111.20216423419767,719.0199884209557,125.46542550842011
-111.91271661972237,718.3478381908808,123.96342219322145
-112.60336869476451,717.67711602364,122.44141821884949
-113.27412038185855,717.006185139624,120.89941359339758
-113.9249718389748,716.3334518133335,119.33740832506543
-114.55592345208258,715.6573817880549,117.75540242215907
-115.16697582511719,714.9765192344618,116.15339589309089
-115.75812976710739,714.289506313844,114.53138874637966
-116.32938627657502,713.5951004863712,112.8893809906505
-116.8807465237704,712.8921863462176,111.22737263463485
-117.41221183173718,712.1797795683673,109.54536368717055
-117.92378365741685,711.4570225503427,107.84335415720176
-118.41546357388336,710.7231738359753,106.12134405377901
-118.88725325433364,709.9775954110487,104.37933338605919
-119.33915445780448,709.2197424699099,102.61732216330552
-119.77116901600041,708.4491586871635,100.83531039488759
-120.18329882039058,707.6654769777601,99.03329809028136
-120.57554580896316,706.8684226965812,97.21128525906911
-120.9479119526159,706.0578146092854,95.36927191093952
-121.30039924183028,705.2335594606602,93.50756754875229
-121.63300967474063,704.3956382007059,91.62709136899886
-121.94574524780066,703.5440843901113,89.72891054609937
-122.23860794999693,702.6789579618118,87.81379599945654
-122.5115997609487,701.8003188652449,85.88224221652591
-122.76472265265285,700.9082038067087,83.93449452408393
-122.99797859428556,700.0026077862267,81.97058342813148
-123.21136955929602,699.083471183367,79.99036322912035
-123.40489753397581,698.1506723772347,77.99355100529911
-123.57856452673315,697.2040253274798,75.97976232018831
-123.73237257741283,696.243281187918,73.94854118798321
-123.86632376615704,695.2681327783147,71.89938330887725
-123.98042022147982,694.2782207031659,69.83175292811929
-124.07466412739522,693.2731400436385,67.74509448610188
-124.14905772958116,692.2524467743765,65.63884049476044
-124.2036033406622,691.2156633625323,63.512645591187884
-124.23830334470446,690.1622842857364,61.36645034989229
-124.25316020091937,689.0917808424414,59.200254782286166
-124.24817644681094,688.003604112615,57.014058899888376
-124.22335470097556,686.8971868994325,54.80786271432413
-124.17869766565818,685.7719451607543,52.581666237324995
-124.11420812912577,684.6272791106314,50.3354694807289
-124.02988895969074,683.4627429027752,48.0692724564801
-123.92574306782404,682.2781929517175,45.783075176629225
-123.8017733709418,681.0736263660802,43.47687765333326
-123.65798278656557,679.8490402549106,41.15067989885553
-123.49437423232229,678.6044317276813,38.8044819255657
-123.31095062594427,677.3397978942908,36.438283745939835
-123.10771488526922,676.0551358650627,34.05208537256029
-122.88466992824017,674.7504427507463,31.645886818115823
-122.64181867290552,673.4257156625166,29.21968809540152
-122.37916403741895,672.0809517119742,26.773489217318815
-122.09670894003946,670.7161480111454,24.307290196875513
-121.79445629913137,669.3313016724817,21.821091047185753
-121.47240903316423,667.9264098088605,19.31489178147003
-121.13057006071288,666.5014695335848,16.788692413055198
-120.76894230045741,665.0564779603834,14.242492955374455
-120.38752867118312,663.5914322034106,11.676293421967356
-119.9863320917805,662.1063293772464,9.090093826479801
-119.56535548124528,660.6011665968966,6.483894182664049
-119.12460175867834,659.0759409777927,3.857694504378703
-118.66407384328573,657.5306496357919,1.2114948055887225
-118.1837746543787,655.9652896871771,-1.4547048996345842
-117.68370711137355,654.3798582486572,-4.140904597113556
-117.16387413379178,652.7743524373667,-6.8471042725641835
-116.62427864125993,651.1487693708657,-9.573303911596104
-116.06492355350967,649.5031061671406,-12.319503499712605
-115.48581179037772,647.8373599446032,-15.085703022310621
-114.88694627180585,646.1515278220916,-17.87190246468074
-114.26832991784092,644.4456069188692,-20.678101812007196
-113.62996564863475,642.7195943546257,-23.504301049367875
-112.97185638444422,640.9734872494764,-26.35050016173431
-112.2940050456312,639.2072827239627,-29.216699133971684
-111.5964145526625,637.420977899052,-32.10289795083883
-110.87908782610994,635.6145698961374,-35.009096596988236
-110.14202778665026,633.7880558370381,-37.93529505696603
-109.38523735506514,631.9414328439991,-40.88149331521198
-108.6087194522412,630.0746980396917,-43.84769135605955
-107.81247699916995,628.187848547213,-46.8338891637358
-106.99651291694774,626.280881490086,-49.84008672236147
-106.16083012677586,624.35379399226,-52.86628401595094
-105.30543154996042,622.4065831781102,-55.912481028412245
-104.43032010791235,620.4392461724378,-58.978677743547074
-103.53549872214745,618.4517801004703,-62.06487414505075
-102.62097031428632,616.4441820878609,-65.17107021651228
-101.68673780605432,614.4164492606892,-68.29726594141427
-100.73280411928162,612.3685787454609,-71.44346130313302
-99.75917217590315,610.3005676691077,-74.60965628493848
-98.76584489795854,608.2124131589878,-77.79585086999421
-97.75282520759222,606.1041123428852,-81.00204504135749
-96.7201160270533,603.97566234901,-84.22823878197919
-95.66772027869558,601.827060305999,-87.47443207470383
-94.59564088497757,599.6583033429146,-90.74062490226963
-93.50388076846244,597.4693885892459,-94.02681724730843
-92.392442851818,595.2603131749081,-97.33300909234572
-91.2613300578167,593.0310742302426,-100.65920041980064
-90.11054530933563,590.7816688860171,-104.00539121198601
-88.94009152935648,588.5120942734256,-107.37158145110827
-87.74997164096553,586.2223475240885,-110.75777111926752
-86.54018856735362,583.9124257700523,-114.16396019845752
-85.31074523181618,581.58232614379,-117.59014867056567
-84.06164455775316,579.232045778201,-121.03633651737304
-82.79288946866905,576.8615818066108,-124.50252372055434
-81.50448288817284,574.4709313627716,-127.98871026167791
-80.19642773997803,572.0600915808617,-131.4948961222058
-78.86872694790262,569.629059595486,-135.02108128349363
-77.52138343586903,567.1778325416759,-138.5672657267908
-76.15440012790417,564.7064075548891,-142.1334494332402
-74.76777994813938,562.2147817710097,-145.71963238387852
-73.3615258208104,559.7029523263485,-149.325814559636
-71.9356406702574,557.1709163576425,-152.9519959413366
-70.49012742092492,554.6186710020553,-156.59817650969788
-69.02498899736189,552.0462133971772,-160.2643562453311
-67.54022832422159,549.453540681025,-163.95053512874114
-66.03584832626163,546.8406499920417,-167.65671314032656
-64.51185192834397,544.2075384690972,-171.38289026037955
-62.968242055434864,541.554203251488,-175.12906646908598
-61.40502163260487,538.880641478937,-178.89524174652533
-59.82219358502881,536.1868502915939,-182.68141607267074
-58.2197608379858,533.4728268300347,-186.48758942738908
-56.59772631685919,530.7385682352624,-190.3137617904408
-54.956092947136554,527.9840716487065,-194.15993314148002
-53.294863654409696,525.2093342122231,-198.02610346005451
-51.614041364374614,522.4143530680951,-201.9122727256057
-49.9136290028315,519.5991253590322,-205.81844091746868
-48.19362949568472,516.7636482281705,-209.7446080148722
-46.454045768942784,513.9079188190731,-213.69077399693865
-44.69488074871835,511.03193427572967,-217.6569388426841
-42.9161373612282,508.13569174255684,-221.64310253101823
-41.11781853279323,505.21918836439784,-225.6492650407444
-39.299927189838414,502.2824212865228,-229.67542635055966
-37.462466258892825,499.32538765462857,-233.72158643905465
-35.60543866658958,496.3480846148389,-237.7877452847137
-33.72884733966584,493.3505093137043,-241.8739028659148
-31.83269520496283,490.3326588982023,-245.98005916092959
-29.91698518942575,487.29453051573694,-250.1062141479233
-27.98172022010382,484.23612131413955,-254.25236780495496
-26.02690322415025,481.1574284416681,-258.4185201099772
-24.052537128822205,478.0584490470076,-262.6046710408362
-22.05862486148081,474.93918027927,-266.8108205752719
-20.045169349591127,471.79961928799395,-271.03696869091794
-18.012173520722143,468.63976322314534,-275.28311536530146
-15.959640302546749,465.459609235117,-279.54926057584333
-13.887572622841725,462.25915447472863,-283.8354042998582
-11.79597340948773,459.038396093227,-288.1415465145542
-9.684845590469283,455.79733124228585,-292.46768719703323
-7.554192093874745,452.535957074006,-296.81382632429074
-5.404015847896309,449.25427074091533,-301.17996387321597
-3.2343197808299777,445.95226939596876,-305.5660998205917
-1.0451068210755545,442.6299501925482,-309.97223414309445
1.1636201028633768,439.28731028446293,-314.3983668172944
3.3918580623794656,435.924346825949,-318.84449781965526
5.63960412876161,432.54105697166983,-323.31062712653454
7.906855373194972,429.13743787671586,-327.79675471418335
10.193608866760995,425.7134866966047,-332.30288055874644
12.499861680437418,422.2692005872812,-336.8290046362623
14.825610885098293,418.8045767051173,-341.37512692266296
17.170853551513993,415.3196122069122,-345.94124739377423
19.53558675035124,411.8143042498923,-350.52736602531553
21.91980755217311,408.2886499917112,-355.1334827928998
24.323513027439056,404.7426465904498,-359.7595976720339
26.746700246504915,401.17629120461623,-364.4057106381182
29.18936627962293,397.5895809931459,-369.07182166644674
31.651508196941776,393.9825131154015,-373.75793073220717
34.13312306850655,390.3550847311731,-378.46403781048093
36.6342079642588,386.70729300067796,-383.190142876243
39.15475995403655,383.0391350845608,-387.93624590436207
41.6947761075743,379.3506081438936,-392.7023468696005
44.254253494503054,375.6417093401758,-397.4884457466142
46.833189184350324,371.91243583533407,-402.294542509953
49.431580246540165,368.1627847917226,-407.12063713406
52.04942375039315,364.392753372123,-411.96672959327236
54.68671676512644,360.6023387397443,-416.83281986182067
57.343456359853754,356.7915380582229,-421.71890791382924
60.01963960358541,352.9603484916227,-426.624993723316
62.71526356522834,349.1087672044351,-431.55107726419266
65.43032531358608,345.23679136157887,-436.4971585102644
68.16482191735882,341.3444181284005,-441.46323743523027
70.91875044514342,337.4316446706738,-446.4493140126828
73.69210796543337,333.49846815460023,-451.4553882161083
76.48489154661887,329.5448857468087,-456.48146001888665
79.29709825698681,325.5708946143557,-461.52752939429155
82.12872516472082,321.5764919247255,-466.5935963154902
84.97976933790123,317.56167484582954,-471.67966075554347
87.85022784450516,313.52644054600734,-476.78572268740595
90.74009775240643,309.47078619402566,-481.9117820839259
93.64937612937568,305.39470895907925,-487.0578389178453
96.57806004308036,301.2982060107902,-492.22389316179954
99.52614656108469,297.1812745192084,-497.40994478831806
102.49363275084974,293.04391165481144,-502.61599376982366
105.48051567973343,288.88611458850454,-507.8420400786328
108.4867924149905,284.70788049162076,-513.0880836869558
111.5124600237726,280.50920653592067,-518.3541245668965
114.55751557312826,276.29008989359284,-523.6401626904525
117.62195613000289,272.05052773725345,-528.946198029515
120.70577876123883,267.7905172399465,-534.2722305558689
123.80898053357538,263.5100555751437,-539.6182602411926
126.93155851364877,259.2091399167447,-544.9842870570584
130.0735097679922,254.8877674390768,-550.3703109749322
133.23483136303582,250.5459353168953,-555.7763319661734
136.41552036510686,246.18364072538327,-561.2023500020354
139.61557384042945,241.8008808401516,-566.6483650536649
142.8349888551248,237.39765283723912,-572.1143770921024
146.07376247521123,232.97395389311254,-577.6003860882821
149.33189176660403,228.5297811846665,-583.106392013032
152.6093737951156,224.06513188922352,-588.6323948370734
155.90620562645543,219.5800031845341,-594.1783945310217
159.22238432623013,215.07439224877666,-599.7443910653856
162.55790695994335,210.54829626055758,-605.3303844105677
165.91277059299603,206.00171239891125,-610.9363745368642
169.2869722906861,201.43463784330007,-616.5623614144647
172.68050911820876,196.84706977361444,-622.208345013453
176.0933781406564,192.23900537017278,-627.8743253038061
179.52557642301855,187.6104418137216,-633.5603022553951
182.97710103018198,182.96137628543534,-639.2662758379843
186.44794902693073,178.29180596691666,-644.9922460212318
189.93811747794604,173.60172804019624,-650.7382127746897
193.4476034478064,168.89113968773287,-656.5041760678033
196.9764040009876,164.16003809241346,-662.290135869912
200.52451620186275,159.40842043755305,-668.0960921502483
204.09193711470223,154.63628390689485,-673.9220448779391
207.67866380367377,149.84362568461023,-679.7679940220044
211.28469333284244,145.0304429552987,-685.6339395513579
214.9100227661706,140.196732903988,-691.5198814348074
218.55464916751814,135.34249271613405,-697.425819641054
222.21856960064216,130.46771957762104,-703.3517541386924
225.90178112919727,125.57241067476137,-709.2976848962113
229.60428081673547,120.65656319429566,-715.2636118819928
233.32606572670616,115.72017432339285,-721.2495350643129
237.06713292245627,110.76324124965014,-727.255454411341
240.82747946723012,105.78576116109302,-733.2813698911405
244.60710242416954,100.78773124617534,-739.327281471668
248.40599885631386,95.76914869377921,-745.3931891207742
252.22416582659991,90.73001069321514,-751.4790928062032
256.0616003978621,85.67031443422195,-757.5849924955929
259.91829963283226,80.59005710696688,-763.710888156475
263.7942605941399,75.48923590204552,-769.8567797562746
267.68948034431213,70.36784801048188,-776.0226672623105
271.60395594577346,65.22589062372838,-782.2085506417955
275.53768446084615,60.06336093366588,-788.4144298618356