
-88.78927983393916,947.1357396009382,-22.42598691819982
-89.54130665063555,945.2698058435977,-24.191246694218332
-90.2736072129272,943.4011298246571,-25.97650634158973
-90.98618202905374,941.528397366935,-27.781765850820797
-91.67903179371493,939.6503625354109,-29.60702521231197
-92.35215737762219,937.7658542395388,-31.45228441635734
-93.0055598161722,935.8737816797067,-33.31754345314464
-93.63924029740126,933.973138811408,-35.202802312755246
-94.25320014934572,932.0630080564879,-37.1080609851642
-94.84744082690808,930.1425633787612,-39.033319460240186
-95.42196389832954,928.2110725332718,-40.97857772774554
-95.97677103143246,926.2678978230481,-42.94383577733625
-96.51186397992203,924.3124943381571,-44.92909359856194
-97.02724457020084,922.3444044730423,-46.93435118086591
-97.52291468931473,920.3632477980354,-48.95960851358508
-97.9988762747167,918.3687063894693,-51.00486558595005
-98.4551313064218,916.3605070546256,-53.07012238708504
-98.89168180181933,914.3384032605663,-55.155378906007954
-99.3085298129211,912.302160422759,-57.26063513163031
-99.70567742529887,910.2515479638354,-59.38589105275731
-100.08312675755347,908.186340108484,-61.53114665808778
-100.44087996003151,906.1063251855943,-63.69640193621421
-100.77893921170401,904.0113209094612,-65.88165687562274
-101.0973067146277,901.9011914887064,-68.08691146469317
-101.39598468604665,899.7758621726754,-70.31216569169894
-101.67497534877886,897.6353277706118,-72.55741954480713
-101.93428092091806,895.4796533974302,-74.8226730120785
-102.17390360599623,893.3089675796042,-77.10792608146741
-102.39384558462338,891.123449219865,-79.41317874082193
-102.59410900834685,888.9233105898479,-81.73843097788375
-102.77469599614182,886.7087786156585,-84.08368278028821
-102.93560863363903,884.4800763150753,-86.44893413556431
-103.07684897496623,882.2374056933954,-88.83418503113471
-103.19841904692287,879.9809329619553,-91.23943545431571
-103.30032085510894,877.7107765780978,-93.66468539231724
-103.38255639157842,875.4269983092411,-96.10993483224291
-103.44512764357302,873.1295973510909,-98.57518376109
-103.48803660289741,870.8185073750649,-101.06043216574939
-103.5112852755284,868.4935962140584,-103.56568003300565
-103.5148756911022,866.1546677640738,-106.090927349537
-103.498809911993,863.8014656086639,-108.63617410191527
-103.46309004176575,861.4336779003188,-111.20142027660602
-103.40771823285421,859.0509430152853,-113.78666585996837
-103.33269669338443,856.6528555707816,-116.39191083825516
-103.23802769311231,854.23897250325,-119.01715519761285
-103.1237135684867,851.8088189482447,-121.66239892408157
-102.98975672688032,849.361893748865,-124.3276420035951
-102.83615965005126,846.8976744863975,-127.01288442198086
-102.6629248969089,844.4156219854854,-129.71812616495993
-102.47005510566393,841.9151842404162,-132.44336721814705
-102.25755299544959,839.3957997491794,-135.1886075670506
-102.02542136749634,836.8569003153733,-137.9538471970726
-101.77366309771963,834.2980823252628,-140.73908609350877
-101.5022810986458,831.7192261869134,-143.54432424154842
-101.21127828858025,829.1203290385519,-146.3695616262746
-100.90065758593272,826.5013880188308,-149.21479823266387
-100.57042190921732,823.8624002668284,-152.08003404558661
-100.22057417705237,821.2033629220488,-154.96526904980675
-99.85111730816057,818.5242731244214,-157.87050322998186
-99.46205422136885,815.8251280143013,-160.79573657066325
-99.05338783560838,813.1059247324697,-163.74096905629582
-98.62512106991461,810.366660420133,-166.70620067121814
-98.1772568434272,807.6073322189238,-169.69143139966246
-97.70979807539001,804.8279372709001,-172.69666122575464
-97.2227476851511,802.0284727185457,-175.72189013351417
-96.71610859216273,799.2089357047703,-178.76711810685427
-96.18988371598128,796.3693233729094,-181.83234512958174
-95.64407597626733,793.5096328667242,-184.9175711853971
-95.07868829278557,790.6298613304018,-188.0227962578945
-94.49372358540481,787.7300059085551,-191.14802033056174
-93.88918477409793,784.8100637462228,-194.29324338678026
-93.26507477894195,781.8700319888696,-197.45846540982518
-92.62139652011793,778.909907782386,-200.64368638286524
-91.95815291791098,775.9296882730882,-203.84890628896287
-91.27534689271026,772.9293706077187,-207.07412511107412
-90.57298136500897,769.9089519334458,-210.31934283204876
-89.8510592554043,766.8684293978635,-213.58455943463017
-89.10958348459742,763.8078001489919,-216.86977490145534
-88.34855697339351,760.7270613352773,-220.174989215055
-87.5679826427017,757.6262101055917,-223.50020235785348
-86.76786341353504,754.505243609233,-226.8454143121688
-85.94820220701057,751.3641589959257,-230.21062506021255
-85.10900194434917,748.2029534158196,-233.5958345840901
-84.2502655468757,745.021624019491,-237.00104286580043
-83.37199593601882,741.8201679579422,-240.4262498872361
-82.47419603331113,738.5985823826014,-243.87145563018345
-81.55686876038907,735.3568644453231,-247.33666007632237
-80.62001703899287,732.0950112983879,-250.82186320722647
-79.66364379096663,728.8130200945023,-254.32706500436302
-78.68775193825824,725.5108879867993,-257.8522654490929
-77.6923444029194,722.1886121288376,-261.39746452267065
-76.67742410710557,718.8461896746024,-264.9626622062445
-75.64299397307593,715.4836177785052,-268.5478584808563
-74.58905692319348,712.1008935953832,-272.15305332744157
-73.51561587992491,708.6980142805003,-275.7782467268296
-72.42267376584061,705.2749769895463,-279.4234386597431
-71.31023350361473,701.8317788786375,-283.08862910679863
-70.17829801602501,698.3684171043163,-286.7738180485063
-69.02687022595292,694.8848888235515,-290.47900546526995
-67.85595305638357,691.3811911937379,-294.20419133738704
-66.6655494304057,687.8573213726969,-297.9493756450487
-65.45566227121166,684.3132765186763,-301.7145583683397
-64.22629450209745,680.7490537903499,-305.49973948723846
-62.97744904646258,677.164650346818,-309.30491898161716
-61.70912882781021,673.5600633476074,-313.1300968312415
-60.42133676974702,669.9352899526712,-316.9752730157708
-59.11407579598325,666.2903273223885,-320.8404475147583
-57.78734883033264,662.6251726175657,-324.7256203076506
-56.44115879671247,658.9398229994346,-328.63079137378816
-55.0755086191435,655.2342756296542,-332.555960692405
-53.69040122174997,651.5085276703097,-336.5011282426288
-52.28583952875961,647.7625762839127,-340.4662940034809
-50.86182646450356,643.9964186334014,-344.4514579538764
-49.41836495341642,640.2100518821403,-348.45662007262393
-47.9554579200362,636.4034731939207,-352.4817803384258
-46.473108289004315,632.5766797329604,-356.52693872987805
-44.97131898506556,628.7296686639035,-360.5920952254703
-43.45009293306811,624.8624371518207,-364.6772498035859
-41.909433057963504,620.9749823622096,-368.78240244250173
-40.349342284806596,617.067301460994,-372.90755312038857
-38.76982353875558,613.1393916145246,-377.0527018153106
-37.170879745071964,609.1912499895785,-381.21784850522585
-35.55251382912054,605.2228737533596,-385.4029931679858
-33.914728716369396,601.2342600734985,-389.6081357813358
-32.25752733238985,597.2254061180521,-393.8332763229148
-30.580912602856497,593.1963090555043,-398.07841477025534
-28.88488745354715,589.1469660547658,-402.34355110078366
-27.16945481034284,585.0773742851738,-406.62868529181975
-25.434617599227803,580.9875309164922,-410.9338173205771
-23.680378746289453,576.8774331189118,-415.258947164163
-21.906741177718374,572.7470780630499,-419.6040747995783
-20.113707819808308,568.596462919951,-423.9692002037176
-18.301281598956134,564.425584861086,-428.35432335336907
-16.469465441661853,560.2344410583527,-432.7594442252145
-14.618262274528568,556.0230286840757,-437.18456279582955
-12.747675024262483,551.7913449110067,-441.6296790416834
-10.857706617672871,547.539386912324,-446.0947929391388
-8.948359981672068,543.2671518616324,-450.57990446445234
-7.019638043275453,538.9746369329645,-455.08501359377425
-5.071543729601437,534.6618393007789,-459.61012030314834
-3.1040799678714417,530.3287561399617,-464.15522456851204
-1.1172496854098874,525.9753846258257,-468.7203263656966
0.8889441903558207,521.6017219341105,-473.3054256704268
2.914498731895313,517.2077652409828,-477.91052245832117
4.959411011575266,512.7935117230362,-482.5356167048918
7.023678101659425,508.3589585572916,-487.18070838554456
9.107297074308612,503.9041029211964,-491.8457974755789
11.21026500158074,499.4289419926253,-496.5308839501879
13.332578955430842,494.93347294988,-501.23596778445847
15.47423600771107,490.4176929716892,-505.96104895337106
17.635233230170723,485.8815992372086,-510.70612743179976
19.815567694456252,481.3251889260212,-515.4712031945123
22.015236472111287,476.7484592181369,-520.2562762161702
24.234236634576646,472.15140729399263,-525.0613464713286
26.472565253190346,467.5340303344526,-529.8864139344363
28.73021939918763,462.89632552080815,-534.7314785798358
31.00719614370097,458.2382900347777,-539.5965403817629
33.303492557760094,453.5599210585068,-544.4815993143477
35.619105712292004,448.8612157745683,-549.3866553516135
37.95403267812097,444.1421713659621,-554.3117084674775
40.30827052596856,439.4027850161154,-559.2567586357503
42.68181632645367,434.64305390888256,-564.2218058301364
45.074667150092516,429.8629752285453,-569.206850024234
47.48682006729865,425.0625461598124,-574.2118911915346
49.918272148383004,420.2417638878202,-579.2369293054239
52.369020463553866,415.40062559813197,-584.281964339181
54.839062082916925,410.5391284767385,-589.3469962659784
57.32839407647528,405.65726971005785,-594.4320250588827
59.83701351412944,400.75504648493535,-599.537050690854
62.36491746567736,395.8324559886438,-604.662073134746
64.91210300081445,390.88949540888325,-609.8070923633062
67.4785671891336,385.92616193378115,-614.9721083491755
70.06430710012515,380.9424527518923,-620.1571210648889
72.66931980317698,375.9383650521989,-625.3621304828745
75.29360236757445,370.9138960241107,-630.5871365754546
77.93715186250049,365.86904285746476,-635.8321393148449
80.59996535703553,360.8038027425256,-641.0971386731549
83.28203992015762,355.7181728699852,-646.3821346223875
85.98337262074234,350.612150430963,-651.6871271344397
88.70396052756288,345.4857326170061,-657.0121161811016
91.44380070929006,340.33891662008887,-662.3571017340576
94.20289023449229,335.1716996326133,-667.7220837648853
96.98122617163563,329.9840788474089,-673.1070622450561
99.7788055890838,324.7760514577329,-678.5120371459351
102.59562555509822,319.5476146572697,-683.937008438781
105.43168313783796,314.29876564013176,-689.3819760947464
108.28697540535981,309.0295016008588,-694.8469400848772
111.16149942561826,303.73981973441823,-700.3319003801133
114.05525226646556,298.42971723620514,-705.8368569512882
116.96823099565168,293.0991913020423,-711.3618097691289
119.90043268082438,287.74823912818,-716.906758804256
122.85185438952921,282.3768579112962,-722.4717040271842
125.82249318920948,276.9850448484968,-728.0566454083214
128.81234614720634,271.57279713731504,-733.6615829179696
131.82141033075874,266.14011197571216,-739.286516526324
134.84968280700355,260.686986562077,-744.9314462034739
137.89716064297536,255.21341809522616,-750.596371919402
140.96384090560676,249.71940377440401,-756.2812936439848
144.0497206617282,244.2049407992827,-761.9862113469924
147.154796978068,238.67002636996213,-767.7111249980884
150.27906692125242,233.11465768697008,-773.4560345668306
153.4225275578057,227.5388319512621,-779.2209400226699
156.58517595414995,221.94254636422156,-785.0058413349511
159.7670091766053,216.3257981276597,-790.8107384729129
162.96802429138987,210.68858444381567,-796.6356314056873
166.18821836461973,205.03090251535642,-802.4805201023
169.42758846230905,199.35274954537684,-808.3454045316709
172.68613165036993,193.65412273739972,-814.2302846626127
175.96384499461257,187.93501929537575,-820.1351604638324
179.26072556074527,182.19543642368365,-826.0600319039306
182.5767704143743,176.43537132712993,-832.0048989514014
185.9119766210041,170.65482121094922,-837.9697615746327
189.26634124603723,164.8537832808041,-843.9546197419058
192.63986135477435,159.03225474278508,-849.9594734213962
196.0325340124143,153.19023280341077,-855.9843225811726
199.44435628405395,147.3277146696277,-862.0291671891976
202.87532523468846,141.44469754881058,-868.0940072133272
206.32543792921115,135.54117864876207,-874.1788426213117
209.79469143241352,129.61715517771296,-880.2836733807943
213.2830828089853,123.6726243443221,-886.4084994593125
216.79060912351449,117.70758335767646,-892.553320824297
220.31726744048726,111.72202942729109,-898.7181374430725
223.8630548242881,105.71595976310923,-904.9029492828571
227.4279683391998,99.68937157550222,-911.107756310763
231.01200504940334,93.64226207526957,-917.3325584937957
234.61516201897817,87.57462847363898,-923.5773557988543
238.23743631190194,81.48646798226635,-929.842148192732
241.8788249920507,75.37777781323575,-936.1269356421153
245.53932512319884,69.2485551790595,-942.4317181135846
249.21893376901912,63.09879729267815,-948.7564955736137