
-3.5587682454372676,917.7049918742136,-68.10651022870027
-4.110350709297861,917.3753500671409,-68.21032447608499
-4.641980678548389,917.0542139816848,-68.33413836074878
-5.153657017304699,916.7402599187277,-68.47795188203327
-5.645378784840151,916.432130386981,-68.6417650391737
-6.117145240637571,916.1284332369597,-68.82557783129901
-6.569273146142887,915.8277466806036,-69.02939025743176
-7.002492631671386,915.5286503962514,-69.25320231648816
-7.417446181950378,915.2297677616438,-69.49701400727807
-7.814448531332792,914.9297788299541,-69.76082532850502
-8.193557274458684,914.6274166822136,-70.04463627876619
-8.554630066750436,914.3214652728333,-70.34844685655239
-8.89737388013246,914.0107574094964,-70.67225706024806
-9.221389793055543,913.6941715698377,-71.01606688813136
-9.526214998320288,913.370626366484,-71.37987633837406
-9.811361981425794,913.0390718455067,-71.76368540904157
-10.076572142679707,912.6984775822854,-72.16749409809297
-10.321832858949689,912.3478288905079,-72.59130240338098
-10.547145673702515,911.986123038656,-73.03511032265199
-10.752512276205094,911.6123571838674,-73.49891785354602
-10.937934502214427,911.2255199138192,-73.98272499359675
-11.103414335561679,910.8245874296683,-74.48653174023151
-11.248953909975755,910.4085239537691,-75.01033809077127
-11.374555510593432,909.9762854371035,-75.55414404243066
-11.480221574754777,909.5268254711308,-76.11794959231798
-11.565954691839133,909.0591023702723,-76.70175473743517
-11.63175760203599,908.5720865753068,-77.30555947467779
-11.677633174381864,908.0651723660382,-77.92936380083509
-11.703584320952514,907.5382633944504,-78.57316771258996
-11.70961395847227,906.9913567549157,-79.23697120651893
-11.695725003771397,906.424449542232,-79.92077427909219
-11.661920373786078,905.8375388516222,-80.62457692667358
-11.608202985558394,905.230621778735,-81.3483791455206
-11.534575756236322,904.6036954196445,-82.09218093178438
-11.441041603073703,903.9567568708501,-82.85598228150974
-11.327603443430236,903.2898032292766,-83.6397831906351
-11.194264194771463,902.6028315922745,-84.44358365499255
-11.04102677466875,901.8958390576197,-85.26738367030785
-10.86789410079927,901.1688227235137,-86.1111832322004
-10.674869090945997,900.4217796885833,-86.97498233618326
-10.461954662997671,899.6547070518811,-87.85878097766313
-10.229153734948808,898.8676019128851,-88.76257915194034
-9.976469224899665,898.0604613714991,-89.68637685420892
-9.703904051056234,897.2332825280521,-90.63017407955651
-9.41146113173022,896.3860624832992,-91.59397082296442
-9.099143385339033,895.5187983384208,-92.57776707930763
-8.766953730405763,894.6314871950228,-93.58156284335473
-8.414895085559175,893.7241261551372,-94.60535810976799
-8.042970369533688,892.7967123212213,-95.64915287310332
-7.651182501169356,891.8492427961583,-96.71294712781028
-7.239534399411861,890.8817146832569,-97.79674086823209
-6.8080289833124885,889.8941250862516,-98.90053408860562
-6.356669172028121,888.8864711093029,-100.0243267830614
-5.885457884821214,887.8587498569966,-101.16811894562358
-5.3943980410597865,886.8109584343446,-102.33191057021
-4.883492560217403,885.7430939467843,-103.51570165063214
-4.352744361873156,884.655153500179,-104.71949218059511
-3.8021563657116557,883.5471342008182,-105.94328215369771
-3.2317314915230098,882.4190331554166,-107.18707156343235
-2.6414726592028104,881.2708474711151,-108.45086040318513
-2.031382788752117,880.1025742554802,-109.73464866623578
-1.4014648002774428,878.9142106165046,-111.03843634575769
-0.7517216139907371,877.7057536626066,-112.36222343481789
-0.08215615020937117,876.4772005026307,-113.70600992637708
0.6072286706438779,875.228548245847,-115.0697958132896
1.3164299280408425,873.9597940019516,-116.45358108830344
2.04544470134798,872.6709348810668,-117.85736574406025
2.794270069826388,871.3619679937406,-119.28114977309534
3.5629031126318207,870.032890450947,-120.72493316783765
4.351340908814704,868.683699364086,-122.1887159206098
5.15958053732015,867.3143918449838,-123.67249802362801
5.987619076987975,865.9249650058924,-125.17627946900224
6.835453606552711,864.5154159594899,-126.70006024873601
7.7030812046436274,863.0857418188807,-128.24384035472656
8.59049894978474,861.6359396975947,-129.80761977876475
9.49770392039483,860.1660067095884,-131.3913985125351
10.424693194787462,858.6759399692442,-132.99517654761576
11.37146385117099,857.1657365913705,-134.61895387547858
12.338012967648586,855.6353936912024,-136.26273048748902
13.324337622218247,854.0849083844003,-137.92650637490624
14.330434892772809,852.5142777870512,-139.61028152888298
15.35630185709997,850.9234990156684,-141.3140559404657
16.4019355928823,849.3125691871912,-143.03782960059448
17.46733317769726,847.6814854189852,-144.78160250010305
18.552491689017213,846.0302448288421,-146.54537462971882
19.657408204209446,844.35884453498,-148.32914598006286
20.782079800536177,842.6672816560431,-150.13291654164982
21.926503555154575,840.955553311102,-151.95668630488808
23.090676545116786,839.2236566196534,-153.80045526007964
24.274595847369923,837.4715887016206,-155.6642233974202
25.478258538756105,835.6993466773529,-157.547990706999
26.701661696012465,833.9069276676262,-159.45175717879908
27.94480239577117,832.0943287936425,-161.37552280269702
29.207677714559424,830.2615471770304,-163.3192875684631
30.490284728799487,828.4085799398446,-165.28305146576122
31.792620514808704,826.5354242045663,-167.266814484149
33.1146821487995,824.6420770941033,-169.27057661307765
34.45646670687943,822.7285357317897,-171.29433784189206
35.81797126505115,820.7947972413859,-173.3380981598308
37.19919289921245,818.8408587470789,-175.40185755602602
38.60012868515629,816.866717373482,-177.4856160195036
40.020775698570795,814.8723702456352,-179.58937353918304
41.461131015039264,812.857814489005,-181.7131301038775
42.92119171004021,810.8230472294842,-183.85688570229374
44.40095485894735,808.7680655933924,-186.0206403230323
45.90041753702965,806.6928667074754,-188.20439395458723
47.419576819451294,804.597447698906,-190.40814658534634
48.958429781271754,802.4818056952831,-192.63189820359105
50.51697349744576,800.3459378246325,-194.87564879749644
52.09520504282335,798.1898412154067,-197.13939835513128
53.69312149214987,796.0135129964843,-199.42314686445792
55.310719920065985,793.8169502971712,-201.72689431333242
56.94799740110769,791.6001502471994,-204.05064068950446
58.60495100970637,789.3631099767279,-206.39438598061741
60.28157782018874,787.1058266163423,-208.75813017420828
61.977874906776925,784.8282972970549,-211.14187325770772
63.69383934358845,782.5305191503046,-213.54561521844008
65.42946820463625,780.2124893079572,-215.9693560436233
67.1847585638287,777.8742049023051,-218.41309572036903
68.95970749496962,775.5156630660675,-220.87683423568254
70.7543120717583,773.1368609323904,-223.36057157646277
72.56856936778952,770.7377956348466,-225.86430772950231
74.40247645655352,768.3184643074358,-228.3880426814874
76.25603041143609,765.8788640845842,-230.931776418998
78.12922830571853,763.4189921011452,-233.4955089285076
80.02206721257768,760.9388454923989,-236.07924019638347
81.93454420508593,758.4384213940522,-238.68297020888642
83.86665635621127,755.9177169422388,-241.30669895217102
85.81840073881725,753.3767292735197,-243.95042641228545
87.78977442566304,750.8154555248823,-246.61415257517152
89.78077448940344,748.2338928337412,-249.29787742666474
91.79139800258886,745.632038337938,-252.00160095249427
93.82164203766538,743.0098891757409,-254.7253231382829
95.87150366697473,740.3674424858457,-257.4690439695471
97.94097996275435,737.7046954073745,-260.232763431697
100.03006799713735,735.021645079877,-263.01648151003633
102.13876484215258,732.3182886433294,-265.82019818976255
104.26706756972459,729.5946232381353,-268.64391345596675
106.4149732516737,726.8506460051253,-271.4876272936337
108.58247895971597,724.0863540855568,-274.3513396876417
110.76958176546326,721.3017446211145,-277.23505062276286
112.97627874042318,718.4968147539101,-280.13876008366293
115.2025669559992,715.6715616264826,-283.0624680549012
117.44844348349056,712.8259823817979,-286.0061745209308
119.7139053940924,709.960074163249,-288.9698794660984
121.99894975889563,707.0738341146564,-291.95358287464427
124.30357364888714,704.1672593802673,-294.95728473070244
126.62777413494959,701.2403471047564,-297.98098501830054
128.9715482878616,698.2930944332257,-301.0246837213599
131.3348931782977,695.325498511204,-304.0883808236955
133.71780587682838,692.3375564846476,-307.172076309016
136.12028345392002,689.3292654999401,-310.2757701609236
138.542322979935,686.3006227038923,-313.39946236291433
140.98392152513165,683.2516252437421,-316.5431528983777
143.44507615966432,680.1822702671549,-319.706841750597
145.92578395358336,677.0925549222235,-322.89052890274917
148.42604197683517,673.9824763574677,-326.09421433790476
150.94584729926214,670.8520317218349,-329.317898039028
153.48519699060273,667.7012181646996,-332.5615799889768
156.04408812049152,664.530032835864,-335.8252601705027
158.62251775845914,661.3384728855572,-339.10893856625086
161.2204829739323,658.1265354644363,-342.4126151587602
163.83798083623387,654.8942177235854,-345.7362899304632
166.47500841458285,651.6415168145161,-349.07996286368615
169.13156277809435,648.3684298891675,-352.4436339406488
171.80764099577968,645.0749540999061,-355.82730314346463
174.5032401365463,641.7610865995259,-359.23097045414085
177.21835726919795,638.4268245412485,-362.6546358545782
179.9529894624345,635.0721650787227,-366.09829932657124
182.70713378485203,631.6971053660251,-369.561960851808
185.48078730494296,628.3016425576598,-373.04562041187046
188.27394709109586,624.8857738085583,-376.5492779882339
191.08661021159566,621.4494962740797,-380.07293356226745
193.91877373462353,617.992807110011,-383.6165871152339
196.770434728257,614.5157034725662,-387.1802386282898
199.64159026046983,611.0181825183874,-390.76388808248515
202.53223739913219,607.5002414045443,-394.36753545876365
205.44237321201058,603.9618772885339,-397.99118073796274
208.3719947667679,600.403087328281,-401.6348239008135
211.32109913096335,596.8238686821383,-405.2984649279407
214.2896833720526,593.2242185088858,-408.9821037998627
217.27774455738773,589.6041339677314,-412.6857404969916
220.28527975421724,585.9636122183108,-416.4093749996331
223.31228602968608,582.3026504206873,-420.1530072879865
226.3587604508356,578.6212457353521,-423.91663734214484
229.42470008460376,574.919395323224,-427.7002651420949
232.51010199782488,571.1970963456495,-431.503890667717
235.61496325722985,567.454345964403,-435.3275138987851
238.7392809294461,563.691141341687,-439.171134814967
241.88305208099754,559.9074796401312,-443.03475339582394
245.0462737783047,556.1033580227937,-446.91836962081095
248.22894308768466,552.2787736531602,-450.8219834692767
251.43105707535105,548.4337236951442,-454.7455949204635
254.65261280741416,544.5682053130871,-458.68920395350733
257.8936073498809,540.6822156717584,-462.6528105474378
261.15403776865463,536.7757519363554,-466.63641468117834
264.4339011295356,532.8488112725031,-470.6400163335458
267.73319449822077,528.9013908462548,-474.66361548325085
271.05191494030345,524.9334878240915,-478.7072121088978
274.3900595212739,520.9450993729223,-482.77080618898464
277.747625306519,516.9362226600842,-486.85439770190294
281.1246093613225,512.9068548533423,-490.957986625938
284.52100875086467,508.8569931208897,-495.08157293926877
287.9368205402227,504.78663463134734,-499.22515661996783
291.3720417943705,500.6957765537645,-503.38873764600146
294.8266695781787,496.58441605761834,-507.57231599522964
298.3007009564149,492.45255031281414,-511.7758916454059
301.7941329937434,488.30017648968527,-515.9994645741775
305.3069627547253,484.1272917589932,-520.2430347590855
308.8391873038187,479.93389329192746,-524.5066021775643
312.3908037053784,475.7199782601059,-528.7901668069422
315.9618090236562,471.48554383557433,-533.0937286244414
319.5522003228008,467.2305871908068,-537.4172876071771
323.1619746668577,462.9551054987055,-541.7608437321587
326.79112911976944,458.6590959326009,-546.1243969762891
330.4396607453755,454.34255566625166,-550.5079473163648
334.10756660741214,450.00548187384464,-554.9114947290763
337.7948437695129,445.6478717299949,-559.3350391910071
341.50148929520816,441.26972240974584,-563.778580678635
345.22750024792526,436.87103108856905,-568.2421191683311
348.9728736909886,432.45179494236453,-572.7256546363604
352.7376066876197,428.01201114746044,-577.2291870588815
356.521696300937,423.5516768806133,-581.7527164119466
360.32513959395607,419.070789319008,-586.2962426715015
364.14793362958955,414.5693456402577,-590.8597658133858
367.99007547064724,410.0473430224041,-595.4432858133329
371.85156217983604,405.50477864391706,-600.0468026469694
375.7323908197599,400.9416496836949,-604.6703162898159
379.6325584529201,396.35795332106443,-609.3138267172867
383.55206214171477,391.7536867357808,-613.9773339046898
387.49089894843956,387.1288471080276,-618.6608378272266
391.44906593528714,382.48343161841694,-623.3643384599923
395.4265601643474,377.81743744798933,-628.0878357779757
399.42337869760746,373.1308617782137,-632.8313297560595
403.4395185969517,368.4237017909877,-637.59482036902
407.47497692416175,363.6959546686373,-642.378307591527
411.52975074091654,358.94761759391696,-647.181791398144
415.6038371087922,354.17868775000983,-652.0052717633282
419.6972330892624,349.3891623205275,-656.8487486614306
423.8099357436978,344.57903848951014,-661.7122220666956
427.9419421333666,339.74831344142666,-666.5956919532615
432.09324931943434,334.8969843611745,-671.4991582951602
436.2638543629638,330.0250484340795,-676.4226210663172
440.45375432491534,325.1325028458964,-681.3660802405518
444.66294626614655,320.2193447828085,-686.3295357915769
448.89142724741254,315.28557143142774,-691.312987692999
453.1391943293658,310.33117997879475,-696.3164359183182
457.40624457255626,305.35616761237884,-701.3398804409287
461.6925750374313,300.3605315200781,-706.3833212341178
465.9981827843359,295.34426889021915,-711.446758271067
470.32306487351235,290.3073769115576,-716.5301915248509
474.66721836510055,285.2498527732776,-721.6336209684382
479.0306403191379,280.1716936649922,-726.7570465746911
483.4133277955593,275.0728967767431,-731.9004683163656
487.8152778541974,269.953459299001,-737.0638861661113
492.2364875547821,264.8133784226652,-742.2473000964712
496.67695395694113,259.652651339064,-747.4507100798825
501.1366741201997,254.4712752399543,-752.6741160886756
505.6156451039807,249.26924731752214,-757.9175180950749
510.11386396760463,244.04656476438225,-763.1809160711982
514.6313277702897,238.80322477357834,-768.4643099890573
519.1680335711516,233.53922453858289,-773.7676998205573
523.723978429204,228.25456125329742,-779.0910855374972
528.299159403358,222.94923211205239,-784.4344671115696
532.8935735524225,217.62323430960708,-789.7978445143607
537.5072179351041,212.27656504114987,-795.1812177173506
542.1400896100072,206.909221502298,-800.5845866919128
546.7921856356339,201.5212008890978,-806.0079514093147
551.4635030703843,196.1125003980245,-811.4513118407173
556.1540389725558,190.68311722598244,-816.9146679571751
560.863790400344,185.23304857030493,-822.3980197296364
565.5927544118423,179.76229162875438,-827.9013671289433
570.3409280650418,174.27084359952224,-833.4247101258314
575.1083084178314,168.758701681229,-838.96804869093
579.8948925279981,163.22586307292437,-844.5313827947622
584.7006774532266,157.67232497408702,-850.1147124077446
589.5256602510997,152.09808458462481,-855.7180375001875
594.3698379790977,146.50313910487478,-861.3413580422949
599.2332076945994,140.88748573560304,-866.9846740041647
604.115766454881,135.2511216780049,-872.647985355788
609.017511317117,129.5940441337049,-878.33129206705
613.9384393383799,123.9162503047567,-884.0345941077294
618.8785475756399,118.21773739364325,-889.7578914474985
623.8378330857654,112.49850260327668,-895.5011840559235
628.8162929255228,106.75854313699837,-901.264471902464
633.8139241515767,100.99785619857897,-907.0477549564735
638.8307238204894,95.21643899221839,-912.8510331871989
643.8666889887216,89.41428872254583,-918.6743065637812
648.921816712632,83.59140259461981,-924.5175750552547
653.9961040484773,77.74777781392815,-930.3808386305475
659.0895480524123,71.883411586388,-936.2640972584815
664.20214578049,65.99830111834584,-942.167350907772
669.3338942886617,60.09244361657757,-948.0905995470281