
265.90935981365374,883.8204790843367,90.11597085319166
265.87936957990826,883.8504824863551,90.14597013441018
265.8293894222303,883.9004917199744,90.19596893626381
265.7594222577479,883.9705097003749,90.26596725848668
265.6696057845792,884.0605393357588,90.33596510071543
265.55994292006415,884.1705835142461,90.3859624625867
265.4303018007645,884.3006451431883,90.41595934383463
265.28068534423187,884.4507271360635,90.4259557442997
265.1110964681243,884.6208324059244,90.41595166392877
264.92153809020584,884.8109638653982,90.38594710277502
264.7120131283468,885.0211244266865,90.33594206099801
264.4825245005237,885.2513170015652,90.26593653886364
264.2530751248103,885.5015435290974,90.17593053674418
264.04366791928015,885.7718020587708,90.06592405511823
263.8543058019091,886.06208966736,89.93591709457075
263.6849916905665,886.3724034312144,89.78590965579309
263.535728503015,886.702740426257,89.6159017395829
263.4065191569106,887.0530977279864,89.42589334684419
263.2973665698027,887.4234724114747,89.21588447858737
263.2082736591341,887.8138615513691,88.98587513592915
263.1392433422408,888.2242622218911,88.73586532009263
263.0902785363523,888.6546714968367,88.46585503240725
263.06138215859124,889.1050864495767,88.1758442743088
263.05255712597364,889.5755041530562,87.86583304733944
263.0638063554087,890.0659216797949,87.53582135314765
263.0951327636989,890.5763361018871,87.18580919348831
263.14653926754016,891.106744491002,86.81579657022262
263.21802878352133,891.6571439183831,86.42578348531812
263.289603255846,892.2075324271715,86.01576994084874
263.34126073956753,892.7379119496582,85.58575593899475
263.37299831754893,893.2482853908116,85.13574148204277
263.38481307275913,893.7386556560255,84.6657265723858
263.3767020882729,894.2090256511191,84.17571121252314
263.3486624472712,894.6593982823373,83.66569540506049
263.30069123304065,895.08977645635,83.13567915270987
263.23278552897403,895.5001630802528,82.58566245828968
263.1449424185702,895.8905610615664,82.03564532471579
263.0371589854339,896.2609733082368,81.5056277549041
262.9094323132759,896.6114027286357,80.995609751673
262.7617594859131,896.9418522315598,80.50559131773454
262.59413758726845,897.2523247262311,80.0355724556944
262.40656370137094,897.5428231222971,79.58555316805197
262.19903491235567,897.8133503298304,79.15553345720024
261.9715483044639,898.0639092593289,78.74551332542582
261.74410096203405,898.2945018494281,78.33549277491792
261.53668996940445,898.5051261500392,77.9054718078657
261.3493124108157,898.6957792392113,77.4554504265558
261.18196537040177,898.8664581954184,76.98542863338126
261.0346459321903,899.01716009756,76.49540643084144
260.90735118010235,899.147882024961,75.98538382154206
260.8000781979524,899.258621057371,75.45536080819518
260.71282406944863,899.3493742749656,74.90533739361923
260.62558685048896,899.4401397305976,74.33531358073901
260.51836848612106,899.5509193662691,73.74528937258563
260.39117189377737,899.68171609588,73.13526477229657
260.2439999909966,899.8325328329045,72.50523978311568
260.07685569542366,900.0033724903914,71.85521440839315
259.88974192480964,900.1942379809639,71.18518865158553
259.682661597012,900.4051322168198,70.49516251625572
259.45561762999404,900.6360581097313,69.78513600607296
259.2086129418255,900.8870185710448,69.05510912481284
258.9416504506822,901.1580165116814,68.30508187635735
258.6547330748459,901.4490548421363,67.53505426469478
258.34786373270487,901.7601364724795,66.7450262939198
258.02104534275304,902.0912643123551,65.93499796823343
257.67428082359066,902.4424412709814,65.10496929194304
257.307573093924,902.8136702571512,64.25494026946232
256.92092507256547,903.2049541792318,63.38491090531139
256.51433967843326,903.6162959451646,62.49488120411666
256.08781983055184,904.0476984624652,61.5848511706109
255.64136844805154,904.4991646382236,60.65482080963325
255.17498845016874,904.9706973791042,59.704790126129204
254.68868275624573,905.4622995913453,58.734759125150596
254.18245428573084,905.9739741807598,57.74472781185562
253.65630595817825,906.5057240527345,56.73469619150881
253.11024069324813,907.0575521122307,55.70466426948108
252.54426141070653,907.6294612637836,54.65463205124967
251.9583710304254,908.2214544115026,53.58459954239819
251.3525724723826,908.8335344590713,52.49456674861658
250.7268686566618,909.4657043097476,51.384533675701164
250.0812625034525,910.1179668663633,50.254500329554595
249.41575693305015,910.7903250313243,49.10446671618589
248.7303548658559,911.4827817066108,47.93443284171041
248.02505922237674,912.1953397937768,46.74439871234988
247.29987292322545,912.9280021939505,45.534364334432354
246.55479888912058,913.6807718078342,44.30432971439227
245.7898400408864,914.4536515357041,43.0542948587704
245.00499929945295,915.2466442774105,41.784259774213865
244.200279585856,916.0597529323776,40.49422446747615
243.37568382123706,916.8929803996037,39.18418894541709
242.53121492684323,917.746329577661,37.85415321500287
241.66687582402736,918.6198033646956,36.50411728330601
240.80266846195167,919.4934036861757,35.15408115749655
239.95859090062785,920.3471285784188,33.82404484474451
239.134640227682,921.1809751058446,32.514008352122445
238.33081353063324,921.9949403332972,31.223971686596535
237.54710789689358,922.7890213260456,29.953934855026613
236.78352041376812,923.5632151497838,28.703897864166173
236.04004816845492,924.3175188706301,27.473860720662355
235.31668824804515,925.0519295551283,26.263823431055947
234.59343773953182,925.7664452425339,25.073786001781382
233.8502937299074,926.4610678616774,23.903748439166755
233.0872533062613,927.1358003141013,22.7537107494338
232.3043135557886,927.790645501773,21.623672938697904
231.5014715657904,928.4256063270848,20.513635012968106
230.67872442367351,929.0406856928537,19.42359697814709
229.8360692169506,929.6358865023215,18.35355884003119
228.97350303324015,930.2112116591547,17.303520604310396
228.09102393255407,930.7866640674094,16.253482276577206
227.1886338641599,931.3822466311406,15.183443862424113
226.26633574971842,931.9979622540128,14.093405367541104
225.32413251099638,932.6338138392645,12.98336679772452
224.36202706986626,933.2898042897078,11.853328158877048
223.38002234830648,933.9659365077291,10.70328945700773
222.37829985174923,934.6616290474644,9.533250698231956
221.35778907028998,935.3746879704986,8.343211888771476
220.33831385886978,936.1056993559603,7.13317303495438
219.33895024463942,936.8568579583304,5.903134143215117
218.3597011497754,937.6281608442578,4.6530952200944835
217.40056949634723,938.4196050799653,3.38305627223963
216.4615582063175,939.2311877312494,2.0930173064040547
215.5426702015418,940.0629058634806,0.7829783294476105
214.64390835293324,940.9137108548833,-0.5470606516635004
213.76527523874023,941.7807189029986,-1.897099629856724
212.8867731694646,942.6649737310316,-3.267138597953156
211.9884049265974,943.5693581312521,-4.657177548667541
211.0701734317782,944.4938750007915,-6.067216474608271
210.13208160675194,945.4385272363555,-7.49725536827739
209.1741323733694,946.4033177342235,-8.947294222070589
208.1963286535868,947.3882493902486,-10.41733302827721
207.19867336946598,948.3933250998579,-11.90737177908024
206.18116944317438,949.4185477580523,-13.417410466556317
205.16381979697613,950.4639192871193,-14.947449082675734
204.16662735313446,951.5294377197702,-16.497487619302426
203.18959503381433,952.6151001160024,-18.06752606819398
202.23272576107348,953.7209035353877,-19.657564421001634
201.29602245686246,954.8468450370714,-21.267602669270268
200.37948804302457,955.9929216797726,-22.89764080443842
199.48312544129584,957.1591305217846,-24.54767881783828
198.6069375733051,958.3454686209744,-26.217716700695675
197.7309263882952,959.5319340071059,-27.887754444138956
196.83508994635838,960.6985285990918,-29.53779203929647
195.919425335396,961.8452552885218,-31.167829477394054
194.9839296434148,962.9721169674101,-32.777866749763895
194.02859995852702,964.0791165281959,-34.36790384784453
193.05343336895032,965.1662568637425,-35.93794076318086
192.0584269630079,966.2335408673387,-37.48797748742412
191.04357782912842,967.2809714326971,-39.01801401233191
190.00888305584607,968.3085514539555,-40.528050329768185
188.9543397318006,969.316283825676,-42.01808643170324
187.87994494573724,970.3041714428455,-43.48812231021373
186.7856957865068,971.2722172008753,-44.93815795748266
185.67158934306573,972.2204239956013,-46.36819336579938
184.537622704476,973.1487947232841,-47.778228527559605
183.3837929599052,974.0573322806086,-49.1682634352654
182.21009719862656,974.9460395646844,-50.538298081525184
181.016533030609,975.8256280358775,-51.888332459053714
179.80310029456209,976.7098180334531,-53.21836656067212
178.5698000753529,977.604508603718,-54.52840037930787
177.3166343012563,978.5153787209666,-55.81843390799478
176.04360561280367,979.4458265707341,-57.088467139873046
174.75071690414302,980.3964615312319,-58.338500068189184
173.4379710990117,981.3672864986942,-59.56853268629608
172.1053711212526,982.3583043689284,-60.77856498765298
170.75291892252685,983.3495180373513,-61.96859696582545
169.3806125654512,984.3209303993784,-63.13862861448545
167.98844914046072,985.2725443508143,-64.28865992741126
166.57642573809594,986.2043627878877,-65.41869089848754
165.14453944900305,987.1163886072519,-66.5287215217053
163.69278736393386,988.0086247059844,-67.61875179116186
162.22116657374582,988.8810739815867,-68.68878170106093
160.72967416940202,989.7337393319849,-69.7388112457126
159.23830724196236,990.5666226832419,-70.76884041953325
157.7670628824861,991.3797220726949,-71.77886921704567
156.31593818193429,992.1730345658182,-72.76889763287896
154.88493023116106,992.94655722851,-73.73892566176859
153.47403612091355,993.7002871270929,-74.68895329855638
152.08325294183194,994.434221328314,-75.61898053819053
150.71257778444948,995.1483568993447,-76.52900737572556
149.36200773919245,995.8426909077804,-77.41903380632233
148.03153989638022,996.5172204216411,-78.30905982523926
146.71972482637432,997.1719425796929,-79.21908542773468
145.42308709655396,997.8068549009055,-80.14911060896951
144.13848426867864,998.4219554230996,-81.09913536399829
142.84938629225488,999.024171137744,-82.0691596877692
141.5403777620766,999.6157563831288,-83.05918357512408
140.2114565429912,1000.189786174344,-84.06920702079844
138.8644592569166,1000.7440111423821,-85.09923001942143
137.50434672305576,1001.2784335929941,-86.14925256551582
136.13606440080278,1001.793055046713,-87.21927465349808
134.76275085243267,1002.2878764538619,-88.3092962776783
133.38674510068145,1002.762898370526,-89.41931743226024
131.9999390352399,1003.2181215337797,-90.52933811135017
130.59320002307524,1003.6535484066579,-91.61935830905435
129.16652515480556,1004.069181896456,-92.68937801957654
127.71991152115493,1004.4650249108935,-93.73939723722685
126.2533562129535,1004.8410803581141,-94.76941595642175
124.76685648405883,1005.2007024478735,-95.77943417168406
123.26041057442602,1005.554122078271,-96.76945187764295
121.73401842874077,1005.9124250030779,-97.73946906903394
120.18768141459991,1006.2853861420364,-98.70948574069007
118.62140218650799,1006.6785742578567,-99.69950188744434
117.03518366965613,1007.0919922587603,-100.7095175040323
115.42902878934147,1007.5256430525421,-101.73953258508314
113.80294047096713,1007.97952954657,-102.7895471251197
112.15692164004224,1008.4536546477855,-103.85956111855846
110.49097522218193,1008.948021262703,-104.94957455970957
108.80510414310729,1009.4626322974109,-106.05958744277683
107.0993103563579,1009.9774906576057,-107.16959976186654
105.37359222857576,1010.4788144112493,-108.25961151108501
103.62794868775613,1010.9795058625975,-109.32962268463606
101.86238045107886,1011.4901014816918,-110.37963327682985
100.08003985126845,1012.0165462165431,-111.40964328208287
98.28443091954574,1012.5609457172717,-112.419652694918
96.47606429548762,1013.1231640119495,-113.40966150996445
94.65526777128467,1013.702883532968,-114.3796697219578
92.8383854292553,1014.3014015616678,-115.32967732574
91.04159333568913,1014.9201831051738,-116.2596843162593
89.26489441700305,1015.5592252332483,-117.16969068857036
87.50829159950706,1016.2185250152265,-118.05969643783416
85.77178733680887,1016.8883582084651,-118.92970155931806
84.05538190916073,1017.5531819875763,-119.77970604839575
82.35907388939658,1018.2050510013675,-120.60970990054729
80.68286111215832,1018.8409699654833,-121.41971311135909
79.02674204077609,1019.4785996808893,-122.2097156765239
77.39071838882525,1020.1300688907663,-122.97971759184087
75.77479137013225,1020.785766475601,-123.72971885321546
74.17896116175228,1021.4403886869258,-124.45971945665949
72.60322729654058,1022.0901707892059,-125.16971939829115
71.04758881378643,1022.7320583836972,-125.85971867433497
69.51204434857108,1023.3635533576844,-126.52971728112185
67.99659221053383,1023.9826804372681,-127.17971521508902
66.50123075999225,1024.5941737413514,-127.8097124727801
65.02595949613615,1025.205527993857,-128.41970905084506
63.57077866175289,1025.820739490375,-129.00970494604016
62.13568911067146,1026.4441801329538,-129.5797001552281
60.720692366709706,1027.0807036922124,-130.1296946753779
59.3257906764963,1027.735159954044,-130.65968850356492
57.95098685384946,1028.409818187153,-131.16968163697092
56.596283822942105,1029.1046754601903,-131.65967407288397
55.2416835355617,1029.7997298137036,-132.1296658086985
53.86718405434537,1030.4749831773893,-132.5796568419153
52.472782469739776,1031.13043845362,-133.00964717014153
51.058475872297386,1031.7660985451923,-133.41963679109068
49.62426135267653,1032.3819663553277,-133.8096257025826
48.17013600164139,1032.9780447876717,-134.17961390254354
46.69609691006203,1033.5543367462942,-134.52960138900602
45.202141168914416,1034.1108451356893,-134.859588160109
43.70826586927153,1034.647571888488,-135.16957421409776
42.23446810220595,1035.1645150485956,-135.45955954932393
40.78074495869235,1035.6616716880542,-135.72954416424548
39.34709352959866,1036.1390388793304,-135.97952805742676
37.93351090568606,1036.5966136953152,-136.20951122753846
36.53999417760904,1037.0343932093233,-136.41949367335764
35.16654043591535,1037.452374495094,-136.6094753937677
33.8131467710461,1037.8505546267913,-136.7794563877584
32.45981027334456,1038.2289316512906,-136.92943665442587
31.086528033153698,1038.5875075050417,-137.0594161929726
29.69986664088027,1038.9262847778336,-137.1693950027074
28.313650771296125,1039.2452644295445,-137.25937308304543
26.93870164973208,1039.5444455163542,-137.32935043350824
25.580276983891007,1039.8238259661946,-137.3793270537237
24.240848288495158,1040.0834031666268,-137.4093029434261
22.92132445228146,1040.3231742651924,-137.41927810245602
21.62183547853329,1040.563136346253,-137.40925253076043
20.342383318735628,1040.8232864877552,-137.3792262283926
19.082970896554357,1041.1036217672543,-137.32919919551227
17.8436011355488,1041.4041392618794,-137.25917143238541
16.624276959171695,1041.7248360483331,-137.16914293938441
15.425001290769194,1042.0657092028916,-137.059113716988
14.245776662535048,1042.4187119705477,-136.92908376578126
13.086603727661458,1042.769323959423,-136.77905308645563
11.947482195098662,1043.125586076023,-136.6090216798089
10.828414282008756,1043.5020128633516,-136.41898954674522
9.729402911204774,1043.8986013965134,-136.20895668827512
8.650451005393094,1044.3153487501866,-135.97892310551543
7.591561487173425,1044.7522519986233,-135.7288887996894
6.552737279038797,1045.209308215649,-135.4588537721266
5.5339813033755405,1045.6865144746632,-135.1688180242629
4.535296482463273,1046.1838678486395,-134.85878155764064
3.5366847661963003,1046.6813663824478,-134.52874437390844
2.518144215318773,1047.159012010107,-134.1787064748213
1.4796719183845077,1047.616807638313,-133.80866786224055
0.4212649640533098,1048.0547561741862,-133.41862853813387
-0.6570795589090123,1048.472860525271,-133.00858850457536
-1.7553645616306306,1048.8711235995372,-132.5785477637454
-2.8735929551336823,1049.2495483053788,-132.12850631793077
-4.011767650334255,1049.608137551614,-131.6584641695246
-5.16989155804237,1049.946894247486,-131.16842132102633
-6.3479675889619696,1050.2658213026623,-130.6583777750418
-7.545998653690898,1050.5649216272352,-130.12833353428317
-8.763987662720886,1050.8441981317214,-129.57828860156903
-10.00193752643754,1051.1036537270616,-129.00824297982425
-11.259851155120323,1051.3432913246213,-128.4181966720801
-12.537731458942538,1051.5631138361905,-127.80814968147413
-13.835581347971313,1051.7631241739834,-127.17810201125035
-15.133403474342751,1051.9486279301518,-126.52805366475904
-16.41119944712988,1052.1251680618616,-125.85800464545689
-17.668970558580526,1052.2932333534716,-125.1679549569069
-18.906718028050232,1052.4533298653348,-124.45790460277846
-20.12479153143939,1052.6059772600106,-123.72785358684729
-21.323873814234606,1052.7517176411768,-122.97780191299549
-22.504619033244733,1052.8911189982528,-122.20774958521149
-23.66766205796671,1053.024760822336,-121.41769660759009
-24.812001392257116,1053.1657518645593,-120.62764298432357
-25.936319089235006,1053.3269083408238,-119.85758871960424
-27.040612226059437,1053.5082273308985,-119.10753381752687
-28.124877879995942,1053.709705914126,-118.37747828207995
-29.18911312841655,1053.9313411694227,-117.66742211714558
-30.23331504879981,1054.1731301752784,-116.97736532649951
-31.25748071873079,1054.4350700097573,-116.30730791381116
-32.26160737377867,1054.7139102014457,-115.6572498826436
-33.245692723251864,1055.0096478276246,-115.02719123645355
-34.20973400293266,1055.3255275142683,-114.41713197859137
-35.15372829083241,1055.6615463378741,-113.82707211230108
-36.07767266506903,1056.0177013745133,-113.25701164072038
-36.98156420386709,1056.3939896998309,-112.70695056688058
-37.865399985557744,1056.7904083890458,-112.17688889370666
-38.729177088578844,1057.2069545169509,-111.66682662401726
-39.57289259147487,1057.643625157913,-111.17676376052465
-40.39654357289699,1058.1004173858726,-110.69724665059604
-41.200127111603074,1058.5773282743446,-110.22438840732532
-41.9836402864577,1059.0743548964174,-109.76764268846564
-42.74708017643217,1059.5914943247537,-109.33089638590178
-43.490443860604515,1060.1287436315902,-108.91414950195615
-44.21372841815954,1060.686099888737,-108.51740203884482
-44.91693097922226,1061.2625145209138,-108.14065399867752
-45.60004900748833,1061.8542621717395,-107.78390538345764
-46.26308132943769,1062.4423855585715,-107.44715619508219
-46.90603006708297,1063.0106041795418,-107.13040643534185
-47.52889813386759,1063.5589151058107,-106.83365610592097
-48.131688443341744,1064.0873154089625,-106.55690520839752
-48.714403909162385,1064.5958021610074,-106.30015374424316
-49.27704744509322,1065.0843724343802,-106.06340171482316
-49.819621965004686,1065.5530233019404,-105.84664912139647
-50.34213038287395,1066.0017518369723,-105.64989596511569
-50.84457487301425,1066.4457722304685,-105.47314224702704
-51.326954742573065,1066.8984101389801,-105.31638796807044
-51.78926900037185,1067.356249897342,-105.17963312907945
-52.23151710203218,1067.8165612212138,-105.06287773078125
-52.65369885609508,1068.2772174734343,-104.9661217737967
-53.05776500236654,1068.7366174050164,-104.88936525864031
-53.44844750063939,1069.1936240533373,-104.83260818572022
-53.8305392510407,1069.6474494291306,-104.79585055533823
-54.219309473370075,1070.0895470971764,-104.75909236769871
-54.62801753799242,1070.511702918546,-104.70233362300596
-55.05666635959675,1070.913919801249,-104.62557432156179
-55.505258852766005,1071.2962006537202,-104.52881446377437
-55.97379793197712,1071.6585483848196,-104.41205405015823
-56.462286511600915,1072.0009659038317,-104.27529308133427
-56.970727505902175,1072.323456120466,-104.1185315580297
-57.49912382903956,1072.626021944858,-103.94176948107813
-58.02747839507448,1072.9086653152794,-103.74651024459202
-58.535794118068566,1073.1713842812783,-103.53354001198574
-59.02407391218116,1073.41417592054,-103.30156098623561
-59.49232069167813,1073.6370373111745,-103.04978700619915
-59.94053737093187,1073.839965531717,-102.77801247819878
-60.3687268644213,1074.022957661128,-102.48623740367967
-60.77689208673181,1074.1860107787923,-102.17446178419337
-61.16503595255531,1074.329121964521,-101.84268562139773
-61.53316137669013,1074.452288298549,-101.51090891704816
-61.88127127404109,1074.5555068615374,-101.19913167290002
-62.209368559619406,1074.6387747345718,-100.90735389061122
-62.51745614854275,1074.7020889991632,-100.63557557173328
-62.80553695603516,1074.7454467372477,-100.3837967177114
-63.07361389742708,1074.7688450311862,-100.15201732988444
-63.321689888155326,1074.7722809637653,-99.94023740948491
-63.54988518003621,1074.755751623901,-99.74845695763892
-63.77820268870976,1074.7192550903344,-99.55667597537516
-64.02652799354219,1074.662793314269,-99.3448944637223
-64.29434913752462,1074.5863691888867,-99.1131124238065
-64.57764173716971,1074.4899853369188,-98.86132985686027
-64.86904108713006,1074.373643486057,-98.58954676422246
-65.16114992381243,1074.2373442716548,-98.29776314733833
-65.44792857071832,1074.0810873313042,-97.98597900775943
-65.72515527945252,1073.9048715610475,-97.65419434714369
-65.98675805047364,1073.7086951887247,-97.32240916724653
-66.22839194082586,1073.492555513168,-97.01062346982339
-66.45005986608663,1073.2564496222662,-96.71883725653217
-66.65176474193956,1073.0003746043335,-96.44705052892449
-66.83350948417439,1072.7243275481087,-96.19526328844557
-66.99529700868699,1072.4283055427568,-95.96347553643433
-67.13713023147938,1072.1123056778674,-95.7516872741233
-67.25901206865969,1071.7763250434557,-95.55989850263867
-67.38094543643327,1071.4203617022495,-95.3881092230003
-67.5229332510052,1071.0444176065516,-95.23631943612166
-67.68497842848276,1070.6484956813779,-95.10452914280994
-67.86708388486662,1070.232598852169,-94.9895808668653
-68.06925253605073,1069.7967300447917,-94.88367340183687
-68.29148729782239,1069.340892185537,-94.77766434135141
-68.53379108586218,1068.8650882011218,-94.66253913338339
-68.79216271113147,1068.369320824031,-94.53059766239089
-69.0466046631903,1067.8623527808502,-94.39865568872686
-69.28112202418153,1067.3490002468677,-94.28671321308404
-69.4957161733113,1066.824068012653,-94.1947702360577
-69.69038893786951,1066.2860286651508,-94.12282675813677
-69.86514225292265,1065.7347399172193,-94.07088277970378
-70.01997802563388,1065.1706422599755,-94.03893830103497
-70.1548980798624,1064.594390482103,-94.0269933223002
-70.26990414262109,1064.0066175672584,-94.03504784356299
-70.36499808106845,1063.4032330534592,-94.06012031170413
-70.4401825989666,1062.7798609565948,-94.09841411385241
-70.49546061277806,1062.136498373226,-94.147963109058
-70.53083503907123,1061.4731424003392,-94.20608934095434
-70.54630879452033,1060.7897901353454,-94.2694352538444
-70.54188479590539,1060.0864386760816,-94.33419693666079
-70.51756592322548,1059.3638438841222,-94.39645346964252
-70.47335486964236,1058.6235719957087,-94.45210936105104
-70.42925421022727,1057.8648623188644,-94.49339077922636
-70.40526678578554,1057.0861476768955,-94.51467169493688
-70.40139551330705,1056.2874310033915,-94.51595210806941
-70.4176433096747,1055.4687152323677,-94.49723201861717
-70.45401309166444,1054.6300032982642,-94.45851142667969
-70.51050777594517,1053.7712981359468,-94.39979033246287
-70.58713027907882,1052.8926026807067,-94.32106873627896
-70.68388351752029,1051.9939198682605,-94.22234663854657
-70.78077040762624,1051.0752516624625,-94.10362403979066
-70.85779386575267,1050.1365961384424,-93.96490094064254
-70.91495680835236,1049.1779503994685,-93.80617734183988
-70.95226215198365,1048.1993115492337,-93.6274532442267
-70.96971281331048,1047.2006766918566,-93.42872864875338
-70.96731170910239,1046.1820429318811,-93.21000355647664
-70.94506175623448,1045.1434073742769,-92.97127796855958
-70.9029658716874,1044.0847671244383,-92.71255188627161
-70.84520409349987,1043.0227002422057,-92.4374420769629
-70.77177579745295,1041.9637281749428,-92.16039303538369
-70.67850383820102,1040.8925216596695,-91.89778799702401
-70.56539057208066,1039.8025542734315,-91.65518246998406
-70.43243885558454,1038.6925689437162,-91.43257645555389
-70.27965160628194,1037.5625627774348,-91.22996995491722
-70.10703174184768,1036.412532881924,-91.04736296915144
-69.91458218006198,1035.2424763649465,-90.88475549922755
-69.70230583881055,1034.0523903346898,-90.74214754601024
-69.47020563608447,1032.8422718997676,-90.61953911025783
-69.21828448998032,1031.6121181692192,-90.5169301926223
-68.9465453187,1030.3619262525092,-90.43432079364926
-68.65499104055083,1029.0916932595273,-90.37171091377802
-68.34362457394549,1027.80141630059,-90.32910055334149
-68.01244883740202,1026.4910924864384,-90.30648971256626
-67.66146674954379,1025.16071892824,-90.30387839157257
-67.30394008637265,1023.8152559227879,-90.30126659038315
-66.9539015353475,1022.4648532483835,-90.27865430902077
-66.61285563641937,1021.1172820725063,-90.23604154760565
-66.281989338176,1019.7769517537056,-90.17342830636441
-65.96201556658768,1018.4470798124756,-90.09081458563
-65.6533146657079,1017.1300923584282,-89.98820038584171
-65.35603660375398,1015.8277480807858,-89.8655857075452
-65.07015340468833,1014.5412583584599,-89.72297055139246
-64.79296936335524,1013.2529192032066,-89.5603549181419
-64.52062207661801,1011.944540005007,-89.37773880865821
-64.25093869298226,1010.6161213041678,-89.17512222391245
-63.98280868737021,1009.2676633890504,-88.95250516498206
-63.7167391399045,1007.8991665030313,-88.70988763305081
-63.45445581584637,1006.510631062987,-88.44726962940884
-63.19819358993382,1005.1020577811803,-88.16465115545263
-62.9505391873823,1003.6734477187247,-87.86203221268502
-62.717998656787614,1002.2448025158375,-87.55941280270635
-62.50566602877769,1000.8361248721419,-87.27679292711693
-62.31353838761928,999.4474177346086,-87.01417258741962
-62.14161281747172,998.0786840497833,-86.77155178501091
-61.989886402386894,996.7299267637864,-86.54893052118096
-61.85835622630929,995.4011488223128,-86.34630879711356
-61.74701937307601,994.0923531706326,-86.16368661388618
-61.655872926416755,992.80354275359,-86.00106397246992
-61.564914942250184,991.5147195433523,-85.85844087372952
-61.45414736564371,990.205881622937,-85.73581731842339
-61.323573114048685,988.877026103464,-85.63319330720358
-61.17319510502177,987.528150096479,-85.55056884061582
-61.00301625622493,986.1592507139528,-85.48794391909945
-60.81303948542543,984.7703250682823,-85.4453185429875
-60.6032677104958,983.3613702722895,-85.4226927125066
-60.37370384941385,981.9323834392221,-85.4200664277771
-60.12435007611616,980.4986688116323,-85.41743968882182
-59.8552057405428,979.0723940269156,-85.39481249566357
-59.5662703235529,977.6449680391403,-85.3521848484227
-59.25754473792557,976.2064267307306,-85.29358603370865
-58.92903114591288,974.7500482462275,-85.22466691738535
-58.580732358720674,973.2736204074755,-85.14709422593091
-58.21265129506338,971.777140329153,-85.06026420285349
-57.82479087376062,970.2606051263641,-84.96241991969484
-57.41715401373719,968.7240119146385,-84.86851426831842
-56.98974363402304,967.1673578099314,-84.79460816564027
-56.542562653753286,965.5906399286241,-84.74070161205337
-56.07561399216815,963.9938553875235,-84.70679460784439
-55.58890056861299,962.377001303862,-84.69288715319361
-55.08242530253826,960.7400747952983,-84.698979248175
-54.5561911134995,959.0830729799164,-84.72507089275615
-54.010200921157306,957.4059929762265,-84.77116208679834
-53.4444566729899,955.7288319031287,-84.82773148682948
-52.858956427430776,954.071586879524,-84.88450242209738
-52.253697270731024,952.4342550239237,-84.94134566561564
-51.628676289246826,950.8168334544141,-84.99512628170437
-50.98389056943943,949.2193192886566,-85.03549483999794
-50.3193374000537,947.6375508223124,-85.05586294611957
-49.6366004536441,946.0617190104775,-85.05623059996095
-48.94095531712962,944.4831693702321,-85.03659780152012
-48.230816744818526,942.9117063602578,-84.99696455090148
-47.500906678145036,941.3601383397283,-84.93733084831578
-46.75122220412816,939.8284624248948,-84.85769669408013
-45.98176040989206,938.3166757315837,-84.758062088618
-45.192518382666066,936.8247753751965,-84.63842703245918
-44.38349320978468,935.3527584707101,-84.49879152623984
-43.55468197868762,933.9006221326764,-84.33915557070252
-42.7060817769198,932.4683634752228,-84.15951916669607
-41.83769066441882,931.0359796120869,-83.97988231516688
-40.94951059037727,929.5834676570074,-83.82024501706128
-40.04154447638043,928.1108247241136,-83.68060727322818
-39.11379524411878,926.618047927961,-83.56096908441009
-38.166265815388016,925.1051343835309,-83.4613304512432
-37.19895911208899,923.5720812062307,-83.38169137425734
-36.21187805622774,922.0188855118942,-83.322051853876
-35.20502556991544,920.4455444167813,-83.28241189041633
-34.19840457535956,918.8520560098657,-83.25148249025865
-33.21201799476631,917.2384222696967,-83.21819107514217
-32.245868750243204,915.6046461475372,-83.18297206296833
-31.2999597637901,913.9507305950767,-83.14629682843592
-30.37429395729925,912.2766785644304,-83.10874412997946
-29.468874252555263,910.5824930081401,-83.07106706914716
-28.58370357123508,908.8681768791731,-83.03423562065679
-27.718784834907975,907.1337331309234,-82.9994294149832
-26.87412096503552,905.3791647172105,-82.97595429566064
-26.049714882971593,903.6044745922804,-82.97247873510013
-25.245569509962344,901.8096657108052,-82.98900273332015
-24.461687767146184,899.9947410278827,-83.02552629023283
-23.698072575553773,898.1597034990369,-83.08204940564396
-22.95472660491987,896.3097230323419,-83.15857207925296
-22.231651168785245,894.4571964868203,-83.25509431065295
-21.528845702711106,892.6139069286522,-83.37161609933064
-20.84630825700462,890.7874634111658,-83.48813744467529
-20.18403606684955,888.9809218281008,-83.58465834607615
-19.542026218905242,887.1942851347926,-83.66117880301996
-18.920275799723285,885.4275562861519,-83.71769881509984
-18.31878189574755,883.6807382366645,-83.75421838201521
-17.737541593314177,881.9538339403912,-83.7707375035719
-17.17336135441598,880.2468461958578,-83.76725617968205
-16.619201321758137,878.5597769937377,-83.7437744103642
-16.078249205660736,876.8926277633205,-83.72029219573432
-15.55753903557055,875.2454011148706,-83.71680953590844
-15.057067897394152,873.6181000003238,-83.73332643090508
-14.576832876930501,872.0107273711913,-83.7698428806364
-14.116831059870943,870.4232861785588,-83.82635888490822
-13.677059531799237,868.8557793730874,-83.90287444342002
-13.257515378191567,867.308209905013,-83.99938955576492
-12.85819568441655,865.7805807241463,-84.1159042214297
-12.465397362840182,864.2728941138477,-84.24938332646147
-12.077388279252983,862.7851502749116,-84.39982687015045
-11.706124836534759,861.3173510689581,-84.57026996502995
-11.35161058380191,859.8694989377597,-84.76071261019365
-11.013884912023592,858.4415963267942,-84.97115480462885
-10.692994923490199,857.0336456879567,-85.20159654721651
-10.38898976794136,855.6456494801888,-85.45203783673125
-10.101919186304999,854.2776101696509,-85.72247867184133
-9.83342745605887,852.9149576763912,-86.01250895589402
-9.585135027685903,851.5484330076424,-86.30903198477716
-9.349837446367916,850.1901813982685,-86.59245785213751
-9.12044331402492,848.8452523768735,-86.85588325904669
-8.895997173749953,847.5114212953499,-87.0993082041039
-8.675235180130509,846.1871146576054,-87.32273268601475
-8.457306210019208,844.8706799325821,-87.52615670359114
-8.241257507137078,843.5608258938644,-87.70962812447996
-8.036096549214646,842.243861716556,-87.88946567996005
-7.851129250217491,840.9068690904518,-88.08228192933996
-7.686358527991516,839.5498509608707,-88.28697194643921
-7.5417867136526215,838.1848771289663,-88.50010933666196
-7.4174135164171,836.8296803675477,-88.71769173853271
-7.313236847200983,835.4921967668754,-88.93626133763301
-7.2292539000589455,834.1746994453462,-89.15336802904194
-7.165461758575245,832.8771913478627,-89.36709399353643
-7.101857555161515,831.5986680388787,-89.56867788698152
-7.018438569006031,830.3391276010307,-89.75026130414922
-6.915201932615933,829.0995735519991,-89.91184424407396
-6.792144729677858,827.8800030013037,-90.0534267058965
-6.649264043983844,826.6804130580385,-90.17500868886397
-6.486556959431339,825.5008008308724,-90.27659019232986
-6.3240205600143575,824.3411644003364,-90.358171215754
-6.175498147588185,823.2005493331983,-90.41975175870257
-6.020987964298027,822.0589564016859,-90.4669019836188
-5.846645830647793,820.8973394897147,-90.5042896463305
-5.652474664426883,819.715695705144,-90.53011861359829
-5.438477383530141,818.5140221562585,-90.54273238256185
-5.204656905957835,817.292315951769,-90.54083135922922
-4.951016149815644,816.0505742008112,-90.52360319047669
-4.677558033314645,814.7887940129469,-90.49074504665361
-4.384285474771292,813.5069724981632,-90.44241063543889
-4.0712013926074055,812.205106766873,-90.3964283510178
-3.738308705350153,810.8831939299146,-90.3704455859
-3.3856103316320363,809.5412310985523,-90.36446234022364
-3.0131091901908746,808.1792153844759,-90.37847861402054
-2.62080819986979,806.7971438998009,-90.41249440721616
-2.2087102796171907,805.3950137570685,-90.46650971962963
-1.7768183484867572,803.9728220692454,-90.54052455097371
-1.3251353256374243,802.5305659497244,-90.63453890085486
-0.8736631580370625,801.088243484576,-90.74855276877311
-0.44239990350265246,799.6658566490205,-90.8825661541222
-0.03134264746513277,798.2634083901763,-91.03657905618951
0.35951152475200465,796.8809016547366,-91.21059147415606
0.7301655279326986,795.5183393889696,-91.40460340709654
1.0806222769683036,794.1757245387183,-91.61861485397927
1.4108846868575737,792.8530600494007,-91.85262581366624
1.7209556727066482,791.5503488660095,-92.10663628491308
2.0270313088252525,790.2675931458921,-92.38064626636908
2.3416914567011116,789.0047920728895,-92.67465575657718
2.6592709616863646,787.7619448461469,-92.98866475397395
2.9761785998570636,786.53905131416,-93.32267325688964
3.289648064132068,785.3361117843046,-93.67668126354816
3.5974576794062862,784.1531269255961,-94.05068877206703
3.8977858446096727,782.9900977004695,-94.44469578045747
4.189110458223551,781.8470253141658,-94.85870228662431
4.4655024163296035,780.7101597868443,-95.29270828836604
4.721728099812281,779.5659207293921,-95.74671378337483
4.957786460945216,778.414622860352,-96.22071876923646
5.173676491164193,777.2564742289901,-96.7147232434304
5.36939719386527,776.091392746474,-97.22872720332974
5.544947529608149,774.9188768330662,-97.76273064620123
5.700326396236356,773.7388569131612,-98.31673356920531
5.835532837106365,772.553829240585,-98.89073596939602
5.950566892622365,771.3773941427747,-99.48473784372108
6.0454309253572776,770.2209437389043,-100.09873918902184
6.120127851668984,769.08448097042,-100.73186178433656
6.174660588022609,767.9680087783428,-101.38213073082217
6.209032050990497,766.8715301032682,-102.04730121110275
6.223245157252203,765.7950478853667,-102.72504143548656
6.2173028235944745,764.7385650643829,-103.41296669816506
6.1912079669112385,763.7020845796364,-104.10865705787064
6.144963504203582,762.6856093700213,-104.79762024473222
6.078572352579739,761.6891423740062,-105.46658287433567
5.992037429255076,760.7126865296342,-106.11554494312378
5.885361651552072,759.756244774523,-106.74450644764566
5.758547936900311,758.8198200458648,-107.35346738455677
5.611599202836457,757.9034152804265,-107.9424277506189
5.444518367004244,757.0070334145493,-108.51138754270025
5.258058098245133,756.1306773476999,-109.06034675777533
5.069855691504094,755.2551458243361,-109.58930539292504
4.8978526459945675,754.3604374054489,-110.09826344533658
4.7438675056509645,753.445752776656,-110.58722091230358
4.608906355207533,752.5110892242043,-111.05617779122596
4.492993684258428,751.5564439605304,-111.50513407961002
4.395500766888477,750.581814248774,-111.93408977506841
4.31567115339077,749.5871974592162,-112.34304487532015
4.2529328116889955,748.5725910604681,-112.73199937819057
4.188552644686597,747.546706863768,-113.1009532816114
4.104022497334937,746.5132801892063,-113.4499065836207
3.999340748266834,745.4665932386465,-113.7788592823629
3.8745055452251553,744.4090993382017,-114.08781137608878
3.729515758372499,743.3468269990306,-114.37676286315545
3.5643710729809372,742.2848491278421,-114.64571374202642
3.379071836281558,741.227242184732,-114.89466401127152
3.1736189372601498,740.1774010997053,-115.12361366956694
2.948013916832607,739.1422370741881,-115.33256271569522
2.702259432761397,738.1271074209757,-115.52151114854529
2.4363584032156593,737.1320150785161,-115.69045896711238
2.150313746471664,736.1569629848315,-115.83940617049811
1.8441283809127955,735.2019540775184,-115.96835275791045
1.5178052250295382,734.2669912937478,-116.07729872866372
1.1713471974194596,733.3520775702649,-116.16624408217858
0.804757216787196,732.4572158433892,-116.23518881798206
0.43803722964813097,731.5624080767628,-116.28413293570756
0.09118529336857067,730.6476523448775,-116.31307643509481
-0.23580150706940795,729.7129457503275,-116.3220193159899
-0.542926086789362,728.758285396132,-116.31096157834527
-0.8301913610204671,727.7836683857354,-116.27990322221973
-1.0976002450975013,726.7890918230072,-116.22884424777843
-1.3451556544608307,725.7745528122423,-116.15778465529287
-1.572860504656393,724.7400484581607,-116.06720663813388
-1.7842230390192206,723.7055760363287,-115.97711019677425
-1.9828591936237963,722.6911335095632,-115.90701313869123
-2.1690859558324598,721.6967190425729,-115.8569154642576
-2.3434312295926105,720.7223308612538,-115.82681717373973
-2.5066726099242382,719.7679672861818,-115.81671826729769
-2.6597943760188363,718.8336267679759,-115.82661874498517
-2.8034551502309846,717.9193078884338,-115.85651860674953
-2.9372327539559193,717.025009253574,-115.90641785243177
-3.0716828714879743,716.1307299082631,-115.95631648177543
-3.2208188898190016,715.2164711719156,-115.986214494524
-3.388817837336386,714.2822355305917,-115.99611189051853
-3.5769545473516873,713.3280258591996,-115.98600866970637
-3.785231935726805,712.3538450949056,-115.95590483214124
-4.01365291821654,711.359696175302,-115.90580037798324
-4.262220410468578,710.3455820384058,-115.83569530749878
-4.530937328023477,709.3115056226593,-115.74558962106066
-4.799805614036065,708.2774688946073,-115.65548331913917
-5.048823322510599,707.2634699316444,-115.58537640220457
-5.277987535260587,706.2695058384878,-115.53526887062966
-5.48729533420511,705.295573719429,-115.5051607246809
-5.676743801368836,704.3416706783338,-115.47505196452727
-5.846330018882035,703.4077938186427,-115.42494259033771
-5.996051068980596,702.4939402433706,-115.35483260237868
-6.125904034006042,701.6001070551068,-115.26757726759278
-6.235885996405546,700.726291356015,-115.17291469793565
-6.325994038731947,699.8724902478338,-115.0781039132823
-6.396225243643763,699.0387008318756,-114.98288896893132
-6.44657669390521,698.2249202090281,-114.88624125754417
-6.477046444673656,697.4111454797885,-114.77867861334867
-6.48763644036196,696.5773737446541,-114.65111535882028
-6.4783495977761385,695.7236021045121,-114.50355149463728
-6.4491888338278995,694.8498276606755,-114.33598702158437
-6.400157065534635,693.9560475148821,-114.14842194055257
-6.331257210019401,693.0422587692955,-113.94085625253928
-6.242492184510902,692.1084585265046,-113.71328995864823
-6.1338649063434785,691.1546438895238,-113.46572306008952
-6.0253782929482265,690.1808129340806,-113.2103572087937
-5.937035261755494,689.1869676254775,-112.96163451235925
-5.868838730097376,688.1731109017302,-112.72223464625613
-5.820791527050053,687.1410589260688,-112.49771550550795
-5.792895632600107,686.1028385733332,-112.29319576653828
-5.78515072004135,685.0734540022053,-112.10867543043464
-5.79755491766684,684.0601044512346,-111.94415449817825
-5.830105615043054,683.0659784143036,-111.79963297064394
-5.862799933051184,682.09185762132,-111.6551108486091
-5.875634954663909,681.1377401484422,-111.49058813285107
-5.868607762950651,680.2036230991158,-111.30606482424471
-5.841715534019547,679.2875919381047,-111.10154092377125
-5.794956144465064,678.3809718177193,-110.87701643251826
-5.72832910290411,677.4723838071089,-110.63249135167963
-5.641835289172867,676.5542286104103,-110.36906196646784
-5.53547649132513,675.6213811756002,-110.09094905865443
-5.429254630080499,674.68051773623,-109.81705634579724
-5.343169754120574,673.745830724709,-109.5631630489731
-5.277220295719528,672.8256385050817,-109.3292691695321
-5.231403791374417,671.9241633722321,-109.11537470871798
-5.205717386438354,671.0426830253143,-108.92147966766814
-5.200158164185603,670.1812003999521,-108.74758404741362
-5.214723207783396,669.339718431344,-108.59368784887914
-5.2494096002919575,668.5182400542627,-108.45979107288304
-5.302854281003617,667.7167681369334,-108.3458937201373
-5.37316333011766,666.9353052568581,-108.25199579124761
-5.459421886485787,666.173853803235,-108.17809728671325
-5.560973403961134,665.4324160516754,-108.12419820692719
-5.67735262526349,664.7109941966138,-108.09029855217605
-5.808243802940503,664.009590375921,-108.07639832264009
-5.953454679319314,663.3282066906673,-108.08249751839321
-6.11289924789065,662.666845221807,-108.10859613940299
-6.27354609756219,662.0055074108132,-108.15186459091979
-6.422871802892794,661.3241921916205,-108.20982028966864
-6.561789860108571,660.6228979812881,-108.2829776649104
-6.691061565269027,659.9016233195902,-108.37149709137424
-6.81125395341098,659.1603668436006,-108.47521040195208
-6.9227101478573925,658.3991272570482,-108.59368351358455
-7.025529560506231,657.617903296129,-108.72633023684872
-7.119554439300039,656.8166936929148,-108.87258620851357
-7.199358376930316,655.9954968939569,-109.03552094827347
-7.260480645809298,655.1543103515971,-109.21845510822227
-7.304464459981847,654.293131456186,-109.42138868738722
-7.332602451842738,653.4119578061398,-109.64432168468919
-7.34585895005722,652.5107871650737,-109.88725409894273
-7.344857355768966,651.5896174120717,-110.15018592885606
-7.329945902255538,650.6484464957834,-110.433117173031
-7.301321310245703,649.6872724028793,-110.73604782996304
-7.255950558175473,648.7117492416539,-111.03897789805022
-7.190722819017885,647.7277405254509,-111.32190737569054
-7.105639286608777,646.735915695409,-111.58483626137951
-7.0007010180256595,645.73749015445,-111.82776455371898
-6.875908855784712,644.7341464813577,-112.05069225141719
-6.7312633850966535,643.7276322506664,-112.25361935328868
-6.56676496501619,642.7192063816494,-112.43654585825439
-6.382413826995919,641.709349414897,-112.59947176534159
-6.179296557670069,640.6887826297784,-112.75331052392018
-5.957415621969833,639.6481848794889,-112.90964957365769
-5.71568800615993,638.5875533221059,-113.06992151946557
-5.454116628388083,637.5068850633406,-113.23568491609387
-5.172704406907541,636.4061772093297,-113.40857742936271
-4.871454260077057,635.2854268666356,-113.59029980488822
-4.550369106360869,634.1446311422462,-113.78259239433392
-4.209451864328694,632.9837871435751,-113.9872197821715
-3.8687054526468403,631.802892950749,-114.20845789199355
-3.54813278998071,630.6019505334699,-114.44969539449714
-3.2477367948972926,629.3809628341534,-114.71093228839948
-2.967520385856287,628.1399327956401,-114.99216857231141
-2.7074864812100854,626.8788633611967,-115.29340424473746
-2.4676379992037596,625.5977574745153,-115.61463930407578
-2.2442571710641555,624.2966178988347,-115.9558737486182
-2.0293085337453003,622.9754464644021,-116.31710757655017
-1.809001315514374,621.6542435207454,-116.69385991141439
-1.579039400206066,620.3530076168653,-117.07847668560186
-1.350960012804585,619.0717381573587,-117.46940962874987
-1.1335006265267948,617.8104361506282,-117.86920891539897
-0.9298290514877641,616.5691034152136,-118.27910233663937
-0.74101451927711,615.3477420522686,-118.69947861318784
-0.5674385506437276,614.1463542608018,-119.13043167448392
-0.4092338430896967,612.9649422745874,-119.57194946808417
-0.2688165541910531,611.7835084544336,-120.00873940961253
-0.144552591920382,610.5820554310006,-120.42552871299684
-0.016444873809653107,609.3605843926141,-120.8223173760208
0.131483241058371,608.119093225229,-121.19910539657447
0.29869893448414014,606.8575790641505,-121.55589277265425
0.48399952160394877,605.5760391807177,-121.89267950236291
0.6866622311692591,604.2744710051461,-122.20946558390958
0.9065747568886822,602.9528720132506,-122.50625101560972
1.1449849069694096,601.6312396315733,-122.78303579588517
1.4032037801821593,600.3295710349693,-123.03981992326409
1.6812342920161656,599.0478633342599,-123.27992562099656
1.979079357855313,597.7861136398413,-123.51814195029927
2.2967417706366233,596.5418024911213,-123.77114668528107
2.6342236731830027,595.3091059980873,-124.04415076209429
2.9915263185531953,594.0821508036305,-124.33715417928723
3.368650194964414,592.8562058988068,-124.65015693530181
3.765595538206293,591.6351303930428,-124.98315902847364
4.1823635996993325,590.4239049776897,-125.33616045703195
4.618955657653591,589.2201774076144,-125.70916121909964
5.075372613379516,588.021161181209,-126.10216131269326
5.551614942889659,586.8238402976629,-126.515160735723
6.047682677260611,585.6251514979899,-126.94815948599273
6.563575406037118,584.422116121773,-127.40115756119995
7.099292295986434,583.2119201734313,-127.87415495893582
7.634831898198225,581.9874250034567,-128.36715167668515
8.150191573932306,580.7428532002338,-128.8801477118264
8.645368403585895,579.4782077070788,-129.41314306163167
9.120359467663537,578.1934914677338,-129.96613772326674
9.575161846777116,576.8887074263666,-130.53913169379106
10.009772621645867,575.563858527571,-131.1321249701577
10.424188873096398,574.2189477163662,-131.74511754921335
10.8184076820627,572.8539779381973,-132.3781094276984
11.212427101864748,571.4889511666122,-133.03110060224688
11.626249074973343,570.1438654860093,-133.7040910693865
12.059876516050293,568.8187180081101,-134.39708082553855
12.513312339652087,567.5135058442107,-135.1100698670181
12.986559460229882,566.2282261051827,-135.84305819003373
13.47962079212949,564.962875901472,-136.59604579068773
13.992499249591356,563.7174523430997,-137.36903266497606
14.525197746750548,562.4919525396621,-138.16201880878833
15.057719197645602,561.2863745726178,-138.95500421791667
15.570066516315999,560.10072041215,-139.72798888815316
16.062242616899628,558.9349930003048,-140.48097281538747
16.534250413641647,557.7891952787028,-141.21395599561552
16.986092820894456,556.6633301885397,-141.92693842493964
17.41777275311768,555.5574006705864,-142.6199200995685
17.82929312487817,554.4714096651884,-143.29290101581716
18.22065685084997,553.4053601122663,-143.945881170107
18.59186684581431,552.3592549513157,-144.59886055895686
18.942926024659585,551.333097121407,-145.27183917888567
19.27383730238135,550.3268895611855,-145.96481702631485
19.58460359408229,549.340635208871,-146.67779409755943
19.875227814972217,548.3743370022587,-147.41077038882807
20.14571288036805,547.4279978787184,-148.1637458962232
20.39606170569379,546.5016207751947,-148.93672061574077
20.626277206480527,545.5952086282069,-149.72969454327048
20.836361326078965,544.6887643738847,-150.54266767459563
21.026312118797083,543.7622909483579,-151.37564000539322
21.196126666762478,542.8157912881464,-152.22861153123387
21.345802052209823,541.8492683301957,-153.10158224758183
21.475335357480887,540.8627250118767,-153.99455214979506
21.584723665024548,539.856164270986,-154.90752123312515
21.673964057396795,538.8295890457455,-155.84048949271732
21.74305361726076,537.7830022748026,-156.79345692361045
21.791990399674173,536.736406897195,-157.7664235207371
21.820776348951696,535.7098058519603,-158.75938927892346
21.829414381802582,534.7032020777458,-159.7723541928894
21.817907415043226,533.7165985127738,-160.80531825724842
21.786258365597146,532.7499980948412,-161.85828146650766
21.73447015049496,531.8034037613195,-162.93124381506794
21.662545686874385,530.8768184491545,-164.02420529722374
21.57048789198021,529.9702450948668,-165.13716590716317
21.47829871086798,529.0636856622995,-166.25012563897684
21.405976199444165,528.1371382261456,-167.34308448675543
21.35351744123102,527.1905998892008,-168.41604244468704
21.320919519645166,526.2240677546863,-169.46899950706614
21.308179517997623,525.2375389262484,-170.50195566829365
21.31529451949381,524.2310105079588,-171.5149109228767
21.34226160723356,523.2044796043147,-172.5078652654289
21.389077864211153,522.1579433202386,-173.4808186906701
21.44148980828607,521.1113994538728,-174.45377119341777
21.484794942690453,520.084848596695,-175.44672276848925
21.518058809941774,519.0782921442457,-176.45967341060452
21.54030789774032,518.0917316317825,-177.49262311437718
21.55057025024142,517.1251687368316,-178.54557187431442
21.547904063031332,516.1786052767667,-179.61851968481716
21.531419144619036,515.252043202782,-180.71146654017988
21.500293323453906,514.3454845911103,-181.82441243459084
21.47158640895124,513.4589307667472,-182.95735736213186
21.46275199789734,512.5923796799916,-184.11030131677848
21.473793007201504,511.74582843236277,-185.28324429239981
21.504712353667355,510.9192741249549,-186.4761862827587
21.555512953992803,510.11271385843656,-187.6891272815116
21.62619772477004,509.32614473305114,-188.92206728220862
21.716769582485522,508.5595638486165,-190.17500627829352
21.827231443519953,507.8129683045253,-191.4479442631038
21.95758525186083,507.0663551997803,-192.72088122987938
22.10782906224011,506.2997216333842,-193.9738171718602
22.277959956996536,505.5130647047299,-195.20675208238367
22.4679750183631,504.7063815136359,-196.41968595489362
22.677871328467056,503.87966916034605,-197.61261878294022
22.90764596932995,503.0329247455299,-198.78555056017998
23.157296022867605,502.16614537028255,-199.93848128037578
23.426818570890177,501.2793281361246,-201.07141093739685
23.696210695110995,500.3724711172899,-202.2043395252099
23.945469477244092,499.4455762775874,-203.35726703778167
24.17459199910169,498.49864655353934,-204.5301934689814
24.38357534260309,497.5316848820935,-205.72311881257198
24.57241658977469,496.54469420062316,-206.93604306221
24.741112822749983,495.53767744692715,-208.16896621144562
24.889661123769596,494.5106375592299,-209.42188825372276
25.01805857518129,493.4635774761814,-210.69480918237886
25.126302259439974,492.3965001368571,-211.96772899065402
25.214389259107726,491.309408480758,-213.2206476717883
25.28231665685382,490.20230544781043,-214.45356521911918
25.330081535454717,489.07519397836637,-215.6664816260906
25.357680977794097,487.9280770132031,-216.8593968862528
25.365112066862874,486.7609574935235,-218.03231099326237
25.352371885759204,485.5738383609557,-219.1852239408823
25.31945751768851,484.36672255755326,-220.3181357229819
25.282772715112554,483.15961222820715,-221.43104633353687
25.245785052377396,481.9725069566708,-222.52395576662926
25.1963606991872,480.8054080059953,-223.5968640164474
25.135109624516197,479.6583171212091,-224.6497710772861
25.061879908897833,478.53123604401424,-225.68267694354645
24.97670517026741,477.4241665176936,-226.6955816097359
24.879578159771977,476.3371102851498,-227.68848507046832
24.770501304601733,475.270069089323,-228.66138732046386
24.66537336516796,474.2187172322997,-229.61428835454905
24.58009296594805,473.17154031858246,-230.54718816765683
24.51098328337183,472.11697178092095,-231.4607536325727
24.453643839052592,471.05016155390564,-232.35663647211442
24.407412377927574,469.97068359177285,-233.23552198997416
24.372340536211176,468.8785818117369,-234.0969051746885
24.348413609190796,467.7738590620582,-234.94034748217217
24.335618367588314,466.6565233636882,-235.76536461114165
24.338302600196748,465.52288332318494,-236.59104291050338
24.360820428965816,464.3692414448726,-237.43671995177067
24.403168936913456,463.1955948363705,-238.30239573044662
24.465345206952147,462.00194060572323,-239.1880702419279
24.547346321888938,460.78827586140096,-240.09374348150496
24.649169364425454,459.5545977122992,-241.01941544436178
24.770811417157923,458.300903267739,-241.96508612557608
24.912269704332623,457.0301055539046,-242.93075552011916
25.053542847653112,455.7622026531581,-243.91642362285606
25.174632932707354,454.5142806205116,-244.92209042854543
25.27554287571377,453.28634239931256,-245.9477559318396
25.3562755929981,452.07839093248316,-246.99342012728448
25.416834000993365,450.8904291625202,-248.05908300931978
25.45722101623987,449.72246003149513,-249.1447445722787
25.477439555385185,448.57448648105407,-250.25040481038823
25.47749253518412,447.44651145241767,-251.37606371776894
25.47738287248986,446.3385369140939,-252.50172128844395
25.49711348415645,445.25056094501537,-253.60737751643637
25.5366872869413,444.18258065140196,-254.69303239586682
25.596107197496302,443.1345931390482,-255.75868592096225
25.67537613236781,442.10659551332316,-256.804338086056
25.77449700799664,441.09858487917063,-257.8299888855878
25.893472740718035,440.110558341109,-258.8356383141036
26.029782931333095,439.1425131259008,-259.82128636625595
26.163429523700728,438.1744478002143,-260.7869330368035
26.276933887972806,437.1863644518595,-261.73257832061137
26.370293106683445,436.1782660186544,-262.6582222126511
26.443504262473866,435.1501554388426,-263.56386470800055
26.49656443809244,434.10203565109316,-264.4495058018439
26.52947080827189,433.03579951282444,-265.3151454894716
26.54222137474553,431.9627894467572,-266.16078376628064
26.534816357488193,430.8983969103445,-266.98642062777435
26.507257723147525,429.8512853597503,-267.8120560695534
26.45954825642529,428.82417929785873,-268.65769008721867
26.391690874437504,427.8170816633173,-269.5233226762734
26.303688494407336,426.8299953943481,-270.4089538321145
26.19554403366507,425.8629234287476,-271.31458355003264
26.067260409648092,424.9158687038869,-272.24021182521204
25.91884053990089,423.9888341567115,-273.18583865273064
25.750287342075023,423.0818227237416,-274.15146402756
25.561603245636302,422.1847931344702,-275.1370879445654
25.352789215279202,421.29774832478006,-276.1427103985057
25.123847680683635,420.4307354369433,-277.1683313840335
24.874781559929335,419.58375740620505,-278.2137236770671
24.60559377120305,418.7568171673849,-279.27678848283347
24.316287232798526,417.9499176548768,-280.35377717231023
24.006864863116498,417.16306180264905,-281.4409188929284
23.67732958066466,416.3962525442444,-282.534374438412
23.347683331761356,415.6294918405279,-283.62001343901164
23.037924173575753,414.8427777632146,-284.68565093145554
22.74804919089268,414.0361074121218,-285.7312869100771
22.478055468391236,413.2094778874919,-286.756921369316
22.227940090644804,412.3628862899927,-287.7625543037185
21.997700142121058,411.49632972071686,-288.74818570793707
21.787332707181985,410.60980528118256,-289.7138155767305
21.596834870083896,409.70331007333306,-290.659443904964
21.42620468726489,408.7968411995015,-291.58507068760923
21.275444104207185,407.91039576202087,-292.49069591974404
21.144556038574787,407.043970862834,-293.3763195965528
21.033543407926025,406.19756360345826,-294.241941713326
20.942409129713546,405.37117108498563,-295.0907032652534
20.871156121284287,404.56479040808244,-295.9307685315705
20.819787299879465,403.7784186729896,-296.77109199751413
20.788305582634564,403.01205297952254,-297.6187800219092
20.756712914300735,402.2456913993942,-298.4817371107426
20.705007350479953,401.45933589346737,-299.3646926123744
20.63318597458484,400.652989395282,-300.26764652210966
20.541245870134983,399.8266548388035,-301.19059883514666
20.42918412075695,398.98033515842263,-302.1335495465777
20.296997810184312,398.11403328895545,-303.09649865138846
20.145302193949263,397.2277521355913,-304.0794461444585
19.98095404379827,396.3214941803093,-305.08239202056086
19.82333227204245,395.3952600229442,-306.10533627436246
19.685574274846637,394.4490474050968,-307.14827890042363
19.56767713608104,393.4828534299848,-308.21121989319846
19.46963793951026,392.4966752012514,-309.2941592470347
19.391453768793294,391.490509822965,-310.3970969561738
19.333121707483567,390.4643543996196,-311.5200330147508
19.294638839028934,389.4182060361343,-312.6629674167945
19.276002246771704,388.35206183785357,-313.82590015622725
19.257209013957514,387.26591988283485,-315.0035605187833
19.21825622383283,386.1597821387107,-316.19365537114146
19.15914095974247,385.0336515458264,-317.4014554150551
19.079860305138443,383.88753104495265,-318.6292537711606
18.980411343580005,382.72142357728563,-319.87705043292914
18.864856632288372,381.5353318868062,-321.1448453937254
18.743783476416024,380.3292576101624,-322.43263864680785
18.62729509033994,379.1032007438943,-323.7404301853286
18.504799308704335,377.8771609602523,-325.06822000233336
18.362126472585256,376.6711405131545,-326.4160080907616
18.1992794996037,375.48514234507275,-327.78379444344625
18.016261307487945,374.3191693980532,-329.17157905311416
17.813074814073524,373.17322461371657,-330.57936191238565
17.589722937303222,372.04731093325796,-332.0071430137748
17.346208595227047,370.94143129744697,-333.4549223496893
17.082534706002228,369.8555886466276,-334.92269991243046
16.798704187893193,368.7897859207182,-336.4104756941934
16.494719959271553,367.74402605921154,-337.9182496870667
16.170584938616088,366.71831200117475,-339.4460218830327
15.826302044512728,365.7126466852493,-340.9937922739674
15.461874195654543,364.727033049651,-342.56156085164054
15.077304310841726,363.7614740321701,-344.14932760771524
14.672595308981574,362.81597257017086,-345.75709253374856
14.247750109088477,361.8905316005921,-347.3848556211912
13.802770657996454,360.9651540599823,-349.0126168613962
13.337655013496825,360.0198428848896,-350.6203762457168
12.85240026120054,359.0546010122517,-352.2081337656035
12.347003486825638,358.0694313794313,-353.7758894126135
11.82146177619727,357.0643369242162,-355.32364317841
11.275772215247702,356.0393205848192,-356.8513950547629
10.709931890016344,354.9943852998781,-358.3591450335482
10.123937886649754,353.9295340084556,-359.84689310674844
9.537787291392798,352.8447686777521,-361.3146392664524
8.971477190491171,351.74008738624286,-362.76238350485517
8.425004670093932,350.61548724054086,-364.1901258142584
7.898366816244651,349.47096534768406,-365.59786618706994
7.391560714881425,348.30651881513535,-366.98560461580405
6.904583451836898,347.1221447507827,-368.35334109308144
6.43743211283827,345.917840262939,-369.701075611629
5.990103783507315,344.6936024603423,-371.0288081642801
5.562596521647842,343.4694284521201,-372.33653874397453
5.154912274108028,342.2653153473996,-373.6242673437583
4.7670539599180835,341.0812602549179,-374.89199395678384
4.399024498002793,339.9172602829861,-376.1397185763099
4.0508268071814975,338.7733125394897,-377.36744119570176
3.722463806168086,337.6494141318887,-378.57516180843083
3.4139384135709725,336.5455621672172,-379.76288040807503
3.1252535478930845,335.46175375208384,-380.9305969883186
2.8364111552532667,334.37798696499436,-382.0783115429521
2.5274092926214315,333.27426377360405,-383.2060240658726
2.198245044778386,332.15058711824554,-384.31373455108337
1.8489154966121524,331.0069599396764,-385.40144299269406
1.4794177331179816,329.84338517907946,-386.4691493849208
1.0897488393983714,328.65986577806274,-387.51685372208595
0.6799059006630801,327.45640467865917,-388.5445559986183
0.2498860022291422,326.23300482332695,-389.55225620905304
-0.18031279820053522,325.0096681826264,-390.5399543480316
-0.5906885537723252,323.80639283796773,-391.5076504103019
-0.9812383454417056,322.62317589808345,-392.4553443907181
-1.35195925426958,321.4600144712803,-393.3830362842408
-1.7028483614222933,320.3169056654395,-394.29072608593697
-2.0339027481716467,319.1938465880163,-395.1784137909799
-2.345119495894914,318.0908343460405,-396.04609939464933
-2.6364956860748565,317.00786604611613,-396.8937828923312
-2.9129490274311927,315.92493903362305,-397.7414642795091
-3.180081750026871,314.8220516436931,-398.60914355166653
-3.4389825971306993,313.6992026030661,-399.4968207041896
-3.6902994000471665,312.55639076244285,-400.404495732358
-3.934415847369516,311.39361504612015,-401.3321686313452
-4.1715586975211405,310.2108744219275,-402.2798393962182
-4.401862307934877,309.0081678834411,-403.24750802193773
-4.625406826847626,307.78549443953733,-404.2351745033581
-4.836865515463704,306.5628528469653,-405.22283883523625
-5.03351121145787,305.3602409500587,-406.1905010123291
-5.22004115027087,304.1776569446821,-407.13816102949096
-5.40011118627702,303.01509963371774,-408.06581888168273
-5.5765052990761115,301.872568287633,-408.9734745639715
-5.751332000319792,300.75006253090686,-409.8611280715307
-5.926247278913575,299.64758225986884,-410.7287793996402
-6.102627643543742,298.5651275904395,-411.5764285436863
-6.270135203556204,297.50269826455553,-412.4040754991615
-6.421792324060797,296.460292115562,-413.2117202616647
-6.568890715527054,295.43790757491166,-413.99936282690135
-6.720812415235638,294.4355447885957,-414.76700319068306
-6.880346230196988,293.45320469698964,-415.5146413489278
-7.048452577260414,292.4908884911812,-416.24227729766
-7.225475516380245,291.5485974506085,-416.9499110330104
-7.411523735397002,290.62633288523807,-417.6375425512162
-7.592161958216986,289.7040954105958,-418.30517184862083
-7.752936260693599,288.7618828322515,-418.95279892167406
-7.893849558834244,287.79969225340164,-419.5804237669322
-8.014904768751933,286.8175207776681,-420.1880463810578
-8.116104806665275,285.81536550909817,-420.7756667608198
-8.197452588898459,284.79322355216425,-421.34328490309343
-8.258951031881244,283.75109201176423,-421.8909008048604
-8.300603052148933,282.6889679932213,-422.41851446320874
-8.342410594046061,281.626849574536,-422.94612587532396
-8.404371712766569,280.5847387228585,-423.4937350383916
-8.486483491118646,279.5626383772366,-424.06134194949976
-8.588743011803334,278.56055147629263,-424.64894660563016
-8.711147357414534,277.57848095822334,-425.2565490036581
-8.853693610439027,276.6164297607999,-425.8841491403527
-9.016378853256489,275.67440082136824,-426.53174701237657
-9.199200168139507,274.75239707684864,-427.1993426162862
-9.382154637262454,273.85042049144835,-427.88693594853146
-9.545239342798995,272.9684691397993,-428.59452700545614
-9.68845136701959,272.10654012382054,-429.3221157832976
-9.811787792300377,271.2646305450055,-430.0697022781868
-9.91524570112318,270.44273750442215,-430.83728648614846
-10.00142708024918,269.6408582293488,-431.62486840310083
-10.081102156121311,268.85899085027506,-432.43244802485594
-10.166232675907496,268.0971353968372,-433.26002534711944
-10.266042578520324,267.3552932975801,-434.08760036549955
-10.385959377930282,266.63346722117194,-434.89517307560436
-10.525980156637385,265.9316600998525,-435.6827434731397
-10.686101997034731,265.24987486543597,-436.45031155391746
-10.86632198140854,264.5881144493111,-437.19787731385617
-11.066637191938156,263.946381782441,-437.9254407489806
-11.287044710696064,263.32467979536335,-438.6330018554218
-11.52754161964791,262.72301141819025,-439.3205606294174
-11.788125000652508,262.14137958060815,-439.9881170673112
-12.068791935461867,261.57978721187794,-440.63567116555345
-12.369539505721201,261.03823724083486,-441.26322292070074
-12.69036479296894,260.5167325958886,-441.870772329416
-13.031264880431202,260.0152392930587,-442.4583193884686
-13.392236914806778,259.5325631640355,-443.027076568603
-13.773278286649974,259.0672062843501,-443.57951921765044
-14.174386483416436,258.6193583073646,-444.11810196352405
-14.589374653787155,258.18841017024056,-444.6403494525041
-15.011045089305904,257.7731326529777,-445.1442961924269
-15.437503208568256,257.3736691869796,-445.6338816017879
-15.86711292090751,256.99080802487396,-446.11380949368015
-16.298510197338146,256.6259726123741,-446.5893579755766
-16.73074124591511,256.2806164203159,-447.0665509566605
-17.16361284630542,255.95532330923874,-447.55192830083877
-17.59801720854833,255.65009342324117,-448.05186390451064
-18.02618305938827,255.36007444267574,-448.56654429989914
-18.43783364646893,255.0816613676506,-449.09446883290855
-18.830364116235042,254.81799946151898,-449.63839767166695
-19.20293204281671,254.57268903049416,-450.2010282229106
-19.555534590224756,254.34743148006572,-450.78365638017726
-19.888168839721878,254.14222389820773,-451.3862821403688
-20.200831872676947,253.95706337246855,-452.00890550028066
-20.49352077056503,253.7919469899709,-452.651526456602
-20.78623358724599,253.62687280973478,-453.3141450059158
-21.098972265729337,253.44184277992963,-453.99676114469844
-21.431739721214395,253.2368598214022,-454.6993748693201
-21.78453886879398,253.0119268554243,-455.4219861760445
-22.15737262345439,252.76704680369286,-456.1645950610293
-22.550243900075383,252.50222258833003,-456.92720152032547
-22.962296431072772,252.21745709011435,-457.7098055498779
-23.391169647689864,251.91275295004442,-458.512407145525
-23.837725646865835,251.58811259015198,-459.3350063029989
-24.30433082651633,251.24353881936017,-460.17760301792543
-24.790988095051674,250.87915738181675,-461.040197285824
-25.297700177975578,250.4983629467993,-461.9227891021077
-25.824469077561496,250.10610353342778,-462.8253784620833
-26.37129633850437,249.70349485230483,-463.7479653609513
-26.93105614742944,249.2868753865442,-464.6905497938057
-27.492723162892833,248.85174160987614,-465.6531317556343
-28.04342679501638,248.41668916709887,-466.61644918497643
-28.574192859667484,248.0017155868125,-467.5663449130958
-29.085018437161434,247.60681796104717,-468.5121191201407
-29.57590060791956,247.2319933814072,-469.46490114792454
-30.046836452469247,246.8772389390711,-470.4346528625236
-30.49782305144394,246.54255172479162,-471.4244020755523
-30.92885748558317,246.22792882889573,-472.4341487817476
-31.339936835732555,245.93336734128462,-473.46389297574007
-31.73105915513128,245.6388643514693,-474.4936346520629
-32.10222638627441,245.3244169489604,-475.5033738052492
-32.453441444050576,244.99002222365817,-476.49311042992974
-32.7847072434545,244.6356772658881,-477.46284452084143
-33.09602669958698,244.26137916640067,-478.4125760728277
-33.38740272765488,243.86712501637166,-479.3423050808383
-33.658838242971136,243.45291190740193,-480.2520315399293
-33.91033616095469,243.01873693151754,-481.14175544526324
-34.16189939712165,242.56459815345724,-482.0314767921001
-34.433530866987795,242.09049752753472,-482.9411955756998
-34.72523348597102,241.59643798077633,-483.87091179122496
-35.03701016938251,241.08242244063356,-484.8206254337317
-35.36886383242671,240.54845383498315,-485.7903364981699
-35.7207973902013,239.99453509212694,-486.7800449793831
-36.092813757697165,239.42066914079192,-487.7897508721084
-36.48491584979843,238.82685891013017,-488.81612688902624
-36.8971065812824,238.21310732971898,-489.8391730246877
-37.32938886681954,237.5794173295606,-490.84221655561186
-37.78176494423863,236.93971230934187,-491.8252574764651
-38.25423405876788,236.31378953304196,-492.78829578202004
-38.7375351692874,235.6956785785152,-493.7313314671556
-39.221359968836346,235.07496904349023,-494.65436452685725
-39.70402085216014,234.45392010287114,-495.5573949562166
-40.18446555076639,233.83384344585636,-496.4404227504318
-40.661999082950054,233.21552311916122,-497.3034479048073
-41.136140367104666,232.59943867595106,-498.1464704147538
-41.60654183084405,231.98589312461937,-498.9694902757887
-42.07294200033119,231.37508929568708,-499.7725074835354
-42.527329899655186,230.75573145848944,-500.5555220337238
-42.961810260123215,230.11643843891488,-501.3185339221902
-43.37638599628724,229.4572073337985,-502.06154314487736
-43.77106002280505,228.77803524040036,-502.78454969783417
-44.14583525444028,228.07891925640564,-503.487553577216
-44.50071460606237,227.35985647992467,-504.1705547792846
-44.83570099264654,226.62084400949286,-504.8335533004081
-45.15079732927382,225.86187894407075,-505.47654913706094
-45.455924732646075,225.10295886522303,-506.099542285824
-45.76164353822938,224.36408331463602,-506.70253274338444
-46.069081671681246,223.6452524645884,-507.2855205065359
-46.37908646731129,222.946466630665,-507.84850557217817
-46.69228155513712,222.26772623506574,-508.39148793731766
-47.00911895432723,221.60903177781228,-508.914467599067
-47.32993059414222,220.97038381545696,-509.4174445546452
-47.654981248341215,220.35178294741397,-509.9004188013777
-47.972257556336714,219.73322921382564,-510.3705268513568
-48.26962629652255,219.09472030107656,-510.83491476969874
-48.54709038417978,218.43625330599755,-511.2936438751927
-48.8046527346953,217.75782532584464,-511.7468684889771
-49.04231626356184,217.05943345829908,-512.194870663543
-49.26008388637793,216.34107480146736,-512.6381239892661
-49.45795851884791,215.60274645388108,-513.0773639975032
-49.635943076781906,214.8444455144972,-513.5136274147773
-49.812589915024496,214.08616998447906,-513.9386988142343
-50.00295981312193,213.3479213027045,-514.3437674808036
-50.20158674203982,212.62970103523716,-514.7288334123313
-50.40532151501642,211.9315101371075,-515.0938966067696
-50.61215343403183,211.2533491985198,-515.4389570621773
-50.820613510889785,210.59521855899948,-515.7640147767197
-51.02975426011831,209.95711837928488,-516.0696682384291
-51.23939313143695,209.33904873436725,-516.3577587342462
-51.45939277928878,208.7302127566619,-516.6327415086085
-51.69948215295795,208.11988846304064,-516.9004960332608
-51.957324385468276,207.50812386018603,-517.1652576998246
-52.22944035726096,206.89581532129571,-517.430183596124
-52.51492723117474,206.2857301890356,-517.6986610035973
-52.81489078404467,205.6820701186477,-517.9741218480192
-53.131198456041425,205.0897265726931,-518.2595280047929
-53.465696387045206,204.5137318774898,-518.5572534414778
-53.81975302437859,203.9571864507775,-518.8516598679997
-54.19389022635862,203.42069412513013,-519.1260635355089
-54.58810507413346,202.90425782894695,-519.3804644425463
-55.00239464874454,202.40788049020153,-519.6148625877591
-55.43675603112652,201.93156503644178,-519.8292579699009
-55.891186302107336,201.4753143947898,-520.0236505878315
-56.365682542408194,201.03913149194193,-520.1980404405174
-56.86024183264361,200.6230192541688,-520.3524275270311
-57.37486136027887,200.22478048734695,-520.4868118465517
-57.909538703894356,199.84297102584216,-520.6011933983647
-58.46427137632946,199.47888492960405,-520.6955721818617
-59.03905673183707,199.13341771484934,-520.769948196541
-59.63389201997573,198.80712211824115,-520.824321442007
-60.24877443222178,198.50025315798857,-520.8586919179705
-60.88370114247232,198.21280754157135,-520.873059624249
-61.53866934196245,197.94456153900813,-520.8674245607658
-62.193677203285866,197.67588248962687,-520.841786727551
-62.82872669326311,197.38729751320244,-520.796146124741
-63.4438207253796,197.07880369915623,-520.7305027525783
-64.03896221322688,196.7503981373345,-520.6448566114121
-64.61415407050256,196.40207791800853,-520.5392077016978
-65.16939921101036,196.03384013187446,-520.4135560239972
-65.70470054866006,195.64568187005347,-520.2679015789785
-66.2200609974675,195.23760022409166,-520.1022443674161
-66.71548249926711,194.82959228592475,-519.9214371047275
-67.1909632242529,194.4392401551598,-519.7314850332655
-67.64650095682754,194.06172382859884,-519.5346253099533
-68.08209415885878,193.6927283889546,-519.3329346951754
-68.49774182955284,193.32933185117213,-519.1289246617514
-68.89344326489264,192.97036619354571,-518.9270968358253
-69.26919789295113,192.61459058803737,-518.7342147186807
-69.62674661086365,192.25805642499816,-518.5570900989458
-69.97560425026899,191.89941904167938,-518.3905772785404
-70.32352181646839,191.54022980398344,-518.2264984793943
-70.67044983021029,191.18055073308068,-518.0648615697163
-71.0163292615182,190.82044607211392,-517.905697610108
-71.36109023016076,190.45998316054144,-517.7490638895853
-71.70465068094975,190.09923345482724,-517.5950474140005
-72.04691510894456,189.73827372462404,-517.4437688518685
-72.38777346137336,189.37718746553466,-517.2953869216259
-72.73792590595839,189.02407713892057,-517.1503067188044
-73.10685686874119,188.6871482386619,-517.0068288307574
-73.49156502833043,188.36660109626357,-516.8614082462522
-73.8893329815658,188.0623019486051,-516.7118529566139
-74.29853683800188,187.77375084236527,-516.557292326533
-74.7180886322285,187.50026813782634,-516.397532079783
-75.14717488418096,187.2410996868476,-516.2327032480115
-75.58513115533202,186.9954731046917,-516.0630802878806
-76.02876955023584,186.75873856211584,-515.9002844275515
-76.47525607183397,186.52636432803925,-515.7554463970835
-76.92468359899546,186.29777657568312,-515.6278643816418
-77.37713167032831,186.07232876221715,-515.5167610658117
-77.83265885800722,185.84931191800072,-515.4212786415945
-78.29130216465927,185.62796745099004,-515.3404744882674
-78.75308557094536,185.40750095872002,-515.2733152281361
-79.21803983302743,185.18709635623506,-515.2186668235868
-79.68008154066949,184.96151112787555,-515.165891074155
-80.13263486493548,184.7258586401532,-515.1053786256294
-80.57479661440935,184.48009579208752,-515.0381737755499
-81.00580382511592,184.22430357588598,-514.9656653902209
-81.4251594024644,183.9586573301931,-514.889550684392
-81.83274612615165,183.6833909290985,-514.8117407251186
-82.22886167234257,183.3987680972415,-514.7342235168425
-82.61414336564309,183.10506805374152,-514.658925449073
-82.98768615359326,182.8080507266552,-514.5943040364333
-83.35274581647761,182.5123633644821,-514.5463100854054
-83.71555318916867,182.21662068023298,-514.5127068613781
-84.07829040767379,181.92031781194916,-514.492428923876
-84.44159972869453,181.6233754341257,-514.484752057023
-84.80566307193665,181.32583718411942,-514.4890731543613
-85.17052898917164,181.02777236710037,-514.5048528353179
-85.53620589032356,180.72924939905272,-514.5315979910597
-85.90262759294001,180.43464235383402,-514.5676478286174
-86.27028910867821,180.14772020913347,-514.6121418493716
-86.64003627002539,179.86745701624153,-514.6659402053298
-87.01229357474597,179.5930224687442,-514.729490090305
-87.38725781904775,179.3237185426179,-514.8030062861975
-87.76499503016467,179.0589461668406,-514.8865582086623
-88.14549284106913,178.7981854897287,-514.980117143552
-88.52869050539739,178.54098300362185,-515.0835844499271
-88.9093333972474,178.2780479204605,-515.1903417545617
-89.28205501824156,177.99967015358695,-515.293097980708
-89.64645423092946,177.70437040529043,-515.3902301674914
-90.00187947544651,177.39021120547739,-515.4797751290857
-90.34729046201528,177.05610312724036,-515.5593577162429
-90.68116669772593,176.70204460513895,-515.6264540604566
-91.00156322550437,176.3280338194505,-515.6787937112559
-91.3062617223739,175.93406864476287,-515.7145157579479
-91.59687097233716,175.5269060478351,-515.7515195376261
-91.87650796091707,175.11328248904584,-515.8085205747591
-92.1455631758308,174.69327252061416,-515.8855188690438
-92.40386720701115,174.26714249667245,-515.9825144200709
-92.6508004393982,173.83525651857758,-516.0995072273242
-92.88539972870099,173.39794743247145,-516.236497290182
-93.10655101207753,172.95529864115957,-516.3927724325466
-93.31327307013358,172.5068337420724,-516.5663755450903
-93.52260497293122,172.06154660799888,-516.7510230475433
-93.7511547031144,171.62706006846486,-516.9401763108253
-93.99629381588586,171.19972809036702,-517.1304833193904
-94.25486582773631,170.77604472071664,-517.3181431066805
-94.524502575752,170.35281042670033,-517.4990896340448
-94.80354766902305,169.9269046945183,-517.6688947968378
-95.09089515958752,169.49500087900225,-517.8227817749294
-95.38575771756108,169.0532912728849,-517.9574753733345
-95.6775416074341,168.60229659649636,-518.0721662174819
-95.95632966098037,168.14474115929704,-518.1668543067616
-96.22284532050907,167.68109849663892,-518.2415396406701
-96.47788782395227,167.2120770883872,-518.2962222188104
-96.72223727611676,166.73843351648466,-518.3309020408915
-96.9565787145522,166.26087447275572,-518.345579106729
-97.18146036494329,165.78003499074737,-518.340253416245
-97.39728257228857,165.29650242113792,-518.3149249694677
-97.60772194986434,164.81503225440753,-518.2760765698738
-97.81676447700518,164.34076998665105,-518.2310133414725
-98.02523147258164,163.87495592077346,-518.1814035040691
-98.2336858749388,163.41859819847417,-518.1289833541035
-98.44241407516476,162.97245962675092,-518.0756027603896
-98.65141211675162,162.5370485062241,-518.0232772039673
-98.86038539007617,162.11261752757588,-517.974243268108
-99.06877691958742,161.69917775310927,-517.931010903471
-99.27187982088087,161.28122254177063,-517.901342635841
-99.46533558643532,160.84329624787767,-517.891671614234
-99.64920416896102,160.3853974678371,-517.9019978387015
-99.82363752742572,159.9075248132657,-517.9323213091884
-99.98889671355964,159.40967692572517,-517.9826420255336
-100.14535566843163,158.8918524931621,-518.0529599874693
-100.29347158272623,158.35405026477076,-518.1432751946219
-100.43369450272118,157.79626905745948,-518.2535876465108
-100.56682495770602,157.22917888430655,-518.3723071283024
-100.69464950021789,156.66263286680618,-518.4876334446301
-100.81879168043056,156.09547060099953,-518.5992681801737
-100.93987703856091,155.52717405633598,-518.7070943032421
-101.05820082704157,154.9574695381773,-518.8110846116095
-101.17391641734248,154.3861987812962,-518.9112571048489
-101.28710837998904,153.8132636822346,-519.0076524528224
-101.3978256443721,153.2385993643171,-519.1003220652157
-101.51345508008205,152.66458177999954,-519.2011411017479
-101.63983643486597,152.09305940730977,-519.3219573773913
-101.77414403676522,151.52308235597593,-519.4627708915035
-101.91406238598381,150.95410333373047,-519.6229835312297
-102.05785234467807,150.3860565854979,-519.8009812133821
-102.20436672657355,149.81928928439302,-519.994805225391
-102.35301160029417,149.25443961659457,-520.2026713212123
-102.50365226713839,148.69232095749442,-520.4229977526863
-102.65043986796779,148.14097748889617,-520.6500814813821
-102.78445302886139,147.6088351955717,-520.8843902647473
-102.90059735129361,147.09671119406786,-521.1350254661446
-102.99681654540231,146.60460267847802,-521.4056578963696
-103.07310769381351,146.13250674264663,-521.6962875539831
-103.1296051234837,145.6804204866647,-522.0069144374398
-103.16776779697969,145.24834110128228,-522.3375385450879
-103.18992109294291,144.83626608987365,-522.6881598751692
-103.19460118695108,144.42419309512795,-523.0387784258281
-103.17934448362304,143.99211932908398,-523.3693941952092
-103.14415389990226,143.54004188430977,-523.6800071815543
-103.08903235283817,143.0679578537988,-523.9706173832118
-103.01398275958623,142.57586433096998,-524.2412247986363
-102.91900803740783,142.0637584096677,-524.4918294263888
-102.80411110367037,141.5316371841618,-524.7224312651367
-102.66929487584709,140.9794977491476,-524.9330303136538
-102.53456209127707,140.41104553897017,-525.1436265708114
-102.41991471806604,139.83098356700623,-525.3742200354807
-102.32535430227018,139.24130589208943,-525.6248107064355
-102.25088209863213,138.64401957207696,-525.8953985823432
-102.19649906892347,138.04113426279653,-526.1859836617651
-102.16220588418507,137.4346242405466,-526.496565943156
-102.14800293221256,136.82640264235766,-526.8271454248643
-102.15389032497112,136.21835604284414,-527.177722105132
-102.17986748605104,135.62087194261952,-527.5354728934549
-102.22593195736297,135.04339309581846,-527.8874710158186
-102.29208082179966,134.48592243182415,-528.2335447412636
-102.37831116214701,133.94846287959436,-528.5735997619576
-102.48406891076245,133.43101734086753,-528.907624495625
-102.60797983742863,132.93248380210963,-529.2356364709309
-102.74846926576762,132.45068497094496,-529.5576812202651
-102.90409280846693,131.9835759658318,-529.8738966427442
-103.06077873699165,131.52589773865444,-530.1972436007482
-103.206998583519,131.0722097717223,-530.540587739391
-103.34631799562125,130.62031448360705,-530.9039290568469
-103.48189729432936,130.16846021939614,-531.2872675511837
-103.61633921742668,129.71554072290996,-531.6906032203633
-103.75169012988889,129.26099422008153,-532.1139360622407
-103.88951682484853,128.8046761909872,-532.5572660745647
-104.03101643452905,128.34674833683945,-533.0205932549782
-104.18464652437768,127.89809898867749,-533.5039176010171
-104.35834224855826,127.4694735096594,-534.0072391101114
-104.55210068928483,127.06087482600704,-534.5305577795848
-104.76591892866475,126.67230586351674,-535.0738736066544
-104.99979404869869,126.30376954755927,-535.6371865884311
-105.2537231312807,125.95526880307983,-536.2204967219194
-105.52770325819816,125.626806554598,-536.8238040040177
-105.82173151113184,125.31838572620778,-537.4471084315177
-106.13580594394335,125.01000924161296,-538.0904100011049
-106.46841934807938,124.6816799511507,-538.7537087093586
-106.81384214905023,124.33340020676705,-539.4370045527518
-107.16496372926419,123.9673307981689,-540.1402975276509
-107.51725502178618,123.5902334888054,-540.8635876303161
-107.86866784405134,123.20786308410189,-541.6068748569014
-108.21867468727963,122.82149576621474,-542.3701592034543
-108.56708050578577,122.43122048,-543.1534406659157
-108.92370364676736,122.04011715606859,-543.9367192401297
-109.29078253340019,121.65886739651519,-544.6999949219398
-109.66271007900222,121.29167540390102,-545.4432677072874
-110.04024577760148,120.93581113494245,-546.1665470145223
-110.42215020564774,120.59107956204863,-546.8704431780089
-110.80814370279637,120.25637584959073,-547.5562689610329
-111.19777899689213,119.93101191462839,-548.2253386681131
-111.59078322350864,119.61430046030424,-548.8788452478472
-111.98437052424364,119.29475552211605,-549.524974098673
-112.37590191043763,118.95998328936238,-550.169980520535
-112.76523192845376,118.6073512344455,-550.8105557665276
-113.15163423713203,118.23509352575003,-551.441942506644
-113.5332378783348,117.84289185239388,-552.0582775888397
-113.90703199750834,117.43074530585612,-552.6555478915725
-114.26969772503247,116.99865250175368,-553.2328152555385
-114.61844324231795,116.54661160409326,-553.7900796776682
-114.95149603369408,116.07462043808722,-554.3314804686944
-115.26883328940868,115.58321524519225,-554.8611994723548
-115.57142206810114,115.07373734531221,-555.3792792311511
-115.860099825212,114.54783894452044,-555.8857404094048
-116.1357207396942,114.00725978839462,-556.380658834882
-116.39919064002878,113.45381949961448,-556.8641908474575
-116.65148933165679,112.88940025805957,-557.3365929819973
-116.89368007536635,112.31592123585736,-557.7982343871048
-117.1343952501637,111.74841227295217,-558.2446008334135
-117.37988320292736,111.20093880923123,-558.6709643112355
-117.62612714680185,110.67350125650862,-559.0773248183035
-117.86871527527737,110.16609940427882,-559.4636823524568
-118.10437026787804,109.67637481444186,-559.8300977217298
-118.33289633143909,109.19736975421269,-560.1811459940765
-118.55629258804369,108.72188556282016,-560.5237996300426
-118.77616878428793,108.24626160344795,-560.8614981026259
-118.98897993537177,107.77070659059572,-561.2065926427922
-119.19105780751822,107.29655287243776,-561.569632428494
-119.38297488741365,106.82411645399141,-561.9490240935629
-119.56526438113171,106.35416366489291,-562.3433881346394
-119.73873087244395,105.88806515800573,-562.7519122231954
-119.90450970461346,105.42790116020687,-563.1748448903074
-120.06385096080749,104.9764026575534,-563.6139042833876
-120.21785746077981,104.53672283073155,-564.0716576436762
-120.36340549751623,104.09985838173273,-564.5480903937346
-120.49532682480063,103.65579682118116,-565.0429527265326
-120.60996347707504,103.20593769902928,-565.557562250179
-120.70494160623048,102.7518841774328,-566.0921687664338
-120.77998808481311,102.29532628821987,-566.6467722724543
-120.8351031591395,101.8378840056914,-567.2213727652912
-120.87028685184916,101.38099393691519,-567.8159702418893
-120.88553898951912,100.92591066041574,-568.4305646990866
-120.90085882386634,100.48202487833844,-569.051080501526
-120.93624386595121,100.05814279377518,-569.6631115694829
-120.99169119872325,99.65426733288568,-570.2660061128987
-121.06719790502527,99.27040142140422,-570.8591311920903
-121.16276106759345,98.90654798463962,-571.4418730477244
-121.27837776905727,98.56270994747521,-572.013634957914
-121.41404509193963,98.23889023436888,-572.5738318003715
-121.56976011865677,97.93509176935298,-573.1218812805155
-121.74551993151837,97.65131747603435,-573.6737096897513
-121.94132161272746,97.38757027759429,-574.2455350484374
-122.15716224438056,97.14385309678858,-574.8373573535333
-122.39303890846756,96.92016885594741,-575.4491766018918
-122.64894868687186,96.71652047697539,-576.0809927902598
-122.92488866137033,96.53291088135155,-576.7328059152771
-123.2208559136333,96.36934299012931,-577.404615973478
-123.53684752522463,96.22581972393644,-578.0964229612899
-123.85511393454316,96.10234314023319,-578.7956979653566
-124.155652223043,95.99891173554096,-579.4887352171951
-124.43620611533112,95.91552270503149,-580.1731815513094
-124.69677269305333,95.85217313390534,-580.8468901096603
-124.93734903796172,95.80886010693746,-581.5080645658435
-125.1579322319147,95.7855807084772,-582.1551547206499
-125.35851935687697,95.78233202244833,-582.7867858758149
-125.53910749491955,95.79911113234905,-583.4017159396624
-125.71969470049844,95.8159160935749,-584.0179979980563
-125.92028291721935,95.81274885067106,-584.6542769508945
-126.140875060878,95.78961232085994,-585.3105527947934
-126.38147404716369,95.74650942178921,-585.986825526263
-126.64208279165936,95.68344307153177,-586.6830951417074
-126.92270420984151,95.60041618858571,-587.3993616374242
-127.22334121708026,95.49743169187431,-588.1356250096045
-127.5439967286393,95.37449250074606,-588.8918852543331
-127.88467338064562,95.23734119999584,-589.6681423675888
-128.24537272871967,95.09098559727235,-590.4643963452435
-128.6223364436273,94.93353919838988,-591.2806471830633
-129.00817430274373,94.7625155721593,-592.1168948767076
-129.39602411566588,94.57522522176832,-592.9731394217297
-129.77984166389723,94.36915136338143,-593.8493808135764
-130.15446744185527,94.14313286889505,-594.7456190475884
-130.51599908525242,93.89716809397906,-595.6618541189998
-130.86022578866778,93.63663078367097,-596.5980860229384
-131.18449326268686,93.3665919127555,-597.554314754426
-131.48880294056025,93.08648416879336,-598.5305403083775
-131.7731563310749,92.795841886937,-599.5267626796018
-132.03755500184266,92.49431812500222,-600.5429818628016
-132.2820005632702,92.18166289824346,-601.5791978525731
-132.50649465696674,91.85768786146134,-602.635410643406
-132.71103894927003,91.52223277924824,-603.7116202296838
-132.8956343574921,91.19101267581249,-604.8078266056839
-133.0602787315751,90.87981803952131,-605.9240297655771
-133.2049691537812,90.58864596044096,-607.0602297034278
-133.3297027064787,90.31749352821213,-608.2164264131944
-133.434476472142,90.06635783205002,-609.3926198887286
-133.5192875333516,89.83523596074437,-610.5888101237759
-133.58413297279418,89.6241250026594,-611.8049971119758
-133.62900987326265,89.43302204573388,-613.0411808468609
-133.67391628993457,89.24192514980402,-614.2773613218666
-133.7388541671372,89.03083626385579,-615.4935385304283
-133.82382642138757,88.79975830955249,-616.689712466079
-133.92883596909613,88.54869420898277,-617.8658831224578
-134.05388572656682,88.27764688466061,-619.0220504933106
-134.198978609997,87.98661925952534,-620.1582145724893
-134.3641175354775,87.67561425694153,-621.2743753539523
-134.54930541899247,87.34463480069907,-622.3705328317643
-134.73454420414095,87.01368284269023,-623.4666870000875
-134.89983194537183,86.70275644565734,-624.5828378530845
-135.0451657249439,86.41185269966523,-625.7189853848197
-135.17061960962752,86.14096869809573,-626.8751295892517
-135.27679276700647,85.89010157440279,-628.0512704602328
-135.3643108998013,85.65924857249973,-629.2474079915087
-135.43311360701122,85.4484069737049,-630.463542176719
-135.48274202353227,85.25757401829688,-631.6996730093966
-135.53264863078917,85.08674784109806,-632.9558004829686
-135.60258087623774,84.93549288751102,-634.2319245907552
-135.69253596954894,84.80295169394478,-635.5280453259707
-135.8025112422447,84.6883246310357,-636.8441626817228
-135.9325041366713,84.59089467630845,-638.180276651013
-136.08251219453763,84.51001913248359,-639.5363872267366
-136.25253304673976,84.44512046935685,-640.9124944016821
-136.44256440454194,84.3956768771905,-642.3085981685323
-136.6526048961257,84.343852049432,-643.7246985198632
-136.8826565821295,84.27205931384542,-645.1603784101809
-137.13272237819243,84.18030158913831,-646.6147402869908
-137.40280519984705,84.06858179444346,-648.086888476437
-137.6929079625195,83.93690284931887,-649.5760330327188
-138.0030335815295,83.78526767374773,-651.081412055599
-138.33318489607333,83.61524285924767,-652.6021362968083
-138.6833643363897,83.43055040181528,-654.1370067088016
-139.05357401825992,83.22962955145431,-655.6686000065232
-139.44381667577719,83.00876415442744,-657.1801898177009
-139.85409522372868,82.76795713261882,-658.6717761342965
-140.28441257679506,82.50721140833771,-660.1433589483784
-140.7347715237876,82.22911685175494,-661.5949382521214
-141.20517418609117,81.93964234455956,-663.0265140378067
-141.69562182671783,81.64372140834931,-664.4380862978218
-142.2061152808448,81.34212158357478,-665.8296550246606
-142.7300458654488,81.04732792683149,-667.2212202109146
-143.26011323124717,80.77261114604724,-668.632781849175
-143.79434311075096,80.51797200667926,-670.0643399319358
-144.32967571856625,80.28341090464649,-671.5158944515848
-144.86269378161492,80.06892774830159,-672.9874454004031
-145.39139401655942,79.87274286717904,-674.4789927705657
-145.9159654108027,79.68743291557911,-675.9905365541412
-146.43718852319114,79.50495734944334,-677.5220767430919
-146.966867128171,79.31273897298277,-679.0536133292826
-147.51657756414411,79.10059930721758,-680.5651463045781
-148.0863227450497,78.86854127386488,-682.0566756609409
-148.67440075645882,78.61656771218766,-683.5282013904396
-149.27518468651715,78.34468093954594,-684.9797234852491
-149.8804258448158,78.05288221726512,-686.4112419376511
-150.48075371761175,77.74117152959518,-687.8227567400334
-151.0685779363557,77.40954754568902,-689.2142678848901
-151.65890466776062,77.05800904776636,-690.5857753648219
-152.26928654010723,76.68655810735063,-691.9372791725356
-152.89972646701216,76.29519764955855,-693.2687793008445
-153.55022736198532,75.88393059993176,-694.5802757426684
-154.2207921384299,75.4527598844368,-695.8717684910333
-154.91142370964258,75.00168842946515,-697.1432575390717
-155.62129240633973,74.53071912135763,-698.3947428800221
-156.34878015657856,74.03985464665037,-699.62622450723
-157.09472148353888,73.54909757728578,-700.8436558061728
-157.8607354237096,73.0784507620907,-702.0531993680305
-158.6468190561551,72.6279171283046,-703.2552519835511
-159.452969459833,72.19749960274096,-704.4501701145433
-160.27918371359425,71.78720111178718,-705.6382755091086
-161.12545889618306,71.3970245814047,-706.8198603819981
-161.99179208623698,71.02697293712885,-707.9951921066894
-162.8781803622869,70.67704910406891,-709.1645174802162
-163.76462177505343,70.3272550346561,-710.3208971729383
-164.63111826440658,69.95758879217117,-711.4572730884998
-165.47767274260104,69.56804746799666,-712.573645220858
-166.30428812199756,69.15862815393993,-713.6700135640764
-167.11096731506288,68.72932794223303,-714.746378112325
-167.89771323436977,68.2801439255328,-715.8027388598804
-168.66452879259697,67.81107319692089,-716.8390958011252
-169.41141690252925,67.32211284990372,-717.8554489305484
-170.15838047704844,66.81326095069998,-718.8717982427368
-170.92542242903602,66.28451945510297,-719.9081437322769
-171.7125456712755,65.73589129161822,-720.964485393658
-172.51975311644364,65.1673793891761,-722.0408232212629
-173.3470476771104,64.57898667713175,-723.1371572093682
-174.19443226573893,63.97071608526505,-724.253487352144
-175.06190979468553,63.34257054378068,-725.3898136436541
-175.94948317619966,62.694552983308036,-726.5461360778561
-176.8571543501365,62.0466663348658,-727.70245464861
-177.78492136709463,61.418913529471936,-728.838769349776
-178.7327813052782,60.81129749775376,-729.9550801753117
-179.7007312427846,60.22382116991247,-731.0513871192808
-180.68876825760438,59.656487475723075,-732.1276901758538
-181.69688942762127,59.10929934453446,-733.1839893393075