
35.5790221151082,829.2141376216565,-24.781049341736097
35.54901956377804,829.1841410248318,-24.81104914408755
35.4990117466844,829.1341502624524,-24.86104881449606
35.428995747230886,829.0641682523614,-24.931048352695743
35.338968648927484,828.9741979128269,-25.021047758314378
35.22892753539059,828.8642421625427,-25.131047030873386
35.098869490343034,828.7343039206279,-25.26104616978784
34.94879159761407,828.5843861066268,-25.41104517436646
34.778690941139416,828.4144916405089,-25.581044043811623
34.58856460496127,828.2246234426691,-25.76746129051897
34.37840967322831,828.0147844339277,-25.961280047294093
34.148223230195725,827.7849775355301,-26.15122323019127
33.898002360225206,827.5352056691469,-26.32630770441246
33.627744147785,827.2654717568739,-26.48139203865096
33.337445677449885,826.9757787212322,-26.6164762320821
33.02710403390122,826.6661294851682,-26.731560283987562
32.71671630191806,826.3365259997657,-26.82664419375538
32.42627956627973,825.9869663273843,-26.901727960879942
32.15579091166832,825.6174475585208,-26.956811584961986
31.90524742265983,825.2279667840976,-26.9918950657086
31.674646183724217,824.8185210954623,-27.00697840293323
31.463984279225386,824.3891075843876,-27.00206159655566
31.27325879342122,823.9397233430714,-26.977144646602042
31.102466810463582,823.4703654641369,-26.932227553204875
30.93160636775723,823.000642469352,-26.887310316594142
30.740679335044817,822.5505563131749,-26.862392936999832
30.52968861126652,822.1204994655023,-26.857475414554443
30.298637114406617,821.7104748522728,-26.872557749284127
30.048880843304975,821.32048533322,-26.90763994110868
29.78285752774304,820.9505334519475,-26.96272198984155
29.50232844495234,820.6006214426101,-27.03780389518984
29.208418445316152,820.2707513331252,-27.132885656754294
28.903173883769554,819.9409249537941,-27.22796727403817
28.591936216167884,819.5911436202857,-27.303048746544736
28.28056809641592,819.2214077396882,-27.358130073874737
27.972530684394023,818.8317170597115,-27.393211255735274
27.669960474419,818.422070925522,-27.408292291939805
27.37411290494708,817.9924684400778,-27.403373182408135
27.085715016838854,817.5429085652066,-27.378453927166415
26.80518827864408,817.0733901809665,-27.33353452634716
26.51863906872565,816.5854974678435,-27.288614980180373
26.212018453145923,816.0921579478189,-27.26369528889605
25.885327079414804,815.6117898876242,-27.258775452626697
25.538567522198637,815.1514709365564,-27.273855471398484
25.17174270020366,814.7112040212088,-27.308935345131218
24.784855532242812,814.2909920677494,-27.36401507363836
24.377908937235713,813.8908380019204,-27.43909465662702
23.95090583420865,813.5107447490384,-27.53417409369796
23.5238491422857,813.1507142617066,-27.629253384354453
23.11674178059123,812.8107446029529,-27.704332528099773
22.729586668152372,812.4908328630919,-27.762481811284115
22.362386723890175,812.1909761320126,-27.818096313681455
22.015144866619572,811.9111714991781,-27.888105748237766
21.687864015049364,811.651416053626,-27.978115034488717
21.380547087782215,811.4117068839683,-28.088124171955677
21.09319700331463,811.1920410783913,-28.218133160053664
20.805815707758345,810.9724166969784,-28.368141998091357
20.49840125807551,810.7328356889625,-28.538150685271063
20.170950739038492,810.473300976254,-28.728159220688763
19.83005014419561,810.1938151608724,-28.938167603334072
19.487861284987645,809.8943792929352,-29.16556740933522
19.150959267895306,809.5749929696883,-29.407197857531393
18.8205618256591,809.2356553122321,-29.663474083451646
18.49680797494579,808.8763653546123,-29.936851563446663
18.16630942631291,808.4971227825605,-30.209523582012714
17.815754402690583,808.0979298739609,-30.464667555939272
17.445139989080573,807.6787895541249,-30.71796502721286
17.054463270591317,807.2397047487892,-30.98694387848529
16.6437213580326,806.7812048676501,-31.275922564974127
16.212911727833962,806.30923200811,-31.584901085142704
15.762033078030807,805.8321508485735,-31.913879437348008
15.291085011515662,805.354315195675,-32.26285761984069
14.820067046994975,804.8668387690403,-32.61183563077389
14.368976770346562,804.35942958394,-32.94081346830077
13.937811267106792,803.8320847342704,-33.24979113067197
13.526567622706086,803.2848013143532,-33.53876861624448
13.135242922468926,802.7175764189348,-33.80774592348166
12.763834251613876,802.1304071431867,-34.056723050953195
12.412338695253595,801.5232905827061,-34.285699997335136
12.080753338394851,800.8962238335146,-34.49467676140989
11.769075265938541,800.2492039920593,-34.68365334206622
11.477301562679703,799.5822281552123,-34.85262973829923
11.205429313307532,798.8952934202711,-35.001605949210365
10.953455602405397,798.188396884958,-35.13058197400745
10.721377514450852,797.461535647421,-35.239557812004634
10.509192133815661,796.7147068062328,-35.328533462622445
10.316896544765804,795.9479074603918,-35.397508925387754
10.144487831461495,795.1611347093215,-35.446484199933764
9.9919630779572,794.3543856528703,-35.495459285991195
9.859319368201652,793.5276573913123,-35.56443418329076
9.746553786037861,792.680947025347,-35.653408891465666
9.65366341520314,791.8142516560988,-35.7623834100428
9.58064533932911,790.9275683851175,-35.891357738442686
9.527496780928297,790.023753275002,-36.04033187597948
9.49421584949501,789.1124739779443,-36.209305821861015
9.480802572447189,788.2098878237133,-36.39827957518876
9.467259173841363,787.3263223370222,-36.5872531349667
9.433588475351637,786.4617814152693,-36.75622650019883
9.379793029288317,785.6126809699549,-36.90519966998661
9.305874667617509,784.7730075347,-37.03417264353787
9.211834277690413,783.9361639808927,-37.14764611348603
9.097671878306864,783.0972685772164,-37.25806247872398
8.96338685782847,782.2516242947943,-37.38010383895407
8.80897769520205,781.3912393351353,-37.521327794022206
8.654441747309997,780.5110027117319,-37.66255154956867
8.519776104195298,779.6107871773237,-37.78377510485135
8.404977849711715,778.6905898341762,-37.88499845922564
8.310044067607368,777.7504077849801,-37.96622161215329
8.234971841524748,776.7902381328516,-38.02744456320238
8.179758255000726,775.8100779813323,-38.06866731204735
8.144400391466576,774.8099244343887,-38.08988985846901
8.12889533424799,773.789774596413,-38.091112202354495
8.113240873143646,772.7641607174965,-38.08390773560655
8.077437514606329,771.7453639356934,-38.07385978269338
8.02148585260335,770.7274161769354,-38.04939495175918
7.945385389953759,769.7012762382035,-38.004929918504146
7.849134255568406,768.6583838977631,-37.94046468316472
7.732729690365747,767.5955070644723,-37.8559992460837
7.5961687781024425,766.5126486777827,-37.751533607710236
7.439448602642336,765.4098116775716,-37.62706776859983
7.2625662479564665,764.2869990041414,-37.50260172940547
7.06551879812309,763.1442135982198,-37.39813549078015
6.848303337327691,761.9814584009598,-37.313669053279376
6.610916949862995,760.7987363539394,-37.24920241735231
6.373356720120129,759.5960494268746,-37.1847355833506
6.155619732491142,758.373395700757,-37.10026855162593
5.957703071271536,757.1307722847157,-36.99580132262746
5.779603820651415,755.8681762883051,-36.87133389691069
5.6213190647155065,754.5856048215051,-36.72686627513749
5.48284588744317,753.2830549947205,-36.562398458076075
5.364181372708417,751.9605239187815,-36.377930446601
5.265322604279926,750.6180087049439,-36.173462241693194
5.166267638117361,749.2755074371405,-35.948993844439926
5.0470184193312,747.953022088454,-35.70452525603481
4.907577865417885,746.6505556038641,-35.44005647777783
4.747948893981223,745.3681109279255,-35.15558751107531
4.5681344227323795,744.1056910047672,-34.85111835743993
4.368137369489852,742.8632987780925,-34.52664901849072
4.1479606521794645,741.6409371911793,-34.182179495953065
3.9076071888343433,740.4386091868801,-33.81770979165871
3.667078925298604,739.2363167353693,-33.45323990753686
3.4463739182675215,738.0140579176718,-33.108769845516754
3.2454892520523795,736.7718298429149,-32.78429960743012
3.064422010859066,735.5096296206508,-32.47982919500235
2.9031692787880887,734.2274543608571,-32.195358609852484
2.761728139834591,732.9253011739368,-31.93088785349321
2.640095677888367,731.6031671707178,-31.686416927330864
2.538268976733876,730.2610494624538,-31.461945832665435
2.437403437164168,728.918946076812,-31.23747457069942
2.3205677462413488,727.5968586127304,-30.99300314263532
2.1912981542721663,726.2947891345384,-30.728531549773127
2.0526003177576513,725.0127392304993,-30.44405979351918
1.9070213246761754,723.7507100847317,-30.139587875386177
1.7567090397152412,722.5087025396635,-29.815115796993158
1.6034646974912388,721.2867171503542,-29.47064356006553
1.4487898195015168,720.0847542315553,-29.106171166435033
1.3036531861605645,718.8828134255263,-28.723022682293944
1.1783398218919119,717.660892341097,-28.324011971525355
1.0728468104995927,716.4189880873929,-27.912194294046916
0.9871712356822449,715.1570977739644,-27.49079590174188
0.9213101810331258,713.8752185107877,-27.06325958974199
0.8752607300401282,712.573347408264,-26.633305331022164
0.8490199660857957,711.25148157722,-26.205011886106654
0.8425849724473379,709.9096181289077,-25.782926904747107
0.8359528323055091,708.547755147292,-25.369629706279735
0.8091206288421114,707.165894605913,-24.96674921441034
0.7620854453374998,705.7640394510233,-24.577039158239266
0.6948443651794592,704.3421926293015,-24.202990291104197
0.6073944718632212,702.900357087851,-23.846952800387395
0.49973284899147796,701.438535774201,-23.510499285485082
0.37185658027439916,699.9567316363056,-23.194045645555565
0.22376274952964673,698.4549476225444,-22.897591882281606
0.07544941296097052,696.9531857093993,-22.62113799723961
-0.05308148407694348,695.4714439842028,-22.36468399189964
-0.16182702403829838,694.009719561609,-22.128229867625393
-0.25078428948250703,692.5680095558474,-21.911775625674238
-0.31995036307420743,691.1463110807215,-21.715321267197176
-0.3693223275832783,689.7446212496095,-21.538866793238867
-0.39889726588485475,688.3629371754641,-21.382412204737616
-0.40867226095934345,687.0012559708127,-21.24595750252538
-0.4186443958835758,685.6595757200446,-21.109502687336622
-0.448810753733335,684.3378983962732,-20.953047759905814
-0.4991684174858828,683.0362269444744,-20.776592721064915
-0.5697144700111128,681.7545643091985,-20.580137571752232
-0.6604459940715655,680.4929134345701,-20.363682313012426
-0.7713600723224442,679.2512772642889,-20.127226945996508
-0.9024537873116306,678.0296587416285,-19.87077147196184
-1.0537242214796998,676.8280608094373,-19.594315892272146
-1.2251694294473787,675.6264864101735,-19.297860208397488
-1.4167913548778825,674.4049384862954,-18.981404421914284
-1.6285929136145787,673.1634199806508,-18.644948534505307
-1.8605770213935278,671.9019338365132,-18.288492547959677
-2.1127465938434686,670.6204829975809,-17.91203646417287
-2.3851045464858034,669.3190704079777,-17.51558028514671
-2.67765379473458,667.9976990122524,-17.09912401298938
-2.9903972538964805,666.6563717553789,-16.6626676499154
-3.3033378391796635,665.2950906104694,-16.20621119824565
-3.59647846579124,663.9138536619107,-15.72975466040737
-3.869822049034746,662.5126580222279,-15.233298038934137
-4.12337150431899,661.0915008043711,-14.716841336465887
-4.357129747158035,659.6503791217154,-14.180384555748907
-4.571099693171186,658.1892900880616,-13.623927699635832
-4.765284258082973,656.7082308176352,-13.047470771085655
-4.939686357723138,655.2071984250873,-12.451013773163712
-5.104695646305858,653.7061905304507,-11.8345567090417
-5.267469823456196,652.2252066167958,-11.19809958199766
-5.420497476118781,650.764245835983,-10.541642395415987
-5.556616041540161,649.3233062101842,-9.86518515278743
-5.672943386894987,647.90238499317,-9.168727857709081
-5.769476594702357,646.5014792983145,-8.452270513884393
-5.8462127475866215,645.1205862385661,-7.7167962260138445
-5.903148928277407,643.7597029264481,-6.966660886373126
-5.940283191897066,642.3988264740934,-6.200881398060447
-5.957617482823021,641.0179539936352,-5.41510187678311
-5.955154717825421,639.6170825975963,-4.609322326719542
-5.93289781377969,638.1962093989252,-3.783542752154517
-5.890849687666509,636.7553315109957,-2.9377631574791634
-5.829013256571795,635.2944460476069,-2.0719835471909587
-5.747391437686695,633.8135501229835,-1.1862039258937331
-5.645987148307564,632.3126408517758,-0.28042429829766735
-5.54480330582709,630.7917163213466,0.6453553307807072
-5.463842827636786,629.2507785086342,1.5911349564185076
-5.403108631029492,627.6898303632898,2.5569145735865
-5.362603633190492,626.1088748353903,3.542694177149099
-5.3423307511975,624.5079148754377,4.548473761864369
-5.342292902020647,622.8869534343594,5.574253322384023
-5.362493002522458,621.2459934635084,6.620032853253424
-5.402933969457848,619.5850379146631,7.685812348911582
-5.443618719482958,617.9040887677397,8.751591803700022
-5.464550169252634,616.2031441139303,9.797371211960265
-5.465731235517898,614.4822010725644,10.823150568131323
-5.4471648351347985,612.7412567633975,11.82892986675856
-5.4088538850643895,610.98030830661,12.81470910249369
-5.350801302372718,609.1993528228082,13.78048827009478
-5.273010004230808,607.3983874330236,14.726267364426247
-5.175482907914647,605.5774092587128,15.652046380458861
-5.058221958517726,603.7564154217231,16.557825313269742
-4.9212252120887,601.9554030439015,17.44360415804236
-4.764489752493731,600.1743692467052,18.309382910066535
-4.588012663703939,598.4133111511661,19.155161564738453
-4.391791029795426,596.6722258778909,19.980940117560632
-4.175821934949283,594.9511105470609,20.786718564141953
-3.940102463451611,593.2499622784322,21.572496900197645
-3.684629699693533,591.5687781913358,22.33827512154929
-3.429401700449793,589.8875563770002,23.085037919558957
-3.194420411643601,588.186298815804,23.822721264372383
-2.97968875138681,586.4650084608033,24.570340456623903
-2.7852096376835935,584.72368826548,25.337959518212454
-2.6109859884304316,582.9623411837412,26.12557844505618
-2.4570207214160953,581.1809701699196,26.933197232966883
-2.3233167543216293,579.379578178774,27.760815877650003
-2.2075499707247883,577.5581680523605,28.60843437470463
-2.0897232881123577,575.7167413214922,29.476052719623507
-1.9521666579776276,573.8552959676393,30.363670907793033
-1.7948829979143899,571.9738291135376,31.271288934493246
-1.6178752256213356,570.0723378823483,32.198906794897844
-1.42114625890204,568.1508193976581,33.14652448407416
-1.204699015664947,566.2092707834794,34.1141419969832
-0.9685364139233532,564.2476891642501,35.10175932847959
-0.7126613717953929,562.2660716648337,36.10937647331163
-0.4570758352077172,560.2844163827712,37.13699342612126
-0.22177786093566895,558.3227253047536,38.18461018144407
-0.00676453336813071,556.3810013893695,39.25222673370931
0.18796706321387954,554.4592475947826,40.339843077239856
0.362419844637193,552.557466878731,41.44745920625226
0.5165967268364746,550.6756621985278,42.57507511485672
0.6505006258542074,548.8138365110605,43.72269079705707
0.7641344578406772,546.9719927727916,44.890306246750804
0.8775001667576519,545.1301329675063,46.07792145772906
1.0105958074185561,543.2682551898397,47.28553642367664
1.1634184622533197,541.3863565625301,48.51315113817198
1.335965213586973,539.4844342087409,49.76076559468717
1.5282331436396628,537.5624852520613,51.02837978658796
1.740219334526667,535.6205068165058,52.31599370713374
1.9719208682584106,533.6584960265146,53.62360734947755
2.2233348267404813,531.6764500069535,54.95122070666609
2.4944586590150912,529.6819200575235,56.29883377163971
2.785291274872588,527.6822905966299,57.666446537232396
3.0958319109453485,525.6772305324308,59.05405899617179
3.426079756275916,523.6664111106552,60.4616711410792
3.7760339513858225,521.6494885014699,61.88928296446957
4.145693583707792,519.6260637260929,63.336894458751495
4.53505767076018,517.5955334153537,64.80450561622722
4.944125113366238,515.5568585265195,66.29211642909264
5.35289439264279,513.5037526525344,67.79972688943732
5.741362863219775,511.43058864269506,69.32733698924446
6.109527606169165,509.33736945794726,70.8749467203909
6.460472968979763,507.2253800560319,72.44255607464714
6.800832555664389,505.0978600665627,74.03016504367734
7.136150676737672,502.957959560092,75.6377736190393
7.469610274032364,500.8076258346238,77.26538179218447
7.803118959132228,498.64809995279785,78.91298955445798
8.146854462993755,496.47419697228054,80.58059689709856
8.510271585903396,494.2802424250563,82.26820381123864
8.893367409066336,492.06623344090934,83.97581028790427
9.296139013583113,489.83216715004954,85.70341631801516
9.718583480449642,487.5780406831124,87.45102189238467
10.160697890557223,485.3038511711594,89.21862700171982
10.622479324692566,483.0095957456775,91.00623163662128
11.103924863537793,480.6952715385795,92.81383578758336
11.605031587670467,478.360875682204,94.62143944500288
12.125796577563596,476.0064053093153,96.40904259927669
12.666216913585659,473.6318575531036,98.1766452408991
13.226289676000615,471.23722954718494,99.92424736047079
13.80601194496792,468.82251842560106,101.65184894869878
14.405380800542543,466.38772132281963,103.35944999639649
15.024393322674982,463.9328353737341,105.04705049448364
15.663046591211277,461.45785771366394,106.71465043398634
16.321337685893027,458.9627854783544,108.38224980602814
16.99926368635741,456.4476158039767,110.06984860173266
17.696821672137187,453.912345827128,111.777446812126
18.414008722660732,451.3569726848312,113.50504442812789
19.150821917252035,448.78149351453544,115.25264144055177
19.907258335130727,446.18590545411564,117.02023784010467
20.68331505541209,443.57020564187275,118.80783361738733
21.478989157107073,440.93439121653375,120.6154287628941
22.27427771913117,438.27846028953905,122.44302326701298
23.049177820401933,435.6024148619049,124.29061712002564
23.80368653993646,432.9062579073609,126.15821031210743
24.53780095686028,430.1899924000627,128.04349556327827
25.251518150407374,427.45362131459194,129.93722175725497
25.94483519992019,424.6971476259562,131.82635235824696
26.617749184849643,421.920574309589,133.70041777079467
27.270257184755156,419.12390434134994,135.55476178071106
27.91647134964142,416.3071400113291,137.3891050698166
28.570723632402935,413.47028085457583,139.20344762835705
29.233515236385877,410.61332566380565,140.9977894466846
29.905335264671287,407.7362731560888,142.7721305152577
30.586365885935642,404.8391219958094,144.52647082464117
31.27628063614676,401.9218708567071,146.26081036550625
31.974297641221757,398.98451849580357,147.97514912863048
32.67941389666367,396.027063803511,149.66948710489777
33.39760115226817,393.0495054795903,151.3438242852984
34.135353218155515,390.05184098627024,152.99816066092902
34.89266717354033,387.0340674703707,154.63249622299256
35.669540097533236,383.9961820791379,156.24683096279836
36.46596906914084,380.9381819602438,157.8411648717621
37.28195116726577,377.8600642617866,159.41549794140585
38.11748347070665,374.76182613229025,160.969830163358
38.972563058158194,371.643464720705,162.50416152935333
39.84718798049856,368.5249771763717,164.03849203122402
40.741360177651785,365.4263606486316,165.5928216608024
41.65508256172537,362.34761228643697,167.1671504098232
42.588358044722895,359.2887292383152,168.76147826991485
43.54118953854393,356.24970865236924,170.3758052325994
44.51357995498407,353.230547676277,172.01013128929262
45.5055322057349,350.23124345729207,173.66445643130388
46.517049202384,347.2517931422431,175.3387806498362
47.5481338564149,344.29219387753443,177.03310393598628
48.59878907920707,341.35244280914554,178.7474262807445
49.66901778203593,338.4325370826314,180.48174767499478
50.74677062616969,335.53247442903495,182.23606810951483
51.81663624280877,332.6522550860678,184.01038757497597
52.87839976205962,329.79188037784576,185.80470606194314
53.93228782331842,326.9513513220596,187.61902356087495
54.978116801054526,324.13066921812606,189.4533400621237
56.01107918604152,321.3098353421274,191.2876555559441
57.02362959597931,318.46885230411294,193.101970032591
58.015765108621274,315.6077230812418,194.8962834824167
58.98748280182936,312.7264506510992,196.6705958958798
59.938779753574075,309.8250379916968,198.42490726354535
60.86965304193452,306.9034880814721,200.15921757608467
61.7800997450984,303.961803899289,201.87352682427547
62.67011694136203,300.9999884244374,203.5678349990018
63.539701709130384,298.0180446366332,205.24214209125412
64.38885112691706,295.01597551601856,206.89644809212922
65.21756227334434,291.9937840431616,208.5307529928302
66.02583222714318,288.9514731990566,210.1450567846666
66.81365806715324,285.88904596512367,211.7393594590542
67.58103687232287,282.80650532320925,213.3136610075153
68.32796572170918,279.70385425558555,214.86796142167842
69.054441694478,276.58109574495086,216.4022606932785
69.7804628421825,273.4582318021065,217.9165588141568
70.52603110552806,270.3552605487047,219.41085577626097
71.29114939741241,267.27217913372067,220.885151571645
72.07582063062931,264.208984705705,222.33944619246927
72.88004771786856,261.1656744127834,223.77373963100047
73.70383357171598,258.1422454026567,225.18803187961166
74.54718110465335,255.13869482260117,226.58232293078225
75.41009322905845,252.15501981946807,227.95661277709806
76.29257285720503,249.19121753968412,229.33090141124234
77.19462290126279,246.2472851292512,230.72518882589839
78.11624627329736,243.3232197337465,232.13947501365203
79.05744588527028,240.41901849832254,233.57375996698266
80.018224649039,237.53467856770715,235.02804367826346
80.99858547635685,234.67019708620344,236.50232613976115
81.99853127887303,231.82557119768995,237.99660734363619
83.01806496813262,229.00079804562054,239.51088728194262
84.03718945558538,226.19587574531192,241.02516594663706
85.03590765268324,223.4108063008059,242.5194433296761
86.01422247097778,220.64559268800716,243.99371942311387
86.97213682212912,217.90023788239571,245.4479942191108
87.90965361790579,215.17474485902696,246.8822677099337
88.82677577018484,212.46911659253158,248.2965398879558
89.72350619095174,209.7833560571156,249.69081074565653
90.59984779230041,207.11746622656037,251.06508027562188
91.45580251414574,204.45145007425793,252.41934847054407
92.29136840736128,201.765310573601,253.75361532322168
93.1065425506415,199.05905069837291,255.0678808265597
93.90132202278937,196.33267342278305,256.3621449735694
94.67991103505388,193.58618151693972,257.63640775736854
95.45412297635617,190.81957656335348,258.8906691711811
96.23309557169381,188.0328583863208,260.1249292083375
97.0187381586864,185.2260261243315,261.3391878622745
97.81129342939197,182.39907877437398,262.5534451265264
98.61090340644779,179.5520153280191,263.7877009946274
99.41801252210242,176.68483472123384,265.04195546001426
100.23289104903778,173.79753583912242,266.3162085160174
101.05571173668207,170.89011753509135,267.610460155861
101.88658835777107,167.96257864198225,268.9247103726628
102.72559719319935,165.01491797897125,270.2589591594341
103.57278996718138,162.0471343560211,271.61320650908
104.41386911306321,159.07922727362046,272.9874524143993
105.23451852533744,156.13119901541944,274.38169686808425
106.03474111650254,153.20305256074167,275.7898138213113
106.81453979916564,150.294790888486,277.19994741637834
107.57439519867344,147.4064169539028,278.601162571939
108.32019083354272,144.53793335626463,279.98531513076574
109.05659112141342,141.6893416566045,281.3494662007645
109.78291176324196,138.86064329440725,282.6936157746811
110.494016454654,136.0518399867135,284.03776384535934
111.18471471502555,133.26293445739964,285.40191040564264
111.8550094575461,130.4939296823907,286.7860554482771
112.50490359551367,127.74482863718688,288.1901989659025
113.13440004233472,125.01563429686347,289.6143409510521
113.7435017115242,122.30634963607085,291.05848139615307
114.33221151670551,119.61697762903451,292.52262029352613
114.90053237161048,116.94752124955495,294.0067576353856
115.44846719007937,114.29798347100774,295.51089341383954
115.97601888606081,111.6683672663435,297.03502762088954
116.48319037361186,109.0586756080878,298.579160248431
116.96998456689793,106.46891146834128,300.1432912882529
117.43640438019281,103.8990778187795,301.72742073203784
117.88245272787859,101.34917763065305,303.3315485713622
118.30813252444572,98.8192138747874,304.9556747976959
118.71344668449296,96.309189521583,306.59979940240254
119.11839715043104,93.79910656876321,308.2639223767395
119.54298197552286,91.26896312490193,309.9480437118576
119.98719835371196,88.72108205031985,311.6521633988016
120.4510441343678,86.16196760219091,313.3762814285095
120.93451828806286,83.59981235236177,315.12039779181345
121.43762091527297,81.04163424162597,316.88451247943885
121.96035298984337,78.4923634707506,318.668625482005
122.50271611460504,75.95615193144504,320.4727367900248
123.06471253192552,73.4375425387748,322.2968463939048
123.64634504302356,70.93884975093651,324.14095428394506
124.24761656166862,68.46007070392858,326.0050604503396
124.86853000152573,66.00120253332446,327.8891648831759
125.50908827615547,63.56224237427271,329.7932675724351
126.16929429901398,61.14318736149693,331.7173685079921