
116.77223704130532,755.6901614560181,-243.34540416365016
115.48627363747609,753.8482408595438,-244.7192214808636
114.20004491659292,752.0265073452191,-246.07303749677834
112.89355380236658,750.2249628961002,-247.40685220419536
111.56680321860675,748.4436104671047,-248.72066559602206
110.21979608923083,746.6824530127234,-250.0144776652721
108.85253533826389,744.9414934870208,-251.28828840506563
107.46502388983878,743.220734843635,-252.54209780862908
106.05726466819598,741.5201800357777,-253.77590586929523
104.62926059768365,739.8398320162339,-254.98971258050324
103.20101460274874,738.1796927650747,-256.18351793579865
101.7925296078395,736.5397603727952,-257.3573219288333
100.40380853730794,734.920031957176,-258.51112455336545
99.03485431540099,733.3205046355718,-259.6449258032597
97.68566986626047,731.7411755249103,-260.75872567248695
96.35625811392306,730.1820417416933,-261.8525241551246
95.0466219823203,728.6431004019956,-262.9263212453563
93.7567643952786,727.1243486214661,-263.98011693747196
92.48668827651915,725.6257835153267,-265.01391122586807
91.23639654965798,724.1474021983734,-266.02770410504735
90.00589213820592,722.6892017849756,-267.0214955696189
88.79517796556857,721.2511793890765,-267.99528561429815
87.60425695504628,719.8333321241927,-268.949074233907
86.43313202983417,718.4356571034145,-269.88286142337364
85.28180611302209,717.0581514394062,-270.7966471777325
84.1502821275946,715.7008122444054,-271.69043149212456
83.03856299643097,714.3636366302236,-272.564214361797
81.94665164230516,713.0466217082461,-273.41799578210345
80.87455098788577,711.7497645894316,-274.2517757485039
79.8222639557361,710.4730623843132,-275.0655542565647
78.78979346831407,709.2165122029969,-275.85933130195855
77.77714244797224,707.9801111551633,-276.6331068804644
76.78431381695772,706.7638563500662,-277.3868809879678
75.81131049741228,705.5677448965338,-278.1206536204604
74.85813541137226,704.3917739029675,-278.8344247740404
73.92479148076852,703.2359404773431,-279.5281944449122
73.0112816274265,702.1002417272098,-280.2019626293867
72.11760877306617,700.9846747596911,-280.85572932388106
71.243775839302,699.889236681484,-281.48949452491894
70.38978574764299,698.8139245988598,-282.1032582291302
69.55564141949259,697.7587356176634,-282.69702043325105
68.74134577614873,696.7236668433139,-283.27078113412426
67.92690173881269,695.7087163530917,-283.82454032869873
67.09231222868647,694.7138861130007,-284.35829801402986
66.23758016707039,693.7391790609065,-284.87205418727933
65.36270847537186,692.7845981342487,-285.36580884571526
64.46770007510538,691.8501462700405,-285.83956198671206
63.55255788789255,690.9358264048692,-286.29331360775046
62.61728483546199,690.041641474896,-286.7270637064177
61.661883839649406,689.167594415856,-287.1408122804072
60.68635782239751,688.313688163058,-287.53455932751893
59.69070970575605,687.479925651385,-287.9083048456591
58.674942411881766,686.6663098152934,-288.26204883284026
57.63905886303838,685.8728435888137,-288.5957912871814
56.58306198159658,685.0995299055501,-288.9095322069078
55.50695469003402,684.3463716986805,-289.2032715903511
54.410739910935284,683.6133719009567,-289.47700943594936
53.294420566991874,682.9005334447044,-289.73074574224694
52.177998608705906,682.1878582895706,-289.9644805078946
51.081472097430265,681.4553445060521,-290.17821373164946
50.004838122133464,680.7029891927472,-290.37194541237494
48.94809377167823,679.9307894486785,-290.5456755490409
47.911236134821536,679.1387423732937,-290.6994041407235
46.8942623002146,678.3268450664647,-290.8331311866053
45.89716935640291,677.495094628488,-290.94685668597515
44.91995439182623,676.6434881600851,-291.04058063822833
43.94261546711493,675.7920237346538,-291.13430304285765
42.94515453204982,674.9607033147408,-291.24802389935587
41.927574508797264,674.14952983479,-291.3817432071182
40.88987831963063,673.3585062288186,-291.5354609654336
39.83206888693026,672.5876354304178,-291.70917717348465
38.754149133183425,671.8369203727527,-291.90289183034764
37.65612198098436,671.1063639885622,-292.11660493499255
36.5379903530342,670.3959692101586,-292.35031648628285
35.39975619985357,669.6857389694637,-292.58402648298465
34.24141758292019,668.9556761983985,-292.797734923864
33.062971591531266,668.2057838292726,-292.9914418077846
31.864415315090923,667.4360647948206,-293.16514713371635
30.64574584311022,666.6465220282014,-293.3188509007356
29.406960265207168,665.8371584629982,-293.452553108025
28.148055671106754,665.0079770332189,-293.5662537548735
26.86902915064094,664.1589806732958,-293.65995284067657
25.589878766027276,663.3101713457625,-293.73365036493595
24.33060646863373,662.4815471240021,-293.78734632725974
23.091215182018875,661.6731051087191,-293.8210407273624
21.87170782963557,660.884842400192,-293.8347335650648
20.672087334830938,660.1167560982725,-293.82842484029413
19.49235662084635,659.3688433023863,-293.80211455308387
18.33251861081742,658.6411011115324,-293.755802703574
17.192576227773973,657.9335266242839,-293.6894892920107
16.072531422352597,657.2261169388228,-293.6231743187378
14.972382255934306,656.4988691533301,-293.5768577840991
13.892125817506876,655.7517803663764,-293.55053968834085
12.831759195952303,654.9848476769563,-293.54422003160295
11.791279480046814,654.1980681844892,-293.5578988139191
10.770683758460889,653.3914389888192,-293.5915760352165
9.769969119759276,652.5649571902151,-293.64525169531606
8.789132652401,651.7186198893698,-293.7189257939324
7.828171444739382,650.8524241874013,-293.79259833068255
6.887082585022063,649.9663671858522,-293.8462693051837
5.965863161391003,649.0604459866895,-293.87993871715037
5.064510261882511,648.1346576923053,-293.8936065664036
4.183020974427251,647.1889994055159,-293.88727285287064
3.321392386850263,646.2234682295627,-293.86093757658523
2.4796215868709766,645.2380612681118,-293.8146007376874
1.6577056621032262,644.2327756252537,-293.74826233642347
0.8356426723515719,643.227609377756,-293.6619223731463
-0.0065654334288755,642.2425644915355,-293.55558084831495
-0.8689157338973018,641.2776439044054,-293.4292377624949
-1.7514053076057865,640.3328505537532,-293.28289311635797
-2.654031232999317,639.4081873765405,-293.1165469106824
-3.576790588415804,638.5036573093022,-292.9301991463528
-4.519680452086099,637.6192632881475,-292.72384982435995
-5.482697902134007,636.7550082487595,-292.49749894580117
-6.4458400165851675,635.9108941541075,-292.25114651188017
-7.389103873464555,635.0869190775851,-291.98479252390683
-8.312486550893988,634.283080119872,-291.6984369832976
-9.215985127101002,633.4993743812222,-291.3920798915751
-10.099596680418866,632.7357989614632,-291.0657212503685
-10.963318289286605,631.9923509599965,-290.71936106141317
-11.807147032249004,631.2690274757978,-290.3529993265509
-12.63107998795663,630.5658256074163,-289.9666360477298
-13.435115207453293,629.8627424530109,-289.5602712270045
-14.219254631038377,629.1397751107398,-289.1339048665357
-14.983501171404505,628.3969206791504,-288.6875369685908
-15.72785774135008,627.6341762572151,-288.2211675355432
-16.452327253779277,626.8515389443312,-287.734796569873
-17.156912621702013,626.0490058403204,-287.22842407416647
-17.84161675823395,625.2265740454297,-286.7020500511162
-18.50644257659646,624.3842406603309,-286.1556745035213
-19.151392017829178,623.5420027860849,-285.5892974342871
-19.77646313392767,622.7198575237524,-285.00291884642536
-20.38165300470576,621.9178019740035,-284.3965387430541
-20.96695871008299,621.1358332370825,-283.7701571273979
-21.532377330084643,620.3739484128079,-283.12377400278757
-22.077905944841742,619.6321446005722,-282.4573893726602
-22.603541634591085,618.9104188993422,-281.77277275654984
-23.109281479675246,618.2087684076588,-281.0740768451678
-23.595123532830048,617.5071902236725,-280.3795321262302
-24.061069736046882,616.7856814455336,-279.7049859163505
-24.507123003710376,616.0442391717817,-279.05043821911573
-24.93328625031095,615.2828605013816,-278.4158890380064
-25.339562390444783,614.5015425337234,-277.80133837639676
-25.72595433881381,613.700282368622,-277.20678623755475
-26.0924650102257,612.8790771063173,-276.632232624642
-26.439097319593827,612.0379238474744,-276.0776775407135
-26.765854181937293,611.1768196931839,-275.5231209887272
-27.072738512380877,610.295761744961,-274.9485629716408
-27.35975322615503,609.3947471047466,-274.35400349250955
-27.62690123859586,608.4737728749061,-273.739442554495
-27.874185465145125,607.5328361582306,-273.10488016086515
-28.1016088213502,606.5719340579363,-272.4503163149943
-28.309174222864083,605.5910636776647,-271.77575102036315
-28.496884585445354,604.5902221214823,-271.0811842805587
-28.664742824958186,603.5694064938808,-270.38661609926555
-28.812751857372305,602.5286138997777,-269.71204648016817
-28.940914598762998,601.4678414445152,-269.05747542685367
-29.04923396531107,600.387086233861,-268.4229029428027
-29.137712873302863,599.2863453740083,-267.8083290313897
-29.20635423913021,598.1656159715752,-267.2137536958827
-29.255160979290434,597.0248951336056,-266.63917693944336
-29.28413601038633,595.8641799675685,-266.084598765127
-29.293281276838705,594.7034675813228,-265.53701140725747
-29.282594834024042,593.5627550827278,-264.9841003445783
-29.252073765136842,592.4420395792521,-264.42628384108053
-29.201715153477075,591.3413181779396,-263.86405293399963
-29.131516082450197,590.2605879854084,-263.2989315888222
-29.041473635567172,589.1998461078515,-262.73193987552946
-28.94002096020722,588.1590900611503,-262.1636403457736
-28.841398145316905,587.1383192835178,-261.59407859011617
-28.757166210786732,586.1375350319311,-261.01917980251324
-28.693079234924003,585.1567399647337,-260.43787459858646
-28.649134301207177,584.1959370197167,-259.85616472092624
-28.625328493007604,583.2551291342453,-259.2805879943927
-28.62165889358955,582.3343192452598,-258.7174090332879
-28.638122586110203,581.4335102892751,-258.17191724165855
-28.674716653619683,580.5527052023804,-257.64642407717736
-28.731438179061076,579.6919069202395,-257.1409295426386
-28.788284245279296,578.8511174058035,-256.6554336407303
-28.82746085798063,578.0303348398337,-256.18993637403406
-28.867310446537097,577.229557644382,-255.74443774502527
-28.92093805123179,576.4487873390818,-255.31893775607284
-28.98685680287243,575.688025713781,-254.9134364094394
-29.0658985668462,574.9472746765139,-254.52793370728125
-29.15769070588848,574.2265360884918,-254.1624296516483
-29.262433620290953,573.5258118354701,-253.8169242444841
-29.36905277954901,572.8294638534888,-253.49141748762594
-29.466489072214213,572.1193579459976,-253.1859093828047
-29.554603644297906,571.3914083317242,-252.90039993164496
-29.633464642599538,570.6437470546396,-252.6348891356649
-29.703424166570453,569.8760966232519,-252.38937699627638
-29.76518770361588,569.0884557866941,-252.163863514785
-29.819705698393143,568.2808234170852,-251.95834869238985
-29.868021432216494,567.4531985333945,-251.7728325301838
-29.92356283883486,566.6084443720605,-251.60332805443892
-29.999229103778198,565.746563241012,-251.442989740318
-30.095023004301048,564.8646946130706,-251.28405381046744
-30.210947456756347,563.9628414239259,-251.11629423729454
-30.347005377389987,563.041006609693,-250.93146177462086
-30.5031996823408,562.0991931069124,-250.72662797761453
-30.67953328764054,561.1374038525497,-250.50179284736478
-30.87600910921387,560.1556417839959,-250.25695638506716
-31.07262922331518,559.1711789044002,-250.01211859201476
-31.249392454473735,558.1990913050234,-249.78727946950062
-31.406297307166454,557.2352676031072,-249.58243901872038
-31.543342859872034,556.2758412439414,-249.39759724076328
-31.660528778454804,555.3164870002001,-249.2327541366122
-31.757855396758874,554.3525363747318,-249.0879097071437
-31.835323724690905,553.379328533733,-248.96306395312803
-31.892935496161968,552.3913628308431,-248.85821687522906
-31.930692247794312,551.40445508774,-248.76073101926175
-31.948592207238406,550.4329535839098,-248.66648652748137
-31.946634323904586,549.4568554232643,-248.5870947454367
-31.924820765898247,548.4607555291327,-248.5261020187822
-31.883154450197708,547.4446510059145,-248.4834647658797
-31.82163829388686,546.4085389584341,-248.45737882683852
-31.740275214155147,545.3524164919418,-248.44496888803988
-31.639068128297545,544.276280712113,-248.4434333700756
-31.538018981418254,543.2001296973009,-248.45671727836896
-31.45712582947086,542.1439654150082,-248.48999986547153
-31.39638575602319,541.1077908046356,-248.54328113120633
-31.355795844535905,540.0916088051579,-248.61656107529
-31.335353178362517,539.095422355125,-248.70983969733294
-31.335054840749404,538.1192343926614,-248.8231169968391
-31.354897914835824,537.1630478554657,-248.95639297320614
-31.394879483653934,536.2268656808117,-249.10966762572534
-31.454996630128804,535.3106908055473,-249.28294095358163
-31.534628710752717,534.4145261360651,-249.47621295585364
-31.632086110280746,533.5383744062428,-249.68948363151367
-31.745468116609658,532.6822380713405,-249.92275297942757
-31.87332048113624,531.8461193427912,-250.17602099835497
-32.01455004059507,531.0300202475199,-250.4492876869491
-32.16832885267714,530.2339053161086,-250.74255304375686
-32.33400422896104,529.4567978759724,-251.05581706721875
-32.50512558872186,528.6925244573325,-251.3863605154816
-32.675946119907366,527.9377825800267,-251.7288445076817
-32.84759593571193,527.1961320272575,-252.07785672830053
-33.021583917859594,526.4704792769222,-252.4281754071053
-33.19925221207038,525.7629720457081,-252.77563579571208
-33.38138352132237,525.0749858361552,-253.1173481379792
-33.568172521715404,524.4070265296775,-253.45132505969207
-33.759344599303304,523.7590947905543,-253.77608440661342
-33.96045899432895,523.1111915165869,-254.10590984981957
-34.17858559577501,522.443318783474,-254.45573394179507
-34.41365191994514,521.7554791305096,-254.82130656910167
-34.66073738035803,521.048089305095,-255.1877627405213
-34.91179617161302,520.3243007526024,-255.5393525656922
-35.16034318908631,519.5877937969539,-255.8709410320278
-35.40377302431924,518.8396235859835,-256.18252813776473
-35.64130112213009,518.079795858911,-256.47411388124624
-35.86583617762712,517.310736990577,-256.74569826092176
-36.07048448369966,516.5344036428303,-256.9972812753471
-36.255247115458815,515.7511457195884,-257.22886292318447
-36.421044670486744,514.9640510291136,-257.4404432032024
-36.57979408803935,514.1774109931472,-257.63202211427586
-36.73830841520902,513.3906366014683,-257.80359965538605
-36.89239947175343,512.600015481807,-257.9551758256207
-37.04124147166902,511.8035160765889,-258.08675062417365
-37.17710704174057,511.00334780089435,-258.2183240503365
-37.29308995956257,510.2022459024005,-258.3690956015776
-37.40051135630554,509.3988927678649,-258.5316339032639
-37.508096455706735,508.593072437939,-258.7005516688242
-37.6147396776137,507.7854287960053,-258.87625409164247
-37.72136307476123,506.976305473268,-259.05811474981004
-37.82785417123695,506.16614050576754,-259.2460427629196
-37.934585570918,505.3552780802829,-259.4397095462546
-38.051454494907965,504.5541732419505,-259.6300191307812
-38.188439401827424,503.7730869150704,-259.8105177982585
-38.34553737408563,503.01202203320753,-259.9847181495776
-38.5202686072367,502.270981409089,-260.1533409985167
-38.70814245203441,501.54996727561127,-260.3174346303783
-38.90651785900006,500.8489813233138,-260.48075071202607
-39.11477409376853,500.16802502303455,-260.64845122011883
-39.33320202298832,499.507099830354,-260.8253499080829
-39.54690452170791,498.8611635495272,-261.01069889785686
-39.74070088632777,498.230214015429,-261.19676212116354
-39.914588444115815,497.6192912934508,-261.377462378034
-40.06856427728505,497.0283924798174,-261.5528317023813
-40.20262546815437,496.4575146703281,-261.7258002399657
-40.31676909914859,495.9066549603566,-261.8984722283767
-40.4109922527984,495.3758104448512,-262.07083292479854
-40.48529201174044,494.8649782183346,-262.2413871767955
-40.55966545870844,494.3741563471916,-262.40872597448157
-40.65410967643571,493.90334678653124,-262.57184761370496
-40.76862174755772,493.4525524633245,-262.729489475534
-40.90319875460321,493.0217763041169,-262.880192405002
-41.05783777999424,492.61102123502855,-263.02214090772475
-41.23253590604618,492.2202901817539,-263.15302577217113
-41.42729021496774,491.84958606956195,-263.27032617798227
-41.64209781887452,491.49829444315503,-263.3723266389624
-41.87695689210358,491.1464182269996,-263.4764349275793
-42.131869407994465,490.77457772571614,-263.6005418151372
-42.406838282054004,490.38277586417394,-263.74257605816786
-42.70152140557362,489.97101555089415,-263.8958164609364
-43.005682945575735,489.53984281168607,-264.0521941539945
-43.306599007784264,489.0923019396039,-264.20769286945114
-43.6005342314,488.6315102713176,-264.3617983633538
-43.88623134186997,488.1580814950879,-264.5149262714222
-44.17276124864541,487.68572001102103,-264.6577309474186
-44.46962243584582,487.2251134254006,-264.7805342160922
-44.77657796997504,486.7701134186657,-264.88333607678993
-45.09231027424222,486.31538530229983,-264.96613652896514
-45.41376123752891,485.857998973756,-265.0289355721776
-45.73667141057577,485.3972237547621,-265.07173320609337
-46.05760392845982,484.93302279194563,-265.0945294304848
-46.37482200299619,484.465261642356,-265.0973242452307
-46.67996440063586,483.98569015638833,-265.10011765030737
-46.96536613329212,483.48616172923334,-265.1229096456911
-47.23333021186681,482.9666736029814,-265.16570023126064
-47.48740394914987,482.42722350970945,-265.22848940678847
-47.72991058268832,481.86780960621155,-265.31127717194073
-47.96222342562208,481.2884303155487,-265.4140635262772
-48.185024536529795,480.6890842076666,-265.53684846925125
-48.39852054879755,480.0697699150658,-265.67963200021
-48.601191718260026,479.4489088434645,-265.83660501490783
-48.801021919877925,478.8464997279822,-266.0069636260969
-49.01067301719319,478.2641203959509,-266.19628763871964
-49.234013215779264,477.7017726208577,-266.40480147708524
-49.47189331300558,477.1594584754485,-266.6315774228764
-49.72441951969686,476.6371800918681,-266.8753621952018
-49.99147758523146,476.13493959932265,-267.13474181228173
-50.27285068217788,475.65273910236243,-267.40819541301926
-50.571351609933274,475.17820118220783,-267.67829399129886
-50.88957801870114,474.7021355011628,-267.9283911461937
-51.221425017237955,474.22692316851163,-268.15848687637373
-51.55940623406969,473.74999697818987,-268.3685811806155
-51.90064517179077,473.2673964878609,-268.5586740578018
-52.24292854475561,472.77413569208215,-268.7287655069218
-52.58395613558605,472.26417678389686,-268.87885552707104
-52.92085022190111,471.7342673506936,-269.00894411745145
-53.24489683223867,471.2044062862628,-269.1190312773712
-53.54902027137567,470.69120425207615,-269.2091170062449
-53.83321846909957,470.1907565564679,-269.28497369491026
-54.09748951924399,469.70461983981306,-269.35972247413986
-54.34183104854284,469.2366929815588,-269.44759095221053
-54.56624022766416,468.7888003053721,-269.55545799747034
-54.77537892775006,468.3609391308198,-269.6833236093457
-54.97864513833844,467.95310791439,-269.8311877871566
-55.19137160827261,467.555926973906,-269.99905053011685
-55.424156817695966,467.1594904258318,-270.18691183733375
-55.677000725900236,466.76300588128004,-270.39477170780845
-55.94990336693286,466.36626530147305,-270.6226301404356
-56.24286476101437,465.9696530868129,-270.8704871340035
-56.55588484427356,465.5738670298614,-271.1383426871942
-56.88896343903875,465.1798153766732,-271.42619679858336
-57.24130933449924,464.78941271203894,-271.7340494666403
-57.59292188538899,464.40372304288167,-272.0419006897368
-57.924591340334004,464.02128206799335,-272.3297504662448
-58.236634889223524,463.6378852297704,-272.59759879463354
-58.5310552468427,463.2465475084626,-272.8454456734788
-58.81029653021324,462.84120198515103,-273.0732911014627
-59.075322642178875,462.4186972654858,-273.28113507737356
-59.32628509386376,461.9773928344114,-273.4689776001062
-59.562946021931936,461.51639318070374,-273.63681866866176
-59.795574925195844,461.05542749425126,-273.79106701646646
-60.03527904925635,460.614496235152,-273.93714053324635
-60.28344860103309,460.1936005346765,-274.0731397812749
-60.541696796510095,459.79274174164436,-274.1973271132499
-60.8119550874918,459.4119214625085,-274.3081095285766
-61.09650220526732,459.0511416108783,-274.40398730943105
-61.39785874800771,458.7077191147346,-274.4834294537361
-61.71815217423884,458.3724240919649,-274.54469251853476
-62.03835527240378,458.02794375783276,-274.6063912076251
-62.338611055401,457.66350866849365,-274.68808843647236
-62.61892243849621,457.27911591498145,-274.7897842046421
-62.87929233706117,456.8747625887554,-274.9114785115936
-63.11972366657368,456.45044578169984,-275.0531713566796
-63.34021934261754,456.0061625861243,-275.21486273914684
-63.54078228088259,455.54191009476347,-275.3965526581354
-63.722436179634904,455.05768545040223,-275.5982411126792
-63.88518342454294,454.56439275920366,-275.81992810170567
-64.02800339010456,454.075155264611,-276.061613624036
-64.15089524223276,453.59279362007305,-276.323297678385
-64.25385792527888,453.1178325260997,-276.6049802633612
-64.33689039885809,452.6495830042089,-276.90666137746666
-64.39999179534664,452.18639550639637,-277.2283410190973
-64.44316154007558,451.7259643241966,-277.5700191865424
-64.46639941952428,451.265693825895,-277.93169587798525
-64.48970563482624,450.8023016622814,-278.30481837143645
-64.53308080633163,450.3343533975397,-278.6807370133883
-64.59652552481231,449.86286103451386,-279.0592613053973
-64.68004023650126,449.38880497898606,-279.4401969438453
-64.78362524501814,448.9131715109501,-279.82331461285656
-64.90728070769244,448.43699103503684,-280.20829951680713
-65.05100662679502,447.96136758455265,-280.59469239843156
-65.21480283805803,447.48748306602243,-280.9818520851738
-65.39866957385422,447.0047857858156,-281.36962685969644
-65.60260920744008,446.50211678501813,-281.7597407151455
-65.8266246545935,445.9794789913365,-282.1542074338542
-66.07071883098558,445.4368753329026,-282.55310972566
-66.33093998261837,444.87688020987775,-282.95803254365643
-66.60099389791372,444.3053596714424,-283.3756341577153
-66.87843460601829,443.72765990822313,-283.81189932685146
-67.16376130754804,443.1475410844709,-284.26816298679375
-67.45770593293602,442.55708776209553,-284.7244251351248
-67.7660686939513,441.94667822304376,-285.16068576942735
-68.09452301515233,441.31631512165046,-285.5769448873815
-68.44307181165487,440.666001388344,-285.9732024867738
-68.81171799846783,439.9957399539778,-286.3494585654971
-69.20046449049323,439.30553374983054,-286.7057131215507
-69.60931420252624,438.59538570760583,-287.0419661530401
-70.03827004925508,437.86529875943256,-287.35821765817735
-70.48733397297363,437.1352758378291,-287.6544676352807
-70.9565040267191,436.42531987531356,-287.93071608277484
-71.44577729113433,435.73543380401367,-288.1869629991908
-71.95515084675526,435.0656205556315,-288.42320838316607
-72.48462177401093,434.41588306144325,-288.6394522334443
-73.03418715322354,433.78622425229935,-288.83569454887555
-73.6038440646084,433.17664705862427,-289.01193532841637
-74.19358958827401,432.5871544104169,-289.16817457112955
-74.78342177651835,431.997748264998,-289.30441227618434
-75.3533425707887,431.3884266905383,-289.42064844285625
-75.90335488491678,430.7591867833106,-289.51688307052723
-76.43346163284023,430.11002564001257,-289.5931161586855
-76.9436657286025,429.4409403577668,-289.6493477069257
-77.43397008635286,428.751928034121,-289.6855777149488
-77.90437762034644,428.042985767048,-289.7026787793025
-78.35489124494413,427.3141106549454,-289.70319207955174
-78.80551290231634,426.58530076888803,-289.70624501894457
-79.2762406454831,425.87655806910004,-289.7292964178
-79.76707155507897,425.18788548770283,-289.7723462759955
-80.27800271163161,424.5192859563919,-289.83539459330217
-80.80903119556179,423.8707624064371,-289.9184413693847
-81.36015408718339,423.24231776868226,-290.0214866038015
-81.93136846670347,422.63395497354554,-290.1445302960047
-82.52267141422226,422.04567695101923,-290.28757244533983
-83.11406015199879,421.4745594289106,-290.4306130510552
-83.68553249844288,420.9171163040777,-290.5536521123991
-84.2370865472968,420.37228311966334,-290.6566896287173
-84.76872053923138,419.83910559462964,-290.73972559946174
-85.28043284533011,419.31674731516165,-290.80276002419095
-85.77222194853921,418.8045115270968,-290.84579290256977
-86.24408642037267,418.30188572021405,-290.86882423436936
-86.69602488958284,417.8086043747692,-290.87185401946726
-87.12803584624533,417.3279041947828,-290.8548822578473
-87.54011738463083,416.8580851193003,-290.81790894959977
-87.93226858229899,416.39061303434784,-290.76093409492125
-88.304489565565,415.91951212234,-290.6839576941147
-88.6567811959505,415.4405105030584,-290.58697974758957
-88.98914488605027,414.9501996013057,-290.4700002558614
-89.3015825140827,414.4455590171358,-290.3330192195523
-89.5940963747772,413.9239202958307,-290.17603663939065
-89.88668841140223,413.39762728590046,-289.9990525162112
-90.19935794212414,412.8811944011449,-289.80206685095504
-90.53210341539135,412.37611555167354,-289.58507964466975
-90.88492311391715,411.88321238897913,-289.34809089850916
-91.2578152385573,411.4028105663915,-289.09110061373343
-91.65077797254699,410.934845261703,-288.81410879170915
-92.06380953271555,410.4789347054595,-288.51711543390917
-92.49690821227894,410.034421661033,-288.20012054191284
-92.9300721739575,409.60544224842437,-287.8831241173969
-93.34329871881867,409.1965245559658,-287.5861261620381
-93.73658492780277,408.80766567570953,-287.3091266774158
-94.10992788195615,408.4388626992818,-287.05212566500296
-94.46332466243122,408.0901127178834,-286.81512312616616
-94.79677235048642,407.7614128222894,-286.5981190621657
-95.11282180947143,407.45276022699966,-286.4011134741555
-95.41622016585548,407.1600095943599,-286.2206146496609
-95.719031247704,406.88075622280553,-286.05662258964156
-96.03035665860926,406.61734835435294,-285.91262900849193
-96.34874173673735,406.37157043220645,-285.78863390697774
-96.67294352180924,406.14521914178454,-285.68463728575824
-97.00203705584208,405.9389154996573,-285.6006391453865
-97.33550240262088,405.75266017601217,-285.5366394863091
-97.67328730326201,405.58645379859524,-285.49263830886656
-98.01585881243247,405.4402970248609,-285.4686356132927
-98.37101902702527,405.2941909501192,-285.4646313997152
-98.74620357407248,405.12813813322003,-285.48062566815537
-99.14141536844139,404.9421414947871,-285.51661841852814
-99.55308680020177,404.7362037822903,-285.5726096506421
-99.97412460740574,404.510326877912,-285.6485993641995
-100.39946745754762,404.2645117302936,-285.74458755879635
-100.8273187924199,403.99875880523035,-285.8605742339221
-101.25780622477184,403.7130684621598,-285.99655938896
-101.67982831861465,403.4074405646646,-286.1325430231959
-102.08189806223346,403.0818727611949,-286.24852513591554
-102.46401837035255,402.73636214205027,-286.3445057265021
-102.8261921578023,402.3709057979554,-286.4204847944453
-103.16842233951915,401.98550082006017,-286.476462339341
-103.49095744459734,401.5801443118799,-286.5124383608917
-103.79526553710922,401.15483348440347,-286.52841285890594
-104.08344049184694,400.7095658404967,-286.5243858332989
-104.37401960701712,400.2539706489296,-286.5064102862083
-104.68466683480726,399.7986798297198,-286.4789909460449
-105.015381984941,399.34579556020816,-286.43787042889477
-105.36616456601877,398.89721328767746,-286.37854400666123
-105.71957662629052,398.44120516245357,-286.31292142200977
-106.05684333899238,397.96524743512055,-286.25518421863336
-106.37554717375211,397.46933756842685,-286.20653259691926
-106.67446817872583,396.95347274330754,-286.1686189294857
-106.95346757607116,396.4176500610091,-286.1433038179587
-107.21254828116683,395.8618666163147,-286.13241147073165
-107.4517132094975,395.28611950443286,-286.1376777992309
-107.67096527665373,394.69040582099717,-286.1607539693901
-107.87227945708764,394.0947227579488,-286.1853762486603
-108.05744759215563,393.5190678821854,-286.195614509297
-108.22938106969639,392.9634389716681,-286.18978757649137
-108.39334829868626,392.42584878297157,-286.1645162879644
-108.55213180047438,391.90210954289125,-286.11934437554
-108.70646922790586,391.3896243121192,-286.05468631966767
-108.8565417024485,390.8880363926254,-285.97133730864095
-109.00247355597149,390.39742664801946,-285.8705171934427
-109.156409029227,389.9023379856775,-285.7713298888615
-109.32660130232676,389.3872730520199,-285.692141064667
-109.5019103111343,388.85223349085373,-285.63295072128034
-109.67197082278058,388.29721918852124,-285.5937588590163
-109.83279272458466,387.7222290376883,-285.57312068056797
-109.98308502062038,387.1272615821295,-285.56874127752263
-110.12239920855126,386.5123152476865,-285.57912226685903
-110.25064678718623,385.877388423856,-285.60288649703335
-110.36341792187828,385.22614010595527,-285.6229771484878
-110.45628675731017,384.56147360519293,-285.62306628113555
-110.53103660748255,383.88189522854645,-285.60315389497623
-110.59182528256756,383.18639122251733,-285.5632399901157
-110.64105949174639,382.47506140793587,-285.5033245667661
-110.67899807331196,381.7485773086494,-285.42340762524617
-110.70604954326703,381.00751780784225,-285.32348916598085
-110.72256727492588,380.25242643483,-285.2035691895014
-110.74396097490143,379.49063783933747,-285.0836476964367
-110.78309048306507,378.7329306382054,-284.98161781819573
-110.8343146981013,377.9846635739625,-284.8905616404567
-110.89410452907256,377.24798206795646,-284.8047923558355
-110.96232255777818,376.52374335075245,-284.723025309337
-111.03929055458705,375.81267107454016,-284.6444786529657
-111.12540663480564,375.115480327016,-284.5683650937055
-111.22107575977532,374.4328880114291,-284.4937922824799
-111.3283619423748,373.76409908800895,-284.40975008344367
-111.4507509667695,373.1104288707994,-284.3057063720522
-111.59153042040667,372.4755625165629,-284.1816611488588
-111.75238335021159,371.86071815739285,-284.0376144145229
-111.93332627339547,371.2658987225444,-283.8735661698108
-112.13435627213381,370.69110714179214,-283.68951641559454
-112.35547042849531,370.1363463444849,-283.48546515285295
-112.59666582444184,369.601619259546,-283.26141238267104
-112.85794051411595,369.06692881550873,-283.01735810624024
-113.13929644070319,368.51227794090613,-282.7533023248583
-113.44073651956975,367.9376695646609,-282.4692450399294
-113.76226366597504,367.3431066161211,-282.16518625296396
-114.10315970284785,366.72859199000425,-281.84112596557884
-114.45973046844192,366.0941282965558,-281.4970641794973
-114.82676248902342,365.4397174237726,-281.1330008965489
-115.20028997909579,364.7653605957174,-280.7489361186695
-115.56625236218038,364.09105799222635,-280.36486984789263
-115.9123134689682,363.43680731063307,-280.0004625705658
-116.2384703807567,362.8026056482606,-279.65308808127617
-116.5447201789492,362.18845010200636,-279.3180113011541
-116.8310599450549,361.594337768342,-278.9902102822155
-117.09748676068882,361.02026574331353,-278.66424022106065
-117.34399770757192,360.46623112254144,-278.33304470577554
-117.570589867531,359.9322310012206,-277.98714313967577
-117.77726121766489,359.3998488646481,-277.6262032101095
-117.96401338198133,358.8493077215959,-277.2566796256622
-118.13084915529753,358.2790182766935,-276.88135642612593
-118.27777144260598,357.68875171148227,-276.50271691120105
-118.40478315998776,357.07850512193016,-276.1230114733999
-118.51188722362978,356.44827560443014,-275.7441838228029
-118.59908654982486,355.79806025580064,-275.3678329697752
-118.66638405497163,355.12785617328535,-274.9952849923483
-118.73378168327824,354.4576614268054,-274.6288537009434
-118.82127748980257,353.8074779754314,-274.2675989081479
-118.92886855721702,353.1773087501318,-273.9061882262919
-119.05655196808715,352.56715668144915,-273.53922906963794
-119.20432480487166,351.9770246995008,-273.16136105591386
-119.37218414992243,351.40691573397845,-272.76741479168453
-119.56012708548455,350.85683271414825,-272.35417269300575
-119.76815069369628,350.3267785688509,-271.9209291460779
-119.99072047043786,349.79675595757504,-271.4876841531959
-120.2240556537953,349.2467665490298,-271.07307265584905
-120.4700296237143,348.6768120894878,-270.67337904287854
-120.72791664088805,348.0868943928819,-270.28487757597867
-120.99564179526223,347.477015054562,-269.9052534436025
-121.27078523273009,346.84717533205816,-269.53267944020405
-121.55115726653425,346.19737614284077,-269.1654346100094
-121.83496357465067,345.5276181137694,-268.80193818447947
-122.11013862197052,344.8579011203982,-268.4330366182642
-122.36541182957185,344.20822280817583,-268.0497804504386
-122.6007802792349,343.5785802743431,-267.6510714002272
-122.81624105284575,342.96897061571525,-267.2359753848582
-123.01553879671052,342.3793911108675,-266.80422944610507
-123.20475123560456,341.8098398801126,-266.3563608165262
-123.38788442096461,341.26031576068,-265.89372468591864
-123.56833925403716,340.7308181126867,-265.41901980056144
-123.75835628337212,340.22134722451113,-264.9291571508342
-123.96844812930776,339.73190551293374,-264.41929309234087
-124.19755242943752,339.2624958540112,-263.88942762779266
-124.44368548603386,338.81312087256777,-263.3395607600071
-124.70517360455918,338.38378292590363,-262.76969249190813
-124.9806270545512,337.97448414938356,-262.1798228265261
-125.26885547490386,337.58522649082994,-261.56995176699763
-125.5688305565976,337.2160117365814,-260.9400793165658
-125.86446801704376,336.8468407946902,-260.30789381446766
-126.14016275558113,336.4582495010004,-259.69095527353664
-126.3959174964798,336.05201447963776,-259.0887069343583
-126.631734657616,335.63017491451717,-258.49990382504564
-126.84761642811112,335.19379239455856,-257.9225388142929
-127.04356491687916,334.7429236648049,-257.3540499916812
-127.21958228289719,334.2768871431056,-256.79176474113024
-127.37567081556658,333.7946266977685,-256.23328999445647
-127.52027381876127,333.2939744790581,-255.68617393496794
-127.66136508538555,332.7733431050043,-255.15905651584563
-127.79774600586383,332.2327319824043,-254.65193773989247
-127.92774212340154,331.6721403073847,-254.16481760980514
-128.0493034223851,331.0915670032024,-253.69769612817387
-128.16010333790652,330.4910106728357,-253.25057329748265
-128.2576196445241,329.87046956484687,-252.82344912010902
-128.33918881094337,329.2299415491584,-252.4163235983243
-128.40215215547028,328.57756352920876,-252.02919673429338
-128.44521294502073,327.9218609163126,-251.6620685300748
-128.4683716732943,327.26227882008715,-251.31493898762082
-128.47162914029016,326.59494953397575,-250.9878081087773
-128.45498681310673,325.91586285214,-250.68067589528377
-128.41844643236666,325.2255655717663,-250.39114789477213
-128.36200943486952,324.5264908997972,-250.11367124375604
-128.28567714946797,323.8168162819843,-249.84166790645193
-128.20945154105527,323.09052354689123,-249.5680191795135
-128.15333536191767,322.3442211611934,-249.28981280529533
-128.11660807664816,321.57791202275513,-249.00866953093495
-128.09420370648982,320.7915986779345,-248.72411375863862
-128.0761842504598,319.98528252132013,-248.43323568986816
-128.05389047953645,319.1604717993377,-248.13314435594148
-128.0231948168798,318.320562108662,-247.8215637975331
-127.98309977973264,317.4671383054375,-247.4969477053989
-127.92840159103491,316.60365630213073,-247.15553266640697
-127.85873161395838,315.7292216022032,-246.79411631316108
-127.77872538752673,314.8394796130967,-246.4126986475831
-127.68820307470075,313.9347378620002,-246.01127967170123
-127.58726582641034,313.015054107049,-245.58985938765005
-127.47595241220581,312.0805082628736,-245.14843779767048
-127.35430152158855,311.13115854921995,-244.68701490410982
-127.22234210535515,310.16705240223416,-244.20559070942167
-127.07530689334097,309.1967912954322,-243.70416521616607
-126.9084151915226,308.2257879094156,-243.18273842700938
-126.72166748220177,307.24946108428105,-242.64377093127104
-126.51506479221653,306.2640111699936,-242.09257290961773
-126.28860881629433,305.26426524059997,-241.53507511773208
-126.04230197852934,304.24595999335656,-240.97834550214844
-125.77614712537981,303.20761737657267,-240.4304382793476
-125.49214108305094,302.14923459269727,-239.89897533086364
-125.21028638375415,301.0787532789388,-239.38751110669514
-124.93990111866744,300.01292229605593,-238.89604560956184
-124.67700795094436,298.9570665273313,-238.42457884207715
-124.42280350901243,297.9101686864094,-237.9731108067481
-124.17631042752332,296.8727912181885,-237.54164150597543
-123.93817131802629,295.8443305616701,-237.13017094205347
-123.70783174432464,294.8250578172888,-236.73869911717023
-123.48562898825017,293.81460838231436,-236.36722603340738
-123.27706734365054,292.7988852673465,-235.99575169274914
-123.08865726247726,291.7631332045464,-235.60427609717968
-122.91224164081623,290.70735473639934,-235.19279924878072
-122.72850310304993,289.63155027648907,-234.7613211497403
-122.53188874941613,288.5357179443893,-234.3098418023528
-122.32518621871908,287.41985627029817,-233.838361209019
-122.10713193464669,286.28396358448794,-233.34687937224606
-121.87844801249375,285.1280383420693,-232.83539629464744
-121.63411873171353,283.972078708483,-232.3239119789341
-121.36995852428781,282.8360819950864,-231.83242642781704
-121.08596447475895,281.7200453094626,-231.36093964390975
-120.78213366777479,280.62396575876977,-230.90945162971937
-120.45846318808861,279.54784044974076,-230.47796238764676
-120.11495012055924,278.49166648868334,-230.06647191998633
-119.75159155015102,277.45544098148,-229.67498022892622
-119.36838456193378,276.4391610335883,-229.30348731654823
-118.96739807137115,275.4228238507494,-228.95199318482778
-118.54884799916921,274.38642695112753,-228.61913343381727
-118.11066640641516,273.32996758246327,-228.3012024120977
-117.65264223830246,272.253442861043,-227.99368699975673
-117.17477841412898,271.15684989317657,-227.69242014616253
-116.67707785329813,270.04018578559953,-227.39357477505314
-116.15954347531878,268.90344764547336,-227.09363675265854
-115.6221781998053,267.74663258038515,-226.78937786821854
-115.08498397418117,266.5897386706,-226.4921849641663
-114.56795885671919,265.45276788553315,-226.21499085572088
-114.07109993330634,264.3357231664976,-225.95779554435623
-113.59440428972238,263.2386074543814,-225.72059903144003
-113.13786901163982,262.1614236896476,-225.50340131823359
-112.701491184624,261.10417481233435,-225.30620240589184
-112.28526789413306,260.0668637620545,-225.12900229546338
-111.88919622551795,259.0494934779959,-224.97180098789053
-111.51327326402247,258.05206689892134,-224.83271774289062
-111.1574960947833,257.07458696316854,-224.71062156068498
-110.82186180282996,256.1170566086501,-224.60693776445487
-110.5063674730849,255.1794787728534,-224.52279735526994
-110.21101019036342,254.26185639284068,-224.4586557521641
-109.9357870393738,253.3641924052491,-224.41451295547847
-109.68069510471722,252.48648974629057,-224.39036896544778
-109.4457314708878,251.62875135175184,-224.38622378220037
-109.23089322227266,250.79098015699438,-224.3820774057672
-109.03617744315189,249.97317909695445,-224.35792983617915
-108.86158121769856,249.17535110614315,-224.31378107356463
-108.70710162997878,248.3974991186462,-224.24963111815842
-108.57273576395167,247.63962606812416,-224.16547997030162
-108.4584807034694,246.90173488781218,-224.06132763044172
-108.36433353227723,246.1838285105202,-223.93717409913256
-108.29029133401342,245.48590986863275,-223.7930193770343
-108.23420465729062,244.80798178975664,-223.64886346490468
-108.19421559172534,244.1500466978366,-223.52470636350137
-108.17088053348812,243.51210698174944,-223.42054807348455
-108.164696590636,242.89416510748077,-223.33638859540812
-108.17607558594813,242.29622360764316,-223.27222792971958
-108.20531616385712,241.71828506698915,-223.22806607676017
-108.25258202187757,241.16035210418357,-223.20390303676467
-108.31789618379088,240.62242735144892,-223.19973880986157
-108.38226160180058,240.10448275790225,-223.21557339607304
-108.42670283127123,239.6065163402879,-223.25140679531484
-108.45121695655087,239.12855495104088,-223.30723900739645
-108.4558010606468,238.67059568371758,-223.38307003202098
-108.44045222667236,238.23263563144886,-223.4788998687852
-108.40516753784681,237.81467188694018,-223.5947285171795
-108.34994407749545,237.41670154247169,-223.730555976588
-108.2747789290496,237.03872168989813,-223.88638224628838
-108.17966917604664,236.68072942064887,-224.0422073254609
-108.06461190213001,236.34272182572798,-224.17803121328586
-107.9296041910492,236.02469599571415,-224.29385390904093
-107.77464312665977,235.72664902076085,-224.38967541211028
-107.59972579292342,235.44857799059616,-224.46549572198435
-107.40484927390797,235.19047999452295,-224.52131483825997
-107.19001065378734,234.9523521214188,-224.55713276064031
-106.95520701684163,234.73419145973608,-224.5729494889349
-106.72043641973566,234.51599606982478,-224.58876502305083
-106.50570080828388,234.27776790118486,-224.62457936289505
-106.31100310049047,234.01950987599386,-224.68039250827715
-106.13634621425307,233.74122491685486,-224.75620445890038
-105.98173306736275,233.44291594679652,-224.85201521436156
-105.84716657750403,233.124585889273,-224.9678247741512
-105.73264966225476,232.786237668164,-225.10363313765353
-105.63818523908624,232.42787420777472,-225.25944030414635
-105.56377525307568,232.06949843280037,-225.41524627281
-105.50941776004386,231.73111326793625,-225.55105104282487
-105.47510984341751,231.41272163748775,-225.66685461346876
-105.46084858651675,231.1143264653349,-225.76265698412593
-105.46663107255506,230.8359306749323,-225.8384581542869
-105.49245438463937,230.57753718930923,-225.89425812354864
-105.53831560577005,230.33914893106945,-225.93005689161438
-105.6042118188409,230.12076882239134,-225.94585445829378
-105.69014107892663,229.90239978506332,-225.95060354604834
-105.7961053301452,229.66404474087375,-225.95411815974649
-105.92210746182714,229.4062613509982,-225.95809735313313
-106.06815009488427,229.13290751658297,-225.96421047394944
-106.23423506638433,228.849652220989,-225.9741123197162
-106.42036349800749,228.56081404972676,-225.98939538200676
-106.6265359320694,228.27009594540272,-226.01162812024998
-106.85275239889303,227.9808299772131,-226.04259755548696
-107.0990121233363,227.70309824959773,-226.08824321696935
-107.3653126004599,227.44540389870642,-226.15201210781746
-107.65165091198547,227.20774984713216,-226.23103004785338
-107.95802421826787,226.98851933473324,-226.32276317168305
-108.284430178346,226.78231418456724,-226.42524288617585
-108.63086745350593,226.58148278571508,-226.53771092243082
-108.9973357936221,226.37903431639435,-226.66185624469293
-109.37890484827102,226.17011437642867,-226.80266111681854
-109.76650658266084,225.94711932953004,-226.95275052608164
-110.15478688939338,225.7041808907363,-227.10332600190617
-110.54119535622513,225.44172479908283,-227.2583079007766
-110.92339369637766,225.1616283248552,-227.42140967063008
-111.29983471794918,224.86625321490797,-227.59549087061086
-111.66970935365562,224.5571778809645,-227.7824842400039
-112.0326653053942,224.23560092309754,-227.98369945016987
-112.38865548832334,223.9024917080228,-228.200016122021
-112.73120824699686,223.5550399633422,-228.4232267897157
-113.05381471107452,223.19100860837884,-228.6449129092088
-113.35834962725299,222.81167027457698,-228.8657499997413
-113.64859446040045,222.41724843656408,-229.08652627529884
-113.92732984231199,222.00789309982858,-229.30734493243102
-114.19594073478491,221.58407883748114,-229.5277726208313
-114.45529836119864,221.1464051551466,-229.74720272756937
-114.70604228139639,220.6954868750422,-229.9649785091443
-114.96094669128503,220.22811619745025,-230.19114279188057
-115.23400834426438,219.7417443019993,-230.42865360837436
-115.52693782899586,219.23637399302103,-230.66608782351767
-115.83994431674154,218.71104786980263,-230.89762879281247
-116.17303072269935,218.16576886064937,-231.12012990190786
-116.5261999619604,217.60053989429164,-231.33145209532324
-116.89945494950902,217.01536389988502,-231.53039517853026
-117.29279860022274,216.41024380701018,-231.71641101280645
-117.6862338288811,215.7851815733855,-231.88588673553102
-118.0597635502632,215.14017526800464,-232.03536122519878
-118.4133906792451,214.47522198799894,-232.16483448101494
-118.74711813080869,213.79031883092486,-232.274306502291
-119.06094882004169,213.08546289476402,-232.36377728844485
-119.35488566213762,212.36065127792315,-232.4332468390007
-119.62893155830321,211.61617096380095,-232.48291162575705
-119.88308931783753,210.8530421191209,-232.51317716793508
-120.11736067092828,210.09097195892898,-232.52384699320595
-120.33174362201903,209.34893451534347,-232.5153492173575
-120.5262352531075,208.62692688756508,-232.49330345980192
-120.70083264629712,207.9249461743689,-232.46730045894867
-120.85599105754874,207.24298949637839,-232.4472974712488
-120.99464146762263,206.5810541832425,-232.44287012317767
-121.12493238141619,205.9391383438022,-232.45844153907024
-121.25752915767949,205.31724155322183,-232.49401171884372
-121.39928137165138,204.7153647234235,-232.54958066230898
-121.55217097328766,204.1335093763637,-232.6251483691705
-121.71642813467044,203.5714745950294,-232.7207148390264
-121.89221499541671,203.0282443835525,-232.8362800713686
-122.0795122443876,202.50242411250477,-232.97184406558253
-122.27805500274818,201.99299067334775,-233.1274068209473
-122.48736964498907,201.49911491198586,-233.30227969604155
-122.70685127627164,201.02006531017898,-233.4949579787849
-122.92689938457337,200.5450408795207,-233.68995640528885
-123.13910040580109,200.0626343955915,-233.87449926107843
-123.34483366988158,199.57180979102623,-234.05099740880914
-123.54495810916158,199.07272015620495,-234.2199687267899
-123.7400697463494,198.5659450904713,-234.38122322980067
-123.93061256909783,198.05217870407284,-234.53433217004545
-124.11693137046213,197.53210067111132,-234.6788360285161
-124.2993007065037,197.00632466053383,-234.81433654003624
-124.46979641004616,196.472071206967,-234.9400556563241
-124.62119688504161,195.92466937252786,-235.05903293202095
-124.75661806787282,195.36259801778706,-235.17715360442378
-124.88033071570882,194.78676809704487,-235.29748897698596
-124.99584618156427,194.19899307385177,-235.4210683120867
-125.10574107855632,193.6011856162873,-235.5480235243997
-125.21170970658386,192.9950717733922,-235.6780742451603
-125.31479059762569,192.38211270020247,-235.8107283028665
-125.4066681287325,191.76826328466564,-235.93597654869643
-125.48185501692018,191.14759951528782,-236.04265793476878
-125.54347809401371,190.50877906994418,-236.1293380656805
-125.59141289762404,189.85153495769464,-236.19601694097068
-125.62563456198005,189.17562434229237,-236.24269456028472
-125.64618963901414,188.48089330801378,-236.26937092337442
-125.65317741770177,187.76728530581096,-236.27604603009792
-125.64673503123905,187.03483136850852,-236.26271988041975
-125.64367154707801,186.28297164436952,-236.22939247441076
-125.66072117925235,185.5111129400868,-236.17606381224815
-125.69334280004108,184.71925796832673,-236.10273389421553
-125.72743230290018,183.90740809365937,-236.0094027207028
-125.75192829301125,183.0755625275952,-235.89607029220628
-125.76487193993772,182.22371970284362,-235.7627366093286
-125.76566263435795,181.35187788306482,-235.6094016727788
-125.7541305359814,180.46003528069124,-235.43606548337223
-125.7464894715515,179.56819088539493,-235.24873497786282
-125.75897902408417,178.6963468436934,-235.05109351448385
-125.79159627665067,177.84450609128578,-234.83820313390225
-125.84433831221523,177.01267156344593,-234.60638048001292
-125.91720221363506,176.2008461950222,-234.35455657860038
-126.01018506366037,175.40903292043745,-234.0827314310038
-126.1232839449344,174.63723467368914,-233.7909050386686
-126.25649593999343,173.88545438834916,-233.47907740314656
-126.40981813126675,173.153694997564,-233.1472485260959
-126.58324760107674,172.44195943405458,-232.79541840928107
-126.77678143163884,171.75025063011628,-232.423587054573
-126.99041670506162,171.07857151761897,-232.0317544639489
-127.22415050334673,170.4269250280069,-231.61992063949236
-127.47797990838895,169.79531409229884,-231.1880855833933
-127.75190200197618,169.18374164108786,-230.7362492979481
-128.04591386578952,168.5922106045415,-230.26441178555936
-128.34001258141208,168.02072294011415,-229.79257304872723
-128.61419536379293,167.46653336184605,-229.34073308995193
-128.8684601892674,166.92220927008373,-228.9088919116361
-129.1028061951832,166.3806702354312,-228.4970495160761
-129.31723324943746,165.83874798381675,-228.10520590546193
-129.51174147704853,165.29586653538874,-227.7333610818772
-129.68633097980026,164.7526739501074,-227.38151504729927
-129.84100176229617,164.20961783370524,-227.04966780359905
-129.97575429614182,163.65663938013998,-226.73781935254118
-130.09059100858977,163.08367912697605,-226.44596969578393
-130.1855148158917,162.49073416984064,-226.17411883487924
-130.26052863440518,161.87780160478624,-225.92226677127266
-130.31563538059365,161.24487852829074,-225.69041350630346
-130.35083797102638,160.59196203725733,-225.4785590412045
-130.36613932237853,159.9190492290146,-225.28670337710236
-130.36154235143104,159.22613720131653,-225.1148465150172
-130.34356571735327,158.53322336911302,-224.96298845586296
-130.32551415913574,157.85969013509424,-224.83112920044704
-130.31596365815224,157.20349861486898,-224.71926874947067
-130.31732658823165,156.5623933106359,-224.62740710352867
-130.3304375874085,155.9350399255633,-224.5555442631095
-130.3555189933902,155.32059954204274,-224.50368022859536
-130.39249454072876,154.7184738499465,-224.47181500026198
-130.4411374888469,154.12817971963457,-224.45994857827884
-130.50558870675496,153.54392876733195,-224.44808096271788
-130.59012705051217,152.96283449722335,-224.42125601026962
-130.69475171799863,152.38927514126107,-224.38548521428004
-130.81946139045186,151.82610817344556,-224.34041475795348
-130.96425438442287,151.2756676305344,-224.28254290822804
-131.12912867676945,150.7402621974904,-224.2076012661748
-131.31408192320612,150.2219297159284,-224.1130800722904
-131.51813047087813,149.72225558587664,-223.99855768668152
-131.72127249111944,149.22226616164463,-223.88403410994832
-131.90449098899623,148.70230491138818,-223.78950934269088
-132.06794318966922,148.162368937113,-223.71498338541187
-132.21548493061582,147.60245555106235,-223.66045623850755
-132.3518511730853,147.02256284286895,-223.6259279022679
-132.47839061644788,146.42268929854,-223.6113983768765
-132.59550365118184,145.80283351962487,-223.61686766241067
-132.70324391040367,145.16299413816319,-223.64233575884126
-132.79632995576927,144.51398732818072,-223.6708135121784
-132.8695126877221,143.86590473212604,-223.68612002218092
-132.92492279370103,143.21777793608086,-223.689800508665
-132.96920518228615,142.57012081712438,-223.6829138438335
-133.0088742363612,141.92416472330936,-223.66581134655902
-133.04662424119982,141.28048586470698,-223.63847292921363
-133.08333269774107,140.63913501351715,-223.6007731437158
-133.11919012217743,139.99995673766549,-223.55254075089
-133.15207526503636,139.35181521516506,-223.48899381434933
-133.17714287745974,138.683677984724,-223.40544568940282
-133.19070272017433,137.99554359470235,-223.30189637649474
-133.19135089205787,137.28741025123097,-223.17834587617568
-133.17846890055333,136.55927602020452,-223.03479418910266
-133.1518085110299,135.8111389071658,-222.87124131603903
-133.11131554496407,135.0429968970369,-222.6876872578545
-133.05703787087236,134.25484797508452,-222.4841320155251
-133.00594776431404,133.46018812488185,-222.26057559013324
-132.97046134451756,132.6690745050802,-222.01701798286774
-132.94054210849933,131.87799807460794,-221.75345919502368
-132.9102453977965,131.08618359002597,-221.46989922800256
-132.8787264929318,130.29239442762852,-221.16633808331224
-132.84521630114435,129.4956727363438,-220.8427757625669
-132.80907721112675,128.69523652271346,-220.4992122674871
-132.7697692337067,127.89043208506187,-220.1356475998998
-132.7188124797374,127.07882434374116,-219.75208176173825
-132.64797701870245,126.25505851829718,-219.3485147550421
-132.55726504831978,125.41359750760893,-218.92494658195727
-132.44667937331428,124.55212181794725,-218.48160846402777
-132.31622291113632,123.67062855108189,-218.01894269963896
-132.16611892293164,122.76911481991992,-217.53671807195954
-132.0018174479785,121.84757803473795,-217.03449228752584
-131.8260923352556,120.90601651394664,-216.51226534900843
-131.63349899628594,119.95234059915055,-215.9700372591843
-131.4210471423457,118.99463473869446,-215.40780802093676
-131.1887373436083,118.03301720047592,-214.8255776372555
-130.94290708330035,117.06674894292341,-214.2236456536635
-130.69080644809742,116.09534128588723,-213.60232094558435
-130.43328147201225,115.1193207350736,-212.96156451867182
-130.17043555920063,114.13937618149617,-212.3012934867763
-129.90257426222425,113.15628034934004,-211.62143585958108
-129.64234530390846,112.18179726133049,-210.94176565802653
-129.40225907967525,111.22727768959366,-210.28209433476897
-129.18231267393898,110.29272457159608,-209.64242189331623
-128.9825031710069,109.378140844379,-209.0227483370698
-128.80282765507917,108.48352944455847,-208.42307366932482
-128.6432832102489,107.60889330832526,-207.84339789327012
-128.5038669205022,106.75423537144489,-207.28372101198812
-128.38401281696952,105.91827556287282,-206.74404302845497
-128.26371847321312,105.09607288804189,-206.2243639455404
-128.12852408393886,104.2821051277348,-205.72468376600784
-127.9970997622725,103.47317050006569,-205.24500249251437
-127.87291988609653,102.66929595908756,-204.78532012761073
-127.75366866533821,101.87121422514345,-204.34563667374132
-127.64160982742943,101.07909959621975,-203.92595213324415
-127.53540116114232,100.2935197222291,-203.52626650835094
-127.43646173931523,99.51472170232356,-203.14657980118702
-127.34977536521146,98.74955109186968,-202.76689201378025
-127.28320133286634,98.0008131912605,-202.36720314815852
-127.23673778839995,97.26087707252903,-201.94751320644718
-127.20789370839896,96.52175544642178,-201.507822190878
-127.19320188530318,95.77742507028393,-201.048130103789
-127.19221118944698,95.02610518762165,-200.56843694762466
-127.20567983906433,94.26890486299331,-200.06874272493573
-127.23356660234371,93.50679620069474,-199.54904743837943
-127.25858285044482,92.73233282956662,-199.0093510907192
-127.2637155370197,91.93787165691033,-198.44965368482494
-127.24896757890342,91.12340978305802,-197.86995522367286
-127.2143418930367,90.2889443087672,-197.27025571034554
-127.159841396466,89.43447233522082,-196.65055514803188
-127.08546900634347,88.55999096402728,-196.01085354002723
-126.9912276399269,87.66549729722043,-195.35115088973322
-126.87871041404958,86.75098851456612,-194.67144720065787
-126.75169995835414,85.83646221193551,-193.9717424764155
-126.61668115297388,84.94191669732642,-193.25203672072686
-126.48053441019918,84.06735134605603,-192.512329937419
-126.3470469092193,83.21276630342776,-191.75262213042535
-126.21799240451539,82.37570628898852,-190.9729133037857
-126.0937829835852,81.55244192318106,-190.1732034616462
-125.97391056656693,80.74107964024188,-189.35349260825936
-125.85769507064893,79.94050007051233,-188.51378074798401
-125.73320038989945,79.1550532037549,-187.67406788527654
-125.588820908758,78.38755290443214,-186.85435402459328
-125.42455457885495,77.62828243087789,-186.05463917029311
-125.2404012712534,76.862832106269,-185.27492332662854
-125.03636271158827,76.08091287177255,-184.51520649774577
-124.81244164476897,75.27896242975784,-183.77548868768463
-124.56864098884853,74.45697788071084,-183.0557699003786
-124.30496366198572,73.61495632554309,-182.35605013965485
-124.04141258243612,72.75289583787925,-181.67632940923414
-123.79799066845463,71.87079838091928,-181.01660771273094
-123.5726349784043,70.96866679014573,-180.37688505365335
-123.35389028902395,70.046503043145,-179.75716143540313
-123.13223064442289,69.10430718445869,-179.15743686127573
-122.90766785422461,68.14207878296537,-178.57771133446016
-122.68056626760725,67.15981744011737,-178.01798485803917
-122.45140479055175,66.15752281949949,-177.47825743498913
-122.2114186714487,65.15519420732247,-176.93852906818896
-121.95649307675765,64.17282938600572,-176.37879976051752
-121.69766949690415,63.21042695231745,-175.7990695149512
-121.44272432853252,62.267987013770366,-175.19933833457276
-121.18061025223356,61.34546792716627,-174.59960622256241
-120.89863120060627,60.44286741261726,-174.01987318210044
-120.5967842603175,59.56022432460263,-173.46013921626962