
-177.0283510999371,749.6808724166312,-214.54534367650643
-176.84945138466347,750.5567208132292,-214.29391872327727
-176.6904252975769,751.4525445677864,-214.06249263051987
-176.5512699226607,752.3683465785223,-213.8510653994648
-176.43198234379258,753.3041297432306,-213.65963703123637
-176.3325596447445,754.2598969592802,-213.48820752685248
-176.25299890918276,755.2356511236143,-213.33677688722474
-176.1932981929556,756.2113951327863,-213.19008568895555
-176.15345944095537,757.1671318833497,-213.02865717006196
-176.1334855702562,758.102864272248,-212.8477507556141
-176.13337949782667,759.0185951968501,-212.64684320934577
-176.15314414052963,759.9143275549503,-212.4259345323253
-176.19278241512237,760.7900642447684,-212.18502472572737
-176.25229723825638,761.6458081649495,-211.92411379083308
-176.33169152647756,762.481562214564,-211.64320172902978
-176.41096819623488,763.2973283208202,-211.34228854181129
-176.47013016397798,764.093104522202,-211.0213742307777
-176.5091803462546,764.8688878853314,-210.68045879763548
-176.5281216597194,765.6246754772557,-210.3195422441975
-176.526957021134,766.3604643654473,-209.9386245723829
-176.5056893473669,767.0762516178044,-209.53770578421728
-176.46432155539355,767.7720343026502,-209.11678588183253
-176.40285656229622,768.4478094887337,-208.6758648674669
-176.34129728525525,769.1035752175164,-208.21494274346503
-176.29964664145143,769.7393334200356,-207.7340195122779
-176.27790754796857,770.3550870000407,-207.23309517646285
-176.2760829217846,770.9508388617073,-206.71216973868357
-176.29417567977154,771.526591909636,-206.17124320171007
-176.3321887386955,772.0823490488527,-205.6103155684188
-176.39012501521665,772.6181131848092,-205.0293868417925
-176.4679874258893,773.1338872233821,-204.4284570249203
-176.54577791488313,773.6496730985507,-203.82255353912763
-176.60349453721847,774.1854688551443,-203.2269442237235
-176.64113437572607,774.7412715653152,-202.64227652946093
-176.65869451334345,775.3170783007897,-202.06950596720372
-176.65617203311493,775.9128861328692,-201.50988255334855
-176.63356401819155,776.5286921324292,-200.9650807636793
-176.59123031809696,777.1644933875558,-200.4368013037595
-176.53450744795424,777.8202872983896,-199.9244708941567
-176.47666635548256,778.476072653383,-199.42946395585335
-176.4254121830402,779.1118500673589,-198.95445595706425
-176.37968223496958,779.7276204205534,-198.4994469003153
-176.33863399228034,780.3233844547746,-198.064436788026
-176.30160461201305,780.8991428025382,-197.64942562250957
-176.26807329525437,781.4548960104806,-197.25441340597288
-176.23762896902429,781.9906445576366,-196.8794001405164
-176.2099446209954,782.5063888694907,-196.52438582813426
-176.1756140075674,783.0021288842249,-196.18937047071432
-176.1239593206922,783.4778626632168,-195.874354070038
-176.05290234271166,783.9335875099587,-195.57933662778046
-175.96178316814283,784.3693005305274,-195.30431814551042
-175.85060471433255,784.7849987992025,-195.04929862469032
-175.71936989873433,785.1806793906887,-194.81427806667625
-175.56808163890838,785.5563393801166,-194.59925647271797
-175.39674285252153,785.9119758430421,-194.40423384395882
-175.20535645734716,786.2475858554467,-194.22921018143586
-174.99392537126533,786.5631664937374,-194.07418548607978
-174.76245251226266,786.8587148347468,-193.93915975871496
-174.51094079843233,787.1342279557331,-193.8241330000594
-174.2393931479741,787.3897029343801,-193.72910521072475
-173.94781246661603,787.6253955844535,-193.65407639121634
-173.63620152781507,787.8432497904331,-193.59904654193312
-173.30456267321424,788.0468243101074,-193.5640156631677
-172.97289798387953,788.2341703890244,-193.54898375510638
-172.66121019270102,788.4014695536406,-193.5539508178291
-172.36950221819848,788.5487247176619,-193.57891685130946
-172.09777697878536,788.6759387952197,-193.62388185541465
-171.84603739276892,788.7831147008715,-193.6888458299056
-171.6142863783501,788.8702553495997,-193.77380877443687
-171.4025268536236,788.9373636568129,-193.87877068855667
-171.2107617365778,788.984442538345,-194.00373157170682
-171.03899394509475,789.0114949104554,-194.12869142323174
-170.88722639695013,789.0185236898293,-194.23365024247576
-170.75546200981333,789.0055317935772,-194.31860802888082
-170.64370370124732,788.9725221392353,-194.3835647819951
-170.5519543887087,788.919497644765,-194.4285205014732
-170.48021698954773,788.8464612285535,-194.4545585429792
-170.42849442100814,788.7534158094134,-194.46703839295222
-170.39678960022732,788.6403643065825,-194.47241455152135
-170.36536627081614,788.5273086801286,-194.48532753207164
-170.3205398482972,788.4342473462659,-194.5182394784269
-170.27088259991112,788.3611790612972,-194.57115039041213
-170.22000905214276,788.3081034188167,-194.64406026774594
-170.16954248621454,788.2750203736492,-194.7369691100407
-170.1202902615636,788.2619300500154,-194.84987691680226
-170.07270249885133,788.2688326605344,-194.98278368743033
-170.02706691562355,788.2957284701926,-195.1356894212181
-169.97246534974897,788.3226172386488,-195.28859411736138
-169.89786403290188,788.329496585394,-195.42149777505597
-169.8032658823413,788.316363593815,-195.5344003935951
-169.6886738154326,788.283215347724,-195.62730197237843
-169.55409074964746,788.2300489313585,-195.70020251091194
-169.39951960256386,788.1568614293818,-195.75310200880799
-169.22496329186603,788.0636499268826,-195.78600046578526
-169.03042473534458,787.950411509375,-195.79889788166886
-168.83590587859996,787.837144235051,-195.79179425639018
-168.66140477808278,787.7438500512521,-195.76468958998697
-168.50691851785862,787.6705318772176,-195.7175838826034
-168.37244418188666,787.6171926317617,-195.65047713448993
-168.25797885401965,787.583835233273,-195.56336934600344
-168.16351961800393,787.570462599715,-195.4562605176071
-168.0890635574795,787.577077648626,-195.32915064987046
-168.03460775597992,787.6036832971183,-195.18203974346946
-168.00014929693245,787.6502824618798,-195.01492779918635
-167.98568526365798,787.7168780591724,-194.82781481790977
-167.99121273937112,787.8034730048327,-194.62070080063467
-168.01672880718016,787.910070214272,-194.3935857484624
-168.06223055008704,788.0366726024762,-194.15117204945471
-168.1277150509875,788.1832830840057,-193.90335227062346
-168.213179392671,788.3499045729953,-193.65987514584893
-168.3186206578208,788.5365399831549,-193.4293198800277
-168.44403690130122,788.7231922278036,-193.19723535496922
-168.58943006702032,788.889864220261,-192.94514980258296
-168.75480307106724,789.0365588742362,-192.67306322420936
-168.940158829425,789.1632791038639,-192.38097562129528
-169.1455002579702,789.2700278237038,-192.0688869953939
-169.37083027247334,789.356807948741,-191.74109347119068
-169.61615178859847,789.4236223943858,-191.40522122296787
-169.88146772190342,789.4704740764737,-191.06613050059815
-170.16400360688118,789.5173657762564,-190.7161951333455
-170.46190758767284,789.5842997801335,-190.34625875195812
-170.77702462285674,789.6712784640977,-189.95632135840313
-171.11114770186836,789.7783044704407,-189.54638295475408
-171.46520243771496,789.9053806585052,-189.11644354319083
-171.83923991345966,790.0525099402238,-188.66650312599958
-172.23325721025117,790.2196952297286,-188.19656170557298
-172.64725140913197,790.4069394407262,-187.7066192844099
-173.0612205633346,790.5942445142454,-187.19667586511568
-173.45516661524147,790.7616085021649,-186.66673145040195
-173.8290924796201,790.9090284844656,-186.11678604308673
-174.18300107134442,791.0365015415534,-185.54683964609438
-174.51689530539485,791.1440247542597,-184.95689226245563
-174.83077809685824,791.2315952038406,-184.34694389530753
-175.1246523609278,791.2992099719776,-183.71699454789353
-175.39852101290316,791.3468661407773,-183.0670442235634
-175.67238599589405,791.3945617650235,-182.39709292577334
-175.96624536386042,791.4622987886494,-181.7071406580858
-176.28009619837732,791.5500801274857,-180.99718742416965
-176.61393558091353,791.6579086969373,-180.2672332278001
-176.9677605928315,791.7857874119835,-179.51727807285872
-177.3415683153874,791.933719187178,-178.74732196333346
-177.73535582973122,792.1017069366487,-177.9573649033186
-178.1491202169066,792.2897535740979,-177.14740689701475
-178.56285855785987,792.4978610405146,-176.31744794872893
-178.95656793353746,792.7260273873126,-175.46748806287448
-179.33024542498353,792.9742496931921,-174.59752724397111
-179.68388811334867,793.2425250364279,-173.70756549664492
-180.01749307989004,793.530850494869,-172.79760282562827
-180.33105740597136,793.8392231459388,-171.86763923575995
-180.6245781730629,794.1676400666352,-170.9176747319851
-180.8980524627415,794.5160983335298,-169.94770931935523
-181.17147832896927,794.8645959950925,-168.95774300302813
-181.4648577148582,795.1931349889419,-167.94777578826805
-181.77819353571056,795.501718225374,-166.91780768044552
-182.11148870672255,795.7903486151102,-165.86783868503747
-182.46474614298415,796.0590290692969,-164.79786880762714
-182.83796875947925,796.3077624995057,-163.70789805390416
-183.2311594710855,796.5365518177331,-162.5979264296645
-183.64432119257444,796.7453999364011,-161.46795394081053
-184.0690864601208,796.9343093614357,-160.33798059334205
-184.49898596314188,797.1032810637828,-159.2280063932589
-184.93819580537536,797.2523160876025,-158.1380313464634
-185.39157605619206,797.3814161376831,-157.0680554587516
-185.86332681937267,797.4905836104656,-156.01807873581308
-186.35506607961324,797.5798213424065,-154.98810118323124
-186.86679675116125,797.649132248903,-153.97812280648296
-187.39852174815786,797.6985192457774,-152.9881436109389
-187.93024398464678,797.7279842769896,-151.99816360187216
-188.44196637467172,797.7375253977742,-150.9881827845559
-188.93369183237397,797.7271396915042,-149.95820116436076
-189.405423272001,797.696824241977,-148.90821874676368
-189.8571636079067,797.6465761334151,-147.83823553734803
-190.28891575455125,797.5763924504663,-146.74825154180348
-190.70068262650113,797.4862702782033,-145.63826676592612
-191.09246713842907,797.3762067021238,-144.50828121561833
-191.48427123281775,797.2661997804029,-143.35829489688885
-191.89609296299994,797.1762514603647,-142.18830781585282
-192.32792940992348,797.1063646612309,-140.9983199787317
-192.77977765442975,797.0565423017972,-139.7883313918533
-193.25163477725366,797.0267873004337,-138.5583420616518
-193.74349785902376,797.0171025750848,-137.3083519946678
-194.25536398026222,797.0274910432687,-136.03836119754808
-194.78723022138482,797.0579556220785,-134.74836967704596
-195.33909463498844,797.0884992282162,-133.45837744001216
-195.91095916271345,797.0991247783838,-132.1883844932974
-196.50282671838121,797.089835189673,-130.938390843655
-197.1147002157068,797.0606333796,-129.70839649773177
-197.74658256829883,797.0115222661061,-128.49840146206833
-198.3984766896596,796.9425047675578,-127.30840574309887
-199.07038549318492,796.8535838027461,-126.13840934715128
-199.7623118921642,796.7447622908871,-124.98841228044706
-200.45425879978933,796.6160421793344,-123.83841454911027
-201.12622912925198,796.4674215267164,-122.66841615926491
-201.77822579384127,796.2988974197992,-121.47841711713254
-202.41025170695247,796.1104669457737,-120.26841742904102
-203.0223097820871,795.9021271922558,-119.0384171014246
-203.6144029328528,795.6738752472861,-117.78841614082388
-204.18653407296347,795.4257081993304,-116.51841455388582
-204.73870611623906,795.1576231372793,-115.22841234736369
-205.27092100431827,794.8896171504131,-113.93840952810828
-205.7831767897961,794.6416873280112,-112.66840610297041
-206.2754705530863,794.4138307589633,-111.41840207870338
-206.74779937470873,794.2060445317328,-110.18839746195417
-207.20016033528944,794.0183257343576,-108.97839225926337
-207.63255051556067,793.8506714544498,-107.78838647706526
-208.0449669963608,793.7030787791955,-106.61838012168776
-208.4374068586345,793.5755447953553,-105.46837319935246
-208.80986773448475,793.4567314185384,-104.33836571617455
-209.1623493300208,793.3379810260479,-103.22835767816292
-209.49485124023704,793.2248723099351,-102.13834909122009
-209.8073722198739,793.1233047133214,-101.06833996114226
-210.09991017247347,793.0388819160685,-100.01833029361923
-210.37246234200126,792.9743533553541,-98.98832009423451
-210.62502581729052,792.9298630869262,-97.97830936846522
-210.85759772627978,792.9044590128499,-96.98829812168216
-211.07017630773313,792.8781382173289,-96.01828635914976
-211.26276355123895,792.8318469670959,-95.0682740860261
-211.43536237263547,792.7655823467642,-94.13826130736292
-211.58897105682428,792.6793414897621,-93.22824802810564
-211.72550643739154,792.5731217681545,-92.33823425309328
-211.84658722560837,792.4469208153357,-91.46821998705855
-211.95343226577037,792.3007364705804,-90.61820523462778
-212.04694430880417,792.1345667268757,-89.788190000321
-212.12399642545708,791.9484095062824,-88.96703460817118
-212.1810805334573,791.742262067076,-88.14459764480756
-212.21819954936367,791.5161214972728,-87.32298071143488
-212.2353563898411,791.2699848853142,-86.50449835161518
-212.23255397166065,791.003849320067,-85.69159775712343
-212.20979521169963,790.7177118908235,-84.88656226272178
-212.16708302694133,790.411569687301,-84.0910297387105
-212.1044203344752,790.085419799643,-83.3056610307846
-212.0218100514968,789.7392593184177,-82.53540917322754
-211.91925509530776,789.3730853346192,-81.78515687677513
-211.79675838331573,788.986894939667,-81.05490414541691
-211.6543228330344,788.5806852254059,-80.34465098303603
-211.49195136208354,788.1544532841064,-79.6543973934093
-211.31100525801554,787.7081962745008,-78.98414338020717
-211.11978365323176,787.2419119571709,-78.33388894699377
-210.92444486969953,786.7555994702387,-77.70363409722684
-210.7366956107342,786.2492587443891,-77.0933788342578
-210.56902502027276,785.7228921007347,-76.50312316133173
-210.42143601606915,785.176502467824,-75.93286708158733
-210.29393151577048,784.6100927746307,-75.38261059805698
-210.1865144369171,784.0236659505545,-74.85235371366669
-210.0975516982174,783.417224845887,-74.34209643123611
-210.02032808603286,782.794536413185,-73.8518387534786
-209.9475102843629,782.1631252409553,-73.3815806830011
-209.87403390587602,781.5192269490057,-72.91132222231312
-209.7972155308171,780.855317694218,-72.42106337392413
-209.71715768297094,780.17139700039,-71.91080414044112
-209.63372629861516,779.4674643873129,-71.3805445245774
-209.54668012772797,778.7435193459705,-70.83028452915268
-209.45576626259196,777.9995613304288,-70.26002415709297
-209.3607695495691,777.235589760304,-69.66976341143068
-209.26152178633706,776.451604027352,-69.05950229530454
-209.15017212861633,775.6476031263571,-68.4492408119508
-209.01894452505383,774.823584536215,-67.8589789646057
-208.8678418932097,773.9795453580766,-67.28871675640796
-208.6968671507497,773.1154826935189,-66.73845419039002
-208.50602321544537,772.2313936445439,-66.2081912694779
-208.29531300517385,771.3272753135795,-65.6979279964913
-208.06473943791792,770.4031248034789,-65.20766437414358
-207.81430543176603,769.4589392175211,-64.73740040504174
-207.54534746394785,768.4947157242407,-64.28713609168643
-207.26494864913337,767.5104520312876,-63.85687143647198
-206.97967384491253,766.5061470686796,-63.44660644168631
-206.69032611672088,765.4818002040342,-63.05634110951106
-206.39677436406143,764.4374108363041,-62.68607544202147
-206.09873545551474,763.3729783328895,-62.33580944118644
-205.795835465122,762.2885020131347,-62.00554310886854
-205.48765701087274,761.1839811376722,-61.69527644682397
-205.18291218732773,760.059415350038,-61.4050094567026
-204.88302039970927,758.9148056537093,-61.13474214004794
-204.577576410084,757.7501518859253,-60.884474498297145
-204.2624138111118,756.5654528932429,-60.654206532781025
-203.9358004348906,755.3607071126594,-60.443938244724045
-203.59705874385833,754.1359128184135,-60.253669635244314
-203.24570764598235,752.8910682081544,-60.083400705353604
-202.88108891573705,751.6261713976311,-59.93313145595732
-202.51973891441355,750.3412212370129,-59.80286188785454
-202.17858100718408,749.0362198483878,-59.69259200173797
-201.8576181127251,747.7111701768466,-59.60232179819397
-201.55685314960564,746.3660751679058,-59.532051277702564
-201.2762880639999,745.020937767472,-59.48178044063742
-201.01592091282498,743.6957609214521,-59.45150928726586
-200.775748780603,742.3905475753631,-59.441237817748835
-200.55576875174881,741.1053006742969,-59.45096603214098
-200.35597791056983,739.8400231629203,-59.480693930390565
-200.17597737187543,738.5947179662247,-59.53042151233951
-200.01529656457876,737.3693879282926,-59.600148777723376
-199.87401368076516,736.1640358670189,-59.689875726171394
-199.75259345950525,734.9786646414076,-59.779602357215296
-199.65134784587985,733.813277178692,-59.84932867038682
-199.570273923565,732.6678764209872,-59.899054665315184
-199.50936884197344,731.5411108959992,-59.92878034173598
-199.46863008155776,730.4302350766267,-59.93850569949113
-199.4480555217343,729.3325795705889,-59.928230738528924
-199.44764341555288,728.2456883442027,-59.897955458904
-199.46739236122824,727.1672824408488,-59.84767986077735
-199.48730189400897,726.0825712712908,-59.77740394441631
-199.48737426506372,724.977861558809,-59.68712771019458
-199.46761239125448,723.8531504105024,-59.576851158592206
-199.42801918954862,722.7084349338958,-59.4465742901956
-199.36859757701905,721.5437122369392,-59.296297105697505
-199.28935047084403,720.3589794280081,-59.12601960589703
-199.1902807883073,719.1542336159033,-58.93574179169964
-199.07139144679803,717.9294719098515,-58.72546366411714
-198.95145133593985,716.6846923318004,-58.4951852242677
-198.85046337322402,715.4198966132989,-58.24490647337584
-198.76966450391186,714.1350876385827,-57.97462741277243
-198.70905764529536,712.8302683523051,-57.68434804389469
-198.66864571455915,711.5054416995446,-57.37406836828619
-198.6484316287804,710.1606106258049,-57.04378838759687
-198.64841830492898,708.7957780770156,-56.69350810358301
-198.66860865986726,707.4109469995313,-56.32322751810724
-198.68900561035906,706.0061193678449,-55.93294663313855
-198.68961207316713,704.5812932677247,-55.52266545075227
-198.67043096515056,703.136465813077,-55.092383973130104
-198.63146520327368,701.6716341182336,-54.642102202560096
-198.57271770460602,700.1867952979513,-54.17182014143664
-198.4941913863223,698.681946467413,-53.681537792260485
-198.3958891657024,697.1570847422267,-53.17125515763874
-198.2778139601314,695.6122072384259,-52.64097224028485
-198.139967714812,694.067311072434,-52.090689043018635
-197.9823484859024,692.5423933606747,-51.52040556876624
-197.80495335737837,691.0374512191821,-50.930121820560196
-197.6077794133209,689.5524817635644,-50.31983780153936
-197.39082373791618,688.087482109005,-49.68955351494894
-197.1540834154555,686.6424493702619,-49.03926896414052
-196.8975555303354,685.2173806616679,-48.36898415257202
-196.62123716705773,683.8122730971307,-47.678699083807714
-196.32512541022942,682.4271237901326,-46.988413761509364
-196.0092173445628,681.0619298537307,-46.31812818933874
-195.67351005487538,679.7166884005572,-45.66784237086013
-195.31800062608997,678.391396542819,-45.037556309531446
-194.94268614323468,677.0860513922978,-44.427270008704284
-194.54756369144295,675.8006500603503,-43.83698347162387
-194.13768271171756,674.5351899035252,-43.266696701429076
-193.7232008642843,673.289669508747,-42.71392307786634
-193.30339431630665,672.0640884180843,-42.17866260387507
-192.88318528113552,670.8584458108061,-41.663401905587634
-192.47265691419935,669.6727426411393,-41.16814098574396
-192.07118899267925,668.5069802582364,-40.692879846977625
-191.6788469946013,667.3611599890871,-40.23761849181586
-191.29566195074992,666.2352831669333,-39.80235692267953
-190.92165923418796,665.1293511292157,-39.38709514188317
-190.55685249393423,664.043365216282,-38.991833151634964
-190.2067246267742,662.9773270360082,-38.616570954036725
-189.8749416968737,661.9312391738194,-38.26130855108393
-189.55800724026608,660.9051040470542,-37.92604594466572
-189.25438505758774,659.8989236647664,-37.610783136564855
-188.96410907546021,658.9126999772398,-37.31552012845778
-188.68695472271918,657.9464349145268,-37.040256921914555
-188.42268737831063,657.0001303734851,-36.78499351839892
-188.17107692579262,656.073788216439,-36.549729919268245
-187.93580936272576,655.1571167933398,-36.33446612577356
-187.72067803281914,654.2501188565296,-36.139202139059535
-187.5256805207747,653.3630910125207,-35.9639379601645
-187.35081391076702,652.496036197479,-35.80867359002043
-187.19607528686362,651.6489573471456,-35.67340902945296
-187.06146173302503,650.821857396836,-35.55814427918136
-186.94697033310473,650.0147392814404,-35.46287933981856
-186.85259817084923,649.2276059354238,-35.38761421187113
-186.77834300672083,648.4465380149231,-35.32857970495271
-186.7242052155612,647.6595251758627,-35.27806188543592
-186.6901854251728,646.8695600143847,-35.22795383811905
-186.67628393352857,646.0782768883273,-35.170008404267996
-186.682500889756,645.2860053399388,-35.0964881316873
-186.7088365259314,644.4911615431773,-35.003354113718615
-186.7552914965003,643.6893700473059,-34.89021990962658
-186.82186732849604,642.873092355143,-34.75708552001279
-186.9085664555204,642.0402737808258,-34.60395094558519
-187.0153911683422,641.1909746953552,-34.430816187158094
-187.14234413301097,640.3222400472667,-34.23768124565214
-187.2894282391029,639.4335253823531,-34.02454612209435
-187.45664640269823,638.5248336368153,-33.791410817618065
-187.64400153977007,637.5961677472795,-33.53827533346301
-187.8514965661845,636.6475306507975,-33.26513967097524
-188.07913439770044,635.6789252848462,-32.97200383160716
-188.32691794996978,634.6903545873274,-32.65886781691755
-188.59485013853723,633.6818214965687,-32.32573162857152
-188.88293387884036,632.6533289513224,-31.972595268340537
-189.19117207265293,631.6051587527653,-31.599458738102427
-189.51956744608773,630.5400884028483,-31.206322039841364
-189.86812211086237,629.4629908142257,-30.79318517564787
-190.23683748632286,628.3784903212605,-30.360048147718828
-190.62571433623438,627.290957350794,-29.906910958357464
-191.01475251452783,626.2104989677752,-29.433773609973358
-191.3839502682361,625.1440926426172,-28.94063610508244
-191.7333056985415,624.0897689126421,-28.427498446307002
-192.06281718721138,623.0456444317059,-27.89436063637568
-192.3724833842928,622.0099188493405,-27.34122267812346
-192.6623031961267,620.9808733850476,-26.768084574491684
-192.93227577348537,619.9568705446183,-26.174946328528048
-193.18240049968463,618.936354664238,-25.56180794338659
-193.41267652318498,617.92722042075,-24.948669422318847
-193.62310134657892,616.93811831389,-24.355530768576354
-193.81367205188522,615.9690454482842,-23.782391985313158
-193.98438572122814,615.0199989281334,-23.229253075576953
-194.13523943683762,614.0909758572128,-22.696114042309087
-194.26623028104913,613.1819733388722,-22.182974888344553
-194.37735533630376,612.2929884760357,-21.689835616411997
-194.46861168514832,611.4240183712019,-21.216696229133714
-194.5399964102352,610.5750601264442,-20.763556729025648
-194.59150659432248,609.7461108434102,-20.330417118497394
-194.62313932027396,608.9371676233221,-19.917277399852193
-194.63489167105905,608.148227566977,-19.52413757528694
-194.626760729753,607.379287774746,-19.15099764689217
-194.59874357953663,606.6303453465754,-18.79785761665208
-194.55083730369665,605.9013973819857,-18.464717486444513
-194.48303898562548,605.1924409800722,-18.14477686660835
-194.39534652128123,604.4867608991794,-17.83803575884489
-194.28776116690582,603.7653722337755,-17.551294556217854
-194.16028548214928,603.0249844231549,-17.284553260252007
-194.01292233506254,602.2645765708231,-17.037811872365758
-193.84567464329155,601.4841457765432,-16.811070393871166
-193.65854532458798,600.683689140504,-16.604328825973944
-193.4515372968092,599.86320376332,-16.41068344272191
-193.22465347791834,599.0226867460309,-16.215918180697965
-192.99789678597534,598.1621361623897,-16.019469750818857
-192.79127013903945,597.2815539757247,-15.831181322383518
-192.60477645507174,596.380943122077,-15.656723723302596
-192.43841865192624,595.4603065379138,-15.499572466053142
-192.2921996473499,594.5196471601272,-15.358404030811
-192.16612215014635,593.5632636966726,-15.228277680604728
-192.06018784890776,592.599255370531,-15.104673327455645
-191.97439751565503,591.630779516283,-14.985005312518231
-191.88875125309147,590.669741814186,-14.856913436029185
-191.78324675492124,589.7286901731129,-14.708821480546566
-191.65788110484303,588.8076216966645,-14.543530328242426
-191.5126513866612,587.9065334880154,-14.367432675896652
-191.34755468428565,587.0254226499158,-14.18799415640417
-191.16258808173197,586.1642862846898,-14.014142286698776
-190.97751649377764,585.3112382553727,-13.855610554353
-190.79438197630506,584.464698850696,-13.714940916156591
-190.61341621792386,583.6165517025753,-13.59213337285757
-190.45257865706824,582.7483796295886,-13.489325757272788
-190.31187198039603,581.8649384790668,-13.406518069948929
-190.1912978399261,580.9732528223878,-13.343710311326328
-190.09085712998808,580.0773500171499,-13.30090248173897
-190.01055021485303,579.1805983100194,-13.278094581414486
-189.95037701000814,578.2856454053697,-13.27528661047416
-189.91033713173738,577.3939315845663,-13.292478568932923
-189.89043064251587,576.4940376829991,-13.309670456708218
-189.89065988448132,575.5741423465009,-13.30686227371749
-189.91102777449487,574.6342485119422,-13.28405401997567
-189.9515372293105,573.6743591166189,-13.241245695604043
-190.01219116557513,572.6944770982523,-13.178437300830243
-190.09299249982857,571.694605394989,-13.095628835988258
-190.19394414850348,570.674746945401,-12.992820301518426
-190.31504902792537,569.6349046884856,-12.870011697967438
-190.45631005431258,568.5750815636654,-12.747203025979474
-190.61773014377627,567.4952805107885,-12.64439428619871
-190.7993122123204,566.3955044701278,-12.561585479171839
-191.00105917584173,565.275756382382,-12.4987766053392
-191.22297395012978,564.1360391886749,-12.455967665034784
-191.46505945086687,562.9763558305555,-12.43315865848623
-191.72731859362798,561.7967092499978,-12.430349585814824
-192.0097542938809,560.5971023894015,-12.447540447035504
-192.31236946698607,559.377538191591,-12.464731242065719
-192.63516702819666,558.1380195998163,-12.461921970822921
-192.97814989265845,556.8785495577521,-12.439112633322047
-193.34132097540999,555.5991310094986,-12.396303229684387
-193.7246831913824,554.2997668995811,-12.33349376013758
-194.12823945539947,552.98046017295,-12.250684225015622
-194.5519926821776,551.6412137749807,-12.147874624758856
-194.9959457863258,550.2820306514736,-12.025064959913978
-195.4601016823456,548.9029137486544,-11.882255231134035
-195.9444632846312,547.5038660131738,-11.719445439178426
-196.44903350746932,546.0848903921074,-11.536635584912897
-196.97381526503915,544.6459898329558,-11.333825669309554
-197.51881147141248,543.187167283645,-11.111015693446847
-198.08402504055363,541.7084256925255,-10.868205658509579
-198.66945888631935,540.209768008373,-10.605395565788909
-199.27511592245887,538.6911971803881,-10.32258541668234
-199.90099906261392,537.1527161581965,-10.03977521268487
-200.54711122031864,535.5943278918487,-9.776964955291493
-201.21345530899967,534.01603533182,-9.53415464589972
-201.900034241976,532.4178414290108,-9.311344285800704
-202.606850932459,530.7997491347462,-9.108533876179253
-203.3339082935525,529.1617614007763,-8.925723418113822
-204.08120923825263,527.503881179276,-8.762912912576516
-204.84875667944792,525.8261114228451,-8.620102360433087
-205.61655352992807,524.1284541122207,-8.4772917624518
-206.3646027024815,522.4109073394148,-8.314481119400924
-207.09290710999272,520.6734682245772,-8.13167043214621
-207.8014696654513,518.9161338882818,-7.928859701659766
-208.4902932819517,517.1389014515282,-7.706048929020047
-209.1593808726934,515.3417680357404,-7.463238115411862
-209.8087353509808,513.5247307627673,-7.20042726212637
-210.43835963022332,511.68778675488255,-6.917616370561083
-211.06825565163885,509.85093410703706,-6.614805442219862
-211.71842146729418,508.0341748033308,-6.291994478712922
-212.38885415686966,506.23751179976085,-5.949183481756825
-213.07955079993792,504.46094805189824,-5.586372453174489
-213.7905084759638,502.7044865148882,-5.20356139489518
-214.52172426430442,500.9681301434498,-4.800750308954517
-215.2731952442092,499.2518818918764,-4.377939197494469
-216.0449184948198,497.55574471403526,-3.935128062763357
-216.81689137362275,495.87399299099263,-3.472316907115853
-217.56911231334496,494.2016898416942,-2.98950573301298
-218.3015798323899,492.54042170839415,-2.4866945430221126
-219.01429221700656,490.89178058731295,-1.9638833398169764
-219.70724752085283,489.25735892644576,-1.4210721261776478
-220.38044356531316,487.6387442582496,-0.8582609049905545
-221.03387794063462,486.037513420343,-0.2754496792484752
-221.66754800791205,484.4552267399666,0.32736154794945976
-222.28145093000114,482.8928445626526,0.9301727734066321
-222.87558379584033,481.35055047722614,1.5129839939264236
-223.44994368540796,479.8283416001476,2.075795206409704
-224.00452767878753,478.3262150474517,2.6186064078636946
-224.53933285616765,476.844167934747,3.141417595401968
-225.05435629784216,475.38219737721664,3.644228766244447
-225.54959508421007,473.9403004896176,4.127039917717407
-226.02504629577558,472.5184743862812,4.589851047253473
-226.48070701314813,471.116716181113,5.0526621523827595
-226.9165743170424,469.7350229875928,5.5354732306353815
-227.33264528827834,468.3733919187746,6.038284279443966
-227.7289170077811,467.03182008728663,6.561095296134787
-228.10538655658115,465.7103046053316,7.103906277927769
-228.46205101581432,464.4088425846862,7.666717221936486
-228.79890746672166,463.1274311367018,8.24952812516816
-229.11595299064962,461.8660673723037,8.852338984523662
-229.4331856413285,460.60474937431474,9.475149796797515
-229.77060736163745,459.32347911470714,10.117960558677886
-230.1282210666445,458.0222595381304,10.780771266746598
-230.5060296713104,456.70109358965897,11.463581917479118
-230.90403609048843,455.3599842147925,12.166392507244563
-231.32224323892453,453.9989343594558,12.889203032305701
-231.76065403125716,452.61794696999874,13.632013488818947
-232.21927138201738,451.21702499319616,14.394823872834367
-232.67809723335023,449.81617040392524,15.177634180295676
-233.11712963824982,448.4353812879129,15.980444407040242
-233.53636567751929,447.07465475820834,16.803254548799075
-233.93580243206696,445.733987927435,17.646064601196834
-234.3154369829065,444.4133779077907,18.508874559751835
-234.67526641115685,443.1128218110474,19.39168441987604
-235.01528779804227,441.8323167485516,20.29449417687506
-235.33549822489235,440.5718598312239,21.217303825948157
-235.63589477314204,439.3314481695593,22.16011336218824
-235.91647452433162,438.1110788736272,23.12292278058187
-236.1772345601068,436.9107490530714,24.105732076009254
-236.4181719622186,435.73045581710994,25.108541243244254
-236.6392838125235,434.5701962745354,26.131350276954375
-236.84056719298343,433.4299675337148,27.174159171700776
-237.02201918566573,432.30976670258934,28.236967921938266
-237.18363687274316,431.209590888675,29.3197765220153
-237.34541733648513,430.12943817134953,30.40258496618285
-237.52735765916017,429.0693105187148,31.465393248691885
-237.7294549229385,428.0292108707348,32.50820136389087
-237.9517062098831,427.00914216694775,33.53100930623461
-238.19410860194984,426.00910734646646,34.53381707028427
-238.4566591809874,425.02910934797814,35.51662465070737
-238.73935502873732,424.0691511097443,36.47943204227777
-239.042193226834,423.129235569601,37.4222392398757
-239.3651717009916,422.19200070145774,38.36504623847886
-239.70829188043845,421.23747467120444,39.327853033064976
-240.07155654720586,420.26302538009975,40.31065961851426
-240.45496861499797,419.2686305377906,41.31346598960058
-240.8585309986383,418.2542930828493,42.33627214099147
-241.2822466128432,417.22001595427326,43.379078067248095
-241.72611837222192,416.1658020914849,44.44188376282529
-242.19014919127645,415.09165443433193,45.52468922207152
-242.65434198441042,413.9975749507994,46.62749443922891
-243.09869966602673,412.8835617201477,47.750299408433236
-243.52322515062477,411.749611849775,48.89310412371391
-243.92792135280942,410.5957224475044,50.05590857899403
-244.31279118729103,409.421890621584,51.238712768090295
-244.67783756888537,408.22811348068717,52.4415166847131
-245.02306341251358,407.0143881339124,53.664320322466466
-245.34847163320225,405.78071169078316,54.907123674848066
-245.65406514608333,404.52708126124816,56.16992673524923
-245.93984686639413,403.25349395568117,57.45272949695492
-246.20581970947734,401.9599468848812,58.75553195314379
-246.45198659078093,400.6464371600726,60.07833409688809
-246.67835042585827,399.31296189290464,61.42113592115377
-246.88491413036792,397.95951819545206,62.7839374188004
-247.07168062007383,396.5861031802147,64.16673858258122
-247.2386528108452,395.1927139601177,65.56953940514309
-247.38583361865642,393.7793476485114,66.99233987902656
-247.51322595958723,392.3460013591715,68.4351399966658
-247.6208327498225,390.892672206299,69.89793975038864
-247.70865690565242,389.41935730452013,71.3807391324166
-247.77670134347224,387.92605376888656,72.88353813486478
-247.82496897978248,386.4127587148753,74.40633674974197
-247.85346273118878,384.8794692583885,75.94913496895062
-247.86218551440197,383.32618251575394,77.5119327842868
-247.8711392739417,381.77289657597674,79.07473018744912
-247.9003220651766,380.2396134172117,80.61752717013617
-247.94973097108917,378.7263359895111,82.14032372414407
-248.01936307455435,377.2330672425018,83.64311984137525
-248.10921545833952,375.75981012538534,85.12591551383852
-248.21928520510454,374.3065675869376,86.58871073364902
-248.3495693974018,372.8733425755091,88.03150549302828
-248.50006511767623,371.4601380390248,89.45429978430414
-248.65077042056149,370.04695595273216,90.87709359990197
-248.78168724983996,368.6137944027288,92.3198869322471
-248.89281852167778,367.16065050321464,93.78267977366744
-248.98416715234637,365.68752136881506,95.26547211638447
-249.05573605822227,364.19440411458066,96.7682639525134
-249.10752815578724,362.6812958559874,98.29105527406301
-249.13954636162825,361.1481937089366,99.83384607293581
-249.15179359243731,359.59509478975497,101.39663634092791
-249.14427179272423,358.04199621515914,102.97942606972909
-249.11697901795407,356.50889510186573,104.58221525092277
-249.06991235140967,354.9957885662015,106.20500387598607
-249.00306887647898,353.5026737240677,107.8477919362897
-248.9164456766551,352.02954769094026,109.51057942309804
-248.8100398355363,350.57640758186983,111.19336632756914
-248.6838485261691,349.1414127219494,112.89615264075468
-248.53786940226044,347.7201885489808,114.61893835360002
-248.39210145945103,346.294570938765,116.36172345694413
-248.2665468556083,344.84893354325084,118.12450794151968
-248.16120850826226,343.3832793106274,119.90729179795295
-248.07608933483536,341.8976111895094,121.7100750167639
-248.01119225264256,340.3919321289368,123.53285758836614
-247.96652017889124,338.86624507837513,125.37563950306692
-247.94207593323242,337.32255751671124,127.23842075106715
-247.9378618496094,335.76484762442874,129.1212013224614
-247.9338790021661,334.21111285078103,131.02398120723782
-247.91012525310438,332.67737605457296,132.94676039527837
-247.86659768568822,331.16363435214186,134.88953887635853
-247.80329338328676,329.66988485939976,136.85231664014745
-247.72020942937428,328.1961246918334,138.83509367620798
-247.61734290753026,326.74235096450406,140.8378699739966
-247.49469090143936,325.3085607920477,142.86064552286342
-247.35225049489148,323.8947512886749,144.90342031205222
-247.2100195716198,322.4844676500917,146.94619433070932
-247.0879993362073,321.0587604573977,148.968967567981
-246.98619232981542,319.61408554875766,150.97174001311106
-246.9046014188705,318.1493972664203,152.9545116554497
-246.84322952066876,316.6646985589767,154.91728248445335
-246.80207955239885,315.1599923754433,156.8600524896849
-246.78115443114189,313.6352816652623,158.78282166081357
-246.7804570738715,312.090569378301,160.68558998761495
-246.7799903974626,310.5258574925648,162.58835745996205
-246.75975731878884,308.94114409733476,164.51112406772802
-246.71976075482013,307.3364263100299,166.4538898006884
-246.66000362263148,305.7117012484946,168.41665464851238
-246.58048883940302,304.06696603099874,170.3994186007629
-246.48121932241986,302.4022177762377,172.40218164689654
-246.3621979890722,300.7174536033323,174.42494377626343
-246.22342775685527,299.0126706318287,176.4677049781075
-246.0649105710819,297.3078659816634,178.51794560351024
-245.88664448802012,295.6230367727727,180.559862445623
-245.68862659175554,293.9581801247034,182.58709317364432
-245.47085396647878,292.31329315657683,184.59544097274957
-245.23332369648554,290.6883729870891,186.5837877902675
-244.97603286617658,289.08341673451116,188.552133615625
-244.69897856005775,287.4984215166887,190.5004784383553
-244.40215786273995,285.93338445104223,192.42882224809793
-244.10556785893036,284.38830362685445,194.33716503459885
-243.82920563333494,282.8631810221328,196.22550678771032
-243.57306827056087,281.35801958674676,198.09384749739098
-243.33715285510792,279.8728222701409,199.94218715370585
-243.1214564713682,278.4075920213344,201.77052574682628
-242.9259762036264,276.9623317889212,203.57886326703
-242.75070913605967,275.53704452106996,205.36719970470102
-242.59565235273766,274.13173316552434,207.13553505032982
-242.46080390991,272.7264006696378,208.9038692945043
-242.34616575286864,271.3010499807643,210.69220242781236
-242.25174079908552,269.85568404664747,212.50053444074447
-242.17753196592508,268.39030581545666,214.32886532368474
-242.12354217064424,266.9049182357867,216.1771950669109
-242.08977433039243,265.39952425665774,218.04552366059437
-242.07623136221153,263.87412682751545,219.9338510948002
-242.08291618303588,262.3287288982309,221.84217735948712
-242.08983170970112,260.7633324468132,223.7705024445075
-242.07698085904167,259.17793556254696,225.71882633960738
-242.0443665479882,257.5725353628548,227.6871490344264
-241.99199169357647,255.94712896558485,229.67547051849795
-241.91985921294727,254.30171348901052,231.68379078124897
-241.82797202334655,252.63628605183084,233.71210981200016
-241.71633304212523,250.95084377317016,235.76042759996582
-241.5849451867393,249.24538377257844,237.82874413425387
-241.43381040246229,247.53990316999557,239.8970594038748
-241.26292674552298,245.85439908536165,241.94537339783915
-241.07229129996773,244.1888686382269,243.97368610525484
-240.86190114994793,242.54330894771627,245.98199751533622
-240.63175337972,240.91771713252948,247.970307617404
-240.38184507364548,239.31209031094102,249.9386164008852
-240.11217331619088,237.72642560080016,251.88692385531328
-239.8227351919279,236.16072011953094,253.815229970328
-239.51352875782075,234.5949709841677,255.72353473567549
-239.18455596008855,233.00917531174497,257.61183814120824
-238.83581971734296,231.40333021968755,259.4801401768851
-238.4673229483007,229.77743282584584,261.32844083277115
-238.07906857178367,228.13148024849593,263.15674009903813
-237.67105950671868,226.46546960633964,264.9650379659639
-237.24329867213768,224.7793980185045,266.7533344239327
-236.79578898717767,223.07326260454374,268.5216294634352
-236.32853337108062,221.34706048443635,270.28992307505956
-235.8415347431935,219.60078877858712,272.07821524939385
-235.3347960229683,217.83444460782653,273.8865059769288
-234.80832012996194,216.04802509341087,275.71479524804863
-234.26210998383633,214.24152735702228,277.56308305303145
-233.69616850435827,212.41494852076872,279.43136938204884
-233.11049861139955,210.56828570718395,281.319654225166
-232.50510322493682,208.7015360392276,283.22793757234194
-231.8799852650516,206.81469664028515,285.1562194134293
-231.2351476519303,204.90776463416796,287.10449973817435
-230.5705933058643,202.98073714511332,289.0727785362169
-229.88632514724964,201.03361129778438,291.0610557970906
-229.18234609658728,199.06638421727027,293.06933151022264
-228.45865907448305,197.07905302908605,295.0976056649339
-227.71526700164748,195.07161485917274,297.14587825043895
-226.95217279889593,193.0440668338973,299.21414925584605
-226.1693784148611,191.01640608001722,301.302418670157
-225.3668819091306,189.00862972429067,303.40910653956473
-224.5446803691095,187.0207348930864,305.5248744472619
-223.7027708823075,185.05271871234842,307.63378358119303
-222.84115053633926,183.104578307596,309.72517233575775
-221.9616807015313,181.17631089455455,311.7965594433511
-221.07250353183508,179.25432216658797,313.8479448929584
-220.18113821483956,177.3224518061757,315.8793286736713
-219.27944123618656,175.39429134834552,317.89071077468776
-218.3580275157564,173.48599794647777,319.88209118531216
-217.41689511387386,171.57756872484447,321.85346989495525
-216.4629603134588,169.6490011438544,323.80484689313414
-215.50197182311052,167.70029395204267,325.7362221694722
-214.53437220103166,165.73144608545473,327.64759571369933
-213.55944829714764,163.74245662348503,329.5389675156516
-212.57816611391073,161.73332443197788,331.4103375652717
-211.6054978865229,159.72404947138244,333.2617058526083
-210.6531246255961,157.73463413379744,335.09307236781683
-209.72104341933232,155.76508137889172,336.90443710115875
-208.8092513558256,153.81539416590942,338.6958000430021
-207.91774552306214,151.88557545367001,340.4671611838213
-207.04652300892022,149.97562820056825,342.21852051419694
-206.1955809011703,148.08555536457416,343.94987802481614
-205.36491628747498,146.21535990323306,345.6612337064723
-204.55452625538905,144.3650447736655,347.3725875500562
-203.7644078923595,142.53461293256723,349.10393954645895
-202.99455828572542,140.72406733620926,350.8552896864739
-202.24497452271828,138.9334109404378,352.6266379607881
-201.51565369046165,137.1626467006742,354.4179843599824
-200.8065928759714,135.41177757191502,356.22932887453123
-200.11778916615575,133.680806508732,358.0606714948026
-199.44923964781503,131.96973646527192,359.91201221105825
-198.7809414076509,130.27856942296935,361.7633510134625
-198.09289153236355,128.60730347368417,363.5946878921796
-197.38508710874942,126.95593573656386,365.4060228374713
-196.65752522370997,125.32446333033113,367.1973558397057
-195.9102029642517,123.71288337328382,368.96868688935734
-195.15799654832,122.12119370663453,370.7200159770071
-194.41646203015893,120.54939509757926,372.4513430933421
-193.6862441671181,118.99748916686434,374.16266822915594
-192.97178205139014,117.44547777910333,375.87399137533976
-192.2775508302378,115.87336366719366,377.60531252278463
-191.59364005267278,114.28977069220784,379.3566316622841
-190.90857110654255,112.70428533225022,381.1279487845255
-190.2210665518963,111.11829341049564,382.91926388008966
-189.53156712848445,109.53280256465587,384.7305769394512
-188.8404219058807,107.94910701419118,386.5618879529785
-188.14806109653637,106.36876340096194,388.4131969109333
-187.44532503455702,104.80046910509418,390.2645038034801
-186.72281923684326,103.25207087840461,392.0958086207834
-185.98054079037473,101.72356583740091,393.90711135310494
-185.2184867822362,100.21495109816595,395.69841199081316
-184.44953996932014,98.72622440278656,397.4697105243827
-183.68953593028596,97.25738614218922,399.2210069443947
-182.94161721244006,95.8084379168677,400.9523012415363
-182.2059723472941,94.37938150784245,402.6635934066014
-181.46656826435515,92.95021792559206,404.3748834304813
-180.70737697630017,91.5009450633966,406.1061713040672
-179.92840140402853,90.0315600356414,407.85745701815284
-179.12964446854483,88.54205995713781,409.62874056342577
-178.3111090909588,87.03244194312316,411.420021930467
-177.47279819248539,85.50270310926085,413.2313011097513
-176.6147146944447,83.95284057164031,415.0625780916472
-175.73686151826195,82.38285144677704,416.9138528664167
-174.8592415854586,80.79273382390004,418.78512542421555
-174.00185781755496,79.18248968181418,420.67639575509315
-173.15637118079127,77.55212156649895,422.5876638489926
-172.30762198933954,75.90163007062252,424.51892969575056
-171.44843729368313,74.23101403814458,426.4701932850975
-170.57843296653198,72.54027191124685,428.44145460665743
-169.6975843815384,70.829402109287,430.43271364994814
-168.8059061427591,69.09840305169381,432.44397040438093
-167.89894615818628,67.355244459169,434.47192292406635
-166.97224377278997,65.59992366923794,436.51315372156813
-166.02580152083004,63.82446628664566,438.56759282066946
-165.05962232420157,62.028869432681574,440.6354151934702
-164.0937081326083,60.23313120131324,442.69999272954044