
-61.5340301197456,688.1438731012663,-227.58319517754813
-60.78761690573317,688.4821246600915,-226.6744080339288
-60.06115679610865,688.8002688146634,-225.78561968494728
-59.35465271159735,689.0983084752179,-224.91683013532975
-58.6681075728185,689.3762465524169,-224.06803938969603
-58.00152430028514,689.6340859573482,-223.2192474525685
-57.354905814404205,689.8718296015256,-222.3504543284695
-56.728255035476444,690.0894803968887,-221.46166002201892
-56.12157488369643,690.287041255803,-220.55286453794292
-55.534868279152555,690.46451509106,-219.6240678810741
-54.96813814182698,690.621904815877,-218.67527005635137
-54.42138739159565,690.7592133438972,-217.70647106882
-53.89461894822827,690.8764435891895,-216.7176709236317
-53.387835731388286,690.9735984662487,-215.72886962603553
-52.90104066063287,691.0506808899956,-214.76006718128068
-52.434236655412924,691.1076937757765,-213.81126359451878
-51.987426635073014,691.1446400393635,-212.88245887079515
-51.560613518851405,691.1615225969547,-211.97365301504877
-51.15380022588003,691.1583443651737,-211.08484603211227
-50.76698967518447,691.13510826107,-210.2160379267119
-50.400184785683926,691.0918172021185,-209.3672287034676
-50.05338750390379,691.0484741061847,-208.53841836689296
-49.7265958871133,691.0250818911343,-207.72960692139523
-49.41980702018785,691.0216434744432,-206.9407943712753
-49.13301798789649,691.0381617731622,-206.17198072072776
-48.8662258749019,691.0746397039169,-205.42316597384075
-48.61942776576044,691.1310801829078,-204.6943501345962
-48.39262074492214,691.20748612591,-203.98553320686958
-48.18580189673074,691.3038604482737,-203.29671519443008
-47.99896927771112,691.400206064959,-202.6078961009494
-47.832124833431656,691.4765258909263,-201.89907593009923
-47.685271481641884,691.532822841526,-201.17025468564876
-47.55841213998503,691.5690998325342,-200.42143237147354
-47.451549725998,691.5853597801523,-199.65260899155544
-47.36468715711136,691.5816056010073,-198.86378454998277
-47.29782735064935,691.5578402121516,-198.05495905095012
-47.250973223829824,691.5140665310635,-197.22613249875843
-47.22412672147681,691.4702874756106,-196.3973048978062
-47.21728589915818,691.4465059636608,-195.58847625249192
-47.23044784004798,691.4427249126924,-194.79964656711655
-47.2636096272139,691.4589472397578,-194.03081584587477
-47.31676834361728,691.4951758614843,-193.28198409285486
-47.389921072113104,691.5514136940736,-192.55315131203872
-47.48306489545007,691.6276636533021,-191.84431750730204
-47.59619689627054,691.7239286545205,-191.15548268241403
-47.70931512940691,691.8202106404023,-190.48664684103764
-47.802421538841415,691.8965076644708,-189.8378099867294
-47.87551904094128,691.9528168083523,-189.2089721229396
-47.92861055218013,691.9891351540977,-188.60013325301207
-47.96169898913799,692.0054597841837,-188.01129338018436
-47.97478726850123,692.0017877815123,-187.44245250758763
-47.96787830706258,691.9781162294111,-186.89361063824674
-47.940975021721094,691.9344422116326,-186.36476777508017
-47.89407935719473,691.8907628123197,-185.8559239209001
-47.827189369157956,691.8670751156153,-185.3670790784123
-47.74030214110415,691.8633762052721,-184.89823325021626
-47.633414756633016,691.8796631646176,-184.44938643880508
-47.506524299450604,691.915933076554,-184.02053864656554
-47.35962785336933,691.9721830235583,-183.61168987577804
-47.192722502308,692.0484100876821,-183.22284012861667
-47.00580533029181,692.1446113505516,-182.85398940714916
-46.81887439373096,692.2407848656907,-182.5051377133369
-46.65193163818548,692.3169325757733,-182.1762850490349
-46.50497998140544,692.3730573961508,-181.8674314159919
-46.37802234103457,692.4091622426001,-181.5785768158502
-46.27106163461032,692.4252500313236,-181.3097212501458
-46.18410077956378,692.4213236789492,-181.06086472030836
-46.117142693219684,692.3973861025303,-180.8320072276612
-46.070190292796426,692.3534402195457,-180.6231487734213
-46.04324552311856,692.3094889478645,-180.43428935869923
-46.03630643975447,692.2855352053552,-180.2654289844993
-46.049370125878745,692.281581909497,-180.1165676517194
-46.08243366455958,692.2976319773434,-179.98770536115114
-46.13549413875884,692.3336883255224,-179.87884211347972
-46.208548631332036,692.3897538702369,-179.78997790928406
-46.301594225028374,692.4658315272637,-179.72111274903668
-46.41462800249076,692.561924211955,-179.67224663310378
-46.52764704626465,692.6780338669494,-179.62337956175406
-46.62064843889561,692.8141585453104,-179.55451153525624
-46.69362926302676,692.9702953273888,-179.46564255397655
-46.74658660140771,693.1464412931098,-179.35677261838754
-46.77951753689452,693.3425935219728,-179.22790172906812
-46.792419152449746,693.5587490930525,-179.07902988670358
-46.78528853114247,693.7949050849975,-178.91015709208554
-46.75812275614827,694.0510585760312,-178.72128334611202
-46.730918910740414,694.3272076162392,-178.51240864978735
-46.723674078192374,694.6233541444315,-178.28353300422222
-46.736385341680354,694.9395010712797,-178.03465641063372
-46.769049784274415,695.2756513070307,-177.76577887034523
-46.821664488938545,695.6318077615055,-177.47690038478655
-46.89422653853064,696.0079733440996,-177.16802095549377
-46.986733015802514,696.4041509637834,-176.83914058410943
-47.09918100339994,696.8203435291016,-176.49025927238233
-47.23156855615009,697.2365539482089,-176.12137702216765
-47.38389761792385,697.6327851292599,-175.73249383542696
-47.55617110477355,698.0090399807991,-175.32360971422818
-47.74839193264543,698.3653214117963,-174.89472466074557
-47.96056301737968,698.7016323316466,-174.44583867725973
-48.19268727471039,699.0179756501699,-173.97695176615767
-48.44476762026555,699.314354277612,-173.48806392993268
-48.716806969567045,699.5907711246434,-172.97917517118447
-48.99729614544539,699.8472285427071,-172.45028549261906
-49.272378121794986,700.0837265309189,-171.9013948970489
-49.53856038020957,700.3002640168213,-171.3325033873927
-49.794133683655716,700.4968395636399,-170.7436109666756
-50.038248357076185,700.67345155545,-170.134717638029
-50.270459373301655,700.8300982855234,-169.50582340469083
-50.49050826299578,700.9667779975247,-168.85692827000517
-50.69822272326869,701.0834889044534,-168.18803223742262
-50.895714901826096,701.1802293065839,-167.51913531049118
-51.08555519647364,701.2569979442204,-166.8702374927589
-51.26842726914236,701.313793753387,-166.2413387876763
-51.4448579634105,701.3506157579016,-165.63243919858763
-51.61525264576357,701.3674630491794,-165.04353872873068
-51.77992320547004,701.3643347706393,-164.47463738123702
-51.93911010162258,701.3412301057422,-163.92573515913176
-52.09299972573133,701.2981482688895,-163.39683206533377
-52.25428652406234,701.2350891086096,-162.88792810265548
-52.43558480940424,701.1520549301324,-162.39902327380304
-52.636897497655305,701.0490486522082,-161.93011758137624
-52.858227504607356,700.9260731940122,-161.48121102786845
-53.08990992025123,700.7831310051504,-161.05230361566683
-53.319634126439766,700.6202225270526,-160.6433953470521
-53.54435822661261,700.4373471976992,-160.25448622419862
-53.763602821373844,700.2345042452218,-159.88557624917445
-53.970083464324496,700.0116925123695,-159.51666542395012
-54.156598920078544,699.7689094373695,-159.12775375049625
-54.323152104506505,699.5061521086496,-158.71884123088088
-54.46974593358505,699.2234176150624,-158.2899278672784
-54.59638332339699,698.9207030458861,-157.8410136619696
-54.70306719013125,698.5980054908238,-157.3720986173416
-54.78980045008286,698.2553220400043,-156.88318273588789
-54.85658601965293,697.8926497839817,-156.37426602020832
-54.90342644667749,697.5175693975536,-155.85238439028805
-54.9303229036999,697.1356192393486,-155.32207637543522
-54.93727665587653,696.7434368932015,-154.77854628984278
-54.924289373020514,696.3386917129156,-154.2174678519943
-54.89136302624207,695.9195341068663,-153.6366008362214
-54.83849983644163,695.4843441084836,-153.03573300348648
-54.76570225315459,695.0315968614776,-152.4148643569847
-54.6729729421608,694.5598474831528,-151.77399490001758
-54.56031377689859,694.0882376228197,-151.1331246359841
-54.42772280588147,693.6366098785,-150.51225356828326
-54.28033436194281,693.2049615928084,-149.91138170021657
-54.12940599271365,692.7932914045873,-149.3305090349792
-53.98368261538229,692.4015995202969,-148.76963557565998
-53.84684903511212,692.0298870057073,-148.22876132524135
-53.720401435499205,691.6781552816815,-147.7078862865995
-53.60496261751642,691.346405914345,-147.20701046250414
-53.485146455233235,691.0146397704066,-146.70613385562763
-53.34538099173843,690.662854697336,-146.18525646864222
-53.185669144637544,690.2910477858778,-145.64437830431774
-53.00601383164218,689.8992161272021,-145.08349936553034
-52.80641797057,689.4873568129044,-144.50261965526252
-52.58688447934469,689.0554669350057,-143.90173917660312
-52.347416275995954,688.6035435859527,-143.28085793274738
-52.0880162786595,688.1315838586178,-142.63997592699684
-51.828687405568175,687.6395858185862,-141.97909316275943
-51.58943257495443,687.1275514210184,-141.29820964354946
-51.37025470495285,686.5954835937883,-140.5973253729875
-51.17115671359125,686.0433852651953,-139.87644035480062
-50.99214151879067,685.4712593639641,-139.13555459282213
-50.83321203836535,684.8791088192451,-138.37466809099172
-50.69437119002275,684.2669365606142,-137.59378085335544
-50.57562189136348,683.634745518073,-136.7928928840657
-50.47696705988133,682.9825386220485,-135.99200418737243
-50.39840961296323,682.3103188033931,-135.21111476752552
-50.33995246788923,681.6180889933846,-134.45022462867738
-50.29607106266321,680.9058518550116,-133.70933377487412
-50.25302984097154,680.173608577656,-132.98844221005544
-50.20190133241245,679.4213584507477,-132.28754993805472
-50.14189203306946,678.6491002213343,-131.606656962599
-50.0728907377333,677.8568325851334,-130.94576328730895
-49.989435258102056,677.0445539634511,-130.3048689156989
-49.88610050054366,676.2122617206984,-129.68397385117686
-49.76288938246995,675.3599529578319,-129.08307809704445
-49.62449327268648,674.4876250041601,-128.50218165649702
-49.47844618763079,673.5952762393151,-127.94128453262348
-49.32643181629193,672.6829057675708,-127.40038672840643
-49.167683915593386,671.7505126249762,-126.87948824672213
-49.00235705939239,670.7980958561693,-126.37858909034047
-48.830018111277646,669.8316851560475,-125.89768926192502
-48.65061831794956,668.8560439945877,-125.436788764033
-48.46465902741404,667.8689983328131,-124.99588759911525
-48.2730856099941,666.8690783380389,-124.5749857695163
-48.07731003862923,665.8554870594031,-124.17408327747432
-47.87914881511012,664.8280913781977,-123.79318012512113
-47.68066612579523,663.7874468769882,-123.4322763144822
-47.484007377725874,662.7348150101412,-123.09137184747665
-47.27887619766653,661.6665783964219,-122.75046672592613
-47.05390302744459,660.5783104187876,-122.38956095165229
-46.809090785118705,659.4700081836336,-122.00865452657425
-46.54444238885299,658.3416687977805,-121.6077474527175
-46.259960756917074,657.1932893684747,-121.1868397322139
-45.95564880768601,656.024867003388,-120.74593136730164
-45.63212070765641,654.8363988403333,-120.28502236032527
-45.29054090304414,653.6278821631628,-119.8041127137357
-44.95030009221549,652.4193153086602,-119.32320243008135
-44.63023480476283,651.2307003036434,-118.8622915119106
-44.330342125525775,650.0620400903612,-118.42137996167438
-44.04810337118668,648.9133374883343,-118.00046778171725
-43.77983239789292,647.7845947706935,-117.59955497427744
-43.52432878425832,646.6758138593594,-117.21864154148683
-43.28160486403152,645.5869966154316,-116.85772748537093
-43.051745325209886,644.5181449089887,-116.51681280784894
-42.838415617977184,643.4613087237664,-116.1883560173212
-42.64524101566443,642.396490822982,-115.85880279234388
-42.472223850458754,641.3116462188877,-115.51569462809074
-42.3193670401425,640.20677785152,-115.15258584958558
-42.186673502390825,639.0818886613405,-114.76947645875921
-42.074146154771654,637.9369815892364,-114.36636645764888
-41.98178791474569,636.7720595765206,-113.94325584839811
-41.90960169966637,635.5871255649313,-113.50014463325682
-41.857590426779886,634.3821824966321,-113.05703281457244
-41.825757013225136,633.1572333142124,-112.6260567548643
-41.814104376033725,631.9122809606865,-112.1883215685083
-41.82263543212994,630.6473283794948,-111.73169089766907
-41.85135309833074,629.3623785145024,-111.25505963269944
-41.900260291345745,628.0574343100003,-110.75842777613391
-41.96935992777722,626.7324987107046,-110.24179533061337
-42.05865492412005,625.387574661757,-109.70516229888504
-42.168147403905664,624.0389741964485,-109.14852868380248
-42.29783630123208,622.7033775885048,-108.57189448832564
-42.4477196694812,621.3814881388234,-107.97525971552078
-42.61779546541703,620.0739294322821,-107.35862436856054
-42.80806156186663,618.7812311031827,-106.72198845072393
-43.018515762328754,617.5038169543651,-106.06535196539627
-43.2491558170848,616.2419961605071,-105.38871491606928
-43.499979440357926,614.9959578722278,-104.692077306341
-43.77098422622619,613.7678626696326,-103.97543913991586
-44.06216735823168,612.5598084626918,-103.2388004206046
-44.37352591796369,611.3717981940654,-102.48216115232435
-44.705056986904225,610.203834805988,-101.70552133909857
-45.056757646428025,609.0559212402683,-100.90888098505707
-45.42862497780258,607.9280604382894,-100.09224009443605
-45.82065606218813,606.8202553410089,-99.25559867157803
-46.2328479806377,605.7325088889583,-98.3989567209319
-46.645197814105984,604.6648230499562,-97.52231424705292
-47.03770264354682,603.6171959022458,-96.62996219393182
-47.41035955001072,602.5896245513569,-95.73479753133486
-47.76316561465372,601.5821061023938,-94.85252932468411
-48.09611791873744,600.594637660035,-93.97026061364996
-48.40921354362906,599.6272163285332,-93.06799140293276
-48.70244957080135,598.6798392117158,-92.1457216973304
-48.97582308183268,597.7525034129843,-91.20345150174708
-49.22933115840705,596.8452060353146,-90.24118082119337
-49.462970882314096,595.9579441812571,-89.2589096607862
-49.676739335449085,595.0907149529364,-88.25663802574886
-49.870633599812976,594.2435154520518,-87.23436592141096
-50.060193146421526,593.4163435354603,-86.1920933532085
-50.26322140810453,592.6092001919884,-85.12982032668384
-50.48406491989053,591.8220877072498,-84.04754684748565
-50.724914413033865,591.0550088872909,-82.94527292136898
-50.985875127503014,590.3079666601499,-81.82299855419524
-51.26694414504798,589.5809639586969,-80.68072375193218
-51.56811854731183,588.8740037153768,-79.51844852065389
-51.889395415830734,588.1870888622088,-78.33617286654085
-52.23077280432138,587.5002223308218,-77.13389679587988
-52.59225265554338,586.7934070528444,-75.91162031506413
-52.97383788443687,586.0666459602951,-74.66934343059313
-53.37553140583506,585.3199419856173,-73.40706614907276
-53.797336134464274,584.5532980616798,-72.12478847721523
-54.239254984943855,583.766717121776,-70.82251042183914
-54.701290871786206,582.9602020996248,-69.50023198986942
-55.183446709396755,582.13375592937,-68.15795318833734
-55.6657254120828,581.2873805732929,-66.8156740243717
-56.12812989415099,580.4210741049503,-65.49339450510126
-56.570663070004784,579.5348336260363,-64.19111463755732
-56.99332785415333,578.6286562386704,-62.90883442866482
-57.396127161211396,577.7025390453967,-61.64655388524235
-57.77906390589941,576.7564791491849,-60.40427301400216
-58.14214100304341,575.7904736534293,-59.18199182155015
-58.48536136757505,574.8045196619499,-57.979710314385855
-58.808726942244114,573.8186142789559,-56.79742849890248
-59.1122357807562,572.8527546086564,-55.63514638138687
-59.39588496463506,571.9069377548702,-54.49286396801951
-59.659671575510046,570.9811608209907,-53.37058126487457
-59.90359269511613,570.0754209099854,-52.26829827791984
-60.12764540529393,569.1897151243965,-51.186015013016764
-60.331826787989705,568.3240405663403,-50.123731475920444
-60.516133925255374,567.4783943375079,-49.08144767227963
-60.68056487153599,566.6327735392,-48.046298039481414
-60.825121570532076,565.7671752727172,-47.00554250506349
-60.94980693833727,564.8815966397499,-45.959421741903164
-61.05462389115087,563.976034742414,-44.90815733225382
-61.139575345277834,563.0504866832506,-43.85195546800008
-61.204664217128766,562.1049495652262,-42.79101232556514
-61.249893423219866,561.1394204917324,-41.72552193181552
-61.27526588017296,560.1538965665865,-40.65568730679071
-61.28109222726735,559.1683749090024,-39.5737331494814
-61.26737051989718,558.2028526832154,-38.47177878174549
-61.23378914643373,557.2573270080494,-37.34982420944271
-61.180345597086756,556.3234251677468,-36.20786943853909
-61.10703934639361,555.3854381802747,-35.045914475107054
-61.01387187646616,554.4324480330503,-33.86395932532534
-60.900845756866445,553.4601579148363,-32.66200399547907
-60.767963870295375,552.4678498645918,-31.4400484919597
-60.61522816203444,551.4755209866672,-30.198092821265053
-60.44263668832094,550.503168385413,-28.93613698999929
-60.250186533210304,549.5507891647899,-27.6663599861717
-60.037874780863575,548.6183804283332,-26.408761816525526
-59.80569851554741,547.7059392791532,-25.171163506440486
-59.5585158054805,546.8134630562483,-23.95356506249757
-59.30479606091303,545.9409502190099,-22.755966491171424
-59.050604603514614,545.0884002844103,-21.578367798830346
-58.807466445699184,544.2505945935488,-20.400768991745135
-58.58445055662665,543.4256670298962,-19.203170076186606
-58.38155463771738,542.6188397977409,-17.98557105852305
-58.19877586402928,541.8319844416214,-16.747971945229118
-58.03611131967196,541.0651038952724,-15.49037274288581
-57.892821673739036,540.3182010562027,-14.212773458180477
-57.76688470585551,539.5912786159276,-12.915544499289103
-57.656312552625025,538.8843389461396,-11.599796227532803
-57.543122574344146,538.1773833792632,-10.274415184595059
-57.41003807831126,537.450409853633,-8.949306959947245
-57.25706198209638,536.7034154679832,-7.628642325556942
-57.0841972033753,535.9363973214736,-6.318397617294
-56.89470244539335,535.1493526719676,-5.025145141126404
-56.694327746398365,534.3422795319804,-3.751892638228467
-56.4863201234569,533.5151765937849,-2.498640115370777
-56.271604083434674,532.6680428257821,-1.2653875792175713
-56.06368168743695,531.8208779142798,-0.03213503633559944
-55.875882282710464,530.9936841461625,1.2211175067083897
-55.70820295339152,530.1864644560176,2.494370043250158
-55.56064078350944,529.3992217780067,3.7876225665191177
-55.433192856986565,528.6319590458666,5.100875069638328
-55.32585625763828,527.8846791929084,6.4341275456244995
-55.238628069173025,527.1573851520182,7.7873799873879905
-55.17150537519231,526.4500798556566,9.160632387732807
-55.104486231487044,525.7427652636068,10.549550710160835
-55.01757258299735,525.0154394465025,11.949997400748954
-54.91076734704774,524.2680995030798,13.362246664887309
-54.78407344106846,523.5007425325005,14.786314346086996
-54.63749378259555,522.7133656343515,16.221932302658452
-54.471031289270776,521.9059659086456,17.668558069387377
-54.28468887884165,521.0785404558209,19.125419238679253
-54.07846946916138,520.2310863767411,20.591578342841885
-53.85603923433913,519.3836009507942,22.052135724465437
-53.622054394051425,518.5560822182244,23.492692988834435
-53.379909279516276,517.7485287071343,24.91325012828864
-53.13403488528846,516.9609395595784,26.313807135274168
-52.887769998839104,516.1933144926254,27.694364002343477
-52.643218115594706,515.4456536152526,29.05492072215538
-52.40183731462376,514.7179572867657,30.395477287475046
-52.165053307122605,514.0102260712464,31.716033691173994
-51.94099900454893,513.3224610715007,33.01658992623009
-51.73704438027047,512.6546648607125,34.29714598572756
-51.55318651850943,512.0068403700691,35.55770186285699
-51.389422503381155,511.37899053033215,36.79825755091529
-51.24574941889415,510.7711182718383,38.01881304330574
-51.12216434895007,510.1832265244988,39.21936833353797
-51.01866437734376,509.6153182177997,40.399923415227974
-50.93524658776327,509.06739628080163,41.56047828209808
-50.85190903608614,508.51946266988796,42.701032927976975
-50.74865366733928,507.95151545229237,43.821587346799696
-50.62548339893409,507.363551723351,44.92214153260764
-50.482401148387844,506.75556857882566,46.00269547954856
-50.31940983332372,506.12756311490347,47.06324918187653
-50.13651237147076,505.4795324281973,48.10380263395201
-49.93371168066386,504.8114736157453,49.1243558302418
-49.711010678843756,504.12338377501146,50.124908765319056
-49.46841200073717,503.4210879066686,51.10546143386328
-49.205916962373,502.7142272548564,52.066013830660346
-48.923525589724434,502.01206097133553,53.00656595060245
-48.621236425668876,501.32494200830916,53.92711778868816
-48.299046793650135,500.6577775073514,54.82766934002238
-47.95695377851914,500.0105645659033,55.70822059981639
-47.594954465232675,499.3833002809809,56.56877156338781
-47.213045938853355,498.7759817491752,57.40932222616062
-46.8312252845408,498.1886070389392,58.24987258365628
-46.469489587454184,497.62117810745093,59.110422631396254
-46.12783593265473,497.07369788375047,59.99097236480452
-45.80626140509687,496.54616929645294,60.89152177919871
-45.50476308962826,496.0385952737483,61.812070869790105
-45.22333807098982,495.55097874340123,62.752619631683636
-44.9619834338157,495.08332263275133,63.71316805987788
-44.72069626263336,494.63562986871295,64.69371614926507
-44.49947382752339,494.204084345113,65.69426389463109
-44.29831426782391,493.78226322211685,66.71481129065549
-44.11721653100505,493.3651831490446,67.75535833191142
-43.95618026597561,492.9481615926041,68.81590501286576
-43.81520579385275,492.52666921678986,69.89645132787895
-43.69429407118611,492.09662082993935,70.99699727120516
-43.59344658522212,491.65491236544784,72.11754283699216
-43.512665200454926,491.19938198622765,73.25808801928139
-43.451952148761826,490.7264771828036,74.39863281201681
-43.410500724213804,490.2335649490278,75.51917720914237
-43.377975169829725,489.72064755232753,76.61972120469952
-43.34262704986307,489.1877252601525,77.70026479283605
-43.301635737816795,488.63479741576924,78.76080796780612
-43.25423040785736,488.06186312951957,79.80135072397023
-43.20019265217859,487.46892144703645,80.82189305579523
-43.13946654169493,486.85597139599844,81.82243495785436
-43.06543756384479,486.24301167899637,82.80297642482714
-42.971497211358596,485.65003971344447,83.76351745149952
-42.85764256787355,485.07705259519315,84.70405803276377
-42.723870717132755,484.52404741966745,85.62667882729862
-42.57017874298522,483.9910212818671,86.54260727388807
-42.39656372938588,483.47797127636665,87.46696679599965
-42.20302276039563,482.9848944973153,88.40852994501908
-41.989552920181296,482.511788038437,89.37009262391254
-41.75615129301569,482.0586489930303,90.35165482756689
-41.50281496327761,481.6254744539689,91.3532165507626
-41.22954101545186,481.21226151370087,92.3747777881738
-40.93632653412926,480.8190072642493,93.41633853436832
-40.623168604006665,480.44570879721215,94.47789878380758
-40.29006430988699,480.092363203762,95.55945853084667
-39.937010736679206,479.75896757464636,96.66101776973436
-39.564004969398354,479.4455190001877,97.78257649461304
-39.19104506544418,479.1320155426062,98.92413469951876
-38.83813297136594,478.79845915327206,100.08569237838122
-38.50527160590258,478.4448527562333,101.26724952502379
-38.19246388768644,478.0711992759633,102.46880613316345
-37.89971273524323,477.67750163736144,103.6903621964109
-37.62702106699198,477.2637627657525,104.9319177082704
-37.37439180124508,476.82998558688706,106.19347266213995
-37.141827856208224,476.37617302694116,107.47502705131114
-36.929331177692966,475.9223280124811,108.76465327574334
-36.73689982225439,475.4884534700733,110.05316172287006
-36.56453088338318,475.07436041228993,111.34633042576928
-36.41222158684583,474.67790439169084,112.65067611263852
-36.27996970755376,474.29384849411133,113.97234832983808
-36.167773987455554,473.914110048597,115.31401994097472
-36.075634567004265,473.52761050970184,116.67569093891399
-36.00355321070433,473.1245857718944,118.05736131641515
-35.93817880542829,472.7215513351697,119.4590310661311
-35.86926680555875,472.3385070305043,120.88070018060839
-35.80127110841013,471.9754527096214,122.3223686522872
-35.736129660136434,471.6323886657592,123.78403647350137
-35.67469199840685,471.30931538531246,125.26570363647845
-35.61731990795664,471.0062334385181,126.76737013333955
-35.564155397345985,470.72314343032605,128.28903595609953
-35.51524207881146,470.4600459782961,129.8307010966668
-35.478476703503695,470.19694208664623,131.37236554685234
-35.46175172484131,469.913834294361,132.89402929846716
-35.465070059775556,469.61072552440686,134.3956923434197
-35.48843462515112,469.287618700176,135.8773546737248
-35.53184820780746,468.94718876687,137.33901628150363
-35.595312789606055,468.5979788269587,138.78067715898374
-35.67858306382308,468.2487244011645,140.202337298499
-35.77841229232766,467.90397235952565,141.6039966924897
-35.87504617090483,467.5523193811088,142.99952170751206
-35.95173336539837,467.1806790414993,144.40185308626164
-36.00847679226281,466.78904843182306,145.80894374982552
-36.04527936805876,466.3774246436317,147.21831334022806
-36.06214400945282,465.945804768902,148.626942536164
-36.0590735725694,465.49543343764685,150.0311140306831
-36.03607054655215,465.0301161218338,151.42555303890862
-35.99313667914308,464.5561727009019,152.80351645326215
-35.93027225789721,464.0897918889515,154.18147905507476
-35.847475076616654,463.6412186056819,155.57944083701025
-35.74474285274164,463.2061387637485,156.99740179163484
-35.62207389787984,462.78089942454324,158.43536191140848
-35.486426512376404,462.36265469400837,159.8933211886847
-35.34636761656271,461.9494524262701,161.37127961571073
-35.20383606848968,461.54036191736145,162.86923718462748
-35.05919766433583,461.1348754228567,164.38719388746946
-34.917953964432016,460.7323024139108,165.90514971617372
-34.78507185430431,460.3318354020889,167.40310466267732
-34.659650194315105,459.9328382172908,168.88105871901476
-34.54096212626374,459.5347057621276,170.33901187732698
-34.42841398703144,459.1368799377046,171.77696412986126
-34.32151363259731,458.73885469220556,173.19491546897115
-34.219847291421026,458.34017571157847,174.59286588711666
-34.12306286299989,457.9404377593934,175.9708153768641
-34.034792874228934,457.5300684092999,177.34876393087728
-33.95337493848059,457.09968681796096,178.74671154182005
-33.870155527550736,456.6492932986906,180.16465820225872
-33.780228137302444,456.1788871948686,181.60260390465328
-33.680843702388565,455.6884673113725,183.0605486413574
-33.57023596943957,455.1780321326138,184.53849240461835
-33.44711574784761,454.6475799236916,186.0364351865771
-33.310466969858695,454.09710878306373,187.55437697926828
-33.17686838637506,453.5266175215398,189.09231777462014
-33.06335499418173,452.9361082401901,190.6502575644546
-32.96992971074463,452.32558386851423,192.22297531692996
-32.8965954534229,451.69504733643737,193.79719131768783
-32.84335513946881,451.0445015743101,195.35812658192333
-32.810211686027806,450.37394951290844,196.89906080734036
-32.79716801013844,449.68339408343394,198.41999398574492
-32.79538655365395,448.9728377877393,199.9209261090494
-32.80487023344611,448.24228183878023,201.4218571692636
-32.83446244140531,447.49172873926034,202.94278715839744
-32.8841660942365,446.72118142208274,204.48371606836326
-32.95398410853772,445.9306428205759,206.0446438909671
-33.043919400800036,445.12011586849366,207.6255706179086
-33.15397488740754,444.2896035000152,209.22649624078116
-33.284153484637336,443.43910864974504,210.84742075107172
-33.434458108659506,442.56863425271297,212.48834414016093
-33.58489070325855,441.6981822720512,214.14926639932312
-33.715449323068526,440.84775078174215,215.83018751972625
-33.82613105053284,440.01733688309054,217.5311074924319
-33.916932968200605,439.2069376769757,219.25092512641186
-33.98785215872666,438.41655026385155,220.9812465974841
-34.03888570487156,437.6461717437465,222.70859647264064
-34.07003068950161,436.8957992162634,224.42166050224557
-34.08128419558885,436.1654297805797,226.1150152829888
-34.07264427849857,435.43506053548305,227.80836886135327
-34.04411288285159,434.68468857976086,229.52172122832567
-33.99569292566196,433.9143110125907,231.25507237479516
-33.927387324049484,433.12392493357544,233.00842229154452
-33.839198995239705,432.31352744274346,234.78177096925023
-33.731130856563894,431.4831156405486,236.57511839848243
-33.603185825459036,430.63268662787016,238.38846456970487
-33.45536681946781,429.76223750601304,240.22180947327502
-33.287675783951144,428.891765376672,242.07515309944392
-33.10011077522585,428.04126734154215,243.94849543835633
-32.892668877427,427.21074050192857,245.8418364800507
-32.665347174795336,426.40018195871124,247.75517621445903
-32.41814275167734,425.60958881234484,249.68851463140706
-32.15105269252519,424.83895816285883,251.64185172061417
-31.864074487881023,424.0799359955992,253.61518747169336
-31.557207500604417,423.31906126671237,255.60852187415134
-31.250452810764315,422.5446831621748,257.6218549173884
-30.95787090675827,421.7560700692984,259.6551865906986
-30.660223587184593,420.96062000395074,261.7085168832695
-30.35499852593546,420.15846035169733,263.7818457841825
-30.043987540970996,419.34916138429,265.8751732824125
-29.725631992686672,418.53268735923376,267.9884993668282
-29.400983895097916,417.70867718532725,270.12182402619175
-29.069018649403187,416.87701096100824,272.2751472491592
-28.72613570314921,416.0310801987654,274.4284690242889
-28.363378050453974,415.165097980075,276.5617893401394
-27.98074861010878,414.2790614065609,278.6751081853665
-27.578250301010613,413.3729675802724,280.7684255487327
-27.155886042162106,412.4468136036847,282.8417414191066
-26.713658752671527,411.5005965796986,284.8950557854632
-26.251571351752776,410.5343136116407,286.928368636884
-25.76962675872535,409.5479618032633,288.94167996255663
-25.267827893014342,408.5415382587446,290.9349897517752
-24.746177674150424,407.51504008268836,292.90829799394027
-24.204750980311665,406.4684643836225,294.8616046785586
-23.647642879064787,405.4018084799327,296.79490979524337
-23.081687423120343,404.3150706123368,298.7082133337141
-22.51085230361915,403.2082498201189,300.6015152837968
-21.93672944116018,402.08134552516765,302.4748156354237
-21.359968665372143,400.9343573008059,304.32811437863336
-20.778204713049394,399.7672846576909,306.16141150357083
-20.19060360534448,398.58012670025016,307.9747070004874
-19.59962475943562,397.3728827815447,309.7680008597408
-19.006258709005248,396.1455524918649,311.54129307179517
-18.410868162965436,394.8981355140844,313.29458362722085
-17.813515466698508,393.63063156021,315.0278725166946
-17.214043666280915,392.3430403352416,316.7411597309996
-16.612071820221136,391.03536150517687,318.43444526102536
-16.01882223630576,389.7135842201243,320.12772909775885
-15.445766257633135,388.3839808879709,321.84101123218716
-14.89290487483543,387.04918173984925,323.5742916551998
-14.360238367000754,385.71650422851985,325.3275703575799
-13.847765689681074,384.3959232640438,327.1008473300042
-13.355484515152162,383.0938572634246,328.8941225630434
-12.883391997801635,381.8117209392085,330.70739604716164
-12.431485223277543,380.5495172355597,332.5406677727167
-11.979762249416904,379.28724812396524,334.3739377299689
-11.508225023205526,378.0049116867629,336.18720590917854
-11.01687646401316,376.70250503439325,337.9804723007036
-10.505719491314904,375.3800252777226,339.7537368950082
-9.97475702469119,374.0374695280432,341.506999682663
-9.43759375613009,372.67483555831444,343.2402606543448
-8.894232605350325,371.2921231256467,344.953519800837
-8.343125017533033,369.8893305896688,346.6467771130292
-7.804272940174781,368.4864583788988,348.3200325819174
-7.285624133825413,367.103509053552,349.97328619860406
-6.787175684380546,365.74048555992385,351.60653795429783
-6.30892467762838,364.3973908438849,353.2197878403138
-5.850868199249713,363.07422785088056,354.8130358480735
-5.413003334817958,361.7709995259313,356.38628196910474
-4.9953271697991575,360.48770881363254,357.93952619504165
-4.597836789552001,359.2243586581545,359.4727685176248
-4.220529279327836,357.9809520032424,361.00600892869215
-3.863401724270691,356.7574917922164,362.5592474200819
-3.526451209417283,355.5539809679714,364.1324839835345
-3.209674819697037,354.3704224729774,365.7257186106842
-2.9130697596629638,353.20435637963914,367.3389512930589
-2.636633918334966,352.04909251488294,368.97218202208023
-2.3803663600445053,350.8956090030572,370.6254107890633
-2.144267547525031,349.73375534367693,372.298637585217
-1.908338399584323,348.575021192768,373.97186240165274
-1.6525768196082582,347.4362511870405,375.6250852294819
-1.3769798920945353,346.3174424338581,377.2583060599133
-1.0815447016463287,345.21859204015925,378.8715248842623
-0.7685906653534773,344.1396972253561,380.4647416939506
-0.4496252344525225,343.0807561067009,382.037956480506
-0.1379598334091096,342.04176890119936,383.5911692355629
0.16129847430821292,341.02273712231414,385.12437995086214
0.46378830369603674,340.0036618670109,386.6375886182506
0.7861280536792683,338.9645410481257,388.13079522968184
1.1283148056815218,337.905371770897,389.6039997772156
1.4903456410208737,336.826151140989,391.0572022530181
1.872217640909879,335.7268762644917,392.4904026493618
2.2739278864555854,334.60754424792054,393.90360095862553
2.6954734586595506,333.4681521982169,395.29679717329464
3.1368514384178563,332.30869722274775,396.66999128596063
3.5780589065299875,331.1291774015933,398.0431832893127
3.9990929437963345,329.9295947044093,399.43637317604
4.399950765572844,328.71271786354527,400.849560938734
4.780630255518526,327.48399727141157,402.2827465698801
5.1411299388027745,326.24581879459384,403.7345257325579
5.481586392046603,324.9927379198847,405.19545886102264
5.814894589008673,323.7196082233173,406.64695027681375
6.155862665277445,322.42642940730764,408.0784395302468
6.491590060047571,321.1132008821993,409.4899266137097
6.807124571078248,319.7799248660225,410.88141151969677
7.1024632798292755,318.4266043039832,412.25289424080876
7.3776032678678485,317.0532421417129,413.6043747697527
7.6325416168685685,315.6598413252688,414.938898638243
7.86727540861346,314.2464048011338,416.2701318519412
8.081801724991985,312.81293551621616,417.6150288648586
8.276117648001064,311.3594364178499,418.97992365707677
8.470220259736221,309.88590948150716,420.36481622133783
8.684106642294115,308.39235279393574,421.7697065502776
8.917773877675065,306.8787634700216,423.19459463642545
9.17121904777421,305.34513862507646,424.63948047220447
9.444439234381512,303.7914753748373,426.1043640499314
9.737431519181783,302.21777083546704,427.58924536181667
10.050192983754691,300.624022123554,429.09412439996436
10.382720709574786,299.0102263561123,430.6190011563721
10.735012750298948,297.396380650546,432.16387562293136
11.10707104862873,295.80248212425977,433.72874779142717
11.498898519448021,294.2285278942684,435.31361765353824
11.910498077535582,292.6745150771616,436.9184852008369
12.341872637565036,291.14044078910393,438.54335042478925
12.792613426254084,289.62630216584904,440.18821331675497
13.257990642463625,288.1320966328451,441.85307386798735
13.73075991474163,286.6578226176437,443.5379320696334
14.215655900753603,285.1834789541675,445.24278791273395
14.720335627036649,283.689063129253,446.96764138822317
15.244796174044783,282.17457225779054,448.7124924869291
15.78903462212683,280.6400034550967,450.4773411995734
16.353048051526443,279.08535383691355,452.2621875167714
16.93683354238213,277.5106205194092,454.0670314290321
17.540388174727244,275.9158006191774,455.89187292675814
18.163709028490032,274.3008912532379,457.7367120002458
18.806793183493625,272.66588953903647,459.6015486396851
19.469637719456056,271.0107925944444,461.4863828351597
20.152239715990287,269.3355975377592,463.3912145766468
20.854596252604225,267.6403014877043,465.3160438540174
21.576704408700717,265.9249015634289,467.26087065703604
22.318561263577593,264.18939488450815,469.22569497536114
23.08016389642766,262.4337785709434,471.2105167985445
23.8588018696697,260.658049874786,473.2153361160319
24.637169908926495,258.8622072845291,475.2201529171713
25.397972609874593,257.0462523899359,477.2049671913109
26.13850940498936,255.21018801529166,479.1697789278964
26.858777373470634,253.35401711645235,481.11458811647975
27.558773594626018,251.4777426496998,483.0393947467193
28.238495147870918,249.58136757174174,484.9518685407087
28.897939112728555,247.6648948397119,486.87200948826927
29.53710256882997,245.72832741116994,488.81214784685295
30.17598356819263,243.79166727177852,490.77228360614293
30.834584051985274,241.874912518051,492.7524167557161
31.512906933568086,239.9780602738239,494.7525472850431
32.210955126196374,238.1011076625088,496.77267518348793
32.928731543020554,236.24405180709246,498.8128004403086
33.66623909708614,234.40688983013672,500.87292304465655
34.42348070133373,232.58961885377863,502.953042985577
35.20045926859897,230.7922359997304,505.0531602520088
35.97717771162142,229.01473936156688,507.17327483278444
36.73939025825638,227.2571306419913,509.3133867166302
37.492066640120356,225.51941143532105,511.4734958921658
38.23471201549969,223.80158319446352,513.6536023479048
38.967593739274534,222.10364735536413,515.8537060722542
39.69074868522932,220.42560534120489,518.0738070535151
40.4042767345549,218.7674585629079,520.313905279882
41.10831990420877,217.12920841553589,522.5740007394427
41.79755190607389,215.49085653646134,524.8366041967068
42.46654416666098,213.83240561352167,527.1003527646589
43.1152941723912,212.1622273354859,529.3827356547333
43.743801492053365,210.49805063441542,531.6851157297779
44.35206803023347,208.85148324407598,534.0074929775494
44.940096584859745,207.22480213644124,536.3498673856985
45.50789006838025,205.61803674449789,538.7122389417697
46.05545139463804,204.03119001917926,541.0946076332007
46.6027834775749,202.46426393870632,543.476973447332
47.16988923113382,200.91725659172522,545.8393363715045
47.75677156916152,199.39016509416973,548.1816963931558
48.36343340539954,197.88298656154868,550.5040534998303
48.97304684675953,196.39571892716503,552.8064076791788
49.5692942082671,194.92836337196982,555.0887589189585
50.152196710346175,193.48092181940785,557.3511072070329
50.72177991461712,192.05339623833504,559.5934525313717
51.27485923491489,190.64578870101062,561.8300815106753
51.80773553590705,189.25810197414555,564.0745639915954
52.32041173162233,187.89033900399866,566.3257497985467
52.81289073619687,186.54250273640375,568.5826395527986
53.28517546387422,185.2145961167696,570.843639767009
53.737268829005295,183.90662209007996,573.1063589592004
54.1691737460484,182.61858360089357,575.3678691025868
54.58089312956918,181.35048359334405,577.624971349771
54.99092153623073,180.10232411218044,579.8690507118716
55.41926188070615,178.87410353256053,582.0931269904963
55.8674254355811,177.66581903694592,584.2972001738184
56.335415115334754,176.4774677340453,586.4812702501176
56.8232338343409,175.30904673214232,588.6453372077802
57.33088450686785,174.16055313909558,590.7894010352985
57.85837004707847,173.03198406233867,592.9134617212713
58.405693369030175,171.92333660888016,595.0175192544039
58.952856414396265,170.81460885762655,597.1015736235076
59.47985723570116,169.68580277663452,599.1656248175007
59.98669291328018,168.5369213066386,601.2096728254072
60.47336052757587,167.36796738879906,603.2337176363579
60.939857159138015,166.178943964702,605.2377592395899
61.38617988862367,164.9698539763593,607.2217976244464
61.812325796797175,163.74070036620859,609.1858327803773
62.21829196453014,162.4914860771132,611.1316769070208
62.624075472792626,161.22221308007482,613.05932999403
63.04967340255567,159.93287945737106,614.9669798210722
63.49508283469381,158.62348231941777,616.8546263780033
63.96030095775295,157.29623574940373,618.7222696547858
64.4453257768124,155.96128424031372,620.5699096414882
64.95015742572923,154.63640793114814,622.3975463282856
65.47479833970245,153.33145655127458,624.2051797054596
66.01925143280457,152.04642721143554,625.9928097633979
66.5635186467242,150.7613179942715,627.7804364925857
67.08759803400113,149.45613087157315,629.5880598835087
67.59148667498623,148.1308687878089,631.4156799265544
68.0751816501377,146.78553468787302,633.2632966120045
68.53868004002115,145.42013151708557,635.1309099300344
68.98197892530958,144.03466222119235,637.0185198707126
69.40507538678338,142.62912974636492,638.9261264240018
69.80796650533041,141.20353703920065,640.8537295797582
70.19064936194593,139.75788704672252,642.8013293277318
70.55312103773267,138.29218271637933,644.7689256575658
70.89537861390085,136.8064269960455,646.7565185587977
71.21741917176817,135.30062283402117,648.7641080208581
71.51923979275985,133.77477317903208,650.7916940330717
71.80083755840859,132.22888098022966,652.8392765846568
72.06220955035465,130.66294918719103,654.9068556647251
72.30335285034586,129.07698074991882,656.9944312622821
72.52962668805978,127.49097835817567,659.1020033662272
72.74636904354783,125.92494366042577,661.2295719653532
72.95350283068878,124.37887805166893,663.3771370483465
73.1508845876801,122.85278294281929,665.5446986037875
73.33829032451186,121.34665977141046,667.73225662015
73.51540081349533,119.86051001440647,669.9398110858016
73.68178598715278,118.39433520321379,672.1673619890034
73.83688848924521,116.94813694104083,674.4149093179103
73.99608995131852,115.52191614081525,676.6624530605798
74.17508604603438,114.11567067873229,678.8899932050692
74.37387968930325,112.7293976676684,681.0975297395336
74.59247379693039,111.36309422007476,683.2850626522342
74.81087089351696,110.00871331720593,685.4725919315297
75.00907188975603,108.65719405177096,687.6801175657791
75.18707701957231,107.30571462021709,689.9076395432438
75.34488602254272,105.95054569202196,692.1551578520787
75.482498098699,104.58817241809469,694.4226724803325
75.59991198773317,103.21582909977212,696.7101834159477
75.69712608767672,101.83160945270201,699.0176906467602
75.7741385809777,100.43445503309212,701.3451941604998
75.85094835892477,99.04066469193735,703.6926939447899
75.94755752973974,97.66686170483807,706.0601899871474
76.0639690097712,96.31304318397645,708.4476822749832
76.20018571526248,94.97920624110932,710.8551707956015
76.35621056235155,93.66534798756825,713.2826555362003
76.53204646707107,92.3714655342595,715.7301364838715
76.72769634534835,91.09755599166404,718.1976136256006
76.94316311300534,89.84361646983758,720.6850869482665
77.17844948492399,88.60551290051572,723.1725564386508
77.4335574075261,87.37983083198534,725.640022083535
77.708488846105,86.1689300565668,728.0874838697983
78.00324620631312,84.97621924397963,730.5149417844262
78.31783231747116,83.80346399715248,732.9223958145107
78.6522500947686,82.65066142398594,735.3098459472498
79.0065024532895,81.51780863195543,737.6772921699481
79.38059230801242,80.40490272811125,740.0247344700168
79.75495250782747,79.29194177045323,742.3721728349643
80.12632768438704,78.15892682916217,744.739607252299
80.5119227111285,77.00585671007381,747.1270377094321
80.91243483774842,75.83272926212564,749.5344641936681
81.32768022179289,74.63954232810126,751.9618866922056
81.75763818868306,73.4262937597964,754.4093051921366
82.20225758051603,72.19298141543939,756.8767196804467
82.6614953951337,70.9396031598696,759.3641301440155
83.13794014915631,69.68615673633718,761.8715365696157
83.63420487623783,68.45263938134913,764.3989389439145
84.1502924906017,67.2390482040863,766.9463372534719
84.6862059063659,66.04538031330455,769.5123881867845
85.24194803754303,64.8716328173347,772.0826973916056
85.81752179804019,63.717802824082625,774.6386081522342
86.4129301016591,62.58388744102922,777.1745147936892
87.02817586209596,61.46988377523043,779.6904173024859
87.66326199294149,60.37578893331725,782.2063156652371
88.31385222387546,59.30160023244249,784.7422098685553