
-10.0,-10.0,10.0
-10.0,-10.0,10.0
-10.0,-10.0,10.0
-10.0,-10.0,10.0
-10.0,-10.0,10.0
-10.0,-10.0,10.0
-10.0,-10.0,10.0
-10.0,-10.0,10.0
10.0,-10.0,10.0
10.0,-10.0,10.0
10.0,-10.0,10.0
10.0,-10.0,10.0
10.0,-10.0,10.0
10.0,-10.0,10.0
10.0,-10.0,10.0
10.0,-10.0,10.0
-10.0,10.0,-10.0
-10.0,10.0,-10.0
-10.0,10.0,-10.0
-10.0,10.0,-10.0
-10.0,10.0,-10.0
-10.0,10.0,-10.0
-10.0,10.0,-10.0
-10.0,10.0,-10.0
10.0,10.0,10.0
10.0,10.0,10.0
10.0,10.0,10.0
10.0,10.0,10.0
10.0,10.0,10.0
10.0,10.0,10.0
10.0,10.0,10.0
10.0,10.0,10.0
10.0,-10.0,10.0
10.0,-10.0,10.0
10.0,-10.0,10.0
10.0,-10.0,10.0
10.0,-10.0,10.0
10.0,-10.0,10.0
10.0,-10.0,10.0
10.0,-10.0,10.0
-10.0,-10.0,-10.0
-10.0,-10.0,-10.0
-10.0,-10.0,-10.0
-10.0,-10.0,-10.0
-10.0,-10.0,-10.0
-10.0,-10.0,-10.0
-10.0,-10.0,-10.0
-10.0,-10.0,-10.0
-10.0,-10.0,10.0
-10.0,-10.0,10.0
-10.0,-10.0,10.0
-10.0,-10.0,10.0
-10.0,-10.0,10.0
-10.0,-10.0,10.0
-10.0,-10.0,10.0
-10.0,-10.0,10.0
-10.0,-10.0,10.0
-10.0,-10.0,10.0
-10.0,-10.0,10.0
-10.0,-10.0,10.0
-10.0,-10.0,10.0
-10.0,-10.0,10.0
-10.0,-10.0,10.0
-10.0,-10.0,10.0
-10.0,-10.0,10.0
-10.0,-10.0,10.0
-10.0,-10.0,10.0
-10.0,-10.0,10.0
-10.0,-10.0,10.0
-10.0,-10.0,10.0
-10.0,-10.0,10.0
-10.0,-10.0,10.0
10.0,10.0,10.0
10.0,10.0,10.0
10.0,10.0,10.0
10.0,10.0,10.0
10.0,10.0,10.0
10.0,10.0,10.0
10.0,10.0,10.0
10.0,10.0,10.0
-0.20191956,10.0,10.0
-0.5319214,10.0,10.0
-0.84716797,10.0,10.0
-1.1487427,10.0,10.0
-1.4366913,10.0,10.0
-1.7120514,10.0,10.0
-1.9754333,10.0,10.0
-2.227295,10.0,10.0
10.0,-10.0,10.0
10.0,-10.0,10.0
10.0,-10.0,10.0
10.0,-10.0,10.0
10.0,-10.0,10.0
10.0,-10.0,10.0
10.0,-10.0,10.0
10.0,-10.0,10.0
10.0,10.0,10.0
10.0,10.0,10.0
10.0,10.0,10.0
10.0,10.0,10.0
10.0,10.0,10.0
10.0,10.0,10.0
10.0,10.0,10.0
10.0,10.0,10.0
10.0,-10.0,-10.0
10.0,-10.0,-10.0
10.0,-10.0,-10.0
10.0,-10.0,-10.0
10.0,-10.0,-10.0
10.0,-10.0,-10.0
10.0,-10.0,-10.0
10.0,-10.0,-10.0
10.0,10.0,10.0
10.0,10.0,10.0
10.0,10.0,10.0
10.0,10.0,10.0
10.0,10.0,10.0
10.0,10.0,10.0
10.0,10.0,10.0
10.0,10.0,10.0
10.0,-10.0,10.0
10.0,-10.0,10.0
10.0,-10.0,10.0
10.0,-10.0,10.0
10.0,-10.0,10.0
10.0,-10.0,10.0
10.0,-10.0,10.0
10.0,-10.0,10.0
10.0,-10.0,10.0
10.0,-10.0,10.0
10.0,-10.0,10.0
10.0,-10.0,10.0
10.0,-10.0,10.0
10.0,-10.0,10.0
10.0,-10.0,10.0
10.0,-10.0,10.0
10.0,10.0,10.0
10.0,10.0,10.0
10.0,10.0,10.0
10.0,10.0,10.0
10.0,10.0,10.0
10.0,10.0,10.0
10.0,10.0,10.0
10.0,10.0,10.0
-10.0,10.0,10.0
-10.0,10.0,10.0
-10.0,10.0,10.0
-10.0,10.0,10.0
-10.0,10.0,10.0
-10.0,10.0,10.0
-10.0,10.0,10.0
-10.0,10.0,10.0
-10.0,-10.0,-10.0
-10.0,-10.0,-10.0
-10.0,-10.0,-10.0
-10.0,-10.0,-10.0
-10.0,-10.0,-10.0
-10.0,-10.0,-10.0
-10.0,-10.0,-10.0
-10.0,-10.0,-10.0
-10.0,-10.0,10.0
-10.0,-10.0,10.0
-10.0,-10.0,10.0
-10.0,-10.0,10.0
-10.0,-10.0,10.0
-10.0,-10.0,10.0
-10.0,-10.0,10.0
-10.0,-10.0,10.0
-10.0,10.0,10.0
-10.0,10.0,10.0
-10.0,10.0,10.0
-10.0,10.0,10.0
-10.0,10.0,10.0
-10.0,10.0,10.0
-10.0,10.0,10.0
-10.0,10.0,10.0
10.0,-10.0,10.0
10.0,-10.0,10.0
10.0,-10.0,10.0
10.0,-10.0,10.0
10.0,-10.0,10.0
10.0,-10.0,10.0
10.0,-10.0,10.0
10.0,-10.0,10.0
-10.0,-10.0,10.0
-10.0,-10.0,10.0
-10.0,-10.0,10.0
-10.0,-10.0,10.0
-10.0,-10.0,10.0
-10.0,-10.0,10.0
-10.0,-10.0,10.0
-10.0,-10.0,10.0
10.0,10.0,10.0
10.0,10.0,10.0
10.0,10.0,10.0
10.0,10.0,10.0
10.0,10.0,10.0
10.0,10.0,10.0
10.0,10.0,10.0
10.0,10.0,10.0
10.0,-10.0,10.0
10.0,-10.0,10.0
10.0,-10.0,10.0
10.0,-10.0,10.0
10.0,-10.0,10.0
10.0,-10.0,10.0
10.0,-10.0,10.0
10.0,-10.0,10.0
-10.0,10.0,-10.0
-10.0,10.0,-10.0
-10.0,10.0,-10.0
-10.0,10.0,-10.0
-10.0,10.0,-10.0
-10.0,10.0,-10.0
-10.0,10.0,-10.0
-10.0,10.0,-10.0
-10.0,-10.0,10.0
-10.0,-10.0,10.0
-10.0,-10.0,10.0
-10.0,-10.0,10.0
-10.0,-10.0,10.0
-10.0,-10.0,10.0
-10.0,-10.0,10.0
-10.0,-10.0,10.0
-10.0,10.0,-10.0
-10.0,10.0,-10.0
-10.0,10.0,-10.0
-10.0,10.0,-10.0
-10.0,10.0,-10.0
-10.0,10.0,-10.0
-10.0,10.0,-10.0
-10.0,10.0,-10.0
-10.0,-10.0,10.0
-10.0,-10.0,10.0
-10.0,-10.0,10.0
-10.0,-10.0,10.0
-10.0,-10.0,10.0
-10.0,-10.0,10.0
-10.0,-10.0,10.0
-10.0,-10.0,10.0
-10.0,-10.0,10.0
-10.0,-10.0,10.0
-10.0,-10.0,10.0
-10.0,-10.0,10.0
-10.0,-10.0,10.0
-10.0,-10.0,10.0
-10.0,-10.0,10.0
-10.0,-10.0,10.0
-10.0,-10.0,10.0
-10.0,-10.0,10.0
-10.0,-10.0,10.0
-10.0,-10.0,10.0
-10.0,-10.0,10.0
-10.0,-10.0,10.0
-10.0,-10.0,10.0
-10.0,-10.0,10.0
10.0,-10.0,10.0
10.0,-10.0,10.0
10.0,-10.0,10.0
10.0,-10.0,10.0
10.0,-10.0,10.0
10.0,-10.0,10.0
10.0,-10.0,10.0
10.0,-10.0,10.0
10.0,10.0,-10.0
10.0,10.0,-10.0
10.0,10.0,-10.0
10.0,10.0,-10.0
10.0,10.0,-10.0
10.0,10.0,-10.0
10.0,10.0,-10.0
10.0,10.0,-10.0
-10.0,-10.0,-10.0
-10.0,-10.0,-10.0
-10.0,-10.0,-10.0
-10.0,-10.0,-10.0
-10.0,-10.0,-10.0
-10.0,-10.0,-10.0
-10.0,-10.0,-10.0
-10.0,-10.0,-10.0
-10.0,10.0,-10.0
-10.0,10.0,-10.0
-10.0,10.0,-10.0
-10.0,10.0,-10.0
-10.0,10.0,-10.0
-10.0,10.0,-10.0
-10.0,10.0,-10.0
-10.0,10.0,-10.0
10.0,-10.0,10.0
10.0,-10.0,10.0
10.0,-10.0,10.0
10.0,-10.0,10.0
10.0,-10.0,10.0
10.0,-10.0,10.0
10.0,-10.0,10.0
10.0,-10.0,10.0
10.0,-10.0,10.0
10.0,-10.0,10.0
10.0,-10.0,10.0
10.0,-10.0,10.0
10.0,-10.0,10.0
10.0,-10.0,10.0
10.0,-10.0,10.0
10.0,-10.0,10.0
10.0,10.0,10.0
10.0,10.0,10.0
10.0,10.0,10.0
10.0,10.0,10.0
10.0,10.0,10.0
10.0,10.0,10.0
10.0,10.0,10.0
10.0,10.0,10.0
10.0,-10.0,10.0
10.0,-10.0,10.0
10.0,-10.0,10.0
10.0,-10.0,10.0
10.0,-10.0,10.0
10.0,-10.0,10.0
10.0,-10.0,10.0
10.0,-10.0,10.0
10.0,-10.0,-10.0
10.0,-10.0,-10.0
10.0,-10.0,-10.0
10.0,-10.0,-10.0
10.0,-10.0,-10.0
10.0,-10.0,-10.0
10.0,-10.0,-10.0
10.0,-10.0,-10.0
-10.0,-10.0,10.0
-10.0,-10.0,10.0
-10.0,-10.0,10.0
-10.0,-10.0,10.0
-10.0,-10.0,10.0
-10.0,-10.0,10.0
-10.0,-10.0,10.0
-10.0,-10.0,10.0
-10.0,-10.0,10.0
-10.0,-10.0,10.0
-10.0,-10.0,10.0
-10.0,-10.0,10.0
-10.0,-10.0,10.0
-10.0,-10.0,10.0
-10.0,-10.0,10.0
-10.0,-10.0,10.0
-10.0,-10.0,10.0
-10.0,-10.0,10.0
-10.0,-10.0,10.0
-10.0,-10.0,10.0
-10.0,-10.0,10.0
-10.0,-10.0,10.0
-10.0,-10.0,10.0
-10.0,-10.0,10.0
10.0,-10.0,10.0
10.0,-10.0,10.0
10.0,-10.0,10.0
10.0,-10.0,10.0
10.0,-10.0,10.0
10.0,-10.0,10.0
10.0,-10.0,10.0
10.0,-10.0,10.0
-10.0,-10.0,-10.0
-10.0,-10.0,-10.0
-10.0,-10.0,-10.0
-10.0,-10.0,-10.0
-10.0,-10.0,-10.0
-10.0,-10.0,-10.0
-10.0,-10.0,-10.0
-10.0,-10.0,-10.0
10.0,-10.0,10.0
10.0,-10.0,10.0
10.0,-10.0,10.0
10.0,-10.0,10.0
10.0,-10.0,10.0
10.0,-10.0,10.0
10.0,-10.0,10.0
10.0,-10.0,10.0
10.0,-10.0,10.0
10.0,-10.0,10.0
10.0,-10.0,10.0
10.0,-10.0,10.0
10.0,-10.0,10.0
10.0,-10.0,10.0
10.0,-10.0,10.0
10.0,-10.0,10.0
-10.0,10.0,10.0
-10.0,10.0,10.0
-10.0,10.0,10.0
-10.0,10.0,10.0
-10.0,10.0,10.0
-10.0,10.0,10.0
-10.0,10.0,10.0
-10.0,10.0,10.0
-10.0,-10.0,10.0
-10.0,-10.0,10.0
-10.0,-10.0,10.0
-10.0,-10.0,10.0
-10.0,-10.0,10.0
-10.0,-10.0,10.0
-10.0,-10.0,10.0
-10.0,-10.0,10.0
-10.0,-10.0,-10.0
-10.0,-10.0,-10.0
-10.0,-10.0,-10.0
-10.0,-10.0,-10.0
-10.0,-10.0,-10.0
-10.0,-10.0,-10.0
-10.0,-10.0,-10.0
-10.0,-10.0,-10.0
-10.0,-10.0,10.0