
-59.85033083757686,1026.5069508951933,281.82826549882316
-60.742957614846304,1025.231553349797,281.0249720452864
-61.61577281806211,1023.9362845431453,280.20167709739314
-62.46877838715795,1022.6411415860338,279.37838065951246
-63.301972373023,1021.3661215892566,278.57508273601337
-64.1153518543644,1020.111221663218,277.7917833311675
-64.90891390999464,1018.8764389178956,277.0284824491401
-65.68265561883157,1017.6617704628414,276.28518009398994
-66.43657405989846,1016.4672134071812,275.56187626966965
-67.17066631232397,1015.292764859615,274.8585709800255
-67.8849294553422,1014.1384219284165,274.17526422879723
-68.59936056828384,1013.0041826937212,273.50034464572224
-69.33395673047868,1011.8900491243882,272.8221618895459
-70.08871502115811,1010.7960241611379,272.1406213441236
-70.86363251944636,1009.7221107442653,271.45559674660007
-71.65870630436042,1008.6683118136389,270.76693326968535
-72.47393345481012,1007.6346303087014,270.0744504513433
-73.30931104959814,1006.6210691684694,269.37794494137444
-74.16483616741996,1005.6276313315334,268.6771929885998
-75.02050588687284,1004.6543187637707,267.964258775216
-75.85631728655322,1003.7011295414823,267.2313231369268
-76.67226744515432,1002.7680607682561,266.4783860776296
-77.46835344147495,1001.8551095472536,265.70544760132805
-78.24457235441955,1000.9622729812107,264.9125077121324
-79.0009212629982,1000.0895481724369,264.0995664142592
-79.73739724632667,999.2369322228159,263.2666237120312
-80.45399738362636,998.4044222338052,262.4136796098777
-81.15071875422439,997.5920153064366,261.54073411233423
-81.82755843755359,996.7997085413158,260.64778722404276
-82.48451351315249,996.0274990386226,259.7348389497515
-83.12158106066538,995.275383898111,258.8026869246249
-83.73875815984228,994.543360219109,257.8534228131647
-84.336041890539,993.8314251005185,256.88971201043205
-84.9134293327171,993.1395756408158,255.91437161063118
-85.470917566444,992.4678089380511,254.93035834883608
-86.00850367189288,991.8161220898492,253.95276348164586
-86.52618472934277,991.1845121934085,252.99516726403937
-87.02395781917856,990.5729763455022,252.05705201998703
-87.50182002189096,989.981511642477,251.1374407704537
-87.96125301061363,989.4098974084174,250.23636176148705
-88.4082502802761,988.8531262750349,249.35479198190217
-88.84886596392892,988.3044700469266,248.49322087635093
-89.28514347145209,987.7609512898676,247.6516484494148
-89.70954176662251,987.2232192697593,246.82086147734725
-90.11401945343414,986.6912943118139,245.9910997631162
-90.49857594825568,986.1615591184182,245.1616752942428
-90.86321121859777,985.630190355823,244.33219156835133
-91.20792577119768,985.0936566481693,243.50205245948183
-91.53272059572144,984.5488679720754,242.67083489398865
-91.83759710005273,983.9931660980251,241.8388188700642
-92.12255705124265,983.4242700464519,241.0071405494065
-92.39297953377029,982.8424021955749,240.1660173181582
-92.65448315501216,982.2487570676643,239.30489280982306
-92.90755940160554,981.643216998743,238.4237670289802
-93.15272302923628,981.0257464856642,237.52263998031503
-93.39051851010773,980.396376348461,236.60199664824864
-93.62152877829557,979.7551761626603,235.66300464689087
-93.84638999961801,979.1022201138179,234.70702125433607
-94.0658170227956,978.4375637154109,233.73539282538331
-94.28748515670152,977.759554248549,232.75324685261805
-94.51468913462624,977.0676190327756,231.76354983153027
-94.74081686714818,976.3638199049424,230.76333592489868
-94.96196173805724,975.6496445842034,229.7503220536504
-95.1763219227506,974.9258573047772,228.7233619724479
-95.38324432039558,974.1927964544068,227.68199113196562
-95.58258148503127,973.4506056260452,226.62603752827312
-95.77437954982337,972.6993482211634,225.55542616240783
-95.9632283956584,971.9374307896795,224.46747140258998
-96.15423141753794,971.1650811812289,223.35951544916318
-96.34892839045136,970.3860531290134,222.231558308019
-96.54951458282326,969.60420748974,221.0835999851555
-96.75856017865159,968.8234022341734,219.91564048667695
-96.97887177953146,968.0473447292344,218.72767981879403
-97.2134914101913,967.2794651575379,217.5197179878238
-97.4658480629773,966.522824030311,216.29175500018968
-97.73492232873089,965.7825359528185,215.06379086241253
-98.01710593184569,965.0622880920995,213.85582558101325
-98.31080868179237,964.3620822463731,212.66785916241528
-98.61425564761139,963.6815240390788,211.49989161293573
-98.92555864006381,963.0183765935775,210.35192293878526
-99.24300246107698,962.3692173799664,209.22395314606834
-99.5652286396941,961.7311430575281,208.11598224078296
-99.89117224893178,961.1017356885725,207.0280102288208
-100.20878712711455,960.4861375008953,205.96003711596722
-100.50944272395165,959.8857942524231,204.91206290790123
-100.79909572436247,959.2920554111075,203.88010182900447
-101.08161608442246,958.69991897182,202.85796098291746
-101.35827525569313,958.1077094451466,201.84216523450544
-101.62971646880328,957.5146030842043,200.8305730174107
-101.89632760094828,956.9201401074704,199.82163324140825
-102.15837497020333,956.3240563007803,198.81409645366998
-102.4146364043785,955.7188980555255,197.8067035800977
-102.66343574076923,955.0970703610042,196.80005143090526
-102.90418628808244,954.4580016406474,195.79682440091645
-103.13648621199965,953.800873660137,194.8000009620946
-103.36011690484898,953.1244907698888,193.81299862571845
-103.57506985317183,952.4281400341114,192.83987034789368
-103.78158547573071,951.7118200279355,191.88478533516715
-103.98010301765437,950.9755295512756,190.94969930207412
-104.16480366318473,950.2192671670556,190.03461225358694
-104.32961772259473,949.443030269957,189.13952419457166
-104.4745481118703,948.6468159598709,188.26443512978796
-104.5995977471031,947.8306213371134,187.40934506388916