
27.88682379772439,884.0770831989096,-292.60288451844684
26.889331599568788,883.5157957540591,-292.765131559732
25.889284019352242,882.9514801762098,-292.9227314081433
24.88664747974789,882.3842201189283,-293.07570229852604
23.881389659203315,881.8140963167397,-293.2240611391892
22.873479410699236,881.2411867084506,-293.3678235433767
21.862886681480266,880.6655665615581,-293.5070038602615
20.8495824410285,880.0873085864166,-293.64161521166204
19.83177853568993,879.514662239837,-293.7740482112519
18.807806685495763,878.9555246538105,-293.9068147111862
17.77786116688733,878.4092930541776,-294.04016063529116
16.742106026259417,877.8754229283189,-294.17431483757355
15.700678875564346,877.3534224531477,-294.3094911160812
14.653694254889665,876.842847456639,-294.44588997988177
13.601246583780517,876.3432968795772,-294.5837002133261
12.543412737140121,875.854408697526,-294.72310025058965
11.483704055411597,875.375385905261,-294.8714808764432
10.425725736799,874.9057277366904,-295.0362238850239
9.369727604931192,874.4456741411433,-295.21747289690046
8.31594636324835,873.9954463929104,-295.41534781371973
7.264605996120235,873.555247336316,-295.6299453427272
6.21591817268597,873.1252616579097,-295.8613395432218
5.170082660627308,872.7056561738585,-296.10958237396443
4.127287767048424,872.2965801673436,-296.37470427968765
3.09297856071496,871.9028796030684,-296.6581258465207
2.072371113087656,871.5293288831662,-296.96134059273885
1.0652083104644205,871.1759260285321,-297.2844925635131
0.07127098138868782,870.8421571471763,-297.6276429534522
-0.9096199702965375,870.5266444178296,-297.9907917607315
-1.877605463523766,870.227767813014,-298.3739389834199
-2.8327969009062337,869.9441140357693,-298.77708461948004
-3.775285321440224,869.6744517677237,-299.20022866676817
-4.70790343742752,869.4119574878498,-299.63843771239175
-5.633427594048203,869.1504343624274,-300.08679159468295
-6.551827447272375,868.8899856590674,-300.545317226331
-7.463073033225421,868.6307077406119,-301.0140423100902
-8.367134831867915,868.3726904858842,-301.49299528251305
-9.263983803674144,868.1160176855906,-301.98220526817363
-10.153591404797648,867.8607674119414,-302.48170205344144
-11.0359295759579,867.6070123688996,-302.99151607789827
-11.914759658062078,867.3531614128747,-303.5099172205592
-12.793908107583473,867.0973453365064,-304.0344598891263
-13.673485111857094,866.8390997901413,-304.5637828449539
-14.553615976079238,866.5780029741779,-305.0966022154845
-15.434439696235243,866.3136725345122,-305.63171002464355
-16.31610760818175,866.0457624273232,-306.16797194956547
-17.198782129213466,865.7739598222923,-306.7043244664907
-18.082635590436595,865.4979821004165,-307.2397715431309
-18.958690386578212,865.2143157520987,-307.77152088523746
-19.81806055835825,864.9195913842315,-308.2973239598938
-20.661088569488,864.6138421733256,-308.817299195872
-21.488085157708223,864.2971232183487,-309.33155397532715
-22.299335257139525,863.9695067181074,-309.84018612891964
-23.09510273918551,863.6310780935395,-310.3432851388748
-23.87563419597645,863.2819328878722,-310.84093310815393
-24.64116195221888,862.9221742781003,-311.3332055565335
-25.396684693346366,862.5599307700205,-311.82294164848287
-26.14708732256191,862.2033972171865,-312.31293582726886
-26.892368270226495,861.8528167828407,-312.8031753057751
-27.63252459846177,861.5084414881026,-313.29365627051214
-28.367551849439344,861.1705318727265,-313.7843848558257
-29.09744388681394,860.8393565378212,-314.27537815002285
-29.822192734610123,860.5151915535987,-314.76666522647287
-30.54178842240457,860.1983197292958,-315.2582881880295
-31.251564897325842,859.8805748273654,-315.746534271274
-31.946944145933845,859.5537614763642,-316.22774341627564
-32.628086880139016,859.2181048913894,-316.70206714406567
-33.29514677256457,858.8738243728862,-317.1696514444007
-33.94827051844813,858.5211332832151,-317.6306367707556
-34.58759788848758,858.1602390189347,-318.0851580267325
-35.21326178169036,857.7913429833318,-318.53334455175514
-35.825388271551304,857.4146405627722,-318.975320101041
-36.43023713926604,857.0296110861092,-319.41704049422816
-37.03379979208564,856.635877341,-319.86449274564296
-37.63567781695441,856.2339152595057,-320.31786910721087
-38.235502331704346,855.8241948660367,-320.7773774608326
-38.832930374405386,855.4071794659981,-321.2432372228287
-39.42764182748607,854.9833248742405,-321.7156757633682
-40.019336801394225,854.5530787184372,-322.1949252996348
-40.60773340745316,854.1168798179266,-322.6812202322134
-41.19501890756133,853.6770510344935,-323.17018368699365
-41.78351214149679,853.2357056519495,-323.6573620600769
-42.37320321095894,852.7928586792186,-324.1428372398727
-42.96408254614486,852.3485253884494,-324.62669204904296
-43.55614095708883,851.9027213320536,-325.10901023615673
-44.14936968118415,851.4554623668455,-325.5898764633517
-44.743760432012316,851.0067646833737,-326.06937629554506
-45.33930545484396,850.5566448269753,-326.54759618636666
-45.93570090113806,850.1158615628444,-327.0250598825056
-46.532061313026475,849.6936057335827,-327.50162848454056
-47.127252455517414,849.2868432315182,-327.9760926376233
-47.720214928537295,848.8927787205703,-328.4473107318872
-48.30996659203005,848.5089083494344,-328.91422050610674
-48.89559847904047,848.1329887087846,-329.37584113750125
-49.476269807886545,847.7630081414766,-329.83127237580413
-50.0512026211414,847.3971607866495,-330.2796917884602
-50.62420430645141,847.0333411548178,-330.72168413279684
-51.19950771715891,846.6703124703204,-331.1581746476953
-51.77721635723217,846.308102738242,-331.58905907491993
-52.35743485644485,845.9467401592683,-332.01423150521606
-52.940268964627535,845.5862531213257,-332.4335843721121
-53.52582555068925,845.2266701903277,-332.84700844786653
-54.1142125957986,844.8680201058071,-333.2543928410846
-54.70553917655195,844.5103317767862,-333.65562499910305
-55.29984543712571,844.1484283150359,-334.0520153023923
-55.89695273130875,843.7777157018163,-334.44494487000253
-56.496556799467314,843.3993106158165,-334.83444354234024
-57.098398549643676,843.0141827711828,-335.2205433836794
-57.702257762930195,842.6231725492108,-335.6032766037474
-58.307947470263265,842.2270071917402,-335.98267423259455
-58.91530902804313,841.8263153911315,-336.3587653233219
-59.52420786789824,841.4216402723949,-336.73157652054357
-60.13750989831394,841.0111042673193,-337.10414851222106
-60.75859608036505,840.5933258524974,-337.479965873789
-61.388383563756605,840.1697601475532,-337.8598965299654
-62.02780941868853,839.7417839663407,-338.244721359896
-62.67782761194802,839.3106995915206,-338.63514085034
-63.3394066752945,838.8777385479735,-339.03178143140144
-64.01352801369268,838.4440652891943,-339.43520140909544
-64.70118481049433,838.0107807477048,-339.84589643442905
-65.39078676607633,837.5824513551042,-340.256666670398
-66.07178179998024,837.1623449287948,-340.6600967915637
-66.74698174808567,836.7490715916894,-341.0561590007047
-67.41871756577211,836.3414895250605,-341.4447240277839
-68.08892658439912,835.93866012825,-341.82559975018313
-68.75922648814652,835.5398098202063,-342.19855599467354
-69.43097628733177,835.144298534674,-342.5633400899376
-70.10532581363232,834.751594183644,-342.919686387578
-70.78008694414882,834.35760180459,-343.27179914038487
-71.45266862864138,833.958474457502,-343.6240825094868
-72.1233246324745,833.5542244271478,-343.9766708427142
-72.7923162123157,833.1448632986579,-344.32970869209197
-73.4599123561179,832.7304015793122,-344.68335174313444
-74.12639003853783,832.3108482829299,-345.0377678444554
-74.79203449811479,831.8862104637536,-345.3931381645741
-75.4571395177398,831.4564927007841,-345.7496584765732
-76.12754171524455,831.0179108902729,-346.1102566715386
-76.80979584569613,830.5669540837089,-346.47905224121416
-77.50567932873571,830.1041288431245,-346.8588225176125
-78.21705360322338,829.629841452472,-347.25275042727486
-78.945856409677,829.1443606383164,-347.66447229155693
-79.69390368236158,828.6477662781972,-348.09605891858644
-80.46202547031938,828.1398881437215,-348.5476436945876
-81.25022346046629,827.6202852964885,-349.01922661715906
-82.05109674504611,827.0957255935597,-349.5071394813947
-82.85749123540982,826.5731693548271,-350.00784871918023
-83.66991312742384,826.0524347792503,-350.52163022344854
-84.48888964846573,825.533347004723,-351.0487728055353
-85.31497078033885,825.0157392923873,-351.589577522837
-86.14873138971288,824.4994541673583,-352.14435694972536
-86.99077379900113,823.9843444870754,-352.7134344074537
-87.84173081246826,823.4702744187454,-353.29714319072525
-88.70734597066198,822.946754663884,-353.87825121884515
-89.59304034490722,822.4033626172073,-354.4393573652073
-90.49881684735661,821.8401012073431,-354.980461626828
-91.42467839005593,821.2569733633437,-355.5015640008299
-92.37062788494421,820.6539820146866,-356.00266448444205
-93.33666824385364,820.0311300912733,-356.48376307499984
-94.32280237850956,819.3884205234307,-356.9448597699449
-95.3290332005305,818.7258562419098,-357.3859545668254
-96.34683269089628,818.0634397631725,-357.80704746329576
-97.36816775118969,817.4211719692149,-358.20813845711683
-98.39400747020629,816.7990534469656,-358.58922754615577
-99.42526523164723,816.1970849207347,-358.9503147283861
-100.46278938193433,815.6152672434185,-359.2914000018878
-101.50735326717005,815.0536013862942,-359.612483364847
-102.55964478277016,814.5120884273243,-359.91356481555636
-103.62025559026469,813.9907295379113,-360.19464435241497
-104.67519880083528,813.4859641755077,-360.45734083512576
-105.71021638732606,812.9934110732149,-360.7037445609436
-106.72530670116835,812.5115036447231,-360.9347198187953
-107.720468311509,812.0388178544432,-361.15097898213946
-108.69569998475325,811.5740673187506,-361.35309376565766
-109.6510006649405,811.1160969705162,-361.54150728589343
-110.58636945508938,810.6638762272459,-361.7165457032294
-111.50180559953537,810.2164923001237,-361.878428632194
-112.406086763882,809.7634738703555,-362.0437750432671
-113.30864455818718,809.2940648815035,-362.22911952914404
-114.21083969956867,808.8067782921963,-362.4344620888394
-115.11413116394098,808.3002316952291,-362.65980272126114
-116.02004211081116,807.7738170093616,-362.90514142521107
-116.9300961252602,807.2275347282138,-363.1704781993846
-117.84576144442764,806.6613855639508,-363.4558130423708
-118.76842290493528,806.0753704370935,-363.7611459526523
-119.7049615148811,805.475041531981,-364.0664769286144
-120.66159023248268,804.8658427635904,-364.35180596864234
-121.63831038251003,804.2475550976626,-364.61713307121886
-122.63512332243185,803.6199535267948,-364.8624582349331
-123.65203044329867,802.9828069083211,-365.0877814584805
-124.68903317064873,802.3358778136368,-365.2931027406629
-125.7461329654349,801.6789223932582,-365.4784220803885
-126.82333132497024,801.0116902509433,-365.64373947667184
-127.9024515925971,800.329335455248,-365.78905492863385
-128.96532690769152,799.6271368569572,-365.9143684355018
-130.01197680019254,798.905092088308,-366.01967999660934
-131.04241860858195,798.1631987842244,-366.10498961139643
-132.0566675952787,797.4014545820064,-366.17029727940945
-133.05473703723794,796.6198571210344,-366.21560300030114
-134.03663832131835,795.8184040424857,-366.2409067738306
-135.00238104251054,794.9970929890667,-366.2462085998632
-135.95010815744195,794.1749359889751,-366.251508478362
-136.87795602686117,793.370851793922,-366.27680640928986
-137.7859220435197,792.584652051051,-366.3221023925123
-138.67400362728569,791.8161487771528,-366.3873964277884
-139.5421982251468,791.0651535690273,-366.47268851477105
-140.39050331133137,790.3314767795127,-366.57797865300665
-141.21891638755133,789.6149266668122,-366.7032668419353
-142.02743498337117,788.9153085237929,-366.8485530808908
-142.83605706327887,788.2240613290608,-366.99383736910943
-143.66478224334733,787.5326976194419,-367.11911970582753
-144.5136105575558,786.8411655463543,-367.2244000903789
-145.38254204785605,786.1494120209679,-367.3096785222036
-146.27157676435544,785.4573826846422,-367.37495500084833
-147.18071476550426,784.7650218803167,-367.42022952596585
-148.1099561182868,784.0722726296245,-367.44550209731545
-149.05930089841556,783.3790766104821,-367.45077271476276
-150.01823079544832,782.6775639481125,-367.44895983292105
-150.97612377982455,781.9594969760939,-367.4529025931632
-151.93275946890137,781.2240578585128,-367.46246208422093
-152.88789315351843,780.4703794844686,-367.47753836026
-153.84125618579986,779.6975440779141,-367.49806950484884
-154.7925561566637,778.9049636682706,-367.5240306934975
-155.74148148886536,778.0925218298926,-367.5554319875703
-156.6877081780036,777.2602181929533,-367.5923141982005
-157.62256568256544,776.4280519343725,-367.6219496366467
-158.53754559901773,775.6160205688544,-367.63158312025234
-159.4326450056327,774.8241211971765,-367.62121464896614
-160.30786098078826,774.0523509196902,-367.5908442228433
-161.1631906029681,773.300706836321,-367.5404718420453
-161.99863095076157,772.569186046568,-367.47009750684
-162.81417910286387,771.8577856495045,-367.37972121760157
-163.609832138076,771.1665027437778,-367.2710791379492
-164.3855878406478,770.4808254850303,-367.16119240092223
-165.14144680755714,769.7864220233706,-367.06526221139825
-165.8774102979004,769.0836407840316,-366.9831226143438
-166.59347952087353,768.3728135031255,-366.9146108284804
-167.28965563811437,767.6542564793345,-366.85956727251124
-167.96593976586627,766.928271765997,-366.8178355498632
-168.62233297697261,766.19514830192,-366.78926239623576
-169.25883630271076,765.4551629778193,-366.7736975918636
-169.88180174182864,764.7082996731297,-366.76717130798716
-170.4974046988718,763.9543423195864,-366.7658409705233
-171.10529748053946,763.1931550013119,-366.7698137150133
-171.70514109382114,762.4245885194151,-366.77919937825277
-172.29660467147113,761.6484798450939,-366.79411049829105
-172.87936496861886,760.8646514694225,-366.8146623182453
-173.45310591265033,760.0729106290928,-366.84097279941295
-174.01751821639255,759.2730484140768,-366.8731626305692
-174.58724933592197,758.4791123910461,-366.90049362018146
-175.17709756615153,757.705260926384,-366.91243340898586
-175.78706001828562,756.9508551014419,-366.9094840377817
-176.4171339608647,756.2145847945006,-366.8920624215243
-177.06731685495816,755.4951458715777,-366.86048255995917
-177.73760634699326,754.7913050401235,-366.81496571761636
-178.4280002584336,754.1018994723455,-366.7556524067275
-179.1384965756055,753.4258352269029,-366.6826134498468
-179.85566642416566,752.7514099537591,-366.59879791805355
-180.56614886732444,752.0673689875418,-366.50718298178253
-181.2700804375193,751.3735439271605,-366.4078674860491
-181.96760517111147,750.669755923496,-366.300958520424
-182.65887501288682,749.9558150224897,-366.1865718007409
-183.34405021612483,749.2315194858788,-366.06483205724146
-184.0232997368081,748.4966550762283,-365.9358734200971
-184.69680159789849,747.7509943129305,-365.79983980111683
-185.36674317498165,747.0087107696621,-365.66209361705063
-186.0352160808914,746.2835729224108,-365.527989139802
-186.70220233494476,745.5745606088735,-365.397669014251
-187.36766545474111,744.8807040472356,-365.2712932178113
-188.0315551155005,744.2010861655556,-365.14903381903554
-188.69381101846105,743.5348441564347,-365.0310702776686
-189.3543660343769,742.8811702129896,-364.9175853746037
-190.0131487218926,742.2393114760717,-364.80876178127573
-190.66107457769735,741.6068663791845,-364.6966094696472
-191.28924084193275,740.9812501522579,-364.57409440415813
-191.89846337582762,740.3614327108739,-364.44323744064747
-192.48997872298727,739.7465146411658,-364.30588148962306
-193.06483112337395,739.13572757647,-364.16366433748783
-193.62390497328232,738.5284175606075,-364.0180308323427
-194.16795240917693,737.9240291583363,-363.8702487899553
-194.69761631419476,737.3220910951266,-363.7214264122573
-195.22307349916196,736.7221539827808,-363.5691993281452
-195.75425872801915,736.123931093399,-363.41069698624756
-196.291279307976,735.5273189763095,-363.24593652612674
-196.8342386237449,734.9322232614702,-363.07492877691556
-197.3832365010545,734.33855791172,-362.8976788950866
-197.93836955453145,733.7462445314077,-362.71418693021985
-198.49973151756052,733.1552117163163,-362.52444831948264
-199.06741356269936,732.5653944477438,-362.32845432727345
-199.6339461828326,731.9777355802556,-362.12718779994043
-200.19179163577306,731.3930749312387,-361.92165372793903
-200.74089842995633,730.8111565548295,-361.7118889694903
-201.28120521214623,730.2317466294431,-361.4979365697999
-201.81264136034164,729.6546322613078,-361.27984503769596
-202.3351274357081,729.0796203706858,-361.0576677080975
-202.84857550210472,728.5065366681548,-360.8314621838762
-203.3528893232058,727.9352247247438,-360.6012898496016
-203.84890470114033,727.3631284034092,-360.3700608769321
-204.33750748122105,726.7878181470792,-360.1406868061142
-204.81869751204803,726.2093967816468,-359.9132319092812
-205.2924753317566,725.6279622229224,-359.6877572879466
-205.75884213390435,725.0436077466214,-359.464321035248
-206.2177997371348,724.4564222435654,-359.24297838775936
-206.66935055480505,723.866490453183,-359.0237818672903
-207.11349755957443,723.2738931772174,-358.8067814145197
-207.55504232714148,722.6824266261742,-358.59118380781683
-207.99884634027003,722.0958584616625,-358.376081997242
-208.44503477566326,721.5142106597026,-358.1612951419569
-208.89373636682683,720.9375065354301,-357.94663863208115
-209.34508347956773,720.3657708237287,-357.73192402414196
-209.79921218748115,719.799029764642,-357.51695897318507
-210.2562623520733,719.2373111978578,-357.30154716434987
-210.71637769655229,718.6806446588711,-357.08548824337134
-211.18190196782564,718.127955120037,-356.87686843493753
-211.65460106050443,717.5783835430798,-356.683680012114
-212.13352121352534,717.0323863228987,-356.50554948464094
-212.61781739220032,716.4904048276426,-356.34213461790057
-213.10674489065858,715.9528593565807,-356.19312009465443
-213.5996505641688,715.4201449947657,-356.0582138629491
-214.09596409532637,714.8926290653706,-355.9371440581343
-214.59518959310955,714.3706498615578,-355.8296564226981
-215.09157310466708,713.8521694278176,-355.72846416779805
-215.57943580472164,713.3347729004639,-355.62607511952893
-216.05846309748213,712.8180277113423,-355.521828142762
-216.52833273574046,712.301496238349,-355.41505419588174
-216.98871521155306,711.7847372416493,-355.305077891597
-217.43927418389768,711.2673074098068,-355.19121917809326
-217.8796669413841,710.7487629954448,-355.0727951166852
-218.3095449057269,710.2286615508756,-354.94912176067817
-218.7399509304079,709.710905761647,-354.81743332146056
-219.18212858285884,709.1997098502119,-354.6751162369115
-219.63612884162058,708.6952549237016,-354.5217778328649
-220.10200417291443,708.1977226956874,-354.3569987270875
-220.57980947808414,707.7072947292481,-354.1803320939976
-221.06960317323916,707.2241515805254,-353.9913030485944
-221.57144839729935,706.7484718449333,-353.78940819489526
-222.0854143436859,706.2804311246374,-353.5741153360218
-222.59796381466305,705.8157053357675,-353.3492785561784
-223.09531765197195,705.3500991650519,-353.1188091107263
-223.57702895896762,704.8840348044243,-352.8822587081592
-224.04257795967246,704.4179094868172,-352.63914750564174
-224.49136705676906,703.952087252642,-352.3889652784557
-224.9227169184127,703.4868902861672,-352.13117332234424
-225.33586398156643,703.0225902113707,-351.86520717577827
-225.72995978954017,702.5593998498487,-351.59048027133997
-226.1204946062875,702.0990705767642,-351.30328966049103
-226.5235603351808,701.6433416900381,-351.00000955082635
-226.9394775615239,701.192373887972,-350.68018925798094
-227.3685832837026,700.7463381313751,-350.3433609377389
-227.81123191013916,700.3054163536558,-349.98903890749676
-228.2677963104994,699.8698022177941,-349.61671894722264
-228.73866891208667,699.4397019061324,-349.2258775842033
-229.22426285286105,699.0153349701741,-348.8159713396442
-229.71693486391266,698.5946172724574,-348.4045703699073
-230.20887799182222,698.1752767032798,-348.0092953637035
-230.70018861760695,697.7571680363045,-347.62969813387633
-231.19096325097217,697.3401531672394,-347.26533936950966
-231.68129807846174,696.9241014168525,-346.9157886864747
-232.171288476042,696.5088898065025,-346.58062469562014
-232.66102851437648,696.0944032906796,-346.2594350995722
-233.15061044693357,695.6805349537135,-345.9518168005022
-233.64036038435916,695.2706278406213,-345.6470646394327
-234.13062120176542,694.8680281620864,-345.3346010308613
-234.62151421217763,694.472647157017,-345.0142804922405
-235.11315345194998,694.0844111810032,-344.68595336564016
-235.6056461210565,693.703261055121,-344.3494660890683
-236.09909297864752,693.3291515115944,-344.00466144156644
-236.59358870720843,692.9620507293987,-343.6513787689929
-237.0892222341627,692.6019399593181,-343.28945418810974
-237.58345565418404,692.2412077292889,-342.9198898032161
-238.07380256739782,691.8722323956111,-342.5437961213807
-238.5604522904124,691.4949825495919,-342.16122402408195
-239.0435957086031,691.1094286565831,-341.77222336977843
-239.52342473690666,690.7155429207492,-341.37684283512215
-240.00013175047567,690.3132991421257,-340.9751297514029
-240.47390899282448,689.902672561671,-340.5671299297873
-240.94494796587844,689.4836396966936,-340.1528874727295
-241.40469865218583,689.0559817697907,-339.73920216613595
-241.84451620121996,688.6195601766256,-339.33276346199057
-242.26440188816798,688.1745104269478,-338.93339518185354
-242.66435696854086,687.7209624941352,-338.5409238182509
-243.0443826789734,687.2590409191414,-338.15517870705185
-243.40448023800838,686.7888649225503,-337.7759922024691
-243.74465084686432,686.310548515676,-337.40319986135734
-244.0648956901871,685.8242006164326,-337.03664062536564
-244.37457475458208,685.3408146291802,-336.68210048977824
-244.68315739717386,684.8714443735686,-336.34537922731
-244.99086978912413,684.4163222986411,-336.0263491608803
-245.29794883812085,683.9756931037696,-335.7248908740414
-245.60464288695022,683.5498137192892,-335.44089338645523
-245.91121242048106,683.13895322811,-335.1742543360455
-246.21793077534545,682.7433927511904,-334.9248801611503
-246.5250848670452,682.3634252663593,-334.692686280767
-246.83247202208798,681.9903195615153,-334.4590616464864
-247.13970688137914,681.6151210617802,-334.2054352337107
-247.44671996164985,681.2376839424343,-333.9318070437885
-247.75344747389303,680.8578663627901,-333.63817707817486
-248.0598312317712,680.4755303801128,-333.32454533843116
-248.36581854239492,680.0905418500553,-332.9909118262252
-248.67136207768476,679.7027703294602,-332.63727654333104
-248.97641972285857,679.3120889916588,-332.2636394916292
-249.2712550691992,678.9217362537912,-331.87642133526833
-249.54615105011618,678.535168084545,-331.4819083540757
-249.80110709545082,678.1526936715023,-331.079828338836
-250.03612258999627,677.7746165609364,-330.66990190278295
-250.25119687460182,677.4012308640893,-330.25184205650015
-250.44632924779705,677.0328179472002,-329.82535415642457
-250.6215189678557,676.6696437314092,-329.3901362672441
-250.7767652552025,676.3119566990953,-328.94587994534265
-250.91321551827937,675.9550762482472,-328.50525172654716
-251.0320739538827,675.594230944533,-328.08097631126174
-251.13345289142853,675.2294781944379,-327.67285981212467
-251.2174646765032,674.8608750469913,-327.2807108093206
-251.28422158413463,674.4884781630071,-326.9043403448596
-251.33383572920832,674.1123437804964,-326.5435619159021
-251.36641897688742,673.7325276805431,-326.1981914676079
-251.38208284731655,673.349085156982,-325.8680473988586
-251.38482961903173,672.9659441272172,-325.5519146979064
-251.3786489707089,672.5870241785475,-325.2486717348105
-251.36362815781936,672.2123628780199,-324.9583244106127
-251.33985592516458,671.8419968904655,-324.68087761109996
-251.3074224741089,671.4759619567795,-324.41633518010144
-251.26641943172302,671.1142928693369,-324.1646998808647
-251.21693981516339,670.7570234392946,-323.9259733622001
-251.15907798890302,670.4041864810567,-323.700156138454
-251.09608515819758,670.0435691667275,-323.490792686381
-251.03141175574467,669.6629425367945,-323.30142751411944
-250.96554200417071,669.2623063816643,-323.1320606226764
-250.89894034927036,668.8419404548856,-322.98269201295244
-250.8320424927281,668.4026298019118,-322.85332168574183
-250.7652471750872,667.9453596576705,-322.74394964173246
-250.69891390560005,667.4710744130907,-322.65457588150593
-250.6333650921608,666.9806971607912,-322.58520040553753
-250.5679182246469,666.4901209904925,-322.52356419864145
-250.50158735112092,666.0153146767491,-322.45746889498565
-250.4340500717357,665.5573741603505,-322.3870502399701
-250.36493958916026,665.1174495935431,-322.3124730286526
-250.29384256469902,664.6967459232391,-322.2339311205301
-250.22029774155916,664.2959554803228,-322.1516468655445
-250.14380831478275,663.9151541028516,-322.06586285158045
-250.06385843489858,663.5543413239449,-321.97683145743855
-249.9849081190618,663.197743563339,-321.87623950756006
-249.91174556922542,662.8296228293859,-321.7556458460962
-249.84450391613962,662.4500469595553,-321.61505047368826
-249.78331983663446,662.059079106041,-321.454453391084
-249.72833339527338,661.6567778302045,-321.2738545991372
-249.67968790029815,661.2431971917488,-321.0732540988084
-249.63752976504563,660.8183868235687,-320.85265189116416
-249.6020083686391,660.382392000858,-320.6120479773776
-249.5598778623966,659.9308129820274,-320.35980763184244
-249.49781865591302,659.459226365485,-320.1044639659188
-249.41583366638068,658.9676292449801,-319.8463486984554
-249.31392581109787,658.4560187146869,-319.58578526577367
-249.19209800746881,657.9243918692055,-319.3230881035488
-249.05035317300366,657.372745803561,-319.0585619856739
-248.88869422531846,656.8010776132045,-318.7925014378675
-248.7071240821352,656.2093843940124,-318.525190231867
-248.51796358441138,655.5989817331902,-318.2600832457536
-248.33350177764933,654.9714234243196,-318.00027144012705
-248.15365341358776,654.3271945764158,-317.7453142624655
-247.97828797157445,653.6668103267382,-317.4947901075842
-247.80723802757393,652.9908234756339,-317.2482985906013
-247.64030775576788,652.2998293931979,-317.00546340402883
-247.47728123368276,651.5944678277232,-316.7659353493864
-247.31793023313514,650.8754215562797,-316.52939512586573
-247.1589249641424,650.1455797003281,-316.29685584953427
-246.9971836603887,649.4077379513199,-316.0693361658417
-246.83295403772038,648.6623941987117,-315.846549591995
-246.66645325403272,647.9100095737828,-315.62822211804377
-246.49787082777675,647.1510113479014,-315.41409237830504
-246.32737137396498,646.3857956273556,-315.20391164766875
-246.1550971489447,645.61472984639,-314.9974437034358
-245.98117040498045,644.8381550679574,-314.7944645766486
-245.8097059241121,644.0595106826968,-314.5914510397427
-245.6447758054514,643.2820904432189,-314.38501089046827
-245.48640765427857,642.5059309188439,-314.1751889067202
-245.33462876835716,641.7310683213935,-313.96203117640255
-245.18946613393038,640.9575385415642,-313.74558513426337
-245.05094641694447,640.1853771865514,-313.5258995992074
-244.91909594735196,639.4146196159433,-313.30302481721105
-244.79394070627154,638.6453009718306,-313.07701250244924
-244.67649254010698,637.8702337158811,-312.84799836648233
-244.5676391887342,637.0827031429861,-312.61609550330826
-244.46712199907356,636.283672097529,-312.3813011111921
-244.37461930500564,635.4740643966046,-312.1435937951031
-244.2897623794496,634.6547584528811,-311.90293664147976
-244.21215072327882,633.8265822568296,-311.6592804775315
-244.14136594437306,632.9903098898279,-311.4125670500737
-244.076983763096,632.1466595674187,-311.16273194007573
-244.01459287380808,631.2924723144228,-310.91025409197556
-243.94985662265543,630.4244669565758,-310.65552085910525
-243.8825064163634,629.5430712631713,-310.39830156461875
-243.81228776695428,628.6486784890737,-310.13840155661126
-243.73896054148653,627.7416509459237,-309.8756573212548
-243.66229892794323,626.8223231585099,-309.60993225766396
-243.58209119994066,625.8910046367901,-309.34111303784135
-243.49813931869414,624.9479823283835,-309.0691064726656
-243.40947559457967,623.9962674618158,-308.79585139279567
-243.31512107701676,623.0387824752971,-308.52328474637386
-243.21486760181722,622.0756212772956,-308.25132147326957
-243.10851751596516,621.1068684254808,-307.9798815395406
-243.00370581261475,620.1347648451214,-307.7093241618897
-242.90811979746871,619.1616784045044,-307.43988172786777
-242.82167470888444,618.187937492255,-307.1712356464189
-242.7442916214252,617.2138601254184,-306.9030918728678
-242.6758972515006,616.2397525220524,-306.6351795207887
-242.6164236806929,615.2659080738504,-306.3672494997428
-242.56580804153694,614.2926066655007,-306.0990731793605
-242.52399217476741,613.3201142866573,-305.83044109681595
-242.48863376462612,612.3541210911859,-305.56612206094655
-242.4573855110605,611.4001109549628,-305.310952534223
-242.43018259754137,610.4579323830911,-305.0648676753013
-242.40696119526524,609.5274375128994,-304.82780274817
-242.38765840732347,608.6084819333597,-304.5996931440853
-242.3722122164737,607.7009245173734,-304.3804743953996
-242.36056143436542,606.804627255956,-304.17008219177427
-242.35264565734616,605.9194551033829,-303.9684524025914
-242.34738534345064,605.0331960107587,-303.7716743291402
-242.344023350019,604.1332630897883,-303.57571186123306
-242.34316621873455,603.2187222337401,-303.380252925251
-242.34546891587905,602.2885313016474,-303.1849910933242
-242.35164015133364,601.3415272473368,-302.9896256531308
-242.36244791638072,600.3764121596781,-302.79386143778686
-242.37872505268572,599.3919004970166,-302.5974082284304
-242.40136859351162,598.3873916612404,-302.3999813991456
-242.43750307728493,597.3783043853981,-302.2031993219913
-242.49378780656286,596.3800572196137,-302.00876588917123
-242.57022120138316,595.3926482359465,-301.8165725685754
-242.6668016826548,594.4160718445928,-301.6265141958635
-242.78352767268336,593.4503189054664,-301.4384888379708
-242.92039759568166,592.495376830718,-301.2523976733035
-243.07740987826483,591.5512296853491,-301.06814488379524
-243.25456294993253,590.6178582663666,-300.8856375380823
-243.44344156828095,589.6841992980151,-300.7139792350701
-243.63542133848415,588.7386785893054,-300.5623193329863
-243.83008665717566,587.7802018603167,-300.43065783263745
-244.0270334181802,586.8075695839161,-300.3189947347236
-244.22587103017162,585.8194757983448,-300.22733003983853
-244.42622510809653,584.8145061433753,-300.15566374846964
-244.62774098628282,583.7911352689271,-300.103995860998
-244.8300881861941,582.7481831499584,-300.0723263776984
-245.03775873612332,581.7052608170918,-300.06057530930605
-245.25523441450662,580.6823694906307,-300.06873749459794
-245.4821786884991,579.6795105760651,-300.096892922964
-245.718254807291,578.6966854297533,-300.14504675553985
-245.96312730891492,577.7338953590332,-300.21319899206947
-246.21646201452538,576.7911416224131,-300.3013496321904
-246.47792588296537,575.8684254297484,-300.40949867543395
-246.7471868538887,574.9657479423962,-300.537646121225
-247.01032985819512,574.0820493102423,-300.67130288512163
-247.25360441087227,573.2155864613228,-300.79645747702796
-247.47700809917063,572.365044239062,-300.91402849063843
-247.68053869492792,571.5292006471752,-301.0248630496656
-247.86419414163802,570.7069178412875,-301.12974093700717
-248.02821966368853,569.8971332279306,-301.229379864269
-248.17377459148992,569.0988573706608,-301.3244369468572
-248.3025962055353,568.3111890033256,-301.4154991779604
-248.41925613508616,567.5354021967325,-301.5128825058145
-248.52767264467613,566.7730594140759,-301.62651277122876
-248.62817872497047,566.0238923944376,-301.75615906472837
-248.72109034495668,565.2876447144844,-301.901593444111
-248.80670752959873,564.564071046968,-302.0625910584255
-248.8853153293531,563.8529364756407,-302.2389302438178
-248.95718472016242,563.1540158598978,-302.4303926060244
-249.02257343821165,562.4670932462769,-302.6367630766407
-249.08198677060471,561.7961210837108,-302.8405334482096
-249.13610524527596,561.145157192742,-303.0243022094166
-249.18550893190667,560.5142008439896,-303.18806935928444
-249.23072925518372,559.903251389231,-303.332121107956
-249.27223581537527,559.3123082534535,-303.45808617685543
-249.31041379404448,558.7403718989669,-303.5684977693904
-249.34554470251456,558.185172113965,-303.6655230993664
-249.37780920312534,557.6443906139477,-303.7509111825518
-249.40615693652126,557.116292943835,-303.8305728684187
-249.42941361308306,556.5996693188224,-303.910138168934
-249.4474729987156,556.0935311163684,-303.9905559264381
-249.4602428096719,555.5969969177326,-304.0727045147219
-249.4676437162068,555.1092808455476,-304.1573899805494
-249.46960835121067,554.6296817431008,-304.2453462733696
-249.46608034610063,554.1575733269374,-304.3372370390549
-249.45701340979744,553.6923953516495,-304.43365852073634
-249.44175601538723,553.2301403838685,-304.5276768151637
-249.41962153761642,552.7668857785345,-304.6120914580685
-249.39049370439756,552.3022841051411,-304.6869263552327
-249.3542480560565,551.8360114261951,-304.75219320545807
-249.3107525433369,551.3677653838306,-304.8078924280142
-249.25986800694164,550.897263420017,-304.85401396563253
-249.20144854884308,550.424241134098,-304.89053796638314
-249.135341811555,549.9484507693621,-304.91743537066174
-249.06317979141667,549.470537372169,-304.93723790635346
-248.98672289956164,548.9913023759019,-304.95255973555845
-248.9060698649491,548.5108175274465,-304.9635303912477
-248.8213142474969,548.0291525036904,-304.9702758945095
-248.73254468967082,547.5463750098509,-304.9729189524365
-248.63984514922504,547.0625508689568,-304.971579134793
-248.54329511798235,546.5777441091279,-304.96637304114586
-248.44296982856133,546.0920170475479,-304.95741446322694
-248.33857026846715,545.6050203903284,-304.947692794436
-248.22978957053712,545.1163730688479,-304.9401525321704
-248.11668645014262,544.6260728289985,-304.9348165663225
-247.99932229657352,544.1341169643879,-304.9317083056915
-247.87776128873952,543.6405022977225,-304.93085169383716
-247.75207050539063,543.1452251610773,-304.9322712221934
-247.62232004463897,542.6482813751666,-304.93599194258485
-247.4885831523052,542.1496662293501,-304.9420394795054
-247.3554492748931,541.6427989429733,-304.9541649348919
-247.22681604089644,541.1220717251092,-304.9753579696568
-247.10145796861175,540.5893022074097,-305.00420293236664
-246.97831212771044,540.0460739985826,-305.03944866820746
-246.85646611837268,539.4937586403296,-305.0800077562903
-246.73514408576747,538.933535745344,-305.1249481887295
-246.61369157898392,538.3664129600816,-305.173480240698
-246.49156023509323,537.7932458594952,-305.2249409658331
-246.36920143332418,537.219223882622,-305.27839064174077
-246.24737346120355,536.649095847113,-305.33318706480605
-246.12618792521405,536.0827673015912,-305.3893225174262
-246.00574948679153,535.5201485534261,-305.44679089852895
-245.88615617226608,534.9611546111197,-305.50558760936997
-245.76749968060793,534.4057051019408,-305.5657094444564
-245.64986569488266,533.8537241623064,-305.62715449099386
-245.5333341868694,533.3051403078225,-305.68992203286354
-245.4137647082625,532.75955430837,-305.7524327052537
-245.28685347699306,532.2166087417082,-305.8130042763469
-245.15234148323555,531.6763319363092,-305.8714265301333
-245.00994930267305,531.1387814730455,-305.9274800157095
-244.85937402585415,530.6040485735459,-305.98093486913365
-244.700285645392,530.0722634701118,-306.0315494818597
-244.53232278664353,529.5436019818146,-306.0790689929791
-244.35508763266054,529.0182936051843,-306.1232235774959
-244.17571255736036,528.4949075355023,-306.1690763038014
-244.00135942351758,527.9718572932271,-306.2218959343572
-243.83166707932946,527.44909290212,-306.2818158218772
-243.66626975881812,526.9265713232356,-306.34896853297164
-243.5047980913706,526.4042561718634,-306.42348536725586
-243.3468801449388,525.8821174075356,-306.50549588504265
-243.19214247882343,525.3601310013605,-306.5951274476702
-243.04021119460003,524.8382785844051,-306.6925047811958
-242.8913658290806,524.3178504710645,-306.7941923832892
-242.74606281095637,523.8001580621958,-306.8966872974978
-242.60428362067523,523.2852271048789,-306.99997834409754
-242.46601250134339,522.7730819146158,-307.10405515949674
-242.33123624375344,522.2637454846752,-307.2089081308501
-242.19994398808547,521.7572395927838,-307.3145283336223
-242.0721270443094,521.253584899446,-307.4209074762755
-241.94777872318292,520.7528010415886,-307.5280378500223
-241.82588718256926,520.2555408829267,-307.6329535237431
-241.70556596218282,519.7625161155187,-307.73263573411396
-241.58706412381392,519.273860609812,-307.8269640405986
-241.4706387415748,518.7897020423295,-307.9158031959419
-241.3565550316898,518.3101616569985,-307.99900293063996
-241.24508646491543,517.835354034127,-308.0763977736502
-241.13651486361528,517.3653868725083,-308.14780691554034
-241.0311304883755,516.9003607846513,-308.2130341069224
-240.92651583268383,516.4399055741527,-308.2737450869852
-240.82001185215313,515.9836035756973,-308.3317368918144
-240.71143016530738,515.53145724348,-308.3870644680011
-240.60058299363382,515.0834693935994,-308.43977527652225
-240.48728343920683,514.6396434618974,-308.48990894286146
-240.37134577794814,514.1999837904482,-308.5374969037916
-240.25258575677685,513.7644959427028,-308.5825620464086
-240.13082090072524,513.3331870506248,-308.62511833882144
-240.0080620904532,512.9007614557258,-308.6654390383572
-239.88652499427644,512.4619741353132,-308.7038215086787
-239.76644047150094,512.0169375041302,-308.74032649547667
-239.6480460694379,511.5657707149289,-308.77502108143887
-239.5315861562286,511.10859977818797,-308.8079788936739
-239.41731203666512,510.645557668974,-308.8392803181684
-239.30548204761195,510.17678442380446,-308.8690127177008
-239.1963616343402,509.7024272306095,-308.8972706570277
-239.09183695083271,509.2286919906566,-308.9276849996638
-238.99370397030665,508.76171331330715,-308.9638317765346
-238.9020524661199,508.3015000334655,-309.0057003751985
-238.81697330085606,507.848062569909,-309.05328186689553
-238.73855850501283,507.401412908048,-309.1065690637678
-238.66690136499082,506.9615645846049,-309.1655565806098
-238.60209650226332,506.52853267588307,-309.23024090067236
-238.54423994730178,506.1023337936747,-309.30062044766464
-238.49098844014603,505.6771913241251,-309.3757690363202
-238.43992078506528,505.2475207849569,-309.45466370152394
-238.39098170011167,504.81370849998615,-309.5371076824403
-238.34412418708646,504.3761110414353,-309.62290013040933
-238.29930853170723,503.9350577935895,-309.7118382318263
-238.2565014210211,503.4908532510756,-309.8037190232238
-238.21567516153007,503.04377908968763,-309.89834092001263
-238.17680698953504,502.5940960377872,-309.9955049870155
-238.1371664743393,502.1415421899309,-310.0994429968519
-238.0939683580204,501.68604572561446,-310.2145241774494
-238.047077336763,501.2282153984996,-310.3408238493935
-237.9963501708359,500.7686162075675,-310.47841196259316
-237.94163989176016,500.3077714063864,-310.62735160854857
-237.88279919581828,499.84616452103694,-310.78769787641824
-237.81968313405375,499.3842413627593,-310.95949700138766
-237.75215118685864,498.92241201442175,-311.1427857724374
-237.6839323227886,498.46229665926677,-311.33338462316493
-237.61877222120438,498.0053529043747,-311.5271131495645
-237.55656973771764,497.5516469680785,-311.7240012471037
-237.49722988301923,497.10124317865467,-311.92407804948573
-237.44066348220954,496.6542040450529,-312.12737192876904
-237.38678685068896,496.2105903260267,-312.3339105071683
-237.33552149912512,495.7704611017228,-312.5437206668298
-237.28679386046346,495.3338738474939,-312.75682856473225
-237.238806719932,494.90078267244394,-312.97421756885393
-237.18979159800892,494.47111069639675,-313.19684969021023
-237.13973505492632,494.0448525474324,-313.4247079193127
-237.08862419412225,493.6220023516276,-313.65777505996334
-237.0364466601071,493.2025537506583,-313.89603374546726
-236.9831906320354,492.7864999253628,-314.1394664500766
-236.92884482079108,492.3738336166807,-314.3880555009119
-236.8733984645797,491.96454714623445,-314.6417830929822
-236.8138147296793,491.55720313895296,-314.89764582664054
-236.747165651222,491.15038712326026,-315.15264682744686
-236.67365454740553,490.7441350788748,-315.4067812275048
-236.59347722621467,490.3384786016103,-315.66004412965657
-236.50682209142903,489.9334451159701,-315.912430733726
-236.41387026552803,489.5290580832887,-316.1639364521512
-236.31479572400988,489.1253372018155,-316.41455701691547
-236.20976544303306,488.7222986027357,-316.6642885756896
-236.1009863330273,488.3145251142352,-316.91605242082034
-235.99062562421514,487.8962701710492,-317.1730641639749
-235.87876067318388,487.4668172792898,-317.43594800365366
-235.76545469631577,487.02529136837927,-317.70541383073135
-235.65075325258093,486.57062571245405,-317.9822734521224
-235.5346799306167,486.10152109448876,-318.2674601918833
-235.4172311512679,485.61639572862384,-318.5620524419564
-235.29837002690323,485.11332450146807,-318.8673016813539
-235.18236112589682,484.59955728475484,-319.17235970956693
-235.0735362875945,484.0833504140124,-319.46567299714627
-234.97197849282819,483.5646034946731,-319.74717315073235
-234.8777762667637,483.04321701442666,-320.0167851289648
-234.79102370381793,482.51909219740276,-320.27442733022065
-234.7118205023729,481.99213085454375,-320.5200116784458
-234.64027200761768,481.4622352425659,-320.75344369372726
-234.5764892668084,480.92930792054347,-320.9746225547592
-234.51430281199356,480.3982347324788,-321.18786243906885
-234.44758623300072,479.8740189641715,-321.3976663925097
-234.3765477190242,479.3568024739057,-321.6043120627725
-234.30141041973718,478.8467339175101,-321.80808429732923
-234.22241158179182,478.34396755433227,-322.0092739820942
-234.13980157475137,477.8486620180313,-322.20817685576753
-234.05384283864362,477.36097908245364,-322.40509231881305
-233.96480876004924,476.8810824302118,-322.60032224654964
-233.8721024753189,476.4103056583654,-322.7909030101252
-233.7756612338626,475.94987218199515,-322.9739857346143
-233.6767663588052,475.4997719297935,-323.15011321470126
-233.57657624249447,475.06007916944185,-323.3198481778543
-233.4761419844055,474.6309389605888,-323.4837713507477
-233.37642130372097,474.2125558058186,-323.6424797378769
-233.27829074640604,473.8051841979975,-323.79658515146605
-233.18255630072514,473.4091207671637,-323.9467129877815
-233.0890995591011,473.02059990176383,-324.0960870417952
-232.99739950275952,472.6356799964963,-324.24764180184246
-232.90742408258325,472.2543256449483,-324.4014290125321
-232.8191420022416,471.8765026002861,-324.55749739173723
-232.73252268178658,471.50217770169075,-324.7158927985608
-232.64753622555114,471.13131880257725,-324.87665838699616
-232.5641533922032,470.7638947067957,-325.03983475243524
-232.48234556552396,470.399875107928,-325.20546007328863
-232.40143023595712,470.03988775551176,-325.3702085439667
-232.3206478337803,469.6847638539106,-325.5306187297075
-232.23980027965644,469.33489721514445,-325.68644838994436
-232.1586553186339,468.99071603397283,-325.8374393167661
-232.07694055281988,468.6526846215111,-325.98331754544165
-231.99433657863915,468.32130476192566,-326.1237940234243
-231.91046919287015,467.99711651063774,-326.2585658587128
-231.82490072063473,467.68069820239856,-326.3873182975351
-231.7390123955489,467.3673049417413,-326.5161604543275
-231.6542825481933,467.0521983592121,-326.6513629129854
-231.57044988370077,466.73595729441837,-326.7929207751954
-231.48728487619724,466.41909960701673,-326.9408155320089
-231.40458652349287,466.10208605049263,-327.09501845916117
-231.3221792869087,465.7853244884142,-327.2554933293212
-231.23991025185015,465.46917425649605,-327.4221985478457
-231.1576465216103,465.15395053347476,-327.59508880573503
-231.07571796096855,464.83831576085055,-327.77142117177806
-230.994531933463,464.5207479844337,-327.94849235633416
-230.9141193829942,464.2011711452927,-328.1263348944319
-230.834510390136,463.8795063384154,-328.3049813983434
-230.7557340258079,463.5556717700148,-328.48446447780333
-230.67781819693593,463.22958272184576,-328.66481664920104
-230.60078948281998,462.9011515228907,-328.84607023872286
-230.52467296679592,462.57028752876846,-329.02825728132194
-230.44710144438565,462.239091777113,-329.2124510788344
-230.36568083307802,461.90971076985204,-329.39974182531034
-230.28038226152728,461.58214330222154,-329.5901947327188
-230.19117761050666,461.25638772142594,-329.7838741314593
-230.0980395029583,460.93244194456895,-329.9808434467581
-230.00094129725926,460.610303478848,-330.1811651763757
-229.8998570778616,460.2899694443701,-330.3849008703409
-229.7947616411612,459.97143659243665,-330.59211111366517
-229.6859694823304,459.65761393969166,-330.8048216817512
-229.5739194055736,459.35139601989795,-331.0249672333057
-229.45883814522392,459.0527543659182,-331.25242989825784
-229.3409575808792,458.7616683541791,-331.4871001232531
-229.2205142897139,458.4781250685371,-331.72887624893775
-229.09774911275835,458.202119159549,-331.9776640872434
-228.97290684404368,457.9336527120311,-332.2333765489775
-228.84623582457726,457.6727351051827,-332.495933234936
-228.7150702919999,457.41961866579277,-332.76710605963456
-228.57673018567087,457.1746153786727,-333.0488414473067
-228.43142376283316,456.93785834964257,-333.34140733983645
-228.27933371790363,456.7094820066738,-333.6450644048993
-228.12061843179322,456.4896226713207,-333.96006705877676
-227.95541296818172,456.2784191226864,-334.2866644314732
-227.78382983439144,456.0760131538874,-334.6251012750893
-227.60595950876728,455.88255013338016,-334.97561883452573
-227.4275370900522,455.68691713219016,-335.33430727353533
-227.25380390412346,455.4786549686232,-335.6968488534678
-227.08387456315714,455.25912306851797,-336.0626722882207
-226.91691763708005,455.02950086223336,-336.4312239699348
-226.7521661709671,454.790807074256,-336.80198125201156
-226.588923440618,454.5439187865371,-337.17446057477855
-226.42656468663657,454.28958950267497,-337.54822148946124
-226.2645357945649,454.0284657422646,-337.9228676686629
-226.10417653622733,453.7681711518094,-338.29911182667246
-225.94735719686,453.5160027948457,-338.677731417832
-225.7946062291009,453.27190348773723,-339.05849226349255
-225.64642448475502,453.0358146103307,-339.4411809619809
-225.50328540833598,452.80767655136225,-339.8256037919346
-225.36563536406072,452.587429104787,-340.21158565104275
-225.2338940824756,452.3750118115681,-340.5989690335884
-225.1084551973969,452.17036425027726,-340.98761306175487
-224.9842259064048,451.9716691462518,-341.3775228284806
-224.85574968146233,451.77708389272624,-341.7689222398185
-224.72268351026676,451.5864981496535,-342.16211434629133
-224.5846922075834,451.3998018540437,-342.55739858601316
-224.44144855849115,451.21688519763205,-342.9550706673861
-224.29263344375,451.03763860325523,-343.3554224654458
-224.13793593918464,450.8619526986214,-343.75874193895027
-223.9770533940915,450.689718285921,-344.1653130617135
-223.81480522522884,450.51111257746044,-344.5756334433344
-223.6560053760112,450.3174999972102,-344.9900888163083
-223.50039543985494,450.11103401068726,-345.408745325997
-223.34780815014918,449.89365409346556,-345.8316830568824
-223.19814392905192,449.6671033632621,-346.2589923456608
-223.05135216273044,449.4329463245843,-346.6907704641249
-222.90741671158088,449.1925860592633,-347.1271187340601
-222.7663449511349,448.947280416166,-347.56814011897785
-222.62534502271953,448.70164649390983,-348.0134963846119
-222.48161258080313,448.4596854760324,-348.4627744744857
-222.3351388053395,448.2213552322774,-348.91592844616855
-222.18591287879008,447.986614212817,-349.3729132595044
-222.0339219891396,447.7554214322252,-349.833684744187
-221.8791513288613,447.5277364534512,-350.2981995687657
-221.72158409257284,447.3035193696469,-350.76641521287
-221.56120147099958,447.0827307877819,-351.2382899363345
-221.39869329621337,446.8625242440404,-351.7116115875077
-221.23474580843157,446.6400376548453,-352.18413789331464
-221.06933185011712,446.41520067282534,-352.65576811736645
-220.90242447386984,446.18794312726635,-353.12640319706685
-220.7339969152237,445.9581949794363,-353.59594564639747
-220.5640225616361,445.72588627683353,-354.064299456647
-220.3924749203514,445.490947105761,-354.53136999663326
-220.21932758799957,445.25330754878405,-354.9970639245486
-220.04270182227978,445.01356951188853,-355.4632382709303
-219.8607428884273,444.7723738856419,-355.93179647395266
-219.67347232039464,444.52972884213904,-356.402738559496
-219.48091131254867,444.2856424609247,-356.8760644165757
-219.28308074495624,444.04012273562194,-357.351773800203
-219.08000119865548,443.79317757782115,-357.829866333412
-218.8716929694963,443.54481482001785,-358.31034150880896
-218.65817608198012,443.29504222010195,-358.7931986922683
-218.4423615523857,443.04860414303016,-359.27888581906814
-218.22721664156725,442.8102325728329,-359.76781762361196
-218.01287377149043,442.57991843533654,-360.2599335919493
-217.7994646337179,442.3576689920383,-360.75518615361875
-217.5871204027589,442.143507562973,-361.25354027049593
-217.37597194021578,441.9374733273346,-361.754973098358
-217.16614998735992,441.7396212028051,-362.25947371699425
-216.9577853478556,441.55002179977396,-362.76704292969595
-216.74894653288217,441.36482184877144,-363.275802991236
-216.53762873949518,441.18017047305005,-363.783900049767
-216.32381485505738,440.9961529447906,-364.2913891275687
-216.10748571701447,440.81285832683005,-364.7983265073536
-215.88861993029067,440.6303797307355,-365.30476981243487
-215.66719366020715,440.4488145997945,-365.8107780927359
-215.44318039996546,440.2682650212689,-366.3164119177729
-215.21655071746014,440.0888380640646,-366.8217334747043
-214.98833382744021,439.9061647881143,-367.32608412081635
-214.75947634807662,439.7160657586796,-367.8286600663152
-214.52979280290253,439.51899817492415,-368.3292472964421
-214.29911915450128,439.3153610981616,-368.8276567663246
-214.06731116440253,439.1055038631709,-369.32372147981374
-213.83424273560937,438.88973316557093,-369.8172939046696
-213.5998042961667,438.66831903959417,-370.3082436897045
-213.36390124528643,438.4414999286849,-370.796455640729
-213.12622732100476,438.2097194753912,-371.2845593623464
-212.88673883566955,437.9733646567422,-371.7751549868096
-212.645877178442,437.7325412728032,-372.2680699161282
-212.40409170952648,437.4873455502714,-372.7631200701798
-212.16184088128327,437.2378638437893,-373.2601091453487
-211.91959341596822,436.9841722885492,-373.7588278281029
-211.6778295440554,436.7263364030064,-374.2590529616034
-211.43704230979625,436.46441063646455,-374.7605466620663
-211.19637918971677,436.20125220243216,-375.263402318124
-210.95472914549458,435.93968373300027,-375.7678352525177
-210.7120751680931,435.6796849633264,-376.27384380627115
-210.4684001713087,435.42123559967683,-376.7814262165684
-210.22368699821178,435.1643153222769,-377.29058062015145
-209.97791842687215,434.9089037861354,-377.8013050573731
-209.73107717572694,434.65498062228767,-378.3135974774424
-209.48314591073606,434.4025254398729,-378.82745574200067
-209.23495312957246,434.1520858730498,-379.34359540112206
-208.98733887321634,433.90423293253065,-379.8627188600178
-208.7403097600243,433.65899157128223,-380.38479735573264
-208.49387401104656,433.4163842149261,-380.909801578125
-208.24804131954818,433.17643096807564,-381.43770173495534
-208.00282272982972,432.93914980313065,-381.96846761137186
-207.75823052630338,432.7045567322469,-382.50206862474676
-207.51427813062125,432.4726659691573,-383.0384738748637
-207.2684834674559,432.24228327405325,-383.5781299771887
-207.01838524749132,432.01220980513824,-384.12151255114827
-206.7640381469683,431.7824499074909,-384.66864763297644
-206.50549538541057,431.5530078363204,-385.21955945596596
-206.24280878691138,431.32388777113806,-385.7742705415442
-205.97602883617265,431.09509383023556,-386.33280178605725
-205.70520473430372,430.8666300809096,-386.89517254481245
-205.43038445080438,430.63850054872603,-387.4614007118291
-205.15351111868497,430.4120595709391,-388.02960776193953
-204.87644500076192,430.18866218543246,-388.59794737068927
-204.59906653703348,429.96831452221886,-389.16650190173124
-204.32125346682068,429.7510245770664,-389.7353553079111
-204.04288067758188,429.5368023134946,-390.3045931933601
-203.7638200407627,429.32565977058863,-390.87430287768876
-203.48394023757157,429.1176111819948,-391.4445734648594
-203.20310656821079,428.91267310979015,-392.01549591544153
-202.92010805896558,428.7102333765256,-392.58702485650605
-202.63388337706303,428.5096470103128,-393.1590564788162
-202.3445896002729,428.3108653214028,-393.73156597143
-202.05237280290322,428.1138378608584,-394.30452885042376
-201.7573688420987,427.91851277436996,-394.87792099461046
-201.45970408985022,427.7248371203006,-395.4517186776665
-201.15949611060046,427.53275715689875,-396.025898593792
-200.8568542955368,427.3422185991484,-396.6004378801667
-200.55094345497525,427.1516708985313,-397.174333224307
-200.2408817111691,426.9595598536701,-397.7466781082638
-199.92668125013122,426.76582669409936,-398.317636133551
-199.60835463670543,426.5704182504811,-398.88735698793937
-199.28591460016645,426.3732864168912,-399.45597792579645
-198.95937386257157,426.17438766564817,-400.02362507247403
-198.62874500341883,425.97368261594335,-400.5904145656172
-198.2940403548821,425.77113564614325,-401.15645356003847
-197.95907705172016,425.5661887452801,-401.7206883161608
-197.62763269669972,425.3583224450781,-402.2820858877952
-197.29963987739686,425.1475783212093,-402.84079191602495
-196.9750301831505,424.9339953697668,-403.3969544076562
-196.65373413653143,424.7176100484796,-403.9507238585985
-196.33568112599832,424.49845630575857,-404.50225338332535
-196.02079933652345,424.27656560210266,-405.05169884624206
-195.70901568212315,424.05196692470065,-405.5992189967491
-195.399487002537,423.82688559638933,-406.14892466677003
-195.09143380786986,423.60357610039847,-406.70479720725905
-194.78491026557006,423.38212309316964,-407.2667401944954
-194.47997122239258,423.16260830505564,-407.83466171679765
-194.17667216017338,422.945110669103,-408.4084741594706
-193.87506915855892,422.7297064479803,-408.98809400024265
-193.57521886373726,422.51646935780235,-409.57344161662405
-193.2771784671055,422.3054706890893,-410.1644411020866
-192.97742640197572,422.0961653883425,-410.7622685499263
-192.67240459798592,421.8879276053705,-411.3681185751889
-192.3620960694497,421.6806690791988,-411.98195432992225
-192.046481292227,421.4743069235374,-412.60373938479506
-191.72553862785523,421.2687629106499,-413.2334377577068
-191.39924469246438,421.06396285544605,-413.8710139388221
-191.0675746652165,420.8598360987763,-414.516432911075
-190.73050255246855,420.65631506533316,-415.16966016757357
-190.38949818141185,420.45636491280305,-415.826155413656
-190.0462650514433,420.2632379371165,-416.4816840527399
-189.7012219378855,420.0774303323994,-417.1368151940871
-189.35474429112514,419.8994160370662,-417.7921032133192
-189.00716678297013,419.72964937985887,-418.4480903446207
-188.65878559508067,419.56856756315926,-419.10530908667744
-188.30986046018086,419.41659299879785,-419.7642844343016
-187.96061646420742,419.2741355120589,-420.42553595511447
-187.61235232683063,419.13277423596793,-421.0886051367507
-187.26613924138522,418.98424610315186,-421.7526897478897
-186.9217341769636,418.82925008341294,-422.4176264685119
-186.57890512842013,418.6684415144141,-423.0832655384415
-186.23743385615344,418.5024281674462,-423.7494706919604
-185.89711768838293,418.33176821705973,-424.41611884107044
-185.55777049455568,418.1569698778004,-425.0830995397671
-185.21922297679666,417.97849239191504,-425.75031428030314
-184.8824902273164,417.79973685568945,-426.41804296093306
-184.54867359783117,417.62389050150887,-427.08660102133865
-184.21778517969074,417.4509609095353,-427.7559665086736
-183.8898373816733,417.28095621210616,-428.4261168382781
-183.5648429458773,417.1138851206043,-429.0970287503761
-183.24281496563583,416.94975695137606,-429.7686782694848
-182.9237669036658,416.78858165236744,-430.4410406597409
-182.60771260842478,416.63036983143195,-431.1140903794227
-182.29295639546328,416.47568947672585,-431.7862478831196
-181.97786354556567,416.32495827269287,-432.4560660757382
-181.662561016156,416.17790453107006,-433.1237721198925
-181.34715898600507,416.0342894076345,-433.78957116692766
-181.03175337071175,415.89390187551265,-434.4536492166304
-180.71642787926675,415.7565546046933,-435.11617552597136
-180.40125570627808,415.6220805587376,-435.77730465080134
-180.0863009398433,415.4903301720251,-436.4371781798688
-179.77278138543394,415.35816486683217,-437.09593273936537
-179.4616986578585,415.22260866178067,-437.75375816911486
-179.1526873869521,415.08383937448275,-438.410889156345
-178.84539742196526,414.9420234929289,-439.0675460676453
-178.5369197488614,414.7974741628463,-439.7241663282814
-178.2245361850465,414.6504249569487,-440.38109357049944
-177.9082849676397,414.50087826598525,-441.03835285421644
-177.5882023068632,414.3488371262858,-441.69596800511454
-177.26432254819682,414.1943051636872,-442.35396170920313
-176.93667831534728,414.03728654356195,-443.01235559455205
-176.60530064321128,413.8777859220585,-443.67117030700393
-176.27021909665925,413.7158084033207,-444.330425580016
-175.93129416675507,413.5545911498922,-444.9912676850512
-175.5883569235841,413.39727854618206,-445.6547679373404
-175.24137457597246,413.24369435542144,-446.32080015151473
-174.89030819182898,413.09367017171223,-446.9892468202703
-174.53511289562474,412.9470451545015,-447.6599987567412
-174.17573802370933,412.80366579240746,-448.3329547684625
-173.81212723865107,412.6633856963906,-449.0080213623283
-173.44421861141896,412.52606541785354,-449.68511248185416
-173.07096949429027,412.3888614818746,-450.3643673657311
-172.69136046531443,412.2489556482453,-451.0459614721161
-172.30537524936562,412.10626413545384,-451.72988396173724
-171.91300202445416,411.96070647407765,-452.41612224007247
-171.51423335234523,411.8122054412668,-453.1046619571116
-171.10906611204763,411.6606870016548,-453.79548701391263
-170.6975014249665,411.50608024980846,-454.48857957583414
-170.27954457815665,411.34831736113097,-455.18392008624454
-169.86094203374716,411.1854483311204,-455.8780691075155
-169.4473043884717,411.0157419017491,-456.5678386537557
-169.03836194465632,410.8395515526679,-457.25370439091944
-168.6338353945223,410.6571978341119,-457.93612877921515
-168.23343708423454,410.4689710177593,-458.615561924734
-167.83687224312658,410.27513354535546,-459.29244236491763
-167.44384016418348,410.07592228558536,-459.9671977946595
-167.05403531280237,409.8715506146843,-460.64024574752415
-166.66652381074738,409.66693238256636,-461.3121388655859
-166.2805057987053,409.4668819731399,-461.9831147668175
-165.89594295178853,409.27140371674767,-462.6529511309391
-165.51279881091708,409.0805042354384,-463.32141560934417
-165.13103909764862,408.8941927830081,-463.9882653046036
-164.750632055183,408.71248161346085,-464.6532462061897
-164.37154881678876,408.535386376701,-465.31609258358293
-163.99376380266082,408.3629265486137,-465.97652632823815
-163.61531636599085,408.1923593487025,-466.63299677055033
-163.23417713500777,408.02100351799965,-467.28401749164317
-162.85017693255668,407.84901144562855,-467.929421883536
-162.46313061547195,407.6765518577981,-468.5690204562933
-162.07283556987923,407.5038120133764,-469.2025973521077
-161.67907006178928,407.3310002539429,-469.8299062278123
-161.28159143684792,407.15834897293615,-470.45066538351347
-160.8801341574928,406.9861180797835,-471.0645519835644
-160.47682482762318,406.81232201836923,-471.6728826610242
-160.0739303763869,406.63485344090566,-472.27719727302497
-159.67145429629025,406.4537444030803,-472.8775982850823
-159.2694011695493,406.26902953251385,-473.47419015007057
-158.86777664631097,406.0807461092651,-474.0670793175208
-158.46658738327187,405.8889341053217,-474.6563741415905
-158.06584101550706,405.6936362499513,-475.2421848754603
-157.66554616398733,405.49489812795423,-475.8246237644357
-157.26701571616377,405.2957268786164,-476.40489799187964
-156.87154309610005,405.0991042920726,-476.9841618438919
-156.4790986151157,404.90502660999726,-477.56242286694635
-156.08965226754756,404.7134901486287,-478.13968880695927
-155.7031737276395,404.5244912941921,-478.7159676137896
-155.3196323436905,404.33802650034966,-479.2912674485701
-154.93899713303784,404.15409228660235,-479.86559668895273
-154.56123677739794,403.97268523454625,-480.43896393438337
-154.18424502085986,403.78959258370554,-481.0110030551865
-153.80597212470718,403.6007208582569,-481.58143985074196
-153.42649820089926,403.4063025227332,-482.15046420410954
-153.0459013231526,403.20656427679705,-482.7182606828143
-152.66425752777167,403.0017272084855,-483.28500866148204
-152.2816408112388,402.7920069441158,-483.85088244170356
-151.89812312659092,402.5776137862713,-484.4160513688586
-151.51377437745228,402.3587528479702,-484.98067994220474
-151.12570683887267,402.1363493520472,-485.54605499655537
-150.73096033217826,401.9112103267345,-486.11338146075866
-150.3294573497023,401.6833018143977,-486.682657416343
-149.92111718076106,401.4525890220117,-487.2538805178187
-149.5058557131756,401.2190362682275,-487.8270479764655
-149.08358522526444,400.982606927786,-488.40215654346474
-148.65421416091695,400.74326337292047,-488.9792024917792
-148.21764689132405,400.50096691257977,-489.558181597497
-147.77822059595823,400.25919927947047,-490.1393329818375
-147.34034447354145,400.02147476701475,-490.72292122988745
-146.9040659258495,399.78781877935097,-491.308992210755
-146.46943384825568,399.55825659960874,-491.89759060573374
-146.03649862575801,399.33281336127806,-492.4887598602612
-145.60531212769885,399.11151402243837,-493.08254213790366
-145.17592770004484,398.8943833359341,-493.6789782726723
-144.74840015916126,398.68144582050206,-494.2781077215777
-144.32219084741695,398.4692684961289,-494.88101534605
-143.89677814004312,398.2543898204564,-495.4886259559148
-143.47225521147308,398.0367756515608,-496.1006572536679
-143.04872296450282,397.816388864512,-496.7168248674207
-142.62628992511483,397.5931892579602,-497.33684200555246
-142.20507215647964,397.3671334486677,-497.9604191068325
-141.78519319544455,397.1381747525597,-498.58726347945606
-141.3667840052834,396.9062630482432,-499.2170789323316
-140.94728005365747,396.67180859922985,-499.8473682070242
-140.5240588569001,396.43525965556057,-500.47574791476353
-140.09713965591496,396.1966418348857,-501.10214691251485
-139.6665425858649,395.9559833567869,-501.72649229855944
-139.23228873061692,395.71331521028105,-502.3487092887555
-138.79440018312224,395.46867133408864,-502.96872108588536
-138.35290010982237,395.22208881300384,-503.5864487414921
-137.9078128212239,394.97360809179827,-504.2018110066303
-137.4601997330421,394.7232090425503,-504.8185081582155
-137.0111472814759,394.47083020973804,-505.4402296332172
-136.5607282805804,394.2164316838827,-506.06686992572395
-136.1090111465181,393.95997495268875,-506.6983208401982
-135.65605961195934,393.7014230310347,-507.3344716693371
-135.20193246549874,393.44074058436775,-507.97520939029147
-134.74668332544545,393.1778940453866,-508.6204188790049
-134.29036044745249,392.91285172163464,-509.2699831388576
-133.83288051375862,392.64868640584314,-509.92302304306577
-133.37415632834427,392.3884625047131,-510.57877950381334
-132.91422115541906,392.13213311690953,-511.23737622443076
-132.45309894215143,391.8796525299638,-511.89893974958693
-131.9908049002948,391.6309762413694,-512.5635991720335
-131.52734604084284,391.3860609717717,-513.2314858844105
-131.06272166225088,391.1448646772787,-513.9027333721791
-130.5969238017602,390.90734655349553,-514.5774770476814
-130.13291558723415,390.67040674802297,-515.2555612836552
-129.67353579276607,390.43084336311256,-515.9366380409208
-129.21852754575755,390.1884103689865,-516.6204469090051
-128.76764121538878,389.9428586344182,-517.30670411228
-128.32063441178295,389.69393555228015,-517.9951035743253
-127.87727191381981,389.4413846456552,-518.6853181496588
-127.43732553656947,389.1849451605812,-519.3770009988781
-127.00057393477032,388.9243516494735,-520.0697870508233
-126.56835985341816,388.661099697976,-520.7616780698639
-126.1421064096196,388.39688977628657,-521.4508254722592
-125.72175692530148,388.13185969262275,-522.137154989103
-125.3072554387074,387.866139622513,-522.8205929827174
-124.89854657387286,387.59985253750784,-523.5010666725544
-124.49557542267563,387.3331145534677,-524.1785043823177
-124.0982874316136,387.066035203045,-524.8528358135479
-123.70662832883109,386.79871775097945,-525.523992241961
-123.31827138728616,386.5326003641707,-526.194439522208
-122.93092598738255,386.26905296024603,-526.8666581059424
-122.54460987917665,386.0080401906101,-527.5406096540278
-122.15933993540624,385.74952810966244,-528.2162565288655
-121.7751322073201,385.49348409671074,-528.893561762327
-121.39200197795608,385.239876780753,-529.572489029111
-121.00996380893258,384.9886759717043,-530.2530026208756
-120.62903158677302,384.7398525928228,-530.9350674221573
-120.2458559016697,384.494050573935,-531.6187936811136
-119.85732792590728,384.2515996569731,-532.3042615459647
-119.46390220789284,384.0118909212625,-532.9913821042144
-119.06596016673706,383.77440342376,-533.6800778133609
-118.66382326641055,383.5386908884926,-534.3702809181558
-118.25776347584046,383.30437063502734,-535.0619320749288
-117.84801173302509,383.07111417906356,-535.7549791560976
-117.43476481086041,382.8386392816085,-536.4493762283068
-117.01951386752752,382.60424198125645,-537.1447344680503
-116.60373412570856,382.3653886782771,-537.8406780607392
-116.18757361640633,382.12215570927236,-538.5371915884944
-115.77117825476287,381.8746127625184,-539.2342629273057
-115.35469192775751,381.622822853106,-539.9318832986793
-114.93825657234441,381.36684226662294,-540.6300473401797
-114.52201223717921,381.1067204749504,-541.3287531982642
-114.1060971327967,380.8425000227428,-542.0280026433496
-113.69157321645112,380.57619819789426,-542.726938649224
-113.27945429533682,380.3098627271246,-543.4247059803497
-112.86978092134063,380.04359114395885,-544.1213123149819
-112.46259239939144,379.77747652475716,-544.8167662576384
-112.05792684936426,379.5116077584575,-545.5110772634015
-111.65582126556285,379.24606979564373,-546.2042555712201
-111.25631157735846,378.98094388698337,-546.8963121476428
-110.85943270311962,378.7163078017956,-547.5872586375853
-110.4640811476565,378.452645042093,-548.2758061081496
-110.0690927140485,378.1903927025339,-548.9607315588443
-109.67438091664738,377.92953409605354,-549.6421777770597
-109.27986017180515,377.67005241551266,-550.3202854691684
-108.8854458034331,377.41193073776356,-550.9951932888961
-108.49105404587814,377.1551520263456,-551.6670378646194
-108.09660204447437,376.8996991335255,-552.3359538307174
-107.70200785897012,376.64555480257576,-553.002073854155
-107.30601541550661,376.392140337716,-553.6673049969297
-106.90744433934134,376.1388449809234,-554.3335165815582
-106.50636006763989,375.885592212134,-555.0007627021206
-106.10281972637154,375.63231456267965,-555.6690934822769
-105.69687314639826,375.37895259380974,-556.3385555668565
-105.28856374165876,375.1254540036498,-557.0091925492824
-104.87792927005361,374.8717728338189,-557.6810453457691
-104.4650025005031,374.6178687632635,-558.354152528751
-104.0507450764083,374.36492031912195,-559.0307154291241
-103.6360910030182,374.1141204231978,-559.7129339309232
-103.22101551148491,373.8654599804884,-560.4008428851711
-102.8054937512845,373.6189296406028,-561.0944776852623
-102.38950077356478,373.37451979524553,-561.7938743008191
-101.97301150474755,373.13222058189575,-562.4990693210826
-101.5560007279239,372.89202188438367,-563.2100999911529
-101.13844306432406,372.65391333084176,-563.9270042479895
-100.72170932217642,372.4154287757246,-564.6448662680183
-100.3071181011414,372.1740808758389,-565.3588150706184
-99.89453812112522,371.92981605580434,-566.0689792529485
-99.48383578621217,371.68257965626714,-566.7754886194194
-99.07487519215177,371.43231593642395,-567.4784741244739
-98.66751813855413,371.17896807881186,-568.17806781155
-98.26162414203822,370.92247819469674,-568.8744027475158
-97.85705045134613,370.6627873307746,-569.5676129551957
-97.45138598968211,370.40233951896477,-570.2606909159485
-97.04234109630008,370.1436345159414,-570.9565821140637
-96.63001263275268,369.88672341576404,-571.6553281542937
-96.21449286178114,369.6316551671632,-572.3569728535421
-95.7958695780369,369.37847667992924,-573.0615622056976
-95.37422623878759,369.1272329302471,-573.769144348493
-94.9496420934158,368.8779670628318,-574.4797695277424
-94.52219231147225,368.63072049475136,-575.1934900609817
-94.09182165559808,368.3866546102925,-575.9070561183435
-93.65861219112213,368.1465783130953,-576.6172891044256
-93.22288896944275,367.9098707032962,-577.3243788567219
-92.78493428460908,367.6759922967949,-578.0285023897568
-92.34499323514075,367.4444746144868,-578.7298227422124
-91.90327868980131,367.21491095017007,-579.4284887851188
-91.4599756438066,366.9869482701313,-580.1246356240664
-91.01524500959447,366.76028014281496,-580.818385354276
-90.57132586397907,366.53418841062165,-581.5119781910543
-90.13036425652182,366.3082100991877,-582.2075923618324
-89.69232654401064,366.08256097498685,-582.9052210014632
-89.25718420801292,365.8574385898021,-583.6048596442332
-88.82491329496162,365.633024162278,-584.3065058569366
-88.39549400644172,365.409483923831,-585.0101589373952
-87.9689102660469,365.186970616555,-585.7158196547011
-87.54514926559949,364.965625122992,-586.4234900260572
-87.12290121884139,364.7457280845741,-587.1299553388964
-86.70095524156613,364.527484263799,-587.832053519547
-86.27949211491028,364.3108776143003,-588.5298898358533
-85.85868146479591,364.0958927875347,-589.2235645350637
-85.43868254562662,363.8825152094739,-589.9131732000279
-85.01964495858805,363.67073113076293,-590.5988070715381
-84.60170930691031,363.4605276573683,-591.2805533401527
-84.18500779283404,363.251892762721,-591.9584954101251
-83.76777150640343,363.0449079707909,-592.6325123047403
-83.34825703764199,362.839562665248,-593.302698006687
-82.9266349716335,362.6356743653305,-593.9695318503318
-82.50305961211771,362.43308485736117,-594.6334334981805
-82.07767062107014,362.23165630442446,-595.2947714499155
-81.65059449571646,362.0312680754592,-595.9538701277173
-81.22194589415268,361.8318141463141,-596.6110158087131
-80.79182882022573,361.63320095302714,-597.2664616252086
-80.36101931716016,361.4355790203748,-597.9180388063866
-79.93031171614736,361.239161905761,-598.5634713240838
-79.499839047541,361.04398600003384,-599.2027820291964
-79.06972936544018,360.85008423312087,-599.8359931353601
-78.6401058829454,360.65748630505607,-600.4631262947672
-78.21108710598065,360.4662189074897,-601.0842026737455
-77.7827869670541,360.27630593615777,-601.6992430269058
-77.35531496474003,360.08776869609954,-602.3082677672376
-76.92844361158497,359.90200319107134,-602.910006959471
-76.50199984232435,359.7204349342925,-603.5028727355314
-76.07620037817702,359.54314442512566,-604.0862519392854
-75.65126298098869,359.37021522991927,-604.6595367666707
-75.22740689061317,359.2017346230585,-605.2221255858589
-74.80485339262304,359.03779432298035,-605.7734235862335
-74.38382651971862,358.87849132150313,-606.3128432580925
-73.96455388455706,358.72392879790607,-606.839804683044
-73.54312433142172,358.57169542852057,-607.3594315699294
-73.11537944709217,358.4193453575589,-607.8771088158376
-72.68104470113246,358.2669178850665,-608.392778555913
-72.23982589419582,358.1144553125738,-608.9063740950611
-71.79140734535197,357.9620030838633,-609.4178188447812
-71.33544990105787,357.8096099111555,-609.927025122014
-70.87158874741519,357.6573278851348,-610.4338927923017
-70.39943101403516,357.50521256544863,-610.9383077360419
-69.91611806091215,357.3582063723349,-611.4384604658329
-69.4177987262565,357.22175166490683,-611.9317995740633
-68.90181917709769,357.09703837060755,-612.4165090645631
-68.3662893222423,356.98554439147335,-612.8903124273781
-67.81077574926948,356.88902887904646,-613.3504793891277
-67.23527612231926,356.80948043192456,-613.7939037523931
-66.63978780978441,356.7488951604358,-614.2181356246808
-66.0243079442225,356.70822158329594,-614.6223642308395
-65.39416702902395,356.6714878085132,-615.0265895687107
-64.75469586363337,356.62295502554275,-615.4508116361362
-64.10589580306248,356.5630758082728,-615.8950304308602
-63.44777868954494,356.49228313974544,-616.3592459505204
-62.78036682668372,356.4109917459681,-616.8434581926484
-62.10369289047448,356.3195992685457,-617.3476671546694
-61.41779980440387,356.2184873185638,-617.8718728339021
-60.72274058674689,356.1080224036138,-618.4160752275592
-60.02453858760099,355.99650414792404,-618.9602743327556
-59.32933966854561,355.8921403714087,-619.4844701466063
-58.63744315362568,355.79510830085525,-619.9886626663241
-57.949139495559095,355.70558955624097,-620.4728518892277
-57.264710539639566,355.62376995371636,-620.9370378127426
-56.58442980483829,355.54983925856067,-621.3812204344002
-55.90856277352822,355.483990881197,-621.8053997518389
-55.23736716349457,355.42642152437315,-622.2095757628027
-54.55857463857302,355.3797788263843,-622.6091963444503
-53.85978878244814,355.34705215561144,-623.0200496654641
-53.14100748943999,355.3291366000678,-623.4428205590928
-52.40222852129803,355.3269502472135,-623.878203727144
-51.643449504051766,355.34143128524283,-624.3269066300898
-50.86466792532062,355.37353461704333,-624.7896526108235
-50.06588113214468,355.42422814179963,-625.2671840317677
-49.24708633367131,355.4944004154571,-625.7602651301705
-48.408280863467105,355.5797933356104,-626.2636302731673
-47.54946292488662,355.6760867329735,-626.7717923145673
-46.67063086439183,355.783970946555,-627.2850894469921
-45.77178292590636,355.9041571476534,-627.8038695921828
-44.85291724788967,356.0373757977508,-628.3284882964779
-43.9140318606344,356.1843751426454,-628.8593066124615
-42.95512468377589,356.3459198224553,-629.3966890206675
-41.97619352399404,356.52278961608977,-629.94100143902
-40.99723696410013,356.69744685547033,-630.4988687246702
-40.038257054463365,356.8519627774683,-631.0767326575998
-39.09925671704549,356.98634029575373,-631.6745932347362
-38.180238873702024,357.10058232442276,-632.2924504529003
-37.28120644618221,357.19469177799755,-632.9303043088064
-36.40216235612904,357.2686715714266,-633.5881547990629
-35.543109525079196,357.3225246200843,-634.2660019201713
-34.70405087446307,357.3562538397713,-634.9638456685275
-33.8849888825971,357.3789748352394,-635.6616860404293
-33.08592424912075,357.3999377415399,-636.339523032175
-32.30685719811514,357.4194092681583,-636.99735664016
-31.547787915847383,357.43764566041864,-637.6351868608862
-30.80871655228504,357.45489287113935,-638.2530136909619
-30.089643222584233,357.4713867251369,-638.850837127102
-29.390568008551995,357.48735316002364,-639.4286571661272
-28.71149096006451,357.50300853662407,-639.986473804965
-28.037880172103538,357.52014042636523,-640.5313493713691
-27.35503447425641,357.54048841346133,-641.0702266949087
-26.662610424842143,357.5641793691135,-641.6028601281491
-25.960254020606083,357.59136077550386,-642.1289902330813
-25.247599966382587,357.62220278461524,-642.6483427568771
-24.52427090439585,357.65690037755525,-643.1606275425563
-23.789876582202773,357.6956756267596,-643.6655373869631
-23.044012989782935,357.73878001767633,-644.1627468427145
-22.28608536850078,357.7849248785588,-644.6660206714693
-21.515729304922857,357.83276684866206,-645.1892910721691
-20.73299044327942,357.882465262107,-645.7325580420313
-19.937906720809902,357.93418327094844,-646.2958215781672
-19.130508124971893,357.98808787455124,-646.8790816775816
-18.31081646256537,358.04434994988486,-647.4823383371728
-17.478845115979617,358.10314426795617,-648.1055915537331
-16.63459878799309,358.16464950925115,-648.7488413239482
-15.774210068823054,358.237492724346,-649.3920876444066
-14.893809528375641,358.3302089984109,-650.0153305116967
-13.993394254470106,358.4427954126471,-650.6185699225042
-13.072961335032124,358.5752490478312,-651.2018058736213
-12.13250785809382,358.72756698431505,-651.7650383619468
-11.172030911793781,358.89974630202573,-652.3082673844856
-10.191527584377068,359.0917840804658,-652.8314929383491
-9.190994964195232,359.3036773987131,-653.334715020755
-8.181626753251557,359.5354238797372,-653.8379336290184
-7.174736410533283,359.78702332917027,-654.3611487604546
-6.1705604301641905,360.0584761256404,-654.9043604122816
-5.1693351319696434,360.34978268225325,-655.4675685816105
-4.171296663859521,360.6609434465681,-656.0507732654467
-3.176680935546594,360.99195890056853,-656.6539744606888
-2.1857235963723474,361.34282956062447,-657.2771721641294
-1.198659992151958,361.7135559774529,-657.9203663724545
-0.21739048384256232,362.0861314718193,-658.5835570822438
0.7563959235167705,362.44284339732286,-659.2667442899709
1.7228907343832678,362.7842688330552,-659.9699279920028
2.6822895841755594,363.1109618639625,-660.6931081846003
3.6347916734636563,363.42345318975384,-661.436284863918
4.580599127009417,363.7222498573984,-662.1994580260039
5.519916246680783,364.0078351234226,-662.9826276667997
6.452948674711671,364.28066846986525,-663.785793782141
7.392909136179087,364.53716953518585,-664.608956367757
8.352905656025666,364.7735320526474,-665.4521154192702
9.332935312284247,364.9897531003417,-666.3152709321972
10.332995182881143,365.1858297567868,-667.1984229019481
11.353082345636155,365.3617591009269,-668.1015713238269
12.393193878262588,365.5175382121324,-669.0247161930308
13.453326858367266,365.6531641701999,-669.967857504651
14.533478363450547,365.7686340553522,-670.9309952536722
15.620156029517513,365.8639456040191,-671.914129434973
16.70011752853964,365.9390991640242,-672.9172600433255
17.773846697812676,365.9940956792684,-673.9403870733956
18.841800705163262,366.0289360250321,-674.9835105197427
19.90441011260427,366.0436210118636,-676.0466303768198
20.962079289035067,366.0381513894341,-677.1297466389739
22.01518725193751,366.0128580943668,-678.2328593004454
23.064085651009375,365.9686641549069,-679.3559683553683
24.120959032250944,365.9052393403972,-680.4990737977706
25.197822078497968,365.8216589304669,-681.6621756215737
26.29467186716185,365.7179200099741,-682.8452738205928
27.411505475547695,365.5940196642031,-684.0483683885366
28.548319980854362,365.4499549788644,-685.2714593190077
29.705112460174448,365.285723040095,-686.5145466055021
30.88187999049432,365.101320934458,-687.7776302414097
32.07861964869413,364.89674574894286,-689.0607102200141
33.28844512395585,364.6845835920706,-690.3532420415967
34.50445221377712,364.4775524735068,-691.6446416565013
35.72660173920948,364.27591711290484,-692.9348258242662
36.954856199796104,364.07995127443945,-694.2237030313112
38.18918017854114,363.88993788717295,-695.5111734729377
39.42954078313892,363.7061691963535,-696.7971290408125
40.675908107729704,363.52894691750885,-698.0814533034771
41.928255716138004,363.35858244101547,-699.3640214385192
43.19357542777787,363.1885729296044,-700.6360861882079
44.47887056261168,363.01202464660713,-701.8888102304617
45.78414015406211,362.82848201110227,-703.121889765666
47.109383170778784,362.6375080015315,-704.3350705691623
48.454598519370315,362.4386846044128,-705.5282476273281
49.81978504725539,362.2316140608014,-706.7014209338183
51.20494154567905,362.01591927852405,-707.8545904823947
52.61006675265588,361.7912428310675,-708.9877562669252
54.019557458724314,361.55188542305405,-710.1127974149609
55.41806079601472,361.2923232578154,-711.2414750280783
56.8060730749043,361.01255790150407,-712.3735643572669
58.18408374318565,360.7125908483984,-713.5088639283969
59.552576179521225,360.39242352184726,-714.6471969387565
60.91202860896807,360.0520572750896,-715.7884127861508
62.26291516870636,359.69149339193075,-716.9323887037389
63.60570708105625,359.31073308725337,-718.0790315026352
64.94017737066483,358.9208147502549,-719.2369863436126
66.26597977498975,358.5326737468863,-720.4149373599998
67.58334625609277,358.1460961108844,-721.6128845455331
68.89251185758371,357.760849447699,-722.8308278938423
70.19371459579048,357.37668225884823,-724.0686653429013
71.48719473982393,356.99332448035034,-725.3260805275619
72.7731934166575,356.61048966187786,-726.6026493946213
74.0519514003324,356.227876427996,-727.897956980245
75.32294301880617,355.8454064379092,-729.2072544601033
76.58563456812028,355.46329635194576,-730.5255345945702
77.84024391561859,355.08182356319554,-731.8519098961387
79.08697612022692,354.7012567659637,-733.1855700717111
80.32602365943764,354.32185392605976,-734.5257771321614
81.55756680814916,353.9438607862911,-735.8718603071086
82.78177413128763,353.56750987376466,-737.223210915346
83.99880305070394,353.19301994031593,-738.5792773177607
85.21773480875486,352.8191927086879,-739.9397759077649
86.44782848545468,352.44480376068515,-741.3046913292129
87.6896146391701,352.07001999341014,-742.6740373587784
88.94367099818392,351.6950218242524,-744.0478312311346
90.21062580202688,351.32000400893264,-745.4260940607167
91.49116112528164,350.9451763768051,-746.8088512978161
92.78601612185464,350.5707644581538,-748.1961331908747
94.0959901353411,350.19700998680855,-749.5879752316112
95.4174565036573,349.8326398725047,-750.9761664987316
96.74691640343147,349.4867379683671,-752.3522762425941
98.08545133513474,349.1602134147745,-753.7159156295111
99.43413060157842,348.85349291822604,-755.0667204940779
100.79399360623093,348.56657492292896,-756.4043543470638
102.16603998857379,348.29945772446666,-757.728505966432
103.55123514491687,348.0521394751969,-759.03887855025
104.95051540303018,347.8246181888587,-760.3351815398877
106.34785563246845,347.60560411045316,-761.6143754396608
107.72689523594052,347.3838844443606,-762.8735652895174
109.08788222952198,347.1596076143248,-764.1127510827616
110.43105443653151,346.9329184314308,-765.3319328128042
111.75663966534614,346.70395811512947,-766.531110473162
113.06485589484934,346.47286431328104,-767.7102840574585
114.35591146178757,346.23977110023714,-768.8694535594232
115.6300052519404,346.004808972988,-770.0086189728921
116.89384663603957,345.75885256432315,-771.1395331003735
118.15430559837633,345.49271208601897,-772.27390356839
119.41189754679407,345.20638799377156,-773.4116313408917
120.66713351250156,344.89988066836605,-774.5525994074344
121.9205149725724,344.57319041668956,-775.696671596928
123.1725285675403,344.22631747350994,-776.8436915545836
124.42364087442674,343.8592620040221,-777.9934819305759
125.6742934900706,343.47202410713896,-779.1458439234721
126.93039198782785,343.0724752250403,-780.2894372573455
128.19801310074243,342.6685550151843,-781.4130264419969
129.4779445718944,342.2603966146591,-782.5166114714515
130.7710110662965,341.8481250049402,-783.6001923398408
132.0780749187644,341.431856066125,-784.6637690414028
133.40003662508536,341.0116952770259,-785.7073415704821
134.73783502636346,340.5877360122848,-786.7309099215294
136.09244711733945,340.16005744943504,-787.7344740891016
137.45591616012308,339.72097806652164,-788.7380340678535
138.8200110478613,339.26320240772355,-789.7615898524398
140.1851877853479,338.78757027256603,-790.8051414374175
141.55191641552804,338.294912130913,-791.8686888172377
142.92067692187143,337.7860425799619,-792.9522319862448
144.2919548641063,337.2617543120735,-794.0557709386769
145.66623693921886,336.7228128604913,-795.1793056686661
147.04400667073713,336.1699522774403,-796.3228361702377
148.42337968642846,335.6097758231471,-797.4788919466204
149.80222497974847,335.0485429795156,-798.6399985253461
151.18053048651498,334.48628357356716,-799.8061482613093
152.55828596438707,333.9230279084032,-800.977334129743
153.93548302440428,333.35880674529403,-802.1535497257413
155.31211516180795,332.79365128671725,-803.334789259015
156.68817777279344,332.2275931543851,-804.5210475593748
158.0636681818684,331.66066436965394,-805.7123200826918
159.43437748734695,331.08836954673234,-806.896638616708
160.7962940309411,330.5063818461046,-808.0625583230441
162.1498046071648,329.9150557164859,-809.2110911536221
163.49528346223448,329.3147177147804,-810.3431895125552
164.83309292243638,328.705668460036,-811.4597493260209
166.16358395768563,328.0881845138795,-812.5616129666975
167.48709669838448,327.4625201786185,-813.649572045642
168.80396090485388,326.8289092258915,-814.7243700816203
170.11412963104087,326.18128540070893,-815.791101309342
171.4174885968241,325.51347099533143,-816.8543043548102
172.71422887725626,324.8256000666146,-817.9136015671173
174.00454511486487,324.11876487241705,-818.9686575112007
175.28863474312018,323.3947986993176,-820.0192150668013
176.5666956356715,322.65537971667237,-821.0651161258203
177.83892721530947,321.90205318036203,-822.1062980475128
179.10552960297994,321.13624683206626,-823.1427845158508
180.37147475743487,320.36289845997277,-824.1772861904283
181.64161644298468,319.5862843995372,-825.2124683788675
182.91591831491712,318.8064528662896,-826.2483044913964
184.19434468938965,318.0234492232072,-827.2847681209572
185.4758557087293,317.2410948799077,-828.314831198506
186.7594814598554,316.46316387929664,-829.3311674169045
188.045331121473,315.68959575187,-830.3331420938151
189.3335240796476,314.9203107853855,-831.3200969502133
190.6241902080101,314.15521015257656,-832.2913504985361
191.91747013035248,313.3941762348061,-833.2461986115526
193.21351548781448,312.63707314166265,-834.18391526528
194.51248922892975,311.88374742029686,-835.1037534015861
195.81241231094245,311.12719583942106,-836.0142783562734
197.11123251034243,310.3607228027017,-836.9243932323777
198.40897322178884,309.5847735119005,-837.834017782247
199.7056583949952,308.79977735435443,-838.7430749222846
201.00131208408595,308.00614763113117,-839.6514907884416
202.2959580785795,307.204281392533,-840.5591947187538
203.5896196094583,306.3945594083557,-841.4661191803252
204.8823191176504,305.577346260255,-842.37219966067
206.1713180797995,304.7583346394723,-843.2878401507775
207.45404903300403,303.94300660638606,-844.2234761566477
208.73087066815305,303.1312892870461,-845.1791076733053
210.00213225533543,302.32309448231473,-846.1547346956688
211.26817436168858,301.51831939386085,-847.1503572185503
212.52932955599417,300.7168472486044,-848.1659752366555
213.78592310405955,299.91854783460445,-849.2015887445838
215.03827364772044,299.12327794803696,-850.2571977368282
216.28729599444878,298.3307575334484,-851.3185535419722
217.53377416278545,297.5407732631121,-852.3713218233426
218.7777628235069,296.7533089902858,-853.4153285068904
220.01931816275902,295.9683484564322,-854.4503939653679
221.25849797932045,295.1858753515496,-855.4763328972122
222.4953617889088,294.4058733713881,-856.4929541968474
223.72997092241408,293.62832626523283,-857.5000608006671
224.96238862938577,292.85321790179347,-858.4974495511361
226.19509973611326,292.0692350643304,-859.4999255314642
227.43040943422542,291.2650722513723,-860.5220024768538
228.66804661648848,290.44142601988375,-861.5627242041589
229.90779016980696,289.6001834878824,-862.6210116749481
231.1494683507871,288.7435401276811,-863.6959005986973
232.3929478384002,287.8733517129669,-864.7865560588216
233.63812303633276,286.9911910657365,-865.8922517588188
234.88490778492678,286.098395472433,-867.0123528160816
236.13089811887144,285.1976113102808,-868.1348762086449
237.37370070584262,284.29105433191717,-869.2481033741408
238.6132580983996,283.37908012399373,-870.3519697190565
239.8495122342148,282.4620191293797,-871.4464099427796
241.08240448956815,281.540179070057,-872.5313583666161
242.3118757336519,280.613847114423,-873.6067492217999
243.53786636577013,279.6832918025916,-874.6725168945881
244.7603163491074,278.7487647748751,-875.7285961274861
245.98386491973014,277.8097180364297,-876.7810172343278
247.21318387033264,276.86552017875374,-877.8358345861164
248.44827830404495,275.91624448925177,-878.8930328912742
249.68915362604668,274.96195677751666,-879.9525999640894
250.93581552799063,274.0027161472863,-881.0145264457667
252.1882699730094,273.03857569043936,-882.0788055397832
253.44652323350988,272.06958312853834,-883.1454327563026
254.71058187493352,271.09578133945,-884.2144057016527
255.9788635409957,270.11860167918934,-885.2797943023743
257.24979931100415,269.1394926608371,-886.3356567698532
258.52342510770245,268.1585276427444,-887.3819692704453
259.79978195473063,267.1757772132496,-888.4187099956846
261.0789161612295,266.19130912072023,-889.4458592600348
262.36087952217036,265.205188196414,-890.4633995814754
263.6457295230836,264.217476277489,-891.4713157420598
264.93352955347933,263.2282321348716,-892.4695948322611
266.2255067339362,262.2383435320512,-893.4621139072423
267.52297252000903,261.2486239560647,-894.4527404968975
268.82616631306655,260.2589812455049,-895.4414411264014
270.13533655565294,259.2693213890895,-896.4281768069728
271.4507411687238,258.2795485734255,-897.4129027166919
272.77264801845416,257.2895652563966,-898.3955678717808
274.1013354159612,256.29927226152154,-899.3761147724932
275.4370926756928,255.3085688882683,-900.3544790352341
276.77282384014865,254.32019725961308,-901.3325358808212
278.1013756434178,253.3369477433331,-902.3121980335543
279.42292428401134,252.358813243234,-903.2934746216226
280.737638463449,251.38578392095866,-904.2763786946558
282.04567986176414,250.4178474564449,-905.260926939887
283.3472035944494,249.45498928971884,-906.247139419057
284.6423585437866,248.49719279038717,-907.235039405039
285.9312877693544,247.5444394564086,-908.2246531592737
287.2158544086509,246.5910247294396,-909.2123913995906
288.4977096566551,245.63139227722607,-910.194579500826
289.77657530250696,244.6658166824327,-911.1710811798429
291.0521824782817,243.69456709614332,-912.141773628476
292.3242710986152,242.71790710850823,-913.106547492313
293.59258927849794,241.73609465428362,-914.0653068408924
294.8568927436668,240.74938195731963,-915.0179691483927
296.1169442446859,239.75801548562364,-915.9644652857646
297.37389159804127,238.76431931436457,-916.9110939802532
298.6289268061203,237.77053141589286,-917.8642276733589
299.88190503157426,236.7767264567845,-918.8239486923859
301.1326837548989,235.78298554960648,-919.7903335929666
302.38112391526863,234.78939646904013,-920.7634522785809
303.62709112077624,233.7960538005989,-921.7433671217457
304.870456901903,232.80305901513697,-922.7301321140513
306.1110999866295,231.8105204465541,-923.7237920636453
307.35254147779125,230.8233727940312,-924.7244243022704
308.5986166423224,229.8464119234298,-925.732217793264
309.84985175382275,228.8794789745859,-926.7474758070906
311.10680517734835,227.92242873925798,-927.7705844190931
312.3700684371661,226.9751299357949,-928.8020182887575
313.640267228737,226.0374651846749,-929.8423465925179
314.9180623424588,225.1093306539316,-930.8922390311866
316.2041510565419,224.1906354149852,-931.9524725843488
317.49281134785485,223.2840229072402,-933.0151626929377
318.77805084298217,222.392353332657,-934.0720741928627
320.0600494849681,221.51598755921253,-935.1233571167459
321.3389972760744,220.6553125099521,-936.1692001532354
322.6150947778536,219.81074284281294,-937.2098330614698
323.8885535370907,218.98272278201398,-938.2455293342123
325.1595964257212,218.17172819448442,-939.2766090274004
326.42845787645604,217.37826871202594,-940.303441835983
327.6991324819423,216.59247128260813,-941.3245494186432
328.9754630346621,215.80409594874948,-942.3382077332583
330.2573867318416,215.01293992528252,-943.344324620889
331.5448400050417,214.21880776405334,-944.3428155825482
332.8377587761047,213.42151146952793,-945.3336034790324
334.13607867878403,212.62087057669368,-946.3166182405283
335.4397352524873,211.81671219853214,-947.2917965771733
336.7486641043146,211.00887103794162,-948.259081698675
338.06727859031224,210.19879172019392,-949.219132935503
339.4004393520018,209.38824482286952,-950.1725719172736
340.74903213675276,208.57774290029315,-951.1192702848442
342.1140624772711,207.76784320941707,-952.0591016901691
343.4966737103494,206.95914993768,-952.9919433486428
344.89816696906075,206.15231591191696,-953.9176778856532
346.3193916614107,205.34804355265857,-954.8361955076214
347.76050481227514,204.54706759613111,-955.7473987372339
349.2204421142421,203.75652203095447,-956.6486464377687
350.69842692434685,202.9834996912321,-957.5371885026298
352.19504432703354,202.2286711583544,-958.4127152695187
353.71090329621825,201.49273662511152,-959.2749128814698
355.24648937871666,200.77631684078986,-960.123462770914
356.8019780855038,200.0796716505134,-960.9580416005525
358.3773723251706,199.40279815140926,-961.7783231468659
359.9726750062022,198.74569344018042,-962.5839780535903
361.58788806469033,198.08835461314112,-963.3787612059281
363.2230095474711,197.41077876660682,-964.1667507027167
364.8780365289874,196.71296299728422,-964.948261067516
366.5529660835762,195.9949044023067,-965.7236062815176
368.2477952854686,195.2566000792343,-966.4930996419234
369.96252120878995,194.49804712605382,-967.2570536079251
371.69714092755976,193.7192426411788,-968.015779644538
373.45165151569176,192.9201837234494,-968.7695880666745
375.2260500469939,192.10086747213273,-969.5110125288337
377.0203335951685,191.2612909869225,-970.2324318355751
378.8344992338119,190.40145136793927,-970.9338459830623
380.66854403641497,189.52134571573046,-971.6152549675654
382.5224650763627,188.62097113127024,-972.2766587854612
384.3962594269345,187.70032471595962,-972.9180574332327
386.28992416130393,186.75940357162648,-973.539450907469
388.20345635253904,185.79820480052555,-974.1408392048659
390.1268769339391,184.8333843965897,-974.7273123166538
392.0499837200466,183.8816439836817,-975.3035944900286
393.97232916265204,182.94307140025253,-975.8689517846626
395.89347199431376,182.01775521665775,-976.4226456726362
397.8129768568543,181.10578444864294,-976.9639336626212
399.7304138954584,180.20724824275192,-977.4920698854409
401.6453582935337,179.32223549122665,-978.0063056104885
403.55738981665974,178.45083440549095,-978.5058897588088
405.4778002440164,177.57612133718308,-979.0072372776317
407.41808809004414,176.68112674070576,-979.5270266320344
409.378250427563,175.76584771728778,-980.0650314770519
411.3582843292874,174.83028136858482,-980.6210232207654
413.35818686782613,173.8744247966795,-981.194771522122
415.3779551156822,172.8982751040814,-981.7860447649115
417.41758614525304,171.901829393727,-982.3946104897826
419.47707702883054,170.88508476897985,-983.0202357900189
421.5564251176616,169.85377862664623,-983.6604799245703
423.6556288795223,168.8136564209548,-984.3130306689832
425.7746870631945,167.76473326870726,-984.9779121196142
427.91359842025935,166.70702810110797,-985.6551485434625
430.0723617056573,165.64056372813664,-986.3447643872288
432.25097567826055,164.56536693010045,-987.0467842811304
434.44943910145776,163.48146852629796,-987.7612330384243
436.6677507437475,162.38890344368303,-988.4881356639897
438.89947753444693,161.2848039121756,-989.2312688701921
441.1379932722771,160.16651866437633,-989.9943968160952
443.38291840529325,159.03451202237497,-990.7775194976412
445.63388848903594,157.8892383031534,-991.5806369106657
447.89055381005545,156.73114213446007,-992.4037490508981
450.15257897729947,155.56065879410616,-993.2468559139613
452.4196424947129,154.37821452166685,-994.1099574953723
454.69143632339126,153.18422679925092,-994.9930537905414
456.9580442126179,151.97440512361786,-995.8882272587559
459.2098550968283,150.74425396160748,-996.7874428714509
461.4472006562175,149.49377544761614,-997.6904776547896
463.6704587069599,148.22297166434072,-998.5971323762792
465.8800558805551,146.93184463584356,-999.5072305454412
468.0764695101937,145.62039632028728,-1000.4206166842039
470.26022877087206,144.28862860244726,-1001.3371540962592
472.4319150785024,142.93654328611365,-1002.2567223687945
474.58762049683685,141.56414230725755,-1003.1677751791092
476.7231318495584,140.17142840615233,-1004.0588226550343
478.838446208449,138.75840452817698,-1004.9298647918316
480.9335606453981,137.3250736191375,-1005.7809015848694
483.00847223240237,135.87143862526702,-1006.6119330296222
485.0631780415661,134.39750249322563,-1007.4229591216707
487.097675145101,132.90326817010046,-1008.2140323898523
489.11196061532615,131.38873860340559,-1008.9856568506508
491.1118464086584,129.8563646295354,-1009.7441127226149
493.10288486671726,128.3091920017058,-1010.495425868217
495.0845613211501,126.74837850585833,-1011.2399810540938
497.0563774338738,125.1750121170501,-1011.9781450544212
499.01785329756564,123.59011375256662,-1012.710268746135
500.9685298984886,121.99464022592464,-1013.4366894463849
502.9079717848067,120.38948745799138,-1014.1577335289384
504.8357695603964,118.7754941063827,-1014.8737194146627
506.7617351688484,117.15896891445647,-1015.5972523148176
508.6958597652729,115.54573845044429,-1016.3407798144708
510.63810851436114,113.93564983392399,-1017.1043019096685
512.5884528866751,112.32854929764926,-1017.8878185963507
514.546870849272,110.72428243588277,-1018.6913298703508
516.5133470482538,109.1226944082367,-1019.5148357273963
518.4878729584441,107.52363010963333,-1020.3583361631081
520.4704470187812,105.92693431211215,-1021.221831173001
522.4501048990373,104.32884196843757,-1022.0927490945926
524.4160586870975,102.7263552981538,-1022.9583794258781
526.3686517175291,101.1207472092848,-1023.8184509413322
528.3082036220604,99.51309835935908,-1024.6727069754434
530.235010916787,97.9043303254256,-1025.5209078412329
532.1493484739756,96.29523238500941,-1026.3628317920377
534.0514713511957,94.68648313297281,-1027.1982750460675
535.9416166833763,93.07866803044399,-1028.0270512411432
537.8290329929365,91.46633478978653,-1028.8469443806464
539.7228522629835,89.84377423401358,-1029.655838217571
541.6230711290685,88.21101513078781,-1030.4537547417299
543.529687212918,86.56808394459007,-1031.2407166172416
545.4426990954029,84.91500497819807,-1032.016747207803
547.3621063028836,83.2518005036781,-1032.7818706010084
549.2879092835581,81.57849092008136,-1033.536111641727
551.2201093862225,79.89509493498672,-1034.2794959664357
553.1492145869322,78.20362784272953,-1035.016337440656
555.0660349130228,76.50603112673012,-1035.751297545901
556.9711648396528,74.80217802741574,-1036.4850790310913
558.8651794830055,73.09195207383135,-1037.2183470041045
560.7486408954444,71.37525179429642,-1037.951727386135
562.6221044099605,69.65199498148576,-1038.6858047225312
564.4861247486942,67.92212244805218,-1039.4211195075563
566.3412615850302,66.1856011758107,-1040.1581652648915
568.1923552017697,64.44667783768865,-1040.8933582034758
570.0439774570509,62.709636441718004,-1041.6228261193892
571.8961583770316,60.97453358473434,-1042.3464604729863
573.7489358867005,59.241427301413616,-1043.0641506556562