
-42.01606835419812,911.2778528785702,76.17418932894455
-42.04607276230052,911.2478562819562,76.14418872134074
-42.09608367401454,911.1978655201484,76.094187708845
-42.16610400593656,911.1278835111706,76.02418629172318
-42.25613667455658,911.0379131734716,75.93418447034755
-42.34618459626703,910.927956453638,75.84418224518781
-42.41625068746026,910.7980114095323,75.77417961671371
-42.466337864626034,910.6480751271547,75.72417658529747
-42.496449044360325,910.4781446929309,75.694173151205
-42.506587143365344,910.2882171937117,75.68416931459585
-42.49675507844951,910.0782897167735,75.6941650755232
-42.46695576652743,909.8483593498181,75.7241604339339
-42.41719212461989,909.5984231809726,75.77415538966845
-42.36746609755753,909.3484792710418,75.844149942461
-42.33777574102103,909.1185295699801,75.93414409193936
-42.32811813830594,908.9085769996393,76.04413783762497
-42.33849037260129,908.718624481446,76.17413117893294
-42.3688895269896,908.5486749364013,76.32412411517201
-42.419312684446886,908.3987312850809,76.4941166455446
-42.4897569278427,908.2687964476352,76.68410876914675
-42.58021933994012,908.158873343789,76.89410048496818
-42.6706978546297,908.0514541797558,77.12409179189223
-42.74119375982996,907.9300737155299,77.37408268869592
-42.7917089517043,907.7965898257492,77.64407317404992
-42.82224508475877,907.6524832047331,77.93406324651853
-42.83280361425315,907.4990294965594,78.24405290455972
-42.823385815231916,907.3374378620068,78.5740421465251
-42.79399278593575,907.1689268032675,78.92403097065994
-42.744625444145484,906.9947489713735,79.29401937510313
-42.69528394554382,906.828051404241,79.68400735788728
-42.66596598178746,906.6813481011735,80.09399491693857
-42.65666863616997,906.5546419822529,80.52398205007688
-42.66738899187846,906.4479359671358,80.97396875501573
-42.6981241319936,906.3612329750536,81.4439550293623
-42.74887113948963,906.294535924812,81.9339408706174
-42.819627097234374,906.2478477347913,82.44392627617552
-42.91038908798925,906.2211713229467,82.97391124332478
-43.02115495462061,906.1988720231025,83.5038957692558
-43.15192549569193,906.1670644825804,84.01387985115926
-43.30237397553066,906.1296367492154,84.50386348632325
-43.471768533166816,906.0909614321946,84.97384667214229
-43.65954158260688,906.0554273782293,85.42382940611719
-43.865502912430095,906.0272740163784,85.85381168585516
-44.0896165766413,906.0106897996284,86.26379350906974
-44.33174027524018,906.0100041054259,86.65377487358084
-44.58449328510471,906.0213636581731,87.0237557773147
-44.840577471752674,906.0385112309851,87.37373621830395
-45.09989835318949,906.0611049592804,87.70371619468752
-45.36237585386376,906.0888248449756,88.01369570471074
-45.62794196934878,906.1213700661884,88.30367474672526
-45.89653883121434,906.1584566847891,88.57365331918912
-46.16811708787357,906.19981570703,88.8236314206667
-46.442634576560614,906.245191435784,89.05360904982871
-46.725622827480244,906.3003293243875,89.26358620545224
-47.02373496249134,906.3709097369873,89.45356288642071
-47.33946587490519,906.4563802841876,89.62353909172394
-47.674695515137984,906.555853363383,89.77351482045805
-48.02991044849338,906.6683346175098,89.90385773616254
-48.405108840028014,906.793130036941,90.01651572270306
-48.80028891679445,906.9301147922757,90.11407307284489
-49.21544887651994,907.0798232888545,90.19792034335777
-49.63058666008816,907.246141566228,90.27029812770506
-50.02569951621858,907.4325189283761,90.33091908533784
-50.40078452594784,907.6389524545882,90.37630364363913
-50.75583877041908,907.8654392237279,90.40468736373926
-51.090859330881955,908.1119763142331,90.41589022515501
-51.41066256836122,908.3785610384023,90.41057154865784
-51.72502585548933,908.6651918864299,90.38925265271146
-52.04035158686367,908.9718686172905,90.3519295281824
-52.348090208218466,909.2785910258498,90.298007378135
-52.63701906969224,909.5653569742593,90.22554422821696
-52.90590840342972,909.8321635996053,90.13308059852861
-53.15476112486339,910.0790079794734,90.02061648956163
-53.38358014953229,910.305887191874,89.88815190191406
-53.592368393082,910.5127983152432,89.73568683629027
-53.781128771264584,910.6997384284418,89.56322129350103
-53.949864199938645,910.8667046107563,89.37075527446342
-54.118576622772935,911.0336949141501,89.15828878020088
-54.30726409428657,911.2207112797367,88.9258218118432
-54.51592369661388,911.4277566205265,88.67335437062658
-54.74455251178296,911.6548338491044,88.4008864578935
-54.99314762171576,911.9019458776302,88.10841807509283
-55.261706108228005,912.1690956178375,87.79594922377977
-55.550225053029315,912.4562859810345,87.46347990561591
-55.85870153772315,912.763519878104,87.11101012236917
-56.167133616103136,913.070799247251,86.75853987590494
-56.45552323111292,913.3581221375304,86.42606916808866
-56.72387329808131,913.6254856260995,86.11359800068827
-56.97218673244366,913.8728867905407,85.82112637536534
-57.200466449741874,914.1003227088618,85.5486542936751
-57.408715365624396,914.3077904594954,85.29618175706644
-57.59693639584617,914.4952871213,85.06370876688189
-57.76513245626866,914.6628097735586,84.85123532435765
-57.913306462859794,914.81035549598,84.63876143063241
-58.041461331693974,914.9379213686983,84.40628708684487
-58.149599978952054,915.0455044722726,84.15381229423124
-58.237725320921335,915.1331018876873,83.88160509383732
-58.30584027399553,915.2007106963524,83.59114703923395
-58.353947754674756,915.2483279801029,83.28506683508184
-58.38205067956553,915.2759508211994,82.96629434932123
-58.39015196538074,915.2835763023281,82.637894551755
-58.39825395198212,915.2830703406142,82.29545602569344
-58.426356658221586,915.2865745806937,81.93301706203023
-58.47445945945824,915.2946432357235,81.55057766269267
-58.54256164948108,915.3078447237422,81.1481378297144
-58.63066243860816,915.3267591881053,80.72569756523542
-58.73876095218548,915.3519756431253,80.28325687150208
-58.866856229501636,915.3840890968241,79.82081575086707
-59.014947223166786,915.4236968115632,79.33837420578945
-59.16303348850177,915.4572122550551,78.83593223883464
-59.29111726654841,915.4707478372615,78.3134898526744
-59.399201473487956,915.4643006411698,77.77104705008682
-59.48728902560797,915.437867750193,77.2086038339564
-59.55538283930238,915.3914462481694,76.62616020727394
-59.60348583107142,915.3250332193624,76.02371617313662
-59.63160091752162,915.238625748461,75.40127173474798
-59.63973101536581,915.1322209205795,74.7588268954179
-59.64787806912679,915.0258167935095,74.11638165855373
-59.67604013417747,914.9394153141925,73.49393602756288
-59.72421429350578,914.8730194014674,72.89149000575522
-59.79239762999322,914.8266319737477,72.30904359633428
-59.880587226414896,914.8002559490213,71.74659680239725
-59.988780165439536,914.793894244851,71.20414962693499
-60.116973529629476,914.8075497783735,70.68170207283198
-60.26516440144072,914.8412254663007,70.17925414286637
-60.429369088361724,914.8749240313839,69.69525742261926
-60.60441268043972,914.8886473639944,69.2262015138938
-60.788138199140796,914.8823968820234,68.76848933561723
-60.97883555719249,914.8561737217036,68.31912558039508
-61.1751989436561,914.8099788000454,67.87561326995086
-61.37626007769876,914.7438128691497,67.43585408186821
-61.58131351205776,914.6576765599614,66.99806002052532
-61.78984908095469,914.5515704155281,66.56068243297932
-62.01002772677962,914.4399935180608,66.11315180084878
-62.2502230406132,914.3361202729321,65.64562081716687
-62.51043410468589,914.2371219419538,65.15808948441972
-62.79066043915726,914.1398334139826,64.6505578051998
-63.09090204541124,914.0408499759895,64.12302578220591
-63.41115942210513,913.9368409818595,63.575493418243276
-63.75143351242369,913.8251739760345,63.0079607162234
-64.11172555525039,913.7044960744128,62.420610104663055
-64.487370266295,913.5745002801854,61.83237229365497
-64.87003478696604,913.4349608493154,61.26137203645643
-65.25430693617857,913.2857332884222,60.70667005607105
-65.6376114824457,913.1270853221233,60.16773805897809
-66.01873340577177,912.9594209409572,59.64420000329331
-66.39711957462671,912.7831804195354,59.13575621156777
-66.77253935546891,912.5988016648897,58.64215141936201
-67.14491839464799,912.4067050174414,58.16315942013724
-67.52019734625637,912.210520197371,57.69227559767949
-67.90489370102034,912.0133545053277,57.222411641303715
-68.30024000040979,911.8144476544545,56.75195454804985
-68.70768861191443,911.6127450460366,56.2787628969269
-69.12892958721116,911.4067744346887,55.799998159375434
-69.56584425273832,911.1944334569611,55.31185450782196
-70.02026742926515,910.9726387979488,54.809141378324746
-70.49335106641936,910.7368675489819,54.28764135059667
-70.9659306909368,910.4840538643181,53.75734612805567
-71.41854956483483,910.2143198917186,53.228929154211706
-71.85121007655567,909.9289377074424,52.70124756228345
-72.26391437863032,909.6299511199347,52.17295431788131
-72.65666424394998,909.3205616356066,51.64242232918882
-73.03018582501947,909.0051900555935,51.107749928452805
-73.38635655726765,908.6889370153244,50.567020590292316
-73.72690211368192,908.3766932254116,50.01870992140229
-74.05501006414232,908.070286375224,49.46861718030534
-74.37244906585369,907.7698209553832,48.92266970709362
-74.6774219006797,907.4765763361636,48.37996184630635
-74.96803935039382,907.1920885323639,47.83984940944538
-75.24270113348476,906.9179586447208,47.30220707441831
-75.50059505135236,906.6555361946268,46.76764424888615
-75.74181482001873,906.4057923786357,46.237445699623116
-75.96690984583128,906.1695481648576,45.71324684392901
-76.19411333484594,905.9302796586419,45.197026403824864
-76.44135439099449,905.6710457496264,44.68977332658577
-76.70863585643951,905.3933588942443,44.19151762990082
-76.99596018718638,905.1006344938835,43.70267160603878
-77.3021573770204,904.7958900012802,43.22360035130698
-77.62215376951394,904.4803993940474,42.75434713502611
-77.94989676312491,904.154074116664,42.294685477300206
-78.2818798980845,903.8163731323564,41.84427838640255
-78.60916663404761,903.4744574859578,41.402976851685814
-78.92293867055407,903.135008377355,40.970747802071365
-79.22084435673527,902.796172283298,40.54778798477634
-79.5009260188353,902.455460277279,40.135172180129366
-79.76189358907946,902.1098781830901,39.7352134944762
-80.00334161265346,901.7563510830681,39.35153667006579
-80.22584907248103,901.3922359265583,38.98706188973463
-80.43092997160309,901.0155826337166,38.642586902078826
-80.62684184813872,900.6337637792839,38.31609402542501
-80.82085301677664,900.2549660662155,38.005603273412056
-81.01293745103364,899.8792283794758,37.71119295531962
-81.20306895040925,899.5065895074778,37.43294713338214
-81.39122098566015,899.1370882140487,37.170955464001665
-81.57736654787887,898.7707633225332,36.92531308998213
-81.7614779966047,898.4076538117943,36.696120595706184
-81.94352692222746,898.0477988897828,36.483483989968505
-82.13388656675517,897.6837977063258,36.269152411786315
-82.3418770302326,897.3094963267752,36.03482064074983
-82.56578115598384,896.9269231947206,35.78048867810511
-82.80480673317285,896.5374050043272,35.50615652520458
-83.05910482513876,896.1419997460483,35.2120157394838
-83.32956786926646,895.741658075175,34.89974901980229
-83.61753260147911,895.3372615491342,34.57208482383968
-83.92438929983348,894.9296747027814,34.23127777961145
-84.23900726103689,894.5204847049297,33.889235876519194
-84.5496126903544,894.1108448889225,33.55670819894227
-84.85621983669083,893.7007765289583,33.233417983302516
-85.15883827623351,893.2903151625801,32.919101051135755
-85.45747739954011,892.8795075162736,32.61350558641025
-85.75215090623638,892.4684082995724,32.3163924521479
-86.04288130913602,892.0570767953786,32.02753592904633
-86.32970429713382,891.6455732505408,31.746724735434686
-86.6123243798419,891.231873894895,31.468034166826616
-86.89054716170601,890.8141882440717,31.18600055063804
-87.1646366863594,890.3930466444588,30.90135346447921
-87.43488724672649,889.9689832714471,30.614838309696147
-87.70160904739983,889.5425280340744,30.327202376396784
-87.96511478275553,889.1141988404976,30.039180959856314
-88.22570838716294,888.6844949840104,29.751485048339422
-88.4836765707731,888.253892156913,29.464791624943988
-88.74012018314201,887.824910139996,29.178435447330752
-88.9959492915536,887.3997901407389,28.89138135075931
-89.25105272033619,886.9784358681309,28.60354614041413
-89.50530575962583,886.5607474162522,28.314844047457257
-89.75856744180052,886.1466218415868,28.02518672277027
-90.01067702560468,885.7359540454157,27.734483286545814
-90.26144940126792,885.3286381266187,27.442640443921114
-90.51066898857434,884.9245694184408,27.14956269812466
-90.76043410205493,884.5223507178619,26.849048832768272
-91.01281289531784,884.1207801559856,26.534973984516782
-91.26755066928267,883.7201104185991,26.20739940620376
-91.52445853032754,883.3205352768111,25.866394280059648
-91.78339510166532,882.9222059775703,25.512032356963132
-92.04425383371189,882.5252426003669,25.1443902159851
-92.30695397099234,882.1297421238618,24.763546323588535
-92.57143401207986,881.7357842611024,24.369580520074464
-92.82689823499804,881.3348820240332,23.970954148676725
-93.06250141983632,880.9162629503468,23.577407000519816
-93.2781685979491,880.477676783963,23.191263454040097
-93.4739026850519,880.0191206175652,22.81418296277485
-93.6497065969662,879.5405915442618,22.447163907005603
-93.80632121997132,879.0420866934625,22.090690097201243
-93.9454297469668,878.5236033843157,21.74492888554947
-94.06895853548441,877.9851392032072,21.409893803666407
-94.19522987157825,877.433959649982,21.072561043429573
-94.34158348431508,876.8775185984758,20.719205394541667
-94.50802010829892,876.3163513095486,20.348408658389445
-94.69454036454486,875.751567958377,19.958815031548205
-94.89979484854453,875.1851790095752,19.549496079810748
-95.11930567591942,874.6196931488896,19.120177024126658
-95.34830167357255,874.0570613797623,18.670857866778864
-95.58423133748383,873.4983427889717,18.201538610156643
-95.83057903126755,872.9338802836103,17.73148951660427
-96.09061794859065,872.3562823996934,17.275731177012574
-96.36210075364534,871.7702529768559,16.82723018659689
-96.64298934405207,871.1795806732297,16.38136581037036
-96.93169522863444,870.5873822303563,15.935057682544059
-97.22704240250245,869.9961570188098,15.48620129822471
-97.52815636816503,869.4078489263032,15.033327167721957
-97.83436694536692,868.8239363598143,14.575389319785883
-98.14245290113844,868.2423278271251,14.119969142699144
-98.44949678743566,867.6603119825058,13.675098502569327
-98.75551610355942,867.0779192778002,13.240805820302993
-99.0605257622743,866.4951802785268,12.817124499221926
-99.36453809144433,865.9121258963484,12.404092032900618
-99.66756283325027,865.3287876259202,12.001749029557258
-99.96960714480252,864.7451977831709,11.610138158243384
-100.27067560992533,864.161389738546,11.229303039720437
-100.56969424325797,863.57711947946,10.860312221354546
-100.86555179713778,862.9918670718987,10.503916964911276
-101.15818563014288,862.4051349350774,10.159545600800133
-101.44754872493942,861.8164640598064,9.82666447234808
-101.73360677671444,861.2254304509328,9.504777346431652
-102.01633568980607,860.631641813439,9.193424369683052
-102.29571946258555,860.0347345087511,8.89218072667284
-102.57174843503998,859.4343707896539,8.60065510258919
-102.84171992912682,858.8284676974595,8.311735766740961
-103.10380327725862,858.2156250305918,8.01858928465526
-103.35950432328696,857.5967382958784,7.721402347744496
-103.60993525341358,856.9724537296489,7.420359671190958
-103.85592924141739,856.3432387937081,7.115628480764162
-104.09811827236732,855.7094335594511,6.8073554496180515
-104.33698684765417,855.0712869413702,6.4956686428321495
-104.57290952080353,854.4289819379356,6.180681011196738
-104.81153137030657,853.790244939844,5.866480032638479
-105.05797496941335,853.1628751355296,5.557142003010076
-105.31155617561868,852.547088750629,5.252760593370932
-105.57165133085593,851.9429608837943,4.95345375601743
-105.83466876476295,851.3371188804688,4.665626388082363
-106.09704749207722,850.7153425472653,4.396484676672376
-106.35824986832043,850.0758422311297,4.147119559878927
-106.61773596590336,849.4170232158294,3.917754421024085
-106.87496627463428,848.7382418868406,3.708389261327511
-107.12941363493465,848.0394978764523,3.519024081902516
-107.38057782353341,847.3207907419373,3.349658883756059
-107.62799665853015,846.5821199702165,3.200293667788748
-107.86960291714023,845.8265475655222,3.0701491436422326
-108.10391024576839,845.0573863527237,2.9579330890324513
-108.33155031882202,844.2750703388978,2.86273029669367
-108.55299724014897,843.4799188321807,2.783813278614696
-108.7686083257822,842.6721703651069,2.720584748991075
-108.97865337067978,841.8520070295107,2.672536069777295
-109.18333621339691,841.0195724273894,2.6392163058652875
-109.3828109860338,840.1749852552429,2.620208625462202
-109.58157643778,839.3233282254902,2.6125395269881486
-109.78389680170598,838.4695984129327,2.614036135080514
-109.98947485727754,837.6137424974586,2.625823389172522
-110.19808563647437,836.7557265357768,2.648901625848083
-110.40956779671704,835.8955384103233,2.68417994170191
-110.62381703233544,835.0331909809872,2.7325042161007818
-110.84078143295994,834.1687254658577,2.7946811909786886
-111.06045859761787,833.3022146798018,2.871499969512647
-111.27156169278578,832.4364226901677,2.9534216890700025
-111.46279261310713,831.5734311206903,3.0328019073754864
-111.63540011184398,830.7111747038225,3.1123177634072396
-111.79315574092179,829.8471313006263,3.1917651966350533
-111.94025729255175,828.9798007775311,3.269973425918654
-112.07952745498108,828.1086918117635,3.346005551091155
-112.21293006393684,827.2337454519137,3.4193221192553
-112.34188157217284,826.3550352346244,3.489682357535598
-112.46445139984213,825.4838122834319,3.551475848551991
-112.57579587932062,824.6312173171592,3.5997984087095145
-112.67077793413107,823.7975925032687,3.6373288535916988
-112.74622671257751,822.9836608624172,3.6690603208332173
-112.8017945367638,822.189738775536,3.700146072818652
-112.83747848953213,821.415823342912,3.7342229897788877
-112.85327565383042,820.6619116644067,3.7739264287326497
-112.84918311271235,819.9280008394562,3.8216462615418814
-112.84519859693768,819.2007675869005,3.863972869342668
-112.86132239922583,818.4674782775636,3.8862994566054345
-112.89755531762061,817.729303343231,3.8886260232114576
-112.95389798012519,816.987410290873,3.8709525691483657
-113.03035084461293,816.2429691814789,3.8332790945101385
-113.12325129519213,815.4971609959306,3.777889443013398
-113.2267102858145,814.7509591742801,3.7085963323887365
-113.33715175923012,814.0049756669629,3.6278852185165227
-113.45957644608659,813.2569235829203,3.536501638629811
-113.59941523823703,812.5016880282498,3.436352957820551
-113.75474677276412,811.7346824906441,3.3320830432774415
-113.92271076619261,810.9523795552113,3.2287435826740962
-114.09862180189506,810.1517513892171,3.1305957172622945
-114.2770335654074,809.3312275472142,3.040154431097642
-114.45386189717537,808.4907296454728,2.958376091676479
-114.62701363389166,807.630257280102,2.885335336369822
-114.80417510237895,806.754562474823,2.815393991988397
-114.99512243528604,805.8672267739349,2.7430583129835133
-115.20351917380121,804.9654399881828,2.6683684530048013
-115.4318096103417,804.0456248082892,2.5917176339467902
-115.68023749299772,803.1058443914028,2.5146190467242926
-115.94880573731056,802.1461016746442,2.439409895248904
-116.23751725871446,801.166399595559,2.3683475460999723
-116.54637497253647,800.1667410921182,2.3033600210854908
-116.85538144761352,799.1542534289177,2.2518551555544652
-117.14453785866847,798.1362357653114,2.2203502780402165
-117.41384499474995,797.112967883059,2.2088453887102735
-117.66330361386022,796.0845912216519,2.217340487625814
-117.89291446328738,795.0511062313878,2.245835574741665
-118.10267830041518,794.0123693678657,2.294330649906302
-118.29259591380469,792.9680923452617,2.3628257128618504
-118.46266814530088,791.9178214549539,2.4513207632440834
-118.61289525934934,790.8744278737936,2.539815800591287
-118.74327531650698,789.844078809019,2.608310824441746
-118.85380729379182,788.8157036775142,2.662215038435033
-118.94449147989872,787.7815716731083,2.7144793046864555
-119.01532920368638,786.7352861000109,2.7779529790868693
-119.06632258202062,785.6725459567516,2.8596851988879424
-119.09747419691253,784.5911615150184,2.9614174034736234
-119.10878684682932,783.4901590922731,3.083149592302946
-119.11004523810601,782.3816271820438,3.2064221557050954
-119.11093623729872,781.2779317057422,3.3123563336487734
-119.11125739761434,780.1789791485562,3.40006046106606
-119.11078320965214,779.0846851607811,3.4685305997697755
-119.10926208495363,777.9949754762074,3.5171180229327965
-119.10641526683827,776.909785980187,3.5457054274022166
-119.10193631446003,775.8290620650424,3.55429281302602
-119.09548795432308,774.7527582495987,3.542880179758544
-119.09639785123045,773.668654075621,3.5199829451133278
-119.1143358709073,772.5645512720581,3.495737498999604
-119.14975613632765,771.4404523524307,3.472921393672905
-119.20414659147806,770.2963599528072,3.4538575142303922
-119.2787072477176,769.1326131381053,3.440211980228991
-119.37344072718648,767.9539244163261,3.4308530008653757
-119.48834858892438,766.7687062173898,3.4223253047083766
-119.62343121699492,765.5846468979471,3.411370731928914
-119.75868771980154,764.4130027586514,3.3884854650311627
-119.8741155494848,763.2613768996832,3.3456001801238204
-119.96971178856859,762.1297664289546,3.2838507426459156
-120.04898217649254,761.012022084831,3.2087764490735577
-120.11915046010459,759.8959642583511,3.1277342839411864
-120.18515742824707,758.7738175606515,3.044593568070642
-120.24848821056949,757.6433669226633,2.960499716494357
-120.30943649315802,756.5039564596469,2.875750597672756
-120.359294926325,755.3502652434655,2.790202317145748
-120.38932490444436,754.1781635272697,2.7067279470375
-120.39952898481542,752.989281660105,2.6313247869835688
-120.38990955196535,751.7842904882017,2.5697673241625236
-120.36046897311854,750.5627731172366,2.5265638906753662
-120.31226366156713,749.323550203712,2.5033604437442074
-120.24761593512369,748.0652401611025,2.500156983492432
-120.1687557422362,746.7870473511009,2.5169535099370757
-120.09336626638633,745.4907588945453,2.5531287671144627
-120.03816903298117,744.1763976877178,2.606383950073269
-120.0031668619933,742.8420506677246,2.673677138823403
-119.98269043349846,741.4876997399862,2.7528470518991317
-119.96267258705485,740.1133460634345,2.84357584878027
-119.93546611127006,738.7189889250014,2.946573040740946
-119.9017316079538,737.3046273448101,3.0623289202592194
-119.86138815663868,735.870260362553,3.1913563889791514
-119.82505199520786,734.435887530846,3.3171461688781974
-119.80264221075032,733.0215104320292,3.422935931147004
-119.79299883496017,731.6271310073054,3.508725675223027
-119.79535008448771,730.2527510581289,3.574515400650076
-119.80922323626399,728.8983722962511,3.6203051070783103
-119.83437281773475,727.5639963817484,3.6460947942642408
-119.87073664581355,726.2496249526342,3.6518844620707287
-119.91841540108564,724.9552596498542,3.6376741104669876
-119.97719408018105,723.6788826539839,3.603463739528582
-120.04785839258655,722.4183433111887,3.549253349437427
-120.13298606404011,721.1734465365404,3.4750429404817895
-120.23600526944453,719.9441538601706,3.3808325130562875
-120.35903011233322,718.730679985938,3.26662206766189
-120.50223266551757,717.5336099062685,3.1324116049059167
-120.66561046552805,716.3540579390964,2.9782011255020393
-120.84916084664107,715.1936380829789,2.80399063027028
-121.05288130067181,714.0457130610184,2.6297801201281503
-121.27677078363958,712.9018718905734,2.475569595993161
-121.52082883416112,711.7603062085515,2.341359058685335
-121.78411143632103,710.6189738884879,2.227148508918344
-122.06379342307446,709.4755561650624,2.132937947299509
-122.35643724777697,708.3277377142399,2.0587273743297994
-122.65921019219182,707.1734154338061,2.0045167904038337
-122.96979123993786,706.0107140420798,1.97030619580988
-123.27384078856132,704.8334048058573,1.9412676774521238
-123.55806546142003,703.6361384674722,1.9025002879207813
-123.82246817386496,702.4189121358155,1.8538997316914552
-124.06705184135247,701.1817229202032,1.7954394778031113
-124.29181937944428,699.9245679303768,1.7271604697123488
-124.4967737038075,698.6474442765028,1.6491665591005584
-124.68191773021462,697.3503490691729,1.5616298407274933
-124.84725437454345,696.0332794194043,1.4647976829174119
-124.99278655277713,694.6962324386391,1.3733892577027498
-125.1185171810041,693.339205238745,1.301980825176154
-125.22444917541812,691.9621949320149,1.2505723857173427
-125.31077362561219,690.5651986403149,1.219163939599683
-125.37863985702383,689.1482135691122,1.207755486990191
-125.4300260769289,687.7112371692268,1.2163470279495319
-125.4667841227378,686.2542671767029,1.2449385624320195
-125.4903237257411,684.7789385872787,1.293530090285617
-125.5176521544807,683.2852503279508,1.3621216112519363
-125.56520188780726,681.7715675288198,1.4507131249662382
-125.63297550393436,680.244853959422,1.5593046309574328
-125.72097389255566,678.7189608331016,1.6878961286480787
-125.82919598017655,677.2066486153541,1.8364876173543838
-125.95763920319366,675.71407199175,2.005079096286205
-126.10630065775459,674.2415155750862,2.193670564547048
-126.27517742620648,672.7889823138399,2.402262021134067
-126.44426756308532,671.3364741838108,2.623190699438532
-126.5935730120757,669.8639892716484,2.8494331989357287
-126.72309668924599,668.3715246921049,3.082180999058668
-126.83284151076978,666.8590775603578,3.3223852799810234
-126.92281039292584,665.3266449920097,3.5705804108476213
-126.99300625209806,663.7742241030887,3.8266780257375754
-127.0434320047755,662.2018120100481,4.089928366476356
-127.07409056755235,660.6094058297667,4.359243885316025
-127.10498485711905,658.9970036518359,4.641311252078539
-127.15611779016477,657.3646074554226,4.94337859415177
-127.22749228327994,655.7122201924062,5.265445909929456
-127.31911125294735,654.0398448150918,5.607513197698989
-127.43097761554215,652.3474842762093,5.969580455641406
-127.5630942873318,650.6351415289146,6.351647681831397
-127.71546418447609,648.9028195267882,6.753714874237299
-127.88809022302712,647.1505212238364,7.175782030721097
-128.06097477294992,645.3894796059448,7.608917634302394
-128.2141178747743,643.6339163227868,8.04575169519344
-128.3475182827752,641.8900801354487,8.489470484644764
-128.46117384971785,640.1637446079292,8.943385256704094
-128.5550817805152,638.4574242162988,9.410925124251603
-128.62923915780559,636.7711160802882,9.895627930411127
-128.6836430643323,635.1048173192021,10.399809798473957
-128.71829058294375,633.4585250519201,10.923991611226377
-128.73317948382982,631.8180999099143,11.448173365889888
-128.7283104798713,630.1654193378171,11.952355059685983
-128.7036858372619,628.4946169412362,12.436536689933652
-128.659308381584,626.8038095128794,12.900718254058232
-128.60007770790463,625.0929944101964,13.344899749591413
-128.53332882663668,623.3621700616544,13.769081174171237
-128.46229013602928,621.6113356461883,14.173262525542096
-128.388020735945,619.8404906281257,14.557443801554735
-128.3127093721901,618.0696346557144,14.921625000166246
-128.2372721995164,616.3187677148903,15.26580611944008
-128.1593897255789,614.5878896257336,15.589987157546034
-128.07610201031014,612.8769998237685,15.894168112760257
-127.98406821424217,611.186097278319,16.17834898346525
-127.88079261003863,609.5151805100345,16.442529768149864
-127.7659180676719,607.8642478231515,16.68671046540931
-127.64029468726665,606.2332975888714,16.91089107394514
-127.51961930542919,604.6223290224697,17.1350715925564
-127.41917944935255,603.0313443320356,17.379252020042134
-127.33897220270848,601.4603464685689,17.6434323551039
-127.27899464906118,599.9093383826435,17.927612596336907
-127.23924387186723,598.3783230244081,18.23179274223001
-127.21971695447571,596.8673033435865,18.55597279116571
-127.22041098012811,595.3762822894765,18.90015274142017
-127.24132303195842,593.9052628109508,19.26433259116319
-127.27446457844462,592.4461802089245,19.648512338458225
-127.31112630280668,590.9894968515315,20.05269198126238
-127.35002522757019,589.5325365518254,20.476871517426407
-127.39014365509898,588.0730874536181,20.92105094469471
-127.43064044665586,586.6092955194395,21.385230260705338
-127.47080573386056,585.1396002711845,21.869409462989996
-127.51003617383773,583.6626906073471,22.373588548974034
-127.54781997420541,582.1774704402922,22.897767515976447
-127.57487247645932,580.6978481186093,23.441946361209894
-127.5821413479274,579.2382282997299,24.006125081780667
-127.56962373200595,577.797367779839,24.59030367468872
-127.54110328293845,576.3621868717213,25.194482136827652
-127.50222383958508,574.916333276056,25.818660464984713
-127.455433114267,573.4536616722679,26.462838655840798
-127.40150200322049,571.971798332065,27.127016705970455
-127.34064661016727,570.4699632378924,27.811194611841884
-127.27087105832607,568.9681186672718,28.49634252840233
-127.19794742750018,567.4862635011257,29.163031081136964
-127.13056091800009,566.0243980819115,29.81102775402668
-127.06971517579272,564.5825233088399,30.440674472107617
-127.01554013927776,563.1606401480772,31.052323294256787
-126.96803334439942,561.7587495727735,31.64633113555652
-126.92717029504396,560.3768525537419,32.223060384319844
-126.89292234586387,559.0149500578566,32.7828793131222
-126.87178500090782,557.6530433649327,33.3443358191784
-126.86926964695166,556.2711349715194,33.92579214791544
-126.88181400149752,554.8692273717232,34.527248296241396
-126.90450726311961,553.4473223985898,35.148704260958
-126.9325802724318,552.0054211862561,35.79016003876061
-126.96127748133603,550.543524170445,36.451615626238265
-126.9867855135425,549.0616311433071,37.13307101987364
-127.00698025182999,547.5597414645753,37.83452621604305
-127.03430664169231,546.0578549329796,38.535981211025344
-127.08185263913553,544.5759738612304,39.21743600109935
-127.14961532704451,543.1141011980058,39.878890582641404
-127.2375917881966,541.672239891558,40.520344952134174
-127.3457791052616,540.250392889714,41.1417991061667
-127.47417436080192,538.8485631398753,41.743253041434365
-127.62277463727251,537.4667535890179,42.324706754738905
-127.79157701702083,536.1049671836922,42.88616024298841
-127.96057858229578,534.7632058977357,43.42856827805346
-128.10977641534524,533.4414678154106,43.953459970818635
-128.23916759851355,532.1397500482661,44.46168764011716
-128.3487492142503,530.858049707426,44.95325580366278
-128.44649610017663,529.596364291422,45.42838225421345
-128.54621834709377,528.354303238886,45.888317638217494
-128.6519989498357,527.1318673200102,46.333798463505644
-128.76260791631037,525.929327935761,46.76505641716205
-128.87981547410237,524.7266859016893,47.199330094755716
-129.00693334926444,523.5040616341024,47.65360352135554
-129.148623342983,522.2614569051955,48.12787669454592
-129.30899270524267,520.9988741663005,48.622149611804865
-129.4895497260071,519.7163162882532,49.136422270504056
-129.69029732117858,518.4137862154972,49.670694667908826
-129.91123840655183,517.0912868929014,50.22496680117815
-130.15237589781438,515.7488212657601,50.79923866736465
-130.39371271055515,514.386391307505,51.39351026341461
-130.615251760362,513.0039951028436,52.007781586167965
-130.8169959629192,511.60162976462124,52.642052632358286
-130.99894823401632,510.1792924061081,53.296323398612806
-131.16111148954812,508.73698014099995,53.9705938814524
-131.30348864551462,507.2746900834177,54.66486407729161
-131.42608261802104,505.7924193479076,55.37913398243861
-131.52889632327785,504.2901650494411,56.11340359309523
-131.6319317053043,502.7879252756671,56.84767290536581
-131.75518681896878,501.30570200338406,57.56194191535471
-131.89865874675354,499.84349818128806,58.256210619263754
-132.06234457103335,498.4013167576494,58.93047901340114
-132.24624137407545,496.97916068031293,59.5847470941814
-132.45034623803966,495.57703289669814,60.21901485812543
-132.67465624497828,494.19493635379877,60.83328230186049
-132.9191684768362,492.832873998183,61.427549422120165
-133.18388001545094,491.49084877599347,62.00181621574442
-133.4687879425525,490.1688636329473,62.55608267967955
-133.77388933976354,488.8669215143359,63.09034881097821
-134.09918128859937,487.58502536502505,63.60461460679943
-134.44466087046789,486.32317812945485,64.09888006440855
-134.81032516666966,485.08138275163986,64.5731451811773
-135.19617125839792,483.85964217516886,65.02748264364011
-135.6021962267386,482.65795934320494,65.46201937580308
-136.00839715267918,481.476336226198,65.89668268629032
-136.39477111720618,480.3147709050225,66.35134564635956
-136.7613152014027,479.17326048783985,66.82600825359309
-137.10802648645733,478.0518020823856,67.32067050546688
-137.43490205366408,476.95039279596966,67.83533239935052
-137.7419389844224,475.8690297354763,68.36999393250728
-138.02913436023735,474.80771000736416,68.92465510209408
-138.29648526271936,473.7664307176662,69.49931590516145
-138.5439887735845,472.74518897198976,70.08642718819004
-138.7716419746543,471.7439818755166,70.6776224872614
-138.9794419478559,470.76280653300296,71.27119378188334
-139.17035051549695,469.80166019290834,71.86546327444374
-139.35002898706855,468.85989580292903,72.45912516992829
-139.52279173090292,467.9351163323029,73.0511151388943
-139.6912474880414,467.02465786565585,73.64032197690803
-139.85707592525114,466.12701496471004,74.22566095426475
-140.0171981662944,465.2454952502769,74.80479911344621
-140.17221148367005,464.383923130716,75.37341430138274
-140.3284090537646,463.54156926732884,75.92816884329541
-140.48851468258076,462.71729020586275,76.4680876156903
-140.6536316432654,461.9102059208149,76.99314362194484
-140.8241666379735,461.1195951662816,77.50368017105353
-141.00022127450615,460.3448343939707,78.00018854419491
-141.18176157979354,459.5853656253223,78.48321763599493
-141.3684210404076,458.8325166978419,78.96023534773421
-141.55959327460377,458.07691362179224,79.43898315746166
-141.75473222069587,457.3165577016691,79.92055352993908
-141.953312473929,456.54932052241674,80.40601714513086
-142.15482080880363,455.7729414686701,80.89645514931786
-142.35872834671758,454.98503008593474,81.39298949027962
-142.56444194141343,454.18308492199793,81.89680672529082
-142.7712405963912,453.36454000036383,82.40916958227024
-142.9848795408357,452.53275296547247,82.93417128420913
-143.2122162634473,451.69058010379484,83.47489877241762
-143.45477860198392,450.8335874715002,84.03112480441169
-143.71440955106164,449.9578833673543,84.60353660591295
-143.99314961826872,449.0622184971761,85.19341556597446
-144.29202406452777,448.1465957475128,85.802134031198
-144.61103580511178,447.2110180550375,86.43059703717987
-144.95018775518676,446.25548835684873,87.07905958355353
-145.289481857533,445.30000861814705,87.72752166687964
-145.60891616578024,444.36457691498293,88.3559832837188
-145.90848776136755,443.44919035072934,88.96444443072913
-146.18819372583965,442.5538460283335,89.55290510467512
-146.4480311408468,441.6785410503171,90.1213653024276
-146.68799708814504,440.82327251877615,90.66982502096376
-146.90808864959595,439.98803753538107,91.1982842573671
-147.1083029071669,439.1728332013767,91.70674300882756
-147.2898720748473,438.35830075300976,92.20702493813579
-147.45482873939486,437.52443762984325,92.70802864392114
-147.60498425763913,436.6705974605164,93.2042307648193
-147.74240463406008,435.79677823608483,93.69084312094198
-147.8689962858223,434.90297824306913,94.16393362561979
-147.9861992071134,433.989196013684,94.6203719376696
-148.09495783581664,433.05543025306014,95.05778983195187
-148.19582173838708,432.1016797737865,95.4752072207681
-148.28553769330424,431.1279432756211,95.8926241018898
-148.36369237602298,430.1342189451629,96.33004047308845
-148.43397491219025,429.12050542298704,96.78745633203809
-148.49719780577288,428.0868016324764,97.26487167630637
-148.55355648199446,427.0331065610486,97.76228650335463
-148.60310711392927,425.9594192123188,98.2797008105378
-148.64587482782048,424.8657385953497,98.81711459510454
-148.6818776636703,423.75206372225017,99.37452785419711
-148.7219347002542,422.61839413277534,99.95194058485144
-148.7766052497475,421.46473145709626,100.5493527839971
-148.8469619775998,420.291077866415,101.16676444845731
-148.93591209335835,419.09743585415697,101.80417557494897
-149.04504012695244,417.88380828603084,102.4615861600826
-149.1743489946641,416.65019810505964,103.13899620036239
-149.32384161266802,415.3966082546918,103.83640569218616
-149.4935208970316,414.1230416788009,104.55381463184541
-149.66338976372376,412.8295003493986,105.29122301552529
-149.81345112871242,411.51598234977183,106.04863083930458
-149.94370790806192,410.18248479134553,106.82603809915571
-150.05416301794193,408.82900478596986,107.6234447909448
-150.14481937462745,407.4555394459202,108.44085091043158
-150.21567989449872,406.0620858838974,109.27825645326946
-150.26674749404128,404.64864121302764,110.13566141500549
-150.2980250898459,403.2152025468624,111.01306579108035
-150.31994156373767,401.77120695268513,111.91046957682843
-150.34206946527613,400.3260302892076,112.82787276747771
-150.36323987293716,398.8795992586353,113.76527535814986
-150.38301964241796,397.43191222537916,114.72267734386021
-150.4012466559617,395.9829940074031,115.7000787195177
-150.4178633840143,394.5328811589403,116.69747947992495
-150.43285341981837,393.081616284619,117.71487961977823
-150.44621667509037,391.62924563488633,118.75227913366746
-150.4525635914022,390.1856114849851,119.78967801608508
-150.44607516588638,388.76125420109616,120.8070762615235
-150.42692194921992,387.3568950328605,121.80447386457269
-150.39635849954104,385.9725322232315,122.78187081992891
-150.3547355583491,384.60816415710934,123.73926712239482
-150.3000821885648,383.2637891108256,124.6766627668794
-150.22882400001959,381.9394049293012,125.594057748398
-150.13962156366497,380.63500903286933,126.49145206207231
-150.0518271409838,379.3505997730204,127.38884570312155
-149.98422097673554,378.0861791811539,128.3062386667649
-149.9368001544174,376.8417502013758,129.2436309481241
-149.9095617574192,375.6173157773665,130.20102254221445
-149.90250286902346,374.4128788523812,131.17841344394506
-149.91562057240537,373.2284423692496,132.17580364811852
-149.94891208338527,372.0612785469998,133.1931931494312
-150.00237526354243,370.90629699824814,134.2305819424731
-150.05600831892752,369.7662304158614,135.26797002173666
-150.08980858001095,368.64617020928375,136.28622021092238
-150.104961370755,367.5461135435916,137.29171599326793
-150.11009782696644,366.4660581764717,138.2925546060167
-150.11422358764074,365.40600344681656,139.29140258911738
-150.11967953405315,364.36594939692463,140.28825089940625
-150.12773582155452,363.3458963204418,141.28289073782327
-150.13922756310077,362.34584466105656,142.2751248950857
-150.14268197263672,361.3657943788142,143.27611212574467
-150.12628025251146,360.40574315246926,144.29709859451637
-150.09001950378695,359.4653211769027,145.33808429597164
-150.03389689669743,358.54420557689104,146.39906922457502
-149.9579095947383,357.6427603645398,147.4800533746846
-149.8620546970069,356.7613026212231,148.58103674055224
-149.74632928715062,355.8998294491761,149.70201931632337
-149.61073044892248,355.05833795020874,150.8430010960371
-149.47182925508835,354.23682603143976,151.98398207363513
-149.34582475008102,353.4352948044128,153.10496224305902
-149.23199399073863,352.653746096719,154.20594159834792
-149.1296611396237,351.8921816339713,155.28692013364733
-149.0381956005935,351.1506030465376,156.34789784320904
-148.95701017535094,350.42901187600506,157.3888747213913
-148.88555918757035,349.7274095813728,158.40985076265864
-148.82333656982962,349.0457975449687,159.41089932393237
-148.77565685565796,348.3641773592064,160.3920203998894
-148.7480803833597,347.66255168561025,161.35314062296212
-148.74061006994384,346.9409234563125,162.29425998803973
-148.7532488323124,346.1992956038705,163.21537849011773
-148.7859995872605,345.43767106126745,164.11649612429807
-148.83886525147636,344.65605276191167,164.99761288578904
-148.91184874154112,343.8544436396368,165.85872876990518
-149.00495297392908,343.0328466287021,166.6998437720675
-149.09817992238158,342.210653733775,167.53699160495168
-149.17397087742344,341.4077684527133,168.3888857278811
-149.23757334083305,340.624798574098,169.25949241916857
-149.29355847809433,339.8618373730859,170.15009821040073
-149.3449560716309,339.1188839718553,171.06070309684176
-149.39398742663278,338.39583683377555,171.99130707364947
-149.4423506045012,337.69237880822993,172.9419101358753
-149.49136594033368,337.00800784949604,173.9125122784644
-149.55104695599613,336.33645197867156,174.9031134962555
-149.6308278861021,335.6699792064248,175.91371378398105
-149.73070824309656,335.0051420066944,176.94431313626714
-149.84982374868878,334.3387962656478,177.9919773111083
-149.98492106756933,333.66864828479953,179.05122042637572
-150.13215718461993,332.993570110853,180.11875760724428
-150.28903536062504,332.3133338056071,181.19412902109121
-150.45369754295393,331.62827909327666,182.27840550684797
-150.62323394154262,330.9414141619983,183.3634742757973
-150.7953165646446,330.25592472579086,184.44023291042635
-150.96954904386973,329.572591671703,185.50837614196703
-151.14565362679215,328.8919341981388,186.56773199198793
-151.32343428609417,328.21429176853286,187.61821953654382
-151.50275094756688,327.5398811739462,188.6598197184969
-151.68350178402943,326.86883566005224,189.6925553108194
-151.86561111520794,326.20123162869737,190.71647720561793
-152.04103336508658,325.5337398202102,191.7301838557385
-152.2029926429053,324.8652230444772,192.73610306323985
-152.35377108534055,324.1993317689204,193.7411727012594
-152.49528141699997,323.5382323972387,194.75078279185405
-152.62907293024867,322.88292129412014,195.76894288177454
-152.75634267793882,322.233660250417,196.7986116619708
-152.87798902007017,321.59032952750607,197.8420169635754
-152.99467942529066,320.9526427694904,198.9008865318174
-153.11702844019422,320.3208012752584,199.96698425413774
-153.25377043450192,319.6950540870232,201.03212530901715
-153.40205896416433,319.07516130289696,202.09756121708728
-153.55967503678812,318.46091723980516,203.1640097041283
-153.72491646573926,317.8521974435428,204.23196677155394
-153.89650085733535,317.2489620227206,205.3018396898387
-154.07347193860397,316.65124136908474,206.37399448803944
-154.25511920651536,316.0591182770818,207.44877148056514
-154.43860078491406,315.4736957438415,208.52820737839926
-154.6213463457879,314.89583841346797,209.6144486878325
-154.8033004845549,314.3251886855396,210.70804033044703
-154.98442093433673,313.76141724852226,211.8095173226862
-155.16467714995392,313.20422252106243,212.91940151476214
-155.34404876161207,312.6533297738201,214.03819899522853
-155.52252400638397,312.10848998714425,215.16639813141538
-155.7000982128038,311.56947849871443,216.3044682104408
-155.88067604132087,311.0280227226205,217.44433200820092
-156.0663825054086,310.4765436033224,218.57726999496995
-156.2542044644391,309.91610495444394,219.70261566367859
-156.44221827338117,309.3474546406021,220.81999439052782
-156.62938594655367,308.7709849406465,221.92925139014184
-156.81519052336193,308.18685703228635,223.03036694369715
-156.99937237248457,307.59511067265885,224.12339643188173
-157.18178775840556,306.9957265932116,225.20843771303433
-157.3609501913744,306.3953873132048,226.2874271863278
-157.53565364119294,305.79959826838115,227.36136658981755
-157.70629454819078,305.2061374161561,228.4286564879478
-157.87316604760298,304.61309022549824,229.48797374300563
-158.03647696540983,304.01878772460697,230.53820426368426
-158.1963693030275,303.42175522492465,231.57838664818215
-158.35293295532918,302.82067266956693,232.6076674239808
-158.50621815726467,302.21434515823586,233.6252662744997
-158.6584110771108,301.6028488026539,234.6360559061032
-158.81120314375465,300.9866279068328,235.6451575325723
-158.9637693572283,300.3652519122837,236.65234555294768
-159.1155051858855,299.7382464689912,237.65743962325251
-159.2573920013983,299.1016397023809,238.66250000427837
-159.38380258827843,298.4516608126888,239.66973820086127
-159.49930146014594,297.78794424765954,240.67982817703282
-159.6060168748287,297.1097474518913,241.694223704496
-159.70497920922242,296.41619077368676,242.71472805248743
-159.79665230843923,295.70633583228846,243.74330281779064
-159.88117781773974,294.9792084457261,244.78200018023222
-159.95850275020155,294.23380125428974,245.83294383204563
-160.03007370494151,293.4740186924956,246.89169932667397
-160.0974201903963,292.7039676524613,247.95286544770474
-160.16059691110695,291.923023117725,249.01669352416224
-160.21968442567064,291.1305568336207,250.08348349777032
-160.27477744632915,290.3259500984818,251.15357366451482
-160.32597474602446,289.50860304371423,252.2273311783103
-160.3733717853405,288.67793997629775,253.30514452948813
-160.41705637150108,287.8334111222196,254.3874184630216
-160.44896922502113,286.9793524106928,255.47893811009158
-160.46100958015654,286.11986867329193,256.5826186791928
-160.45317824144269,285.2551887048384,257.6954618279041
-160.42547583255595,284.3873416819214,258.81547000554326
-160.37790261515062,283.51913615257683,259.941782866275
-160.31106575492956,282.6536483331755,261.074182928219
-160.2263833488544,281.7939355962118,262.21267857816457
-160.12552463758095,280.9428395503091,263.35736219296547
-160.0270693956073,280.10410735692165,264.4951709289399
-159.94873798926932,279.2794003202686,265.61297825845594
-159.89052847998593,278.4672274719688,266.7107841755696
-159.85243915063478,277.6660459053173,267.7885886744432
-159.83446851375007,276.8742519576458,268.84639174934546
-159.8366153211653,276.09016994579423,269.88419339465145
-159.85887857533092,275.3120418683709,270.90199360484263
-159.90096593041193,274.53805477255696,271.89979237450683
-159.95181079507583,273.75887573316425,272.8975896983293
-160.0002735298507,272.96629375611906,273.91538557099534
-160.04576998467707,272.16061321116166,274.95317998709277
-160.08794435324148,271.3419575772608,276.01097294110303
-160.12657109797323,270.5103465320366,277.08876442740126
-160.16150326554396,269.66573791494613,278.18655444025626
-160.1926434087765,268.8080524757029,279.30434297383044
-160.21992643804978,267.9371894746252,280.44213002218
-160.25219792242362,267.0649148196968,281.5999155792545
-160.2952991061697,266.20408394614884,282.77769963889756
-160.3441277327224,265.35666198013234,283.9754821948461
-160.39541353701992,264.5240295588507,285.19326324073097
-160.44724345292363,263.7068022291875,286.43104277007654
-160.49840960707277,262.9052197421748,287.68882077630076
-160.54802305214855,262.1194465346911,288.9665972527154
-160.5953306484164,261.3497292139968,290.2643721925258
-160.63314484710176,260.5791685103005,291.5763193406646
-160.6541975855817,259.78965951421293,292.89626625702033
-160.6574538354392,258.98015230528324,294.2232770906299
-160.64157516868656,258.150644193932,295.55584090771407
-160.6058215012866,257.3011323174351,296.8918339087779
-160.5501957502918,256.4316137773732,298.22886395598573
-160.4747008328603,255.5420856757523,299.5647104049073
-160.37933966625582,254.63254511500412,300.897511611563
-160.2841141955515,253.72299017023767,302.23837409070546
-160.20902247666993,252.83342280571176,303.5992349626703
-160.15406159314816,251.9638459575829,304.9773964744223
-160.11636574437267,251.11426242240483,306.36745290603073
-160.09116187589686,250.2846743468768,307.7647541200726
-160.0753577150482,249.4750833097484,309.16592265459985
-160.0670252544979,248.68549053063538,310.56846447764764
-160.06493899651875,247.91589700346617,311.97053803802464
-160.05579175228388,247.15602452192132,313.3669223318977
-160.02675810438663,246.39188769351335,314.75010679449133
-159.9778392289126,245.61578401285237,316.11515431518103
-159.90903735729424,244.8216936956399,317.4602001549203
-159.82035530846406,244.00759189441914,318.7852443065568
-159.71179599975594,243.17347571001577,320.0902867630445
-159.58336234860946,242.31934224368104,321.3753275174438
-159.43505727256994,241.44518859709163,322.64036656292143
-159.28688368927945,240.55101284463723,323.90540389274156
-159.15884451637936,239.6368169502828,325.1904395001685
-159.05094267141286,238.70260385070623,326.49547337836896
-158.96318107181602,237.74837648301093,327.82050552040334
-158.89556263491787,236.7741377847258,329.16553591922576
-158.84809027794032,235.7798906938052,330.5305645676839
-158.82033205872247,234.76563812748853,331.9155914585192
-158.80426979304065,233.7384692545753,333.3206165843667
-158.7984018855134,232.7183853391063,334.7311307305128
-158.80605161527902,231.7183016206493,336.13362484171637
-158.82309804967016,230.73821973616464,337.52958921165106
-158.84743757207164,229.77814088765186,338.91988274297717
-158.87790135143356,228.8380660458488,340.30521291540776
-158.91381010702528,227.91799605017826,341.68624665642386
-158.95475943611217,227.01793166280504,343.06363168533636
-159.00050810007153,226.13787359976237,344.4379962578174
-159.04964946144187,225.26945287150994,345.8210040589088
-159.10046732007896,224.40446841797254,347.22401002106955
-159.15232590613303,223.54323211590528,348.6470141368391
-159.20484973423228,222.68602209533856,350.0900163986506
-159.25782088478226,221.8331040693919,351.5530167988308
-159.311121522781,220.9847387899257,353.03601532960016
-159.36469958107025,220.14118453458053,354.53901198307267
-159.41854719234578,219.30269761893896,356.0620067512561
-159.46259433637616,218.46485381327997,357.5904842304169
-159.48676643467041,217.6245074021089,359.1124721513615
-159.4910636759726,216.7838849964565,360.6331554702339
-159.4762677479898,215.94364404406696,362.1577050977678
-159.44532758403065,215.10300990848012,363.69078381418575
-159.401791854654,214.2609338399944,365.2359907913171
-159.34796484650582,213.41671688675498,366.79585355590564
-159.28542116946105,212.5699323674729,368.37223541094664
-159.22890866749734,211.71177742354038,369.9672764561653
-159.19252532063737,210.8336157054624,371.5801154565214
-159.17627404593696,209.93545014915034,373.2056949197679
-159.18015774246086,209.0176515660396,374.83983375715957
-159.20417917420852,208.0818953639281,376.48164051866195
-159.24834081751038,207.1298179805254,378.13330429938543
-159.31264508282771,206.1604837718501,379.7992800427853
-159.39709464667501,205.17189430008148,381.48375979379557
-159.5016923897879,204.1633186139016,383.18823751623665
-159.62644122847257,203.13475965199638,384.9127132010449
-159.77134407892794,202.08622035347707,386.6571868390502
-159.93640385724578,201.0177036578802,388.42165842097637
-160.12162347941077,199.92921250516758,390.20612793744067
-160.3270058613003,198.8207498357263,392.01059537895406
-160.55255391868454,197.6923185903687,393.8350607359212
-160.7982705672265,196.5439217103323,395.67952399864043
-161.05660179182615,195.37705507892642,397.5439851573037
-161.32046430596623,194.19338467161742,399.4284442019966
-161.5908219733218,192.99324582804132,401.3329011226985
-161.86867901539148,191.77695459351995,403.2573559092823
-162.15508360810492,190.54480307937746,405.2018085515146
-162.45113191782275,189.2970545415297,407.1662590390557
-162.7579725691191,188.03393844490785,409.1507073614595
-163.07681155577336,186.75564582420884,411.1551535081736
-163.40840403661423,185.45983180683547,413.17959746853927
-163.75287078187822,184.14406708915627,415.2240392317914
-164.11018016069755,182.80835354645242,417.2884787870585
-164.48030266310778,181.45269304956526,419.372916123363
-164.86320941994546,180.07708746509638,421.4773512296205
-165.25887082574266,178.68153865539938,423.6017840946408
-165.6672551501772,177.26604847837288,425.74621470712697
-166.08832713426426,175.83061878704694,427.91064305567596
-166.52584106210176,174.3752516134334,430.07506912878716
-166.9835713494952,172.90007297430276,432.21949291496
-167.46152086758897,171.40548316382493,434.3439144027913
-167.95969241452042,169.89203914429277,436.44833358098447
-168.47808870669138,168.36030910410173,438.53275043834907
-169.0167123772111,166.8108712360809,440.5971649638011
-169.57556597455172,165.24431217631607,442.6415771463629
-170.15465196143995,163.6612252417469,444.66598697516326
-170.73397184584846,162.0800661406129,446.69039443942836
-171.2935235905405,160.5189900878082,448.7347995283844
-171.83330427567827,158.97799420007274,450.7992022311603
-172.35331098152915,157.45707559372067,452.88360253677837
-172.85354078846566,155.95623138464035,454.9880004341547
-173.33399077696546,154.47545868829428,457.11239591209903
-173.79465802761143,153.01475461971924,459.25678895931486
-174.23553962109156,151.5741162935262,461.4211795643992
-174.6766326381903,150.1535417961878,463.58556771585165
-175.1379341596909,148.75303310290076,465.7299534021718
-175.61944126627805,147.37259316072345,467.8543366119569
-176.12115103852898,146.01222491628846,469.9587173339103
-176.6430605569135,144.67193131580265,472.0430955568418
-177.185166901794,143.35171530504704,474.10747126966777
-177.74746715342545,142.0515798293768,476.1518444614107
-178.3299583919555,140.77152783372134,478.17621512119945
-178.91263866972068,139.49156129033219,480.20058323826055
-179.4755099282063,138.19167828231065,482.24494880182044
-180.01857508128157,136.8718759208601,484.30931180100805
-180.5418370429211,135.5321513176089,486.393672224846
-181.04529872720468,134.17250158461042,488.4980300622507
-181.52896304831748,132.79292383434296,490.62238530203206
-181.99283292054994,131.3934151797099,492.7667379328937
-182.4369112582977,129.97397273403968,494.93108794343294
-182.8612009760617,128.5345936110857,497.1154353221407
-183.26570498844805,127.07527492502656,499.31978005740154
-183.65042621016812,125.59601379046583,501.54412213749384
-184.01536755603846,124.09680732243226,503.7884615505895
-184.36053194098082,122.57765263637963,506.05279828475415
-184.68592228002206,121.03854684818691,508.337132327947
-184.99154148829425,119.47948707415819,510.641463668021
-185.27739248103458,117.90047043102273,512.9657922927228
-185.54347750474977,116.31525201625725,515.2901181897014
-185.78979615023383,114.73718530756055,517.5944413466061
-186.01634743878617,113.16543099533465,519.8787617511834
-186.22313051864256,111.59908331305324,522.1430793912864
-186.41014467468568,110.03716974164185,524.3873942548744
-186.57738933822344,108.47865034192645,526.6117063300131
-186.72486409689589,106.922416681772,528.8160156048748
-186.85256870473168,105.36729107221278,531.0003220677377
-186.980503559057,103.80242523341587,533.1646257069868
-187.12867107815535,102.21757952839883,535.3089265111133
-187.29707417810116,100.61275690816916,537.4332244687147
-187.48571577486123,98.98796032415969,539.537519568495
-187.6945987842948,97.34319272822847,541.6218117992644
-187.92372612215345,95.67845707265887,543.6861011499396
-188.17310070408112,93.99375631015943,545.7303876095438
-188.44272544561406,92.28909339386392,547.7546711672061
-188.7126022899023,90.58447030500844,549.7789518121535
-188.96272929094468,88.8998851356791,551.8232295336131
-189.19310353054883,87.23533500528441,553.8875043207142
-189.40372209062744,85.59081703280731,555.97177616248
-189.59458205319814,83.96632833680512,558.0760450478269
-189.76568050038375,82.36186603540965,560.2003109655658
-189.9170145144121,80.77742724632712,562.3445739044006
-190.04858117761611,79.21300908683826,564.5088338529291
-190.16037757243387,77.66860867379825,566.6930907996428
-190.25240078140857,76.14422312363679,568.8973447329267
-190.32464788718852,74.63984955235811,571.1215956410596
-190.37711597252724,73.15548507554097,573.3658435122138
-190.4098021202834,71.69112680833864,575.6300883344556
-190.42270341342083,70.24677186547898,577.9143300957447
-190.41581693500865,68.82241736126444,580.2185687839344
-190.38913976822113,67.41806040957205,582.5428043867719
-190.34266996862524,66.01369812388887,584.8870368918979
-190.27640948104298,64.58932761770205,587.2512662868469
-190.19036122268898,63.144946004888695,589.635492559047
-190.08452811088318,61.680550399751375,592.0397156958196
-189.9589130630507,60.196137917018156,594.4639356843805