
139.74589468967977,934.4017832621107,89.24064731070759
139.7158946309578,934.3717866650034,89.2106465988814
139.6658909682111,934.3217959018565,89.16064541268166
139.59588078484327,934.2518138902708,89.09064375237428
139.5058611643643,934.1618435482724,89.00064161833149
139.39582919039046,934.0518877943125,88.89063901103188
139.2657819466446,933.9219495472678,88.76063593106038
139.11571651695593,933.7720317264403,88.61063237910831
138.96563095753865,933.6221362792345,88.4406283559733
138.83552721375688,933.4922612639047,88.25062386255938
138.7254082031648,933.3824037660278,88.04061889987689
138.63527684321025,933.2925608707554,87.81061346904254
138.56513605123487,933.2227296628135,87.5606075712794
138.51498874447395,933.1729072265027,87.29060120791691
138.48483784005649,933.1430906456981,87.00059438039082
138.47468625500514,933.1332770038491,86.69058709024327
138.46453593395765,933.1234643563031,86.38057933911386
138.43438493240194,933.0936546475568,86.09057112864222
138.38423033363603,933.0438507947847,85.8205624603705
138.31406922106427,932.9740557155864,85.57055333573447
138.22389867819746,932.8842723279867,85.34054375606357
138.11371578865274,932.7745035504361,85.13053372258089
137.98351763615366,932.6447523018102,84.94052323640317
137.83330130453027,932.4950215014098,84.7705122985408
137.66306387771903,932.3253140689616,84.62050090989781
137.47280243976283,932.1356329246167,84.49048907127191
137.2625140748111,931.9259809889523,84.38047678335442
137.0321958671197,931.6963611829702,84.29046404673036
136.78184490105104,931.4467764280978,84.22045086187839
136.51145826107404,931.1772296461876,84.17043722917079
136.22103303176416,930.8877237595174,84.1404231488735
135.91056629780346,930.5782616907899,84.13040862114615
135.60005514397164,930.248845390846,84.1232455747605
135.30949665504872,929.8994729218016,84.1019188120083
135.0388879157174,929.5301413739105,84.06669414110827
134.78822601055435,929.1408478378515,84.01783755345856
134.5575080240301,928.731589404729,83.9556153457056
134.34673104050924,928.3023631660722,83.88029418077774
134.1558921442502,927.8531662138356,83.7921408437434
133.9849884194055,927.3839956403992,83.6914223638798
133.83401695002158,926.8948485385682,83.57448792385301
133.70297482003892,926.3857220015727,83.43755303942328
133.59185911329203,925.8566131230687,83.28061771131874
133.50066691350943,925.3075189971369,83.10368194037392
133.4293953043137,924.7384367182838,82.90674572752967
133.3780413692215,924.1493633814409,82.68980907383322
133.34660219164363,923.5402960819655,82.45287198043813
133.3350748548849,922.9112319156397,82.19593444860433
133.34345741443173,922.2821679786362,81.93899647968924
133.37175181481442,921.673101367127,81.70205807505027
133.41996097274486,921.0840291768944,81.48511923594738
133.488087804829,920.5149485032957,81.28817996353413
133.57613522756694,919.9658564412624,81.11124025885776
133.68410615735277,919.4367500853009,80.95430012285915
133.81200351047468,918.927626529492,80.81735955637285
133.9598302031149,918.4384828674915,80.70041856012703
134.12758817906226,917.9493161925653,80.60347713474354
134.3152754928498,917.4401235979792,80.52653528073789
134.52288922661714,916.9109021773893,80.46959299851919
134.75042646239797,916.3616490248771,80.43265028839026
134.99788428212,915.7923612349499,80.41570715054753
135.26525976760507,915.2030359025405,80.41876358508111
135.55255000056906,914.5936701230071,80.44181959197473
135.85975206262194,913.9642609921337,80.4848751711058
136.1668630352767,913.3148065784175,80.54793032224536
136.45388000004678,912.6453088399307,80.63098504505813
136.72080003854364,911.9557707074591,80.73403933910244
136.9676202324856,911.2461951122137,80.8570932038303
137.1943376636978,910.5165849858314,81.00014663858737
137.40094941411243,909.7669432603745,81.16319964261294
137.58745256576842,908.9972728683309,81.34625221503998
137.7538442008117,908.2075767426142,81.5493043548951
137.9201214014863,907.3978568442758,81.75235606110742
138.10628125003686,906.5681112456432,81.93540733260608
138.31232082861112,905.7183370471816,82.09845816841766
138.53823721925116,904.8485313497823,82.24150856767515
138.78402750389327,903.9586912547618,82.36455852961788
139.04968876436817,903.0488138638622,82.46760805359152
139.33521808240081,902.1188962792513,82.55065713904807
139.6406125396106,901.1689356035225,82.61370578554595
139.96586921751125,900.1989289396947,82.67675399274101
140.31098519751086,899.2088733912126,82.75980176028914
140.6759575609119,898.1987660619466,82.86284908774871
141.06078338891137,897.1686040561926,82.98589597457178
141.46545976260055,896.1183844786724,83.12894242010404
141.8899837629652,895.0481044345335,83.29198842358481
142.33435247088556,893.9577610293488,83.4750339841471
142.7985629671364,892.8473513691174,83.67807910081757
143.28261233238692,891.7168725602638,83.88112377252536
143.7864976472008,890.5663217096384,84.06416799819964
144.31021599203632,889.3956959245174,84.22721177686705
144.85376444724622,888.2049923126029,84.37025510766061
145.41714009307782,886.9942079820227,84.49329798981967
146.00034000967304,885.7633400413304,84.59634042268995
146.60336127706833,884.5123855995054,84.67938240572352
147.2262009751948,883.2413417659532,84.74242393847878
147.86885618387814,881.950205650505,84.80546502061166
148.53132398283861,880.638974363418,84.88850565177808
149.21360145169123,879.3076450153752,84.99154583153644
149.91568566994562,877.9562147174854,85.11458555933885
150.63757371700606,876.5846805812837,85.257624834531
151.37926267217156,875.193039718731,85.4206636563523
152.1407496146358,873.781289242214,85.60370202393578
152.92203162348727,872.3494262645457,85.80673993630812
153.70310675000536,870.9174488712168,86.02977739238965
154.46397693462046,869.5053590368686,86.27281439099437
155.2046450901489,868.1131597080404,86.53585093082991
155.92511412951444,866.7408538308465,86.81888701049755
156.62538696574836,865.3884443509767,87.12192262849223
157.30546651198918,864.0559342136957,87.44495778320255
157.9653556814829,862.7433263638433,87.78799247291076
158.60505738758283,861.4506237458347,88.15102669579275
159.24457357145334,860.1578283314079,88.53406044991806
159.90390228511006,858.8449382031519,88.93709373324988
160.5830406081846,857.5119504717584,89.3601265436451
161.28198562020327,856.1588622483454,89.80315887885418
162.0007344005871,854.7856706444564,90.26619073652127
162.73928402865178,853.3923727720613,90.74922211418419
163.4976315836077,851.9789657435556,91.2522530092744
164.27577414455996,850.5454466717609,91.77528341911699
165.05370976280477,849.111813642177,92.31831334093073
165.81144037878911,847.6980686294538,92.88134277182802
166.54896890534607,846.3042145801394,93.46437170881492
167.2662982554161,844.9302544403571,94.06740014879115
167.9634313420471,843.5761911558053,94.69042808855006
168.64037107839437,842.2420276717576,95.33345552477869
169.29712037772057,840.9277669330626,95.99648245405768
169.93368215339572,839.6334118841442,96.67950887286138
170.5700583466009,838.3389644967492,97.38253477755774
171.22624700936834,837.0244228534754,98.10556016440837
171.90224522134645,835.6897840650232,98.84858502956857
172.59805006207827,834.3350452425195,99.61160936908725
173.31365861100144,832.9602034975167,100.39463317890699
174.0490679474484,831.5652559419931,101.19765645486402
174.80427515064622,830.1501996883534,102.0206791926882
175.5792772997167,828.7150318494278,102.86370138800311
176.35407147368525,827.2597505107601,103.7267230363259
177.10865475157843,825.7843576474701,104.6097441330674
177.84302421252136,824.2888562073907,105.51276467353212
178.55717693574667,822.7732491387811,106.43578465291819
179.25111000059448,821.2375393903262,107.3788040663174
179.92482048651246,819.681729911137,108.3418229087152
180.57830547305576,818.1058236507505,109.32484117499068
181.21156203988716,816.5098235591295,110.32785885991659
181.8245872667769,814.8937325866625,111.35087595815934
182.41737823360285,813.2575536841643,112.39389246427895
182.98993202035052,811.6012898028754,113.45690837272915
183.542245707113,809.9249438944621,114.53992367785729
184.074316374091,808.2285189110165,115.64293837390439
184.5861411015929,806.5120178050566,116.76595245500509
185.0777169700347,804.7754435295263,117.90896591518772
185.54904105994007,803.0187990377951,119.07197874837424
186.0001104519404,801.2420872836585,120.25499094838024
186.4309222267748,799.4453112213376,121.45800250891502
186.84147346529008,797.6284738054793,122.68101342358149
187.23176124844076,795.7915779911561,123.92402368587624
187.60178265728914,793.9346267338665,125.18703328918947
187.9515347730053,792.0576229895345,126.47004222680508
188.2810146768671,790.1605697145097,127.77305049190059
188.59021945026012,788.2434698655676,129.09605807754718
188.87914617467789,786.3063263999092,130.4390649767097
189.14779193172166,784.3491422751611,131.80207118224664
189.39615380310056,782.3719204493757,133.18507668691012
189.6242288706316,780.3746638810309,134.58808148334595
189.83201421623968,778.35737552903,136.01108556409358
190.01950692195754,776.3200583527024,137.4540889215861
190.18670406992587,774.2627153118025,138.91709154815027
190.33360274239325,772.1853493665104,140.40009343600647
190.46020099400363,770.1079634773965,141.9030945772688
190.56650076865873,768.0505606050311,143.42609496394493
190.65250498265559,766.0131437095946,144.96909458793624
190.71821655239924,763.9957157508422,146.53209344103777
190.76363839440256,761.9982796881037,148.11509151493817
190.78877342528637,760.0208384802835,149.71808880121975
190.79362456177932,758.0633950858606,151.3410852913585
190.77819472071795,756.1259524628888,152.98408097672404
190.74248584675917,754.1885135690318,154.64707584857968
190.68649599551802,752.2310813619533,156.33006989808231
190.61022225042984,750.253658799707,158.03306311628256
190.51366169503794,748.2562488407717,159.75605549412467
190.39681141299346,746.2388544440518,161.4990470224465
190.2596684880554,744.2014785688767,163.26203769197963
190.10223000409076,742.1441241750017,165.04502749334927
189.92449304507434,740.0667942226069,166.84801641707423
189.7264556673764,737.989491672262,168.67100445356706
189.5081198166249,735.9322194845374,170.5139915931339
189.2694884108432,733.8949806196126,172.37697782597462
189.0105643681625,731.8777780372419,174.2599631421826
188.73135060682205,729.8806146967538,176.16294753174506
188.43185004516886,727.9034935570513,178.0859309845427
188.1120656016579,725.9464175766119,180.02891349035
187.77200019485193,724.0093897134873,181.99189503883503
187.4116567434216,722.0924129253034,183.95487561956836
187.0310381661454,720.1954901692607,185.89785522212065
186.6301473819096,718.3186244021339,187.82083383615998
186.2089873097083,716.4618185802719,189.72381145146085
185.7675608686434,714.6250756595981,191.60678805790403
185.30587097792446,712.8083985956099,193.4697636454767
184.8239205568689,711.0117903433791,195.31273820427236
184.32171252490187,709.2352538575517,197.13571172449093
183.81924980154733,707.4787911200605,198.95868419642977
183.33653530633063,705.7424002232626,200.80165561038626
182.8735719586809,704.026078286802,202.66462595656031
182.43036267792237,702.329822429897,204.54759522504548
182.00691038327412,700.65362977134,206.45056340582897
181.60321799385022,698.9974974294977,208.37353048879166
181.21928842865967,697.361422522311,210.31649646370806
180.85512460660635,695.7454021672954,212.27946132024633
180.49072847421044,694.1294344538632,214.26242504796835
180.10609808884365,692.4935213605763,216.26538763632954
179.70123053568892,690.837665838674,218.28834907467908
179.27612290003685,689.1618708398203,220.33130935225972
178.83077226728565,687.4661393161043,222.39426845820796
178.36517572294113,685.7504742200406,224.4772263815539
177.87933035261685,684.0148785045684,226.58018311122126
177.37323324203393,682.259355123052,228.7031386360275
176.86688147701244,680.4839060569938,230.84609294468365
176.38027214337373,678.6885293991705,233.00904602579445
175.91340232684303,676.8732222704973,235.1919978678583
175.4662691130406,675.0379817923138,237.39494845926723
175.0388695874818,673.1828050863849,239.61789778830692
174.631200835577,671.3076892749004,241.8608458431567
174.24325994263168,669.4126314804757,244.1237926118896
173.87504399384642,667.4976288261507,246.40673808247226
173.5265500743169,665.5626784353906,248.6896822427739
173.19777526903394,663.6077774320858,250.95262508066364
172.88871666288347,661.6329229405519,253.1955665841082
172.59937134064657,659.6381120855294,255.41850674118064
172.3297363869996,657.6233419921842,257.62144554006034
172.07980888651394,655.5886097861074,259.804382969033
171.84958592365635,653.5339125933151,261.9673190164908
171.63906458278865,651.4592475402487,264.1102536709322
171.4282426721836,649.3795055788191,266.25318692095317
171.19712089080122,647.3094716869145,268.4161187551497
170.94570063502945,645.248929647783,270.5990491620202
170.67398326945798,643.1976639158582,272.80197812995686
170.3819701269628,641.1554597693513,275.02490564724553
170.06966250887544,639.1221037375024,277.2678317020656
169.7370616851505,637.0973834479969,279.5307562824903
169.38416889455266,635.0810881762864,281.81367937648633
169.03098563520936,633.0789792478067,284.1166009719142
168.69751454069817,631.0969203912681,286.43952105652784
168.38375852965467,629.134908731574,288.7824396179752
168.0897205206096,627.1929413932023,291.14535664379747
167.81540343198887,625.2710155002055,293.5282721214299
167.56081018211347,623.3691281762102,295.9311860382011
167.32594368919956,621.4872765444175,298.3540983813335
167.1108068713584,619.6254577276028,300.79700913794306
166.89540167431767,617.763669820439,303.25991829503954
166.65972615465685,615.8819148067486,305.7428258395263
166.4037773967668,613.980195643031,308.2457317582003
166.12755248514623,612.0585152862112,310.76863603775223
165.83104850440162,610.1168766936394,313.3115386647664
165.51426253924734,608.1552828230905,315.87443962572075
165.1771916745056,606.1737366327651,318.45733890698705
164.81983299510645,604.1722410812887,321.06023649483046
164.462183586079,602.1507981554245,323.68313237540997
164.12424053245383,600.1094059532111,326.3260265347782
163.80600091916568,598.0480616008249,328.9889189588814
163.50746183104448,595.9667622248671,331.6718096335596
163.2286203528154,593.8655049523646,334.3746985445462
162.96947356909885,591.744286910769,337.0975856774686
162.73001856441056,589.6031052279573,339.84047101784756
162.51025242316146,587.4419570322316,342.60335455109777
162.31017320194536,585.280839452284,345.3662362625363
162.129782846401,583.1397496168063,348.10911613748016
161.96908427435002,581.0186846541002,350.83199416134397
161.82808040350923,578.9176416920417,353.53487031964875
161.70677415149075,576.8366178580816,356.2177445980217
161.60516843580197,574.7756102792449,358.88061698219656
161.52326617384549,572.7346160821313,361.52348745801334
161.46107028291917,570.7136323929151,364.14635601141845
161.3985836802249,568.7126573096323,366.7492226284646
161.3158092829662,566.7316928190434,369.332087295311
161.2127500084455,564.7707418797709,371.89494999822307
161.08940877407323,562.8298074500117,374.4378107235726
160.94578849736754,560.9088924875374,376.9606694578379
160.78189209595448,559.0079999496938,379.46352618760346
160.59772248756786,557.1271327934016,381.9463808995602
160.39328259004938,555.2662939751556,384.40923358050543
160.18857434905215,553.405485478773,386.87208421733396
160.003595821081,551.5247053989215,389.3549327969406
159.83834409025724,549.6239508583707,391.8577793061226
159.69281624059727,547.7032189803157,394.38062373157095
159.5670093560126,545.7625068883768,396.9234660598703
159.46092052030988,543.8018117065998,399.48630627749895
159.37454681719095,541.8211305594556,402.0691443708289
159.30788533025276,539.8204605718405,404.6719803261258
159.24093411528378,537.8197998413281,407.2948141295488
159.15369511722378,535.8391503546417,409.93764576715097
159.04617125339897,533.8785150704022,412.60047522487883
158.9183654412434,531.9378969468047,415.2833024885727
158.77028059829905,530.0172989416192,417.9861275439664
158.60191964221573,528.1167240121898,420.7089503766876
158.41328549075098,526.2361751154356,423.4517709722575
158.20438106177022,524.3756552078495,426.21458931609106
157.99520830095034,522.5151662732472,428.9974053934968
157.80576526481985,520.6347064062946,431.80021918967697
157.63604903752386,518.7342727297597,434.62303068972744
157.48605670310246,516.8138623668358,437.4658398786377
157.35578534549094,514.8734724411415,440.3286467412911
157.24523204851968,512.913100076721,443.21145126246444
157.15439389591427,510.9327423980432,446.1142534268282
157.08326797129538,508.9323965300029,449.03705321894665
157.01185135818776,506.91206057020736,451.9798506232776
156.9201411401177,504.8717365058391,454.94264562417266
156.80813440071057,502.81142729679345,457.9254382058769
156.67582822369965,500.73113590339085,460.9282283525292
156.52321969292615,498.63086528637723,463.951016048162
156.35030589233924,496.5106184069238,466.99380127670156
156.15708390599607,494.37039822662706,470.05658402196764
155.9435508180618,492.2102077075087,473.1393642676738
155.70970371280953,490.0300498120157,476.2421419974271
155.45553967462047,487.82992750302026,479.36491719472843
155.1810557879838,485.6098437438198,482.5076898429722
154.88624913749683,483.36980149813695,485.6704599254466
154.57111680786483,481.10980373011955,488.85322742533344
154.2356558839012,478.82985340434055,492.05599232570813
153.87986345052747,476.529953485798,495.2787546095398
153.50373659277327,474.2101069399152,498.5215142596913
153.10727239577633,471.8703167325406,501.784271258919
152.69046794478254,469.5105858299476,505.0670255898731
152.25332032514595,467.1309171988348,508.36977723509733
151.7958266223288,464.7313138063259,511.6925261770291
151.31798392190152,462.31177861996946,515.0352723979995
150.8197893095427,459.8723146077394,518.3980158802334
150.30123987103923,457.41292473803435,521.7807566058492
149.76233269228615,454.9336119796782,525.1834945568589
149.223064859278,452.4343783296322,528.6062297151684
148.70343345801115,449.9152218961329,532.048962062577
148.20343557438642,447.37613981555444,535.5116915807778
147.72306829420026,444.8171292246959,538.9944182513577
147.26232870314473,442.2381872607815,542.497142055797
146.8212138868075,439.6393110614603,546.0198629754697
146.3997209306719,437.0204977648066,549.5625809916436
145.9978469201169,434.3817445093196,553.1252960854802
145.6155889404172,431.7230484339238,556.6880082380433
145.25294407674315,429.0444066779686,560.2307174303969
144.90990941416078,426.3458163812286,563.7534236437025
144.58648203763187,423.6272746839036,567.2561268592278
144.28265903201392,420.8887787266184,570.7388270583472
143.9984374820602,418.130325650423,574.2015242225411
143.73381447241977,415.3519125967927,577.6442183333965
143.48878708763743,412.5535367076279,581.0669093726066
143.24335338445013,409.75519609750614,584.4895973219623
142.97751530874672,406.9768927701547,587.9322821632543
142.69127577880312,404.2186297011979,591.394963878176
142.38463771300374,401.4804098658347,594.8776424483143
142.05760402984149,398.7622362388383,598.38031785515
141.71017764791773,396.06411179455625,601.9029900800574
141.34236148594223,393.3860395069105,605.4456591043046
140.95415846273318,390.7280223493972,609.008324909053
140.56557149720837,388.0900623227995,612.5909874753582
140.19660350828755,385.47215753832495,616.1936467841691
139.8472574147951,382.87430513446805,619.8163028163283
139.517536135451,380.2965022492976,623.4589555525722
139.2074425888709,377.7387460204567,627.1216049735308
138.91697969356602,375.20103358516275,630.8042510597278
138.64615036794328,372.68336208020764,634.5068937915804
138.39495753030513,370.1857286419576,638.2295331493998
138.16340312656223,367.68813040638867,641.9521691133993
137.95148521337094,365.1705645094766,645.6548016637927
137.75920087499588,362.6330280875871,649.3374307808908
137.58654719559715,360.0755182775111,653.0000564451112
137.43352125923056,357.49803221646465,656.6426786369776
137.30012014984746,354.90056704208934,660.2652973371203
137.18634095129494,352.2831198924518,663.8679125262756
137.09218074731567,349.64568790604403,667.4505241852867
137.01763662154804,346.9882682217834,671.0131322951025
136.9627056575261,344.31085797901267,674.5557368367789
136.92738493867964,341.6134543174998,678.0783377914778
136.9116715483341,338.8960543774383,681.5809351404677
136.9155625697108,336.1586552994468,685.0635288651232
136.93905508592667,333.4012542245697,688.5261189469255
136.98214617999446,330.6238482942765,691.9687053674621
137.0448329348227,327.8264346504623,695.3912881084269
137.12711243321573,325.0090104354476,698.8138671516111
137.22898175787373,322.17157279197824,702.2564424788063
137.35043799139262,319.31411886322576,705.7190140717063
137.49147821626428,316.43664579278703,709.2015819118988
137.65209951487637,313.5391507246846,712.7041459808648
137.8322989695124,310.62163080336626,716.2267062599796
138.03207366235188,307.6840831737055,719.7692627305115
138.25142067547017,304.7265049810014,723.3318153736229
138.490338063126,301.7688933709432,726.9143641703697
138.74882776862376,298.8312454892201,730.5169091017016
139.02689270745125,295.91355848113176,734.1394501484617
139.32453579499222,293.01582949155244,737.781987291387
139.64175994652624,290.13805566493136,741.4445205111082
139.97856807722874,287.2802341452926,745.1270497881494
140.33496310217112,284.442362076235,748.8295751029287
140.7109479363205,281.6244366009323,752.5520964357578
141.1065254298471,278.82512412788253,756.2946137668418
141.52169813979918,276.04238661267357,760.0571270762798
141.95646838793718,273.274827551066,763.8396363440644
142.4108382948616,270.52108039149937,767.6421415500818
142.88480978432722,267.7798079858049,771.4646426741122
143.37838458750545,265.0497020399176,775.307139695829
143.89156424713843,262.3294825645873,779.1696325947997
144.4243501216478,259.6178974634188,783.0521213504853
144.9767427356659,256.90027967708727,786.9546059422403
145.54873985225234,254.16257989846912,790.877086349313
146.14033855150308,251.40479526859545,794.8195625508456
146.75153591340998,248.62692292892334,798.7820345258737
147.38232901786066,245.82896002133563,802.7645022533264
148.03271494463846,243.01090368814113,806.7669657120271
148.70269077342263,240.17275107207453,810.7894248806922
149.3922535837882,237.31449931629643,814.8318797379322
150.10140045520606,234.43614556439337,818.8943302622512
150.83012846704298,231.53768696037784,822.9767764320467
151.57843469856155,228.61912064868824,827.0792182256102
152.3463162289203,225.68044377418903,831.2016556211269
153.13377013717363,222.72165348217058,835.3440885966752
153.94079350227187,219.74274691834935,839.5065171302276
154.76738340306136,216.74372122886774,843.6889411996502
155.6135369182843,213.7245735602943,847.8913607827028
156.4792511265789,210.68530105962347,852.1137758570387
157.36452310647937,207.62590087427589,856.356186400205
158.26934993641586,204.54637015209826,860.6185923896426
159.19372869471462,201.44670604136334,864.9009938026857
160.13765645959788,198.32690569077005,869.2033906165625
161.1011303091839,195.1869662494434,873.5257828083948
162.08414732148708,192.02688486693455,877.868170355198
163.0867045744178,188.84665869322083,882.2305532338812
164.08879914579148,185.64628585099317,886.5929314212563
165.07042811342592,182.4257683525185,890.9353048941346
166.03158855523895,179.1851091827773,895.2576736294255
166.97227754925726,175.92431132717624,899.5600376041447
167.8924921736163,172.64337777154816,903.8423967954138
168.79222950656046,169.34231150215197,908.1047511804613
169.67148662644306,166.02111550567275,912.3471007366221
170.53026061172622,162.67979276922165,916.569445441337
171.3885485409722,159.3183453080484,920.7917852721448
172.26634749274584,155.93677124867912,925.0341202065839
173.16365454551703,152.5350677457785,929.2964502220957
174.08046677765196,149.1132319544373,933.5787752960148
175.01678126741314,145.6712610301725,937.8810954055698
175.97259509295932,142.20915212892712,942.203410527883
176.94790533234558,138.7269024070703,946.5457206399701
177.94270906352335,135.22450902139738,950.9080257187408
178.9370033643492,131.70197010141734,955.290325740998
179.91078531268252,128.15928766621502,959.6926206834389
180.8640519864828,124.59646470758894,964.114910522654
181.79680046381864,121.01350421776371,968.5571952351274
182.70902782286785,117.41040918939014,973.0194747972372
183.60073114191724,113.7871826155451,977.5017491852548
184.4719074993628,110.14382748973163,982.0040183753455
185.32255397370966,106.48034680587881,986.5262823435683
186.1726676435633,102.79674258605435,991.0685410658757
187.04224558753202,99.09301296360228,995.6307945181142
187.9312848841294,95.36915510000522,1000.2130426760236
188.83978261176568,91.62516615717192,1004.8152855152377
189.76773584874752,87.8610432974372,1009.4375230112838
190.7151416732781,84.07678368356201,1014.0797551395829
191.6819971634573,80.27238447873343,1018.7419818754495
192.66829939728146,76.44784284656467,1023.4242031940921
193.67404545264347,72.60315595109512,1028.1064190706215
194.69923240733297,68.73832095679036,1032.7686294801488
195.74385733903608,64.85333502854213,1037.4108343978824
196.8079173253357,60.9481953316684,1042.033033799137