
-16.648245477235832,728.7490133632011,-112.61423494493775
-16.65372024318558,728.7521661132216,-112.64423404670269
-16.662818716914018,728.757297862937,-112.69423254946702
-16.675522385908323,728.7643007958452,-112.76423045296484
-16.691816349909498,728.7730648237391,-112.85422775682396
-16.71168928666765,728.7834776706794,-112.9642244605658
-16.723348142873164,728.8044546283803,-113.09422056360548
-16.715002770668967,728.8451987268496,-113.24421606525169
-16.686650264569163,728.9059401492879,-113.41421096470685
-16.63828770786219,728.9866759775796,-113.604205261067
-16.569912183942893,729.087403293184,-113.81419895332182
-16.481520776312532,729.2081191771351,-114.04419204035467
-16.37311056857881,729.3488207100412,-114.29418452094255
-16.244678644455874,729.5095049720853,-114.56417639375611
-16.102087640187126,729.6901693281756,-114.83416765736852
-15.951104909536678,729.8908122787632,-115.08415831035295
-15.791538641696455,730.1114325859447,-115.31414835138004
-15.623200309881538,730.3520289840835,-115.52413777922683
-15.445904493470898,730.6126001802771,-115.7141265927767
-15.259468576170464,730.8931448547894,-115.88411479101933
-15.063712343563534,731.1936616614316,-116.03410237305083
-14.858457501029363,731.5141492278783,-116.16408933807362
-14.638385250609948,731.8346059059269,-116.27407568539651
-14.3982679581272,732.1350290262016,-116.36406141443463
-14.13810854172028,732.4154156654836,-116.43404652470947
-13.857909919634931,732.67576290098,-116.48403101584888
-13.557675010223448,732.9160678103234,-116.51401488758708
-13.237406731944676,733.136327471572,-116.5239981397646
-12.897108003363982,733.3365389632097,-116.51398077232838
-12.536781743153252,733.516699364146,-116.48396278533168
-12.168210405469518,733.6915173144242,-116.45394417892525
-11.803179426214635,733.8756123021808,-116.44392495325987
-11.441697754281728,734.068802527658,-116.45390510838881
-11.083771609408476,734.2709073566411,-116.48388464425899
-10.72940451013767,734.4817473553468,-116.53386356071101
-10.378597310833861,734.7011443148282,-116.6038418574791
-10.03134823440449,734.9289212772916,-116.69381953419114
-9.687652912169742,735.1649025652789,-116.80379659036866
-9.355715043134717,735.4149178540043,-116.91377302543573
-9.04373940539418,735.684886187589,-117.0037488388164
-8.751723083744757,735.9748104771742,-117.07372403003222
-8.47966316287693,736.2846936334763,-117.1236985987111
-8.227556727375065,736.6145385667865,-117.1536725445873
-7.995400861717426,736.9643481869704,-117.1636458675014
-7.783192650276187,737.3341254034689,-117.15361856740041
-7.590929177317449,737.7238731252974,-117.12359064433763
-7.401824501267116,738.1335934451497,-117.07356209847272
-7.198877564033538,738.5632851812518,-117.00353293007174
-6.981648866314779,739.0129462829104,-116.91350313950706
-6.749685822089049,739.4825746343898,-116.80347272725741
-6.502522006644907,739.9721680529472,-116.6734416939079
-6.239676391260106,740.4817242867595,-116.52341004014997
-5.9606525735889795,741.0112410127371,-116.35337776678142
-5.6649380428590135,741.5607158342277,-116.1633448747064
-5.35070746129322,742.1101462155984,-115.95596140937546
-5.016398296263909,742.6395293044048,-115.73425326033305
-4.662013466411113,743.1488621725365,-115.49896991663466
-4.28755589048162,743.6381418923088,-115.25085638799972
-3.893028487328955,744.1073655364626,-114.9906530889362
-3.4784341759133652,744.5565301781647,-114.71909574479973
-3.0437758753018054,744.9856328910076,-114.43691527973299
-2.589056504667921,745.3946707490095,-114.14483778852839
-2.1342789832831714,745.7836417989016,-113.84181146056763
-1.6994462304193247,746.1525479769908,-113.52624382395581
-1.2845611652509545,746.5013921922972,-113.19777789337164
-0.8896267068465611,746.8301773542667,-112.85605827429116
-0.5146457741685565,747.1389063727705,-112.5007317218428
-0.1596212860732491,747.4275821581061,-112.13144771206017
0.1754438386891725,747.6962076209965,-111.74785902791677
0.49054668147465463,747.94478567259,-111.34962231627368
0.8056852960238741,748.1933182521382,-110.93397597589437
1.140861625227086,748.4618034097427,-110.49832904562655
1.4960785841642992,748.7502382228284,-110.0426815277868
1.8713390878089555,749.0586197683947,-109.56703342479804
2.266646051027914,749.386945123016,-109.07138473918958
2.682002388581436,749.7352113628416,-108.55573547359704
3.1174110151231686,750.1034155635958,-108.02008563076241
3.5728748452001295,750.4915548005778,-107.46443521353405
4.035590741050421,750.8996267712197,-106.88878422486664
4.492831719105572,751.3276316590594,-106.29313266782125
4.944752145860954,751.7755702512985,-105.67748054556529
5.391504702220875,752.2434433127489,-105.04182786137252
5.833240497461853,752.7312515860717,-104.38617461862306
6.270109197024167,753.2389957919962,-103.71052082080338
6.702259131229936,753.7666766295229,-103.01486647150631
7.12983741401478,754.3142947761093,-102.29921157443101
7.545207949541358,754.8818512661613,-101.56355613338303
7.940662833699111,755.4693486295959,-100.80790015227426
8.316204981247514,756.0767897707609,-100.03224363512294
8.671837307051929,756.7041775935794,-99.23658658605365
9.007562435751412,757.3455428545719,-98.42092900929735
9.32338182581949,757.9948146387424,-97.58527090919135
9.61929662063937,758.65178940915,-96.72961229017929
9.895307933140497,759.316257433621,-95.85395315681119
10.151416844892076,759.9880027237184,-94.95829351374341
10.387624405183887,760.6668029565448,-94.04263336573868
10.603931630098296,761.3524294060827,-93.10697271766607
10.800339501570015,762.0446468630912,-92.151311574501
10.97684832831242,762.7300873362294,-91.19308327662176
11.133455836675218,763.3955035179699,-90.24988111753765
11.270159108963314,764.0408983109958,-89.32202479916728
11.386955227587455,764.6662746184156,-88.40983346592502
11.483841275064243,765.2716353437635,-87.51362535090614
11.560814334016156,765.856983390999,-86.63371732575082
11.617871487171557,766.4223216645071,-85.7704243861352
11.655009817364716,766.9676530690983,-84.92405907575039
11.672226407535819,767.4929805100086,-84.0962351476467
11.66951834073099,767.9983068928993,-83.28841077234789
11.646882700102303,768.4836351238572,-82.50058595414963
11.604316568907796,768.9489681093944,-81.73276069724122
11.541817030511492,769.3943087564485,-80.98493500570561
11.459381168383407,769.8196599723824,-80.2571088835194
11.357006066099572,770.2250246649843,-79.54928233455283
11.234688807342044,770.6104057424678,-78.86145536256984
11.112426475890063,770.9758051411845,-78.17362797123683
11.010216155522576,771.3212209087613,-77.46580016422021
10.928054929920764,771.6466501209632,-76.7379719452839
10.865939882659196,771.95208985398,-75.99014331829818
10.823868097205848,772.2375371844278,-75.22231428723966
10.801836656922111,772.5029891893471,-74.4344848561913
10.799842645062812,772.7484429462044,-73.62665502934246
10.817883144776225,772.9738955328913,-72.79882481098879
10.855955239104093,773.179344027725,-71.97099420552347
10.91405601098164,773.364785509448,-71.16316321733964
10.992182543237583,773.5302170572282,-70.37533185073302
11.090331918594154,773.6756357506592,-69.60750010989292
11.208501219667111,773.8010386697598,-68.85966799890237
11.346687528965758,773.9064228949744,-68.13183552173795
11.504887928892952,773.9917855071728,-67.42400268227
11.683099501745126,774.0571235876505,-66.73616948426242
11.881319453845428,774.1049876424822,-66.04833593138169
12.09954550126015,774.1382021105705,-65.34050202729425
12.33777555040975,774.157306635372,-64.61266777576404
12.596007585968652,774.1628303573508,-63.864833180661364
12.874239669348105,774.1552921113777,-63.09699824596289
13.172469937206516,774.1352006088712,-62.3091629757516
13.490696599986437,774.1030546251834,-61.50132737421685
13.828917940477432,774.0593431483625,-60.673491445654356
14.168542077574672,774.0091352878912,-59.83818778437304
14.49124003323223,773.9571438533274,-59.00802759538014
14.79753021461401,773.9031440166249,-58.18316496872617
15.087920514790907,773.8469217849324,-57.36374771758749
15.362908298098581,773.7882737379599,-56.54991740926005
15.622980386410012,773.7270067996797,-55.74180941594169
15.868613094017215,773.6629380405445,-54.93955303417919
16.10027212801828,773.5958945760262,-54.14327156163836
16.3350540124476,773.5173050824553,-53.36000747181342
16.589823234755453,773.4186798900195,-52.59674309823491
16.86457687672477,773.3000160839158,-51.85347844496154
17.159312020032203,773.161310749767,-51.13021351594565
17.474025746248156,773.0025609736216,-50.42694831503324
17.808715136836792,772.8237638419535,-49.743682845963974
18.163377273156062,772.6249164416623,-49.08041711237114
18.5380092364577,772.4060158600737,-48.43715111778169
18.932609080174696,772.187059184903,-47.813884865616224
19.347178746783626,771.9880435038663,-47.210618359189006
19.781721150942325,771.8089659042896,-46.62735160170793
20.236239207202413,771.6498234730743,-46.06408459627455
20.710735830009295,771.5106132966964,-45.520817345884055
21.205213933702137,771.391332461207,-44.99754985342532
21.719676432513854,771.2919780522321,-44.49428212168083
22.25412624057109,771.2125471549729,-44.011014153326755
22.80147525797248,771.1330371989185,-43.547745950932885
23.354630714300626,771.0334469923087,-43.104477516962675
23.91358883478274,770.9137756886066,-42.68120885377323
24.478347416508875,770.7740224417155,-42.277939963615296
25.048906048730693,770.6141864057303,-41.89467084863329
25.62526632719978,770.4342667346634,-41.53140151086526
26.207432138362567,770.2342625821309,-41.18813195224291
26.795409955714632,770.014173100997,-40.86486217459161
27.3762787576412,769.780523975283,-40.5415921796392
27.937113423515754,769.5401755340274,-40.198321969113564
28.477913033684153,769.2937907643136,-39.83505154484006
28.998676764246156,769.0420241275035,-39.45178090875039
29.499403885793782,768.7855213131759,-39.048510062882634
29.980093762114496,768.5249189964024,-38.62523900938118
30.440745848858263,768.2608445883491,-38.18196775049682
30.88135969216857,767.9939159921213,-37.71869628858665
31.32193519420392,767.7302312472525,-37.255424626105295
31.782473419546243,767.4760214154483,-36.812152765507356
32.262975822110285,767.2321771913643,-36.38888070914996
32.763443987436965,766.999608574664,-35.985365566064985
33.28387963546094,766.7792438114202,-35.60102565428586
33.82428462303847,766.5720277833399,-35.23518462240204
34.38466094632572,766.3789215022964,-34.88716879491474
34.96501074312451,766.200901996822,-34.55630763763361
35.56533540391998,766.0206283506323,-34.226912376785556
36.18563287554689,765.8202656947391,-33.88348009779296
36.82590023784443,765.5998111164586,-33.525713515971724
37.48613457054564,765.3592617035324,-33.15331502770989
38.16633295327735,765.0986145441286,-32.76598672382069
38.866492465560235,764.8178667268406,-32.36343041004813
39.58661018680885,764.5170153406882,-31.945347625188397
40.32668319633158,764.196057475117,-31.511439661595404
41.08670857333074,763.8549902199984,-31.071889219821784
41.866683396902516,763.49381066563,-30.637058330560645
42.666604746037024,763.1125159027354,-30.20700640073579
43.486469699618326,762.7111030224642,-29.781791901452678
44.3262753364244,762.2895691163919,-29.361472211595537
45.18601873512722,761.8479112765202,-28.946103442350985
46.06569697429273,761.3861265952769,-28.53574025910905
46.96530713238085,760.9042121655156,-28.13043570288736
47.86484705726474,760.4179949178268,-27.724456754107543
48.74431767406809,759.9432893975883,-27.312021378626497
49.60372067353368,759.4800652989579,-26.89308310847214
50.44305774156376,759.0282909330201,-26.467594227824122
51.26233055901661,758.5879332058513,-26.035505777305627
52.06154080150033,758.1589575994473,-25.5967675654277
52.84076211105572,757.7413281234027,-25.15132818051048
53.60034994819536,757.3350080460244,-24.699134852400654
54.36023323752608,756.9242785488264,-24.253551106503306
55.14005602542051,756.4934367738265,-23.827967231627536
55.939815390869576,756.0424798131991,-23.42238323003641
56.75950841275819,755.5714047595447,-23.036799103886644
57.59913216986525,755.0802087058898,-22.671214855228598
58.458683740863705,754.5688887456868,-22.32563048600629
59.3381602043205,754.0374419728141,-22.000045998057377
60.237558638696655,753.4858654815768,-21.69446139311318
61.15687612234723,752.914156366705,-21.38887667280752
62.09610973352139,752.322311723356,-21.063291838774223
63.05525655036238,751.7103286471126,-20.717706892744605
64.03431365090756,751.078204233984,-20.352121836556332
65.03327811308841,750.4259355804054,-19.96653667215342
66.05214701473056,749.7535197832381,-19.56095140158624
67.0909174335538,749.0609539397698,-19.135366027011518
68.14958644717208,748.3482351477144,-18.689780550692323
69.22338800292414,747.6353607367802,-18.244194974989217
70.30834056589886,746.9423289251421,-17.81860930226276
71.40603920884399,746.2691379709385,-17.413023534776034
72.51814205614008,745.6157858951098,-17.027437674685757
73.64637277526577,744.9822704720211,-16.661851724042304
74.79252301819497,744.3685892197242,-16.3162656847897
75.95804687996737,743.7747394096991,-15.99067955876561
77.14348679055733,743.2007181637679,-15.685093347701363
78.32884468824497,742.6265235494224,-15.394818016854682
79.49411862216105,742.0321575233054,-15.114871821097745
80.63930566924684,741.4176230147381,-14.844663186773722
81.7644029065504,740.7829229534675,-14.58358723069525
82.86940741122667,740.1280602696676,-14.331023473713472
83.9543162605374,739.4530378939379,-14.086332929630496
85.01912653185117,738.7578587573048,-13.848854437371365
86.0638353026435,738.0425257912204,-13.617899971055712
87.10397976918416,737.3070411720905,-13.39550493754658
88.1547408002337,736.5514040721769,-13.183801846065096
89.21538349731034,735.7756129962468,-12.98228755442668
90.28513359515772,734.9796665591008,-12.790469969663194
91.3631761280354,734.1635634914137,-12.607868439032035
92.44865441787483,733.3273026457495,-12.434014233054727
93.54066951423854,732.470883002691,-12.268451138228004
94.6382802043386,731.5943036770136,-12.110736191355457
95.72838349381328,730.6975645130218,-11.966836253567442
96.79835605719619,729.7806678328974,-11.842936252136269
97.84819497193536,728.8436165727813,-11.739036187720785
98.8778973155859,727.8864136692409,-11.655136060873485
99.88746016580998,726.9090620592694,-11.59123587204051
100.87688060037686,725.9115646802865,-11.547335621561656
101.84615569716294,724.8939244701378,-11.523435309670361
102.79528253415171,723.8561443670953,-11.519534936493718
103.72425916172125,722.8182273098217,-11.51563450206133
104.63308751950655,721.8001762369804,-11.491734006402801
105.52177051953721,720.8019940868453,-11.447833449645223
106.39031107394995,719.8236837972659,-11.383932832022039
107.23871209498854,718.8652483056668,-11.300032153873044
108.06697649500394,717.9266905490481,-11.196131415644382
108.87510718645412,717.0080134639849,-11.072230617888554
109.6631070819041,716.1092199866275,-10.92832976126441
110.44103593138502,715.210312563783,-10.764428846537147
111.21873162349361,714.2912916970391,-10.58052787457832
111.99576128300154,713.3521574521119,-10.376626846365829
112.77170638366773,712.3929099568603,-10.152725762983932
113.54616762729808,711.4135493988414,-9.908824625623234
114.31877003541464,710.4140760221366,-9.644923435580692
115.08916808372109,709.3944901234293,-9.361022194259615
115.85705068177444,708.3547920473433,-9.057120903169661
116.62758679331255,707.3040554503465,-8.735536590064124
117.40617369203471,706.251210462544,-8.398474130213925
118.19297356198527,705.1959725822772,-8.045712632028486
118.98814679848743,704.1380607583612,-7.677037945524444
119.79185198720948,703.0771976399716,-7.292242461101518
120.60424589137139,702.0131097752736,-6.891124909748839
121.4254834480372,700.9455278031389,-6.4734901594365555
122.25571777158865,699.8741866107675,-6.039148991003405
123.0804116762669,698.8108395716104,-5.6064080197193515
123.88495391226434,697.7673737260506,-5.193667018614061
124.66934739216505,696.7437920128579,-4.8009259898823045
125.43359502866035,695.7400973703773,-4.428184935612503
126.17769973454861,694.756292736529,-4.075443857786729
126.90166442273535,693.7923810488084,-3.7427027582807004
127.60549200623319,692.8483652442859,-3.4299616388637864
128.2891853981618,691.9242482596072,-3.137220501199005
128.95274662837528,691.0018620124249,-2.8601818223927173
129.59617422449597,690.063679215106,-2.5944811877975895
130.219465984691,689.1109443078808,-2.3400342940169656
130.82261988253788,688.1448233020656,-2.0968378236172613
131.4056340558781,687.1664080448695,-1.8649352020211534
131.96850679637572,686.1767214102208,-1.6443861505011375
132.5112365398306,685.1767222912299,-1.4352406747122424
133.03382185715364,684.1673095808057,-1.2375178387625125
133.5435276447803,683.1517047839612,-1.0355060443603363
134.04749417480954,682.1327489155873,-0.8134942444606639
134.5454684444539,681.1105518484844,-0.5714824402440547
135.0371931505904,680.0852243932916,-0.3094706329974196
135.52240667178734,679.0568784791203,-0.027458824114020397
136.00084307562838,678.0256273380054,0.2745529849065299
136.47223213226508,676.9915857134337,0.5965647924582674
136.93629937282273,675.9548700753057,0.9385765968288771
137.3865615438032,674.9088237158501,1.2805883962085554
137.8166722035856,673.8472641893211,1.6026001887874985
138.2266291756286,672.7712856456807,1.904611972853392
138.61643044622173,671.682026988748,2.186623746800272
138.98607416921874,670.5806479241679,2.448635509128525
139.33555866755015,669.4683086752103,2.69064725844489
139.66488243201036,668.3461527574805,2.9126589934624567
139.97404411769404,667.2152917496692,3.1146707130006654
140.27168097091916,666.0765578609622,3.2977853594052293
140.56590915944912,664.9307729546897,3.463081224548629
140.85571160303346,663.7790376961535,3.6105004462237944
141.14012611881168,662.6225044144353,3.739970813334959
141.41824924416144,661.462366041605,3.8514113267729777
141.68923869629054,660.2998446319749,3.944737683043075
141.95231454149507,659.1361798264319,4.019867437458041
142.2067591801965,657.9726176000186,4.076724635181146
142.46201430553117,656.8193998877196,4.11442763642985
142.72767213333265,655.6861441849397,4.132130615808727
143.00337457946662,654.5728490013178,4.12983357322364
143.28881854908317,653.4795128946649,4.107536508686803
143.58375225686618,652.4061344632073,4.065239422316784
143.8879710713988,651.3527123384004,4.002942314338498
144.20131295230968,650.3192451783801,3.9206451850832154
144.5236535340829,649.3057316621063,3.8183480349885537
144.86039475620078,648.2975131355515,3.700118824382143
145.21699057059706,647.2800518700835,3.5702359724317314
145.59343965281445,646.2535943798193,3.429130903968718
145.9897407154528,645.2183979465262,3.277256583572276
146.40589250972042,644.1747303449582,3.115088527892232
146.84189382693913,643.1228694804539,2.9431257311874615
147.29774349998877,642.0631029166235,2.761891481191612
147.7734404046734,640.9957272721433,2.5719340481400144
148.2689837359746,639.9267039319137,2.3792733455214172
148.7843738259053,638.86183200031,2.190334142328496
149.31961128640086,637.8010874574575,2.0064922532879463
149.87467976808196,636.7444489561743,1.829128527546072
150.44935406944862,635.6919040434942,1.6596174887314095
151.04324164909227,634.6434533992632,1.4993070026110025
151.6560019738289,633.5991129379195,1.3495019082172741
152.28735218865006,632.5589142403737,1.211460625383129
152.9178592688873,631.5107498171732,1.0860844915121313
153.5282144559133,630.4424949083271,0.9727942750553507
154.1184148296201,629.3541524530634,0.8699200509262565
154.68845747000697,628.2457253910356,0.7759055643320016
155.23833945718036,627.1172166623235,0.689305349016333
155.7680578713539,625.9686292074324,0.6087724885263626
156.27760982990347,624.8007281905358,0.5330328353035269
156.76699264505757,623.615235805558,0.4608686861702589
157.24162475939414,622.4258446635079,0.39432844214987545
157.7069425172362,621.2453126277823,0.33611900657581273
158.16297964168407,620.0736872499044,0.2863672851988304
158.60977322902176,618.9110150448356,0.24519847235615394
159.04736381245095,617.7573413307374,0.21273595941807422
159.47579541864852,616.6127100601431,0.1891012332209769
159.89511562525254,615.4771636430144,0.1744137673478244
160.30537556920717,614.3507427488111,0.16879086810911856
160.72103777873107,613.2203635461921,0.16506495040342933
161.15653644593434,612.0728391456826,0.15595205009669277
161.6118690654163,610.9080085037812,0.14133758899034768
162.0870331091653,609.7257181657402,0.12111097002851971
162.5820260276289,608.5258217734729,0.09516553152224248
163.09684525071552,607.3081796135147,0.06339851234091207
163.63148818873174,606.0726581831044,0.025711016865302368
164.18595223325835,604.8191297944122,-0.0179920179136729
164.7519971495706,603.5547707557653,-0.06619642827018138
165.32146218832355,602.286837958237,-0.11730070711934142
165.89449842803538,601.0153663024215,-0.17122526684908362
166.47124808907628,599.7403895450573,-0.22789433691379132
167.05184506184412,598.4619403572617,-0.28723582936662495
167.6364153956077,597.1800503663608,-0.34918120105396666
168.2250777400303,595.894750201464,-0.4136653249889615
168.81794374998333,594.6060695400529,-0.4806263682815514
169.41862781980845,593.3080244402229,-0.5388108153371238
170.03073741785366,591.9945443060253,-0.5769952595364033
170.65436567686098,590.6654844722697,-0.5951797006763422
171.28960187570894,589.3206984713667,-0.5933641386602436
171.93653113540788,587.9600380625233,-0.5715485734977621
172.5952341241594,586.5833532576429,-0.529733005304903
173.2657867767245,585.1904923501288,-0.4679174343040228
173.94826000378282,583.7813019494507,-0.386101860823829
174.64091443849108,582.3738576933791,-0.29114211858834993
175.34153162057413,580.9863118269338,-0.1896713896715601
176.04928220828245,579.6186632507937,-0.08125790023540407
176.76345960033572,578.2709109775966,0.034507154036936175
177.48347597531705,576.94305411432,0.1580170368233701
178.2088579968038,575.6350918452699,0.2896554774016496
178.9392424293294,574.3470234157026,0.4298015234190854
179.6743718656858,573.0788481160826,0.5788334719360618
180.41356303810386,571.8115168173192,0.7326130541680005
181.15590516866231,570.5265521128189,0.8870157790379197
181.9007484973877,569.2250624315765,1.0424389307091875
182.64746088135166,567.9080901406268,1.1992620440302135
183.3954273644635,566.5766165397589,1.3578477361364345
184.14404967466626,565.2315666655645,1.5185426212604742
184.89274567579844,563.873813821381,1.6816782601130813
185.6409487888634,562.5041838107246,1.8475721269071226
186.3822279005979,561.1267590324451,2.007268803608197
187.11077110867083,559.7453221193381,2.15169080571711
187.82723979232867,558.3600714172048,2.280899423206829
188.53226231739234,556.9711958083648,2.3949450222687676
189.22643883611494,555.578874065709,2.493866111665362
189.9103456639862,554.1832741914227,2.577688292734443
190.58453921060462,552.7845528510634,2.646423214638889
191.24955938356666,551.3828548687353,2.7000676054334565
191.9160200874107,549.975062952498,2.745469689588957
192.5942687175917,548.5579455228182,2.7895768571788
193.28430560064476,547.1314131839736,2.8325750127096487
193.98613223320214,545.6953753666122,2.874647141377772
194.69975121316108,544.2497403786075,2.9159733202737463
195.42516617515105,542.7944154544946,2.9567307287527056
196.16238173315955,541.329306797284,2.997093649387073
196.91140356239615,539.8543195172817,3.037233856707128
197.65622346410086,538.3710352963293,3.0721898800168876
198.3808296872931,536.8806999647163,3.0973105560313363
199.08522115890847,535.3825404597936,3.113376333053285
199.76939669210023,533.8757733569288,3.1211462723334837
200.4333549843905,532.3595996359962,3.1213600605578113
201.07709461479078,530.8331957633476,3.1147426098914055
201.7006140393549,529.2957011481509,3.102011278004635
202.30391158466355,527.7462024430223,3.0838854153028628
202.88698527878293,526.1804231736061,3.0612124523497037
203.44983238677392,524.5945603418239,3.03449266630789
203.99244998878123,522.9886168977971,3.003746892003868
204.51483516505715,521.3625957920727,2.9689768795935008
205.01698499596154,519.7164999756237,2.9301631802660975
205.49889656196183,518.0503323998488,2.8872726292500395
205.96056694363315,516.3640960165724,2.84027490517536
206.4019932216582,514.657793778045,2.789165644993558
206.84234962469822,512.9394317830504,2.7260043596877828
207.3007995628483,511.2168328243378,2.642843059895196
207.77732120868802,509.4896397155974,2.539681746058012
208.27189953772,507.7575044568461,2.4165204187247973
208.78452590913483,506.0200881772006,2.2733590785504676
209.31519771809062,504.277061020008,2.110197726296292
209.86391803176227,502.52810206331304,1.9270363628298888
210.43069521775598,500.7728992716136,1.7238749891252294
211.0163774335653,499.0244549688709,1.500713606262635
211.62180946924,497.29592380825636,1.2575522154287777
212.24699423842296,495.58730290918226,0.9943908179166818
212.89193465465203,493.89858939063595,0.7112294151257219
213.55663363136006,492.2297803711798,0.40806800856162395
214.24109408187482,490.5808729689514,0.0849065998364652
214.94432502388872,488.95186434998095,-0.2582548093313264
215.66434887411893,487.3427519211072,-0.6214162171169716
216.40216244112926,485.7535332326331,-0.9924559568322147
217.15974912673505,484.1840506186612,-1.3582489218440918
217.93711174708932,482.6329319821063,-1.716909122688097
218.73425281608758,481.09775702917676,-2.066825872824494
219.55117449667136,479.5761294606627,-2.406677364439189
220.38787860476506,478.0656844869403,-2.735387902594985
221.24436661488832,476.56410371106364,-3.052082573282373
222.1206396682515,475.06913362699595,-3.3560446942908952
223.01669838422106,473.5745031282671,-3.6634786344956933
223.9325423203079,472.07496038644535,-3.9909125552108846
224.86817076181097,470.5703290031087,-4.338346454695321
225.82358296879528,469.06043494028523,-4.705780331101505
226.7987781764074,467.5451061268275,-5.093214182475588
227.79375559513483,466.02417208910595,-5.500648006757368
228.80851441101368,464.49746360530554,-5.928081801780295
229.84305378578745,462.96481238833246,-6.375515565271466
230.88369412390637,461.4308721322066,-6.842949294851628
231.91640698181172,459.900507458,-7.330382988035179
232.94048406531135,458.373977131174,-7.8378166422301625
233.95519940418527,456.85155171933167,-8.365250254738271
234.95981128072137,455.33351252821143,-8.91268382275485
235.95356440840393,453.8201500862938,-9.480117343368892
236.93569234923552,452.31176204613905,-10.067550813563042
237.90542009568782,450.80865038130895,-10.674984230213585
238.86437381851493,449.3024045395657,-11.28930052132873
239.8143931076072,447.7846389531449,-11.89759022977867
240.75510362858785,446.2557310857195,-12.500281350632969
241.68608533207276,444.7161084586298,-13.097827126564805
242.60687497136254,443.1662531887603,-13.690705276564454
243.51696954730818,441.6067067500985,-14.27941680789697
244.41583085203928,440.0380749187708,-14.864484418933461
245.30289125701313,438.4610327945758,-15.446450457570021
246.17997890196844,436.86989937278855,-16.0370035675002
247.04976719332757,435.25863857958154,-16.647556592143893
247.91337134052486,433.62725139830906,-17.278109528254447
248.77191293358558,431.97573864913636,-17.928662372478865
249.62651473510445,430.3041009885185,-18.599215121357794
250.47829816802314,428.6123389092484,-19.289744724832016
251.3283831349031,426.90045274068643,-19.99924863101227
252.1778665558962,425.1684426500087,-20.725744820993715
253.01790969916757,423.4289369056243,-21.463863147025158
253.83873619917208,421.69400810619396,-22.208839157017838
254.6396296516014,419.9625049674668,-22.95983768866259
255.42027481436395,418.2332068053542,-23.71594545437984
256.18067192993584,416.5048557608656,-24.476193152263477
256.9208210563169,414.776186387556,-25.239577541500662
257.6407220668267,413.0459380466957,-26.005071671309054
258.3403746516986,411.31286705663183,-26.77163568941013
259.03889364962754,409.5880262091174,-27.535459811310453
259.755186048608,407.8830821862801,-28.29253079153988
260.48877653217073,406.1980324292415,-29.041412314828303
261.239091102305,404.5328744560641,-29.78071103303024
262.0055007825402,402.8876058731724,-30.509106479511306
262.78737982498467,401.262224379263,-31.225380817356616
263.5841703322542,399.65672776014065,-31.928445139807536
264.3954436464444,398.07111387424874,-32.61735934865492
265.2049367233357,396.5029313981862,-33.30847822614738
265.9962667465014,394.9493063442684,-34.01835836774268
266.76881808217547,393.4093437649927,-34.74651110313178
267.5219224904828,391.8820509404352,-35.49237869490719
268.2550214924498,390.36632583424876,-36.25531786384206
268.96790448620993,388.86095621707534,-37.03458735679528
269.6605728992125,387.36463685255046,-37.82934664494995
270.3330279623234,385.875981432262,-38.63865639016461
270.9988965527254,384.38255146820484,-39.46499382106766
271.6721507073219,382.8722781999117,-40.31133104210462
272.3534767375715,381.3444604983341,-41.177668048775054
273.0435471048148,379.7983666682723,-42.06400483647216
273.74301790752816,378.2332325537272,-42.9703414004828
274.4525269134685,376.6483313417672,-43.89667773598749
275.17268917304824,375.04332588326645,-44.84301383806037
275.90407935508716,373.4182145819528,-45.80934970166926
276.64838837187926,371.79174340645847,-46.79568532167562
277.40601572465374,370.1816909943928,-47.802020692834546
278.1751073611596,368.5862938037687,-48.8283558097948
278.95414253306313,367.004105954556,-49.87469066709879
279.7418728471045,365.43394730667245,-50.94102525918257
280.5372715837941,363.8748579242742,-52.02735958037585
281.3394920958494,362.32605917241364,-53.133693624901994
282.1478339891313,360.78692110341706,-54.26002738687801
282.9552479854056,359.2554375419044,-55.39344789812202
283.7549033087907,357.72989045291314,-56.52109447012521
284.54659181251475,356.21029439467634,-57.64307489546757
285.3300833544039,354.6966680080941,-58.75950377456332
286.10512356138094,353.18903450289855,-59.87050318990805
286.87143135514447,351.6874222223646,-60.976203436831
287.6286962237828,350.1918653104421,-62.076743807176264
288.3765751723437,348.7024045011408,-63.17227342638966
289.10956491513014,347.21143438705377,-64.27533606610591
289.8223411534331,345.7112754065692,-65.39839836402575
290.51490255195836,344.20184548009,-66.54146031417723
291.1872477661654,342.68310271461996,-67.70452191048207
291.83937544743475,341.15503593139414,-68.88623870724969
292.47128424653226,339.61764845723087,-70.08368270776097
293.08297281423944,338.07093910921935,-71.2936835145671
293.6744397996957,336.5148891045861,-72.513091220322
294.25142518309985,334.94411923940936,-73.74613569505776
294.82034679584814,333.35326582937546,-74.9988948235647
295.38254433937874,331.742329952468,-76.27165355325214
295.9393204117512,330.11131249382555,-77.56441187735211
296.4919327704796,328.46021415185794,-78.8771697889903
297.04159292800193,326.78903544490146,-80.20992728118604
297.5894656819894,325.09777671800725,-81.56268434685232
298.1366692912929,323.3864381497476,-82.9354409787958
298.6736891970428,321.67502027365015,-84.3169263150102
299.190465721681,319.9835255531103,-85.69592242093692
299.68700177932186,318.3119569402735,-87.07253673329095
300.16330028418736,316.6603173868599,-88.44687990745074
300.61936415060705,315.0286098441648,-89.81906588516856
301.0551962930182,313.4168372630584,-91.18921198993725
301.47079962596547,311.82500259398586,-92.55743902331072
301.86617706410124,310.25310878696723,-93.92387133142212
302.2613313735528,308.6981006231752,-95.27943755977275
302.6762647028753,307.1564442613976,-96.61500328147872
303.11097893750446,305.6272078174374,-97.93056848943809
303.56547583034364,304.109501905421,-99.22613317665528
304.0397570081541,302.60248202057204,-100.50169733624104
304.53382397817813,301.1053493236269,-101.75726096141248
305.0476781347518,299.6173496957601,-102.9928240454931
305.58132076565494,298.1377711126581,-104.20838658191272
306.1160283681197,296.6721906466698,-105.41000957981075
306.6331253474561,295.2265334826248,-106.60375032358729
307.1327058844088,293.8008021819881,-107.78959821061923
307.61485961746484,292.3949992928206,-108.96753638937447
308.0796716829076,291.00912735043903,-110.1375418321297
308.52722275963873,289.643188878069,-111.29958540196611
308.95758911972274,288.2971863874919,-112.45363195099803
309.3708426817923,286.97112237968327,-113.59964042551569
309.7654637125412,285.64863639312273,-114.75073035486545
310.13989588710564,284.31357121082374,-115.92028467321279
310.49413740377395,282.96627583760016,-117.10880088143365
310.82818650292893,281.6069846034801,-118.31679491101298
311.1420414509745,280.23582557701616,-119.54465745682096
311.4357005252874,278.852826373636,-120.79251936693494
311.70916199991285,277.45791889731055,-122.06038063471935
311.9624241319556,276.05094417568415,-123.34824125343228
312.1954850686755,274.63001147234377,-124.65137459030822
312.4083425978257,273.19320137704705,-125.96478159543207
312.6009943880197,271.74024974426356,-127.28793892397891
312.77343806844016,270.27088402359703,-128.62036632761433
312.9288259062256,268.8032306710797,-129.9673137630111
313.07027949787533,267.3555556716265,-131.33426050729088
313.1977359860124,265.9278610620997,-132.7212065531848
313.31113783912855,264.5201488881405,-134.1281518933177
313.41043287208845,263.1324212033913,-135.5550965202081
313.4955742513753,261.7646800687148,-137.00204042626817
313.56652051702525,260.4169275514129,-138.46898360380368
313.6232356136226,259.08916572444025,-139.95592604501405
313.6710650864727,257.76924910829615,-141.44877981274988
313.71526954452895,256.44504306931714,-142.93341078004522
313.7556431478108,255.11657211455596,-144.40972582462948
313.7919723012643,253.7838611745611,-145.87763036658504
313.82403533772305,252.4469355940406,-147.33702833687659
313.8516022013443,251.10582111494264,-148.78782216638433
313.8744340948015,249.76054384289458,-150.2299127863814
313.8922831155032,248.41113020272874,-151.66319961518283
313.91748195309964,247.06965348888767,-153.10205881102755
313.96249161149,245.7481716553691,-154.560917192735
314.02731500729726,244.44668181268855,-156.03977475254757
314.11195505703904,243.1651810709361,-157.53863148260143
314.2164146771276,241.90366653977648,-159.05748737492632
314.3406967838697,240.66213532844918,-160.59634242144563
314.48480429346694,239.4405845457683,-162.1551966139764
314.6487401220152,238.23901130012263,-163.73404994422933
314.8260902753201,237.03741301141795,-165.32989812562718
315.0103004706968,235.81578835381833,-166.93968648984182
315.2010881203035,234.57413634727357,-168.56331569359634
315.39815671237994,233.3124560539579,-170.20068935660638
315.6011954839004,232.03074658032546,-171.851714241825
315.8098791516391,230.72900707920886,-173.5163003884808
316.02386769497247,229.4072367519534,-175.19436119600172
316.24280619494874,228.06543485057887,-176.88581345977823
316.4540328997635,226.7161602923249,-178.5739406037839
316.6450682483886,225.37211677385844,-180.24206679822194
316.815913027453,224.03358566677855,-181.89019203422197
316.96656806339695,222.70083603516116,-183.51831630302001
317.09703422070874,221.37412507424358,-185.12643959595843
317.20731240022445,220.05369851406175,-186.71456190448595
317.297403537482,218.7397909820797,-188.2826832201576
317.3673086011283,217.4326263605741,-189.83080353463487
317.41702793343455,216.1188842177943,-191.37892283967665
317.4465592702236,214.78513629589676,-192.94704112704187
317.45589969447605,213.43138553937436,-194.535158388392
317.4450462892799,212.05763489314546,-196.1432746152821
317.4139961378305,210.66388730255375,-197.77138979916097
317.36274632343066,209.25014571336834,-199.419503931371
317.2912939294906,207.81641307178373,-201.08761700314824
317.199636039528,206.36269232441973,-202.77572900562245
317.1077707094464,204.9089854459986,-204.48383992981695
317.03569988430036,203.47529052209285,-206.21194976664881
316.98342648133547,202.0616046655974,-207.96005850692873
316.950953417692,200.6679249889818,-209.72816614136102
316.93828361040494,199.29424860429017,-211.51627266054365
316.94541997640397,197.94057262314112,-213.32437805496832
316.9723654325135,196.60689415672795,-215.15248231502028
317.0191228954526,195.29321031581853,-217.0005854309785
317.0856943095475,193.9795182107908,-218.8486873930245
317.1720777298693,192.64581495202276,-220.6767881913397
317.27827023909634,191.2920976502824,-222.4848878162031
317.40426891980167,189.9183634167632,-224.27298625800003
317.5500708544529,188.52460936308418,-226.0410835072222
317.7156731254123,187.1108326012898,-227.78917955446764
317.9010728149371,185.67703024385003,-229.51727439044078
318.106267005179,184.22319940366046,-231.22536800595233
318.3243567897233,182.74933752928635,-232.9334603919106
318.5486006193025,181.2554434030453,-234.6615515392238
318.7792991771266,179.7415161052158,-236.4096414387028
319.0167319252105,178.20755467379564,-238.17773008105195
319.26115902841025,176.65355810745456,-239.9658174568694
319.5128230891554,175.07952536821952,-241.77390355664687
319.7719507062284,173.48545538392065,-243.60198837076976
320.03875389907574,171.87134705041996,-245.45007188951715
320.3193305089364,170.25719894687194,-247.3016379378126
320.61967827175636,168.6630084814489,-249.14073281433477
320.93980010280086,167.08877277045173,-250.96849824295012
321.2796989172299,165.53448892975604,-252.78610977298274
321.63910569749663,164.00015408803222,-254.59477700284486
322.01705350801245,162.4857654603337,-256.3957333680858
322.41217796741165,160.99132044276539,-258.19020797485285
322.8231728965039,159.5168166262009,-259.97940496571056
323.2389121945252,158.0622522679584,-261.7562600389555
323.64898541267513,156.62762769206165,-263.51311372030625
324.0535446660748,155.21294371371198,-265.2499660004208
324.45273657647215,153.81820112632272,-266.9668168700632
324.8467020033051,152.44340070234077,-268.66366632010414
325.2355758365149,151.08854319410273,-270.3405143415205
325.6194868732831,149.7536293347159,-271.99736092539547
325.9985577801224,148.43865983895046,-273.6342060629188
326.38514622745566,147.13414873124736,-275.253562343423
326.79154968795393,145.83039416749548,-276.85772921060095
327.21776824657866,144.5269557344395,-278.446256375733
327.66380192281684,143.2233715225206,-280.01864644105586
328.1296506675767,141.91915909768025,-281.57435723531313
328.61531436048296,140.61382012526036,-283.11280530945197
329.1207928081357,139.30684894950645,-284.63337050567947
329.6460567293059,137.9977448187093,-286.13540135144785
330.19110593245745,136.68904173851428,-287.637997833421
330.75596974583993,135.38302833040106,-289.1605927858548
331.3406484990911,134.07872367717562,-290.7031862006528
331.945142379836,132.77515723400649,-292.2657780696121
332.56945143535467,131.47137098231883,-293.84836838442357
333.21357557457594,130.1664217410445,-295.4509571366718
333.8775145704136,128.85938352066785,-297.0735443178348
334.5612680624391,127.54934976366471,-298.7161299192844
335.2575888082655,126.2475432096311,-300.361032540578
335.9584498908485,124.96563475195053,-301.9918417163185
336.6624075487389,123.70362383657557,-303.61088534920987
337.3682356960375,122.46151010374311,-305.22009779877556
338.07489287877894,121.23929335864447,-306.8210835510294
338.7814909590142,120.03697354681674,-308.41517088195957
339.48726717859546,118.85455073386696,-310.00345614281866
340.19156005881655,117.6920250889899,-311.5868399253554
340.8881296394142,116.54465567126991,-313.17797484718204
341.57129784864753,115.40760249765937,-314.78910810365915
342.241570220933,114.2806644422747,-316.4202396862194
342.89944820721195,113.16363598471605,-318.0713695861892
343.5454298405968,112.05630907599148,-319.7424977947885
344.18000966556366,110.95847481938661,-321.4336243031311
344.80367808754,109.86992492965972,-323.14474910222435
345.4169202859056,108.79045297015878,-324.87587218296915
346.0349944307896,107.71589378909933,-326.6116263915823
346.67291751166744,106.64364254315997,-328.33676575955883
347.330690086752,105.57659014399158,-330.0515504367406
348.00831312985883,104.51752314511567,-331.7562813549996
348.7057880080064,103.46902855950607,-333.4513134623743
349.4231164473085,102.43343356848202,-335.13707441508467
350.16030049411006,101.41280318420293,-336.8140878438454
350.91734248028666,100.40899768990523,-338.4829995477201
351.69107421603456,99.42399289145483,-340.1399671878569
352.47743578609544,98.45887430692349,-341.78067550814944
353.27467297300484,97.51364022290926,-343.4048866802017
354.0811197817441,96.5882891762575,-345.0123524406009
354.8952468878309,95.68239808409308,-346.60281458873703
355.71569517575995,94.79490864622001,-348.1760073557311
356.5412961972894,93.92462987133275,-349.73166328193133
357.3710588345062,93.07052295239146,-351.269517450275
358.1930762971495,92.23419989340563,-352.80481863378185
358.9960110228093,91.41775834315392,-354.35263090165864
359.7800935117779,90.62120106795713,-355.9123416901711
360.5455578788739,89.84453080025665,-357.4833782809885
361.29264193736356,89.08775023808113,-359.06520778306657
362.02158729814204,88.35086204450025,-360.6573370477733
362.7326395032467,87.63386884706162,-362.2593125468216
363.42604818035056,86.93677323720621,-363.8707202282666
364.10986235112796,86.25256955173602,-365.49399036899206
364.79200209634666,85.57424134325433,-367.13173414400853
365.4724620920743,84.90177112945868,-368.7839191649799
366.1512373454605,84.235142962784,-370.4505133729879
366.8283232041449,83.57434249401173,-372.1314849975241
367.50371537318347,82.91935703039294,-373.82680251882
368.177409930196,82.27017560259083,-375.53643461634846
368.8494033387353,81.62678903138239,-377.260350120664
369.52270674296216,80.98512715112348,-378.9987489732944
370.2003683738817,80.34112440715333,-380.7518413147607
370.88245885912346,79.6947818267853,-382.5196169071068
371.56904764204256,79.04610001107852,-384.30206641018293
372.26020301026955,78.39507913858475,-386.09918132633265
372.9559921266442,77.74171896658763,-387.9109539589078
373.6564810601503,77.08601884020513,-389.73737736124724
374.36173481470536,76.42797769505034,-391.5784452785026
375.06217945767725,75.75871441184148,-393.4368329299553
375.7491560187033,75.06934997875082,-395.3152184892777
376.42440515331714,74.35988622931596,-397.21360194648133
377.08936698715814,73.63032476533822,-399.13198329147144
377.74520356979076,72.88144274268372,-401.07036251404696
378.39281802274644,72.11478814186555,-403.0287396039004
379.0328924874763,71.33182059845718,-405.0071145506181
379.66595193594,70.53384787491481,-407.0054873436799
380.29593505540396,69.73804640026852,-409.01700558646456
380.92675812450364,68.96110469760748,-411.0348644544169
381.55883544453275,68.2033059250784,-413.05916518340223
382.19257689685156,67.46497364794436,-415.09001869548314
382.8283840788222,66.74641444261894,-417.12753983658035
383.466645153923,66.04776233486777,-419.171840041763
384.107727527085,65.36901693971264,-421.2230186644411
384.75197232413217,64.71017782047547,-423.28115443716507
385.4013138137868,64.0691561914443,-425.35278426738955
386.0576632324281,63.44430501691913,-427.44441183576896
386.72130692457466,62.836494138021116,-429.55603713118086
387.39253904912715,62.246554351074806,-431.6876601423966
388.0716560681555,61.675251298088405,-433.8392808580812
388.7589477193228,61.12325725543724,-436.0108992667934
389.45468431879596,60.59102157907053,-438.2025153569853
390.159100217729,60.078683803975096,-440.414129117003
390.877875808912,59.58431850532255,-442.636095708082
391.61658670515794,59.10598144027516,-444.85944951458254