
-10.0,10.0,10.0
-10.0,10.0,10.0
-10.0,10.0,10.0
-10.0,10.0,10.0
-10.0,10.0,10.0
-10.0,10.0,10.0
-10.0,10.0,10.0
-10.0,10.0,10.0
10.0,10.0,10.0
10.0,10.0,10.0
10.0,10.0,10.0
10.0,10.0,10.0
10.0,10.0,10.0
10.0,10.0,10.0
10.0,10.0,10.0
10.0,10.0,10.0
10.0,-10.0,10.0
10.0,-10.0,10.0
10.0,-10.0,10.0
10.0,-10.0,10.0
10.0,-10.0,10.0
10.0,-10.0,10.0
10.0,-10.0,10.0
10.0,-10.0,10.0
10.0,-10.0,-0.10043335
10.0,-10.0,-0.14578247
10.0,-10.0,-0.19116211
10.0,-10.0,-0.23641968
10.0,-10.0,-0.2816162
10.0,-10.0,-0.32681274
10.0,-10.0,-0.37216187
10.0,-10.0,-0.41757202
-10.0,-10.0,10.0
-10.0,-10.0,10.0
-10.0,-10.0,10.0
-10.0,-10.0,10.0
-10.0,-10.0,10.0
-10.0,-10.0,10.0
-10.0,-10.0,10.0
-10.0,-10.0,10.0
-10.0,-10.0,10.0
-10.0,-10.0,10.0
-10.0,-10.0,10.0
-10.0,-10.0,10.0
-10.0,-10.0,10.0
-10.0,-10.0,10.0
-10.0,-10.0,10.0
-10.0,-10.0,10.0
-10.0,10.0,-10.0
-10.0,10.0,-10.0
-10.0,10.0,-10.0
-10.0,10.0,-10.0
-10.0,10.0,-10.0
-10.0,10.0,-10.0
-10.0,10.0,-10.0
-10.0,10.0,-10.0
10.0,10.0,10.0
10.0,10.0,10.0
10.0,10.0,10.0
10.0,10.0,10.0
10.0,10.0,10.0
10.0,10.0,10.0
10.0,10.0,10.0
10.0,10.0,10.0
10.0,-10.0,10.0
10.0,-10.0,10.0
10.0,-10.0,10.0
10.0,-10.0,10.0
10.0,-10.0,10.0
10.0,-10.0,10.0
10.0,-10.0,10.0
10.0,-10.0,10.0
-10.0,10.0,-10.0
-10.0,10.0,-10.0
-10.0,10.0,-10.0
-10.0,10.0,-10.0
-10.0,10.0,-10.0
-10.0,10.0,-10.0
-10.0,10.0,-10.0
-10.0,10.0,-10.0
10.0,-10.0,10.0
10.0,-10.0,10.0
10.0,-10.0,10.0
10.0,-10.0,10.0
10.0,-10.0,10.0
10.0,-10.0,10.0
10.0,-10.0,10.0
10.0,-10.0,10.0
10.0,-10.0,10.0
10.0,-10.0,10.0
10.0,-10.0,10.0
10.0,-10.0,10.0
10.0,-10.0,10.0
10.0,-10.0,10.0
10.0,-10.0,10.0
10.0,-10.0,10.0
10.0,-10.0,10.0
10.0,-10.0,10.0
10.0,-10.0,10.0
10.0,-10.0,10.0
10.0,-10.0,10.0
10.0,-10.0,10.0
10.0,-10.0,10.0
10.0,-10.0,10.0
-10.0,-10.0,10.0
-10.0,-10.0,10.0
-10.0,-10.0,10.0
-10.0,-10.0,10.0
-10.0,-10.0,10.0
-10.0,-10.0,10.0
-10.0,-10.0,10.0
-10.0,-10.0,10.0
10.0,10.0,10.0
10.0,10.0,10.0
10.0,10.0,10.0
10.0,10.0,10.0
10.0,10.0,10.0
10.0,10.0,10.0
10.0,10.0,10.0
10.0,10.0,10.0
-10.0,-10.0,10.0
-10.0,-10.0,10.0
-10.0,-10.0,10.0
-10.0,-10.0,10.0
-10.0,-10.0,10.0
-10.0,-10.0,10.0
-10.0,-10.0,10.0
-10.0,-10.0,10.0
-10.0,10.0,-10.0
-10.0,10.0,-10.0
-10.0,10.0,-10.0
-10.0,10.0,-10.0
-10.0,10.0,-10.0
-10.0,10.0,-10.0
-10.0,10.0,-10.0
-10.0,10.0,-10.0
-10.0,-10.0,-10.0
-10.0,-10.0,-10.0
-10.0,-10.0,-10.0
-10.0,-10.0,-10.0
-10.0,-10.0,-10.0
-10.0,-10.0,-10.0
-10.0,-10.0,-10.0
-10.0,-10.0,-10.0
10.0,10.0,10.0
10.0,10.0,10.0
10.0,10.0,10.0
10.0,10.0,10.0
10.0,10.0,10.0
10.0,10.0,10.0
10.0,10.0,10.0
10.0,10.0,10.0
-10.0,-10.0,10.0
-10.0,-10.0,10.0
-10.0,-10.0,10.0
-10.0,-10.0,10.0
-10.0,-10.0,10.0
-10.0,-10.0,10.0
-10.0,-10.0,10.0
-10.0,-10.0,10.0
10.0,-10.0,10.0
10.0,-10.0,10.0
10.0,-10.0,10.0
10.0,-10.0,10.0
10.0,-10.0,10.0
10.0,-10.0,10.0
10.0,-10.0,10.0
10.0,-10.0,10.0
-10.0,-10.0,10.0
-10.0,-10.0,10.0
-10.0,-10.0,10.0
-10.0,-10.0,10.0
-10.0,-10.0,10.0
-10.0,-10.0,10.0
-10.0,-10.0,10.0
-10.0,-10.0,10.0
10.0,-10.0,10.0
10.0,-10.0,10.0
10.0,-10.0,10.0
10.0,-10.0,10.0
10.0,-10.0,10.0
10.0,-10.0,10.0
10.0,-10.0,10.0
10.0,-10.0,10.0
10.0,-10.0,10.0
10.0,-10.0,10.0
10.0,-10.0,10.0
10.0,-10.0,10.0
10.0,-10.0,10.0
10.0,-10.0,10.0
10.0,-10.0,10.0
10.0,-10.0,10.0
10.0,10.0,10.0
10.0,10.0,10.0
10.0,10.0,10.0
10.0,10.0,10.0
10.0,10.0,10.0
10.0,10.0,10.0
10.0,10.0,10.0
10.0,10.0,10.0
-10.0,10.0,-10.0
-10.0,10.0,-10.0
-10.0,10.0,-10.0
-10.0,10.0,-10.0
-10.0,10.0,-10.0
-10.0,10.0,-10.0
-10.0,10.0,-10.0
-10.0,10.0,-10.0
10.0,-10.0,-1.894928
10.0,-10.0,-1.4104004
10.0,-10.0,-0.91567993
10.0,-10.0,-0.41070557
10.0,-10.0,0.105041504
10.0,-10.0,0.63171387
10.0,-10.0,1.1698914
10.0,-10.0,1.7193298
10.0,9.325302,10.0
10.0,9.305664,10.0
10.0,9.278915,10.0
10.0,9.245132,10.0
10.0,9.2044525,10.0
10.0,9.157608,10.0
10.0,9.104584,10.0
10.0,9.046112,10.0
-10.0,10.0,-10.0
-10.0,10.0,-10.0
-10.0,10.0,-10.0
-10.0,10.0,-10.0
-10.0,10.0,-10.0
-10.0,10.0,-10.0
-10.0,10.0,-10.0
-10.0,10.0,-10.0
10.0,-10.0,10.0
10.0,-10.0,10.0
10.0,-10.0,10.0
10.0,-10.0,10.0
10.0,-10.0,10.0
10.0,-10.0,10.0
10.0,-10.0,10.0
10.0,-10.0,10.0
-10.0,-10.0,10.0
-10.0,-10.0,10.0
-10.0,-10.0,10.0
-10.0,-10.0,10.0
-10.0,-10.0,10.0
-10.0,-10.0,10.0
-10.0,-10.0,10.0
-10.0,-10.0,10.0
-10.0,10.0,10.0
-10.0,10.0,10.0
-10.0,10.0,10.0
-10.0,10.0,10.0
-10.0,10.0,10.0
-10.0,10.0,10.0
-10.0,10.0,10.0
-10.0,10.0,10.0
10.0,-10.0,10.0
10.0,-10.0,10.0
10.0,-10.0,10.0
10.0,-10.0,10.0
10.0,-10.0,10.0
10.0,-10.0,10.0
10.0,-10.0,10.0
10.0,-10.0,10.0
10.0,-10.0,10.0
10.0,-10.0,10.0
10.0,-10.0,10.0
10.0,-10.0,10.0
10.0,-10.0,10.0
10.0,-10.0,10.0
10.0,-10.0,10.0
10.0,-10.0,10.0
-10.0,10.0,10.0
-10.0,10.0,10.0
-10.0,10.0,10.0
-10.0,10.0,10.0
-10.0,10.0,10.0
-10.0,10.0,10.0
-10.0,10.0,10.0
-10.0,10.0,10.0
-10.0,-10.0,10.0
-10.0,-10.0,10.0
-10.0,-10.0,10.0
-10.0,-10.0,10.0
-10.0,-10.0,10.0
-10.0,-10.0,10.0
-10.0,-10.0,10.0
-10.0,-10.0,10.0
-10.0,-10.0,10.0
-10.0,-10.0,10.0
-10.0,-10.0,10.0
-10.0,-10.0,10.0
-10.0,-10.0,10.0
-10.0,-10.0,10.0
-10.0,-10.0,10.0
-10.0,-10.0,10.0
10.0,-10.0,10.0
10.0,-10.0,10.0
10.0,-10.0,10.0
10.0,-10.0,10.0
10.0,-10.0,10.0
10.0,-10.0,10.0
10.0,-10.0,10.0
10.0,-10.0,10.0
10.0,-10.0,10.0
10.0,-10.0,10.0
10.0,-10.0,10.0
10.0,-10.0,10.0
10.0,-10.0,10.0
10.0,-10.0,10.0
10.0,-10.0,10.0
10.0,-10.0,10.0
-10.0,10.0,-10.0
-10.0,10.0,-10.0
-10.0,10.0,-10.0
-10.0,10.0,-10.0
-10.0,10.0,-10.0
-10.0,10.0,-10.0
-10.0,10.0,-10.0
-10.0,10.0,-10.0
-10.0,-10.0,10.0
-10.0,-10.0,10.0
-10.0,-10.0,10.0
-10.0,-10.0,10.0
-10.0,-10.0,10.0
-10.0,-10.0,10.0
-10.0,-10.0,10.0
-10.0,-10.0,10.0
10.0,10.0,10.0
10.0,10.0,10.0
10.0,10.0,10.0
10.0,10.0,10.0
10.0,10.0,10.0
10.0,10.0,10.0
10.0,10.0,10.0
10.0,10.0,10.0
-10.0,-10.0,10.0
-10.0,-10.0,10.0
-10.0,-10.0,10.0
-10.0,-10.0,10.0
-10.0,-10.0,10.0
-10.0,-10.0,10.0
-10.0,-10.0,10.0
-10.0,-10.0,10.0
10.0,-10.0,-10.0
10.0,-10.0,-10.0
10.0,-10.0,-10.0
10.0,-10.0,-10.0
10.0,-10.0,-10.0
10.0,-10.0,-10.0
10.0,-10.0,-10.0
10.0,-10.0,-10.0
-10.0,-10.0,-10.0
-10.0,-10.0,-10.0
-10.0,-10.0,-10.0
-10.0,-10.0,-10.0
-10.0,-10.0,-10.0
-10.0,-10.0,-10.0
-10.0,-10.0,-10.0
-10.0,-10.0,-10.0
10.0,-10.0,-10.0
10.0,-10.0,-10.0
10.0,-10.0,-10.0
10.0,-10.0,-10.0
10.0,-10.0,-10.0
10.0,-10.0,-10.0
10.0,-10.0,-10.0
10.0,-10.0,-10.0
10.0,10.0,10.0
10.0,10.0,10.0
10.0,10.0,10.0
10.0,10.0,10.0
10.0,10.0,10.0
10.0,10.0,10.0
10.0,10.0,10.0
10.0,10.0,10.0
10.0,10.0,10.0
10.0,10.0,10.0
10.0,10.0,10.0
10.0,10.0,10.0
10.0,10.0,10.0
10.0,10.0,10.0
10.0,10.0,10.0
10.0,10.0,10.0
10.0,-10.0,10.0
10.0,-10.0,10.0
10.0,-10.0,10.0
10.0,-10.0,10.0
10.0,-10.0,10.0
10.0,-10.0,10.0
10.0,-10.0,10.0
10.0,-10.0,10.0
-10.0,-10.0,10.0
-10.0,-10.0,10.0
-10.0,-10.0,10.0
-10.0,-10.0,10.0
-10.0,-10.0,10.0
-10.0,-10.0,10.0
-10.0,-10.0,10.0
-10.0,-10.0,10.0
-10.0,10.0,10.0
-10.0,10.0,10.0
-10.0,10.0,10.0
-10.0,10.0,10.0
-10.0,10.0,10.0
-10.0,10.0,10.0
-10.0,10.0,10.0
-10.0,10.0,10.0
-10.0,10.0,-10.0
-10.0,10.0,-10.0
-10.0,10.0,-10.0
-10.0,10.0,-10.0
-10.0,10.0,-10.0
-10.0,10.0,-10.0