
69.5730081090325,993.3026576141223,-246.16747926253706
69.7667503542433,993.9890881563932,-245.81148698613868
69.94059236314135,994.6554918938122,-245.43549340263337
70.0945312179399,995.3018717289043,-245.03949851402055
70.22856400095807,995.9282305646205,-244.6235023224059
70.3426877946208,996.534571304337,-244.18750483000153
70.4368996814589,997.1208968518555,-243.73150603912583
70.51119674410906,997.6872101114035,-243.25550595220366
70.56557606531388,998.2335139876335,-242.75950457176614
70.6000357002093,998.7798113855885,-242.26350190044192
70.61457759318698,999.3461052103111,-241.78749794085968
70.60920466103192,999.9323983664542,-241.3314926955506
70.583919820635,1000.5386937582454,-240.8954861669395
70.53872598899302,1001.1649942894866,-240.47947835734485
70.47362608320861,1001.8113028635544,-240.0834692689788
70.38862302049029,1002.4776223834,-239.70745890394718
70.28371971815237,1003.1639557515492,-239.35144726424943
70.15891812132759,1003.8503058701375,-238.99754892240423
70.01421628610468,1004.5166756413007,-238.63023535017953
69.8496112963908,1005.1630679675641,-238.25401824538832
69.6651002361989,1005.7894857518783,-237.87299985917485
69.4606801896478,1006.3959318976193,-237.49086897911658
69.23634824096219,1006.9824093085886,-237.11092218469764
68.99210147447263,1007.5489208890124,-236.73611153482187
68.72793697461562,1008.0954695435425,-236.36909639045948
68.46385182592464,1008.6220572049685,-236.01660964464182
68.21984311293281,1009.1286819173552,-235.68412164378435
67.99590792007533,1009.6153407529051,-235.37163238965502
67.79204333168066,1010.0820307842463,-235.07914188391555
67.60824643197054,1010.5287490844319,-234.8066501281213
67.44451430505998,1010.9554927269402,-234.5541571237212
67.30084403495732,1011.3622587856747,-234.32166287205794
67.17723270556421,1011.7490443349645,-234.10916737436781
67.05367740068448,1012.1158474218514,-233.91667063178076
66.91017520412169,1012.462669982952,-233.7441726453204
66.74672319977657,1012.7895149275956,-233.59167341590398
66.56331847165599,1013.0963851655373,-233.45917294434244
66.35995810387287,1013.383283606957,-233.34667123134037
66.13663918064626,1013.65021316246,-233.254168277496
65.89335878630135,1013.8971767430768,-233.18166408330123
65.63011400526946,1014.1241772602632,-233.12915864914154
65.34690289437555,1014.3512176258648,-233.07665197530505
65.04372739970047,1014.5983007517268,-233.00414406207986
64.72059043971872,1014.8654295493045,-232.91163490985147
64.37749493301091,1015.1526069296273,-232.79912451911184
64.0144437982638,1015.4598358032989,-232.66661289045925
63.63143995427025,1015.7871190804976,-232.5141000245983
63.22848631992924,1016.1344596709758,-232.34158592234002
62.80558581424582,1016.5018604840602,-232.14907058460176
62.36274038404368,1016.8693244286873,-231.95655401239836
61.899948087102786,1017.2168544137932,-231.78403620674467
61.417206009021726,1017.5444533487035,-231.63151716855808
60.91451123550519,1017.8521241431692,-231.49899689864958
60.39186085236395,1018.1398697073661,-231.3864753977239
59.849251945514894,1018.4076929518948,-231.29395266637937
59.28668160098107,1018.6555967877812,-231.221428705108
58.70414690489163,1018.8835841264761,-231.16890351429538
58.10164494348191,1019.0916578798551,-231.13637709422088
57.47917280309342,1019.279820960219,-231.1238494450574
56.83672757017387,1019.4480762802934,-231.1313205668716
56.17430633127716,1019.5964267532287,-231.15879045962376
55.491906173063434,1019.7248752926004,-231.20625912316777
54.78952418229906,1019.8334248124087,-231.27372655725122
54.06715744585666,1019.9220782270789,-231.35997574911053
53.32480305071513,1019.990838451461,-231.45795718924168
52.5824580839508,1020.0397074285422,-231.54888788953738
51.86011963263992,1020.0686832125853,-231.6198173585683
51.157784783761265,1020.07776288599,-231.6707455959573
50.4754506241872,1020.0669435315809,-231.70167260143356
49.81311424068373,1020.0362222326077,-231.71259837483257
49.17077271991055,1019.9855960727448,-231.7035229160963
48.54842314842102,1019.9150621360915,-231.67444622527296
47.946062612662196,1019.8246175071722,-231.6253683025172
47.36368819897483,1019.714259270936,-231.57628914808112
46.8012969935934,1019.5839845127572,-231.54720876221683
46.258886082646114,1019.4337903184347,-231.53812714507896
45.736452552154965,1019.2636737741929,-231.54904429671583
45.233993488035686,1019.0736319666805,-231.57996021706938
44.7515059760978,1018.863661982972,-231.6308749059752
44.288987102044636,1018.633760910566,-231.70178836316254
43.84496384058074,1018.3839259088555,-231.79270058825435
43.3994342495012,1018.1341553243158,-231.89672004024285
42.9338703866515,1017.9044511781658,-232.0096538708481
42.448275171369616,1017.6948163920534,-232.13692120597776
41.942651523100054,1017.5052538872006,-232.28271489268195
41.417002361393834,1017.3357665844035,-232.4485073442015
40.87133060590845,1017.1863574040325,-232.63429855965475
40.30563917640785,1017.0570292660321,-232.8400885380538
39.71993099276247,1016.9477850899212,-233.06587727830433
39.13420897494031,1016.8586268225051,-233.29166477921453
38.56847604290943,1016.7895525210135,-233.49745103959265
38.02273511654048,1016.7405592699632,-233.68323605834442
37.485804635889316,1016.7116446971712,-233.84901983448188
36.94564708202671,1016.7028086465465,-233.99480236712353
36.401693598297484,1016.714051657931,-234.12058365549413
35.854196523668705,1016.7453742587815,-234.22636369892479
35.30317567511557,1016.7967769665618,-234.31214249685306
34.74042401958638,1016.8482606915757,-234.38022835074747
34.16271209932582,1016.8798277032763,-234.4306212602459
33.57910448062686,1016.8914794982358,-234.46101292315583
32.9944551561424,1016.8832165042703,-234.4714033393156
32.40944317603931,1016.8550388003771,-234.46179250867
31.823850486938742,1016.8069464569528,-234.43218043127007
31.238322031565918,1016.7389395310315,-234.3825671072733
30.655102050406935,1016.6510178690943,-234.3129525369435
30.083791301502163,1016.5631805936893,-234.22333672065088
29.53246968651476,1016.495425182421,-234.11371965887196
29.001140066915823,1016.4465490146771,-233.98410135218967
28.48980475857288,1016.4089273846482,-233.8344818012932
27.99846452524743,1016.3710986264545,-233.66486100697819
27.527118651772856,1016.32417246723,-233.47523897014662
27.075765280394787,1016.261233833046,-233.2656156918068
26.64440174985417,1016.1787889550119,-233.0359911730734
26.213025166465723,1016.0764065031522,-232.8063654151586
25.761632615669853,1015.9540884241577,-232.59673841927463
25.290221183004537,1015.8118376374323,-232.4071101865362
24.798787954114204,1015.6496570628044,-232.2374807179516
24.287330014749745,1015.4675496205278,-232.08785001442288
23.755844450768542,1015.2655182312812,-231.9582180767457
23.20432834813447,1015.0435658161683,-231.84858490560939
22.63277879291792,1014.8016952967176,-231.75622743908286
22.041192871295813,1014.539909594883,-231.6611456776661
21.429567669551606,1014.258211633043,-231.54606268438764
20.797900274075324,1013.9566043340009,-231.41097845985942
20.146187771363568,1013.6350906209855,-231.2558930047998
19.474427248019524,1013.2936734176499,-231.0808063200334
18.78261579075299,1012.9323556480724,-230.88571840649126
18.07075048638038,1012.5511402367562,-230.6706292652108
17.338828421824754,1012.1500301086293,-230.43553889733576
16.606847656394397,1011.7490272167216,-230.18044730411626
15.894810138547676,1011.3681296249127,-229.90535448690875
15.202718788933218,1011.0073344244042,-229.61026044717605
14.530576528093583,1010.6666387059718,-229.2951651864873
13.87838627646525,1010.3460395599653,-228.96006870651811
13.246150954378601,1010.0455340763086,-228.6049710090503
12.633873482057911,1009.7651193444995,-228.22987209597218
12.041556779621324,1009.50479245361,-227.83477196927834
11.469203767080842,1009.2645504922865,-227.41967063106972
10.91681736434231,1009.0443905487492,-226.98456808355368
10.3844004912054,1008.8443097107927,-226.5294643290439
9.871956067363593,1008.6643050657855,-226.05435936996037
9.379487012404168,1008.5043737006705,-225.55925320882952
8.906996245808182,1008.3645127019648,-225.0441458482841
8.454486686950457,1008.2447191557596,-224.50903729106324
8.021961255099564,1008.1449901477206,-223.95392754001236
7.589421897139227,1008.0453237354102,-223.3988165980745
7.136866670803475,1007.9257218655407,-222.86370446819254
6.664292661636469,1007.7861874575012,-222.34859115321203
6.171696955288818,1007.6267234311058,-221.85347665587207
5.659076637517599,1007.4473327065939,-221.37836097880552
5.126428794186374,1007.2480182046296,-220.9232441245388
4.573750511265197,1007.0287828463021,-220.488126095492
4.001038874830638,1006.7896295531257,-220.0730068939789
3.4282910648047036,1006.5324886709736,-219.65788652221582
2.8755046262198594,1006.2590834079763,-219.22276498241897
2.342677152126244,1005.969081930808,-218.76764227690217
1.8298061966382513,1005.6622628705936,-218.29251840808556
1.336889284952872,1005.3384346954714,-217.79739337849563
0.863923913819128,1004.997391796756,-217.28226719076525
0.41090754989180645,1004.6389308301523,-216.74713984763363
-0.022162365718533306,1004.2629132024077,-216.1920113519463
-0.45528846153286545,1003.8681265591997,-215.634959310941
-0.9084735953050035,1003.4534045471522,-215.08953839552362
-1.381720681487438,1003.0187500919503,-214.5447288770777
-1.8750326344259793,1002.5641661197042,-213.9872644730867
-2.3884123683597416,1002.0896555569491,-213.4100873137459
-2.9218627974211273,1001.5952213306452,-212.81290901959434
-3.4753868356358124,1001.0808663681778,-212.1957295938076
-4.04898739692273,1000.5465935973571,-211.55854903966755
-4.622666422815475,1000.0124049740953,-210.91843267007943
-5.176421965697456,999.4982985651545,-210.29502786354513
-5.7102511057617225,999.004271464619,-209.69126931385387
-6.224150923307282,998.5303207661473,-209.1071595991368
-6.718118498739117,998.0764435629717,-208.53934494270862
-7.192150912568203,997.6426369478991,-207.98076541583683
-7.646245245411519,997.2288980133106,-207.42276403811996
-8.080398577992067,996.8352238511615,-206.85516785940092
-8.507078972270902,996.4416121592382,-206.2699876458698
-8.937204481541608,996.0280629846719,-205.6648063354958
-9.368013850687523,995.5945766202013,-205.03962393149703
-9.797152433169721,995.1411529923274,-204.39444043719791
-10.222260480300564,994.6677916869558,-203.72925585602928
-10.640812752309799,994.1744919344837,-203.04407019152825
-11.050125474458433,993.6612525845775,-202.33888344733833
-11.447455938798582,993.1280720896564,-201.61369562720944
-11.828150573570579,992.5749484093459,-200.86850673499777
-12.188927520740918,992.0018787982631,-200.10331677466587
-12.529789695253475,991.408860351763,-199.31812575028275
-12.850740012158024,990.7958901656256,-198.51293366602363
-13.151781386610223,990.162965336056,-197.68774052617022
-13.432916733871593,989.5100829596848,-196.84254633511048
-13.694148969309511,988.8372401335674,-195.9773510973388
-13.935481008397185,988.1444339551845,-195.09215481745593
-14.156914794426205,987.4516615224067,-194.18695750016892
-14.3584483816442,986.7789199331041,-193.2617591502912
-14.540078852117178,986.1262062847572,-192.31655977274258
-14.70180328801698,985.4935176744207,-191.3513593725492
-14.843618771621305,984.8808511987235,-190.36615795484354
-14.96552238531371,984.2882039538692,-189.36095552486452
-15.067511211583641,983.715573035636,-188.3357520879573
-15.14958233302644,983.1629555393765,-187.29054764957348
-15.231733804621944,982.6103495323406,-186.24534221526216
-15.325415027339819,982.0377565551516,-185.22013579057236
-15.41869155106393,981.4451772934528,-184.21492838095566
-15.50699947917053,980.8326113018708,-183.22971999175735
-15.588642658076308,980.2000577159215,-182.26451062821633
-15.662858450258527,979.5475155014555,-181.31930029546513
-15.729270849722573,978.8749835449516,-180.39408899852995
-15.78767550855434,978.182460692134,-179.48887674233066
-15.83937945526256,977.4699458350055,-178.60366353168078
-15.885696713592697,976.7374381273977,-177.73844937128746
-15.926486327422968,975.9849367735234,-176.89323426575154
-15.961600045052457,975.2124409564773,-176.0680182195675
-15.990885923137158,974.4199498374043,-175.26280123712345
-16.014194232795816,973.6074625553666,-174.47758332270118
-16.031385129059572,972.7749782282083,-173.71236448047617
-16.042337386529443,971.9224959546251,-172.96714471451745
-16.040205691157297,971.0700144893206,-172.23246637670005
-16.01819728735094,970.2341270707873,-171.496877302471
-15.976310419817617,969.4045564364802,-170.75804069898234
-15.914545026956429,968.5704772423228,-170.01401056434253
-15.832902316109399,967.7245135395078,-169.2596885825029
-15.731384466426508,966.8608890670544,-168.4884729317634
-15.60999428094038,965.9772483397642,-167.6972563850863
-15.468734677158844,965.0735884596066,-166.88603894667887
-15.312633983805673,964.1699067732957,-166.05482062085485
-15.150319274008455,963.2862017801029,-165.2036014120343
-14.986796093717969,962.4224729921672,-164.33238132474358
-14.824039905236454,961.5787203975498,-163.44116036361547
-14.6720139194979,960.734944620218,-162.52993853338907
-14.54011268670932,959.8711481384356,-161.5987158389099
-14.428339124434428,958.987333887472,-160.64749228512972
-14.336696150129917,958.0835048030222,-159.67626787710674
-14.26518668114543,957.1596638212063,-158.6850426200055
-14.213813634723547,956.2158138785705,-157.67381651909693
-14.18257976990784,955.2552098709275,-156.6425895797582
-14.171486435008967,954.2971155006462,-155.591361807473
-14.16769878161767,953.3582811222614,-154.53642177441336
-14.156214554446201,952.4394456829237,-153.4932345187597
-14.132496238344785,951.5406077341595,-152.4596401372886
-14.0922842627934,950.6617651694393,-151.43264856658513
-14.032943199052124,949.8029153632756,-150.40974252819495
-13.953726158749863,948.9640554532746,-149.39126268240736
-13.85463022544553,948.1451825404491,-148.38191107149365
-13.735652482803747,947.3462937253868,-147.38887208230292
-13.616790014585995,946.5673870805374,-146.39583230936393
-13.518039904553142,945.8084645670751,-145.38279175796612
-13.43939923636797,945.0695291180365,-144.34975043349635
-13.379357488988,944.350583592741,-143.29670834144792
-13.333812874164076,943.6516304309454,-142.22366548742042
-13.299189841534355,942.9726714470896,-141.1306218771198
-13.274067846609817,942.3137081171732,-140.01757751635841
-13.25779240424923,941.67474177376,-138.88453241105492
-13.235877097202579,941.055772992273,-137.75148656722547
-13.194050815485463,940.4567995626854,-136.63843999088624
-13.132310642457968,939.877818580906,-135.54539268795588
-13.050653661586072,939.3188271424182,-134.47234466424678
-12.949076956441663,938.7798223422799,-133.41929592546492
-12.827577610702557,938.2608012751239,-132.38624647720994
-12.686152708152504,937.7617610351574,-131.37319632497508
-12.524799332681212,937.2826987161625,-130.38014547414738
-12.36351554056294,936.8036123838189,-129.38709393001625
-12.222303277221343,936.304503992956,-128.37404169787115
-12.101165460269653,935.7853764710811,-127.34098878309908
-12.000105007214355,935.2462327461267,-126.28793519119333
-11.919124835455168,934.6870757464508,-125.21488092775357
-11.858227862285037,934.1079084008369,-124.12182599848582
-11.817417004890112,933.5087336384942,-123.01636685237537
-11.796694652305547,932.9004162836451,-121.91323605068344
-11.776060637048536,932.3029582937958,-120.80483715610308
-11.735512486618592,931.725495842483,-119.67643761914537
-11.690843740698982,931.1680267930896,-118.52803744581065
-11.653148294908219,930.6305518518413,-117.35963664220559
-11.619570902377863,930.1130716683992,-116.17123521454323
-11.591172519714682,929.6155869846657,-114.96283316914297
-11.567422427740246,929.1380984920057,-113.73443051243054
-11.54843051603866,928.6806068860395,-112.48602725093801
-11.541777917175091,928.2354407655065,-111.23080097880718
-11.555190257286112,927.791436030393,-109.97827325574812
-11.588667930857204,927.3404910709901,-108.7201056666033
-11.63428262758191,926.8743420803988,-107.44677666502777
-11.678079668945678,926.3897995421291,-106.1534470921071
-11.713147382406175,925.8880172948391,-104.84011695471864
-11.738470795229377,925.3702552492592,-103.5067862598461
-11.754012386763156,924.8375882758113,-102.15345501457952
-11.754749040416097,924.2877206474378,-100.80012322610648
-11.735567534464565,923.7178516740015,-99.4667909016145
-11.696470785872883,923.1279784507886,-98.15345804819367
-11.637461711711278,922.5180980735108,-96.8601246728277
-11.558543229155863,921.8882076383052,-95.58679078239395
-11.459718255488614,921.2383042417343,-94.33345638366345
-11.340989708097368,920.5683849807863,-93.10012148330087
-11.202360504475797,919.8784469528746,-91.88678608786454
-11.043833562223394,919.1684872558382,-90.69345020380644
-10.865411799045464,918.4385029879417,-89.52011383747218
-10.667098132753102,917.6884912478752,-88.36677699510106
-10.448895481263175,916.9184491347543,-87.233439682826
-10.212977107903752,916.1283738536303,-86.12010190667358
-9.963110693668417,915.3182631095312,-85.02676367256403
-9.702030197701555,914.4881150787238,-83.95342498631123
-9.43173739002904,913.6379282783532,-82.90008585362274
-9.167332830395374,912.787702140971,-81.86674628009973
-8.923050960970812,911.9574389094172,-80.85340627123705
-8.698888866192007,911.147141518235,-79.86006583242317
-8.494843630388626,910.3568129015425,-78.88672496894024
-8.310912337783362,909.5864559930325,-77.93338368596406
-8.147092072491954,908.8360737259723,-77.00004198856406
-8.0033799185232,908.1056690332044,-76.08669988170335
-7.8797729597789665,907.3952448471457,-75.19335737023869
-7.776269252341658,906.6848040998233,-74.3000144589293
-7.692870741336545,905.9543497232645,-73.38667115253446
-7.629580344069431,905.2038846498865,-72.45332745591092
-7.586400977739193,904.433411812532,-71.4999833740218
-7.563335559437766,903.6429341444691,-70.52663891193653
-7.560387006150128,902.8324545793913,-69.53329407483095
-7.577558234754286,902.0019760514178,-68.5199488679872
-7.614444912570755,901.1515014752947,-67.49439358857654
-7.671049423404115,900.291994695778,-66.45662824205245
-7.747779119889509,899.4374859676653,-65.39886254215052
-7.844632853036808,898.593573280152,-64.3210964944955
-7.9616087415763515,897.7646679309264,-63.22333010481846
-8.098704355902546,896.9538822690722,-62.10556337895683
-8.255916919525653,896.1627835263894,-60.9677963228544
-8.43324353101092,895.3917091788599,-59.8100289425613
-8.630681272553076,894.6406621597664,-58.63226124423403
-8.847660781382828,893.8896453744169,-57.454493234126566
-9.08322854895635,893.1186615989167,-56.29577735341457
-9.337588533058533,892.3277135353572,-55.14444782342893
-9.611699101164033,891.5168039997528,-53.98145221537909
-9.905929543646906,890.6859359084252,-52.79845632028885
-10.220282775804888,889.835112195932,-51.59546014444884
-10.554761712828718,888.9643357972561,-50.37246369425607
-10.909369269802111,888.0736096478057,-49.129466976213884
-11.264107389423172,887.1829357110911,-47.88646999692312
-11.59897412523954,886.3123120614724,-46.66347276298462
-11.913966558608214,885.4617358006326,-45.46047528090174
-12.20908177099188,884.6312040298284,-44.277477557071485
-12.484316843958918,883.8207138498911,-43.1144795977845
-12.739668859183427,883.0302623612267,-41.9714814092251
-12.975134898445228,882.259846663815,-40.84848299747123
-13.190712043629894,881.5094638572106,-39.745484368494495
-13.386397376728754,880.7791110405424,-38.64248552816901
-13.562187979838914,880.0687853125137,-37.519486482368904
-13.71808093516327,879.3784837714023,-36.376487237065774
-13.854073325010527,878.7082035150607,-35.21348779833759
-13.970162231795213,878.0579416409155,-34.030488172368656
-14.066344738037689,877.4276952459679,-32.82748836544963
-14.142617926364172,876.8174614267938,-31.604488383977547
-14.19897887950675,876.2272372795434,-30.36148823445576
-14.255425652581975,875.6370208722644,-29.09848792349399
-14.331960189855709,875.0268141621544,-27.817991870935103
-14.4285854077833,874.396620079088,-26.526879932542215
-14.54530422271327,873.7464415533657,-25.232304906677808
-14.682119550887283,873.0762815157126,-23.937595731556012
-14.839034308440144,872.3861428972796,-22.642326050951162
-15.016051396069166,871.6763439811284,-21.343468424767018
-15.213173475781277,870.9508493186238,-20.03661453912771
-15.410402677702292,870.2093455183216,-18.714583067682234
-15.587741725062985,869.4478690320842,-17.37255149672982
-15.745193533782675,868.6664169592823,-16.010519833406796
-15.882761019886429,867.8649863997117,-14.628488084955837
-16.00044709950505,867.0435744535935,-13.226456258725968
-16.098254688875063,866.2021782215738,-11.804424362172572
-16.1761867043387,865.3407948047245,-10.36239240285738
-16.234246062343882,864.4594213045427,-8.90036038844847
-16.292435679435336,863.5580557952381,-7.43832832671142
-16.3707584721571,862.6367002405957,-5.996296225411796
-16.469217356955017,861.6953575771133,-4.574264092217682
-16.58781525016785,860.7340307417139,-3.1722319346908106
-16.722859194768418,859.7527224920733,-1.790199760286563
-16.863752459383672,858.7514345319798,-0.4281675763539694
-16.999916623156317,857.7301668647016,0.9138646098642906
-17.125774756798627,856.6889183507012,2.2358967912318892
-17.255606986732943,855.6276880887272,3.5579289607099867
-17.40559572207447,854.5464782316985,4.899961111259743
-17.575743878887963,853.4452917195155,6.26199323574483
-17.766054373130974,852.3241314925034,7.64402532692257
-17.976530120653845,851.1830004914132,9.046057377443933
-18.20717403719969,850.0219016574208,10.46808937985354
-18.45798903840437,848.8408379321276,11.910121326589657
-18.728978039796495,847.6398122575597,13.372153209984202
-19.00014345224465,846.4292054605222,14.854185022262742
-19.251485618138048,845.2204277544768,16.356216755544494
-19.48300412111038,844.0156071887501,17.87824840184232
-19.694698224577145,842.8170036742717,19.420279953062742
-19.88656685208801,841.627014468107,20.98231140100592
-20.058608567139103,840.448174995473,22.564342737365667
-20.210821553986744,839.2831405868219,24.16637395372945
-20.34320360316544,838.134641340379,25.788405041578383
-20.455752120242167,837.0051061960669,27.430435992287222
-20.548464238983932,835.8955860197157,29.092466797124384
-20.62133704203541,834.8060779181104,30.77449744725193
-20.674367612146764,833.7365789976108,32.47652793372558
-20.707553032173678,832.687086364151,34.19569399635917
-20.720890385077357,831.6575971232397,35.92522326044388
-20.714376753924554,830.6481083799603,37.65667673286936
-20.68800922188758,829.6586172389707,39.3809949328253
-20.641784872244315,828.6891208045034,41.10011203807713
-20.575700788378235,827.7396161803656,42.81746828320282
-20.489754053778416,826.810100469939,44.52650753152494
-20.38394175203956,825.9005707761802,46.21962136741522
-20.258260966862004,825.0110242016201,47.89273495753905
-20.112708782051733,824.1414578483647,49.545848292999544
-19.9472822815204,823.2918688180944,51.178961365006195
-19.76197854928535,822.4622542120645,52.79207416487484
-19.576794971924723,821.6463904046424,54.385186684027666
-19.411729893816197,820.8432424582375,55.9582989139932
-19.265531615467317,820.0590349448572,57.511410846406335
-19.135556517456536,819.2948073263422,59.04452247300833
-19.020105610081316,818.55056181842,60.557633785646765
-18.918822594029145,817.8263005071433,62.0507447762756
-18.831669404355676,817.1220254545092,63.52385543695514
-18.75868784531172,816.4377387238792,64.97696575985202
-18.682855510188578,815.7734415559953,66.41007573723927
-18.587119350803178,815.119831996107,67.82318536149623
-18.471479044291975,814.4607584558711,69.21629462510863
-18.33655845712693,813.7855580114087,70.58940352066853
-18.1919753941268,813.0903770341508,71.94251204087435
-18.042315416322314,812.375313401206,73.27562017853087
-17.885488582741928,811.6405043828556,74.58872792654921
-17.72261239963708,810.8872996477559,75.88183527794685
-17.56616723108398,810.1155605353263,77.15494222584763
-17.429836355645616,809.3238000731759,78.40804876348173
-17.31362269090926,808.5120211950488,79.64115488418568
-17.217529154355212,807.6802268351141,80.85426058140239
-17.141558663356783,806.8284199279672,82.04736584868108
-17.08571413518027,805.9566034086281,83.22047067967738
-17.04999848698497,805.0647802125428,84.37357506815322
-17.034414635823115,804.1529532755827,85.5066790079769
-17.01896472913614,803.2369534739871,86.63978249311423
-16.98364787148883,802.3318842517684,87.792885517531
-16.928462605066446,801.4356545937592,88.96598807509554
-16.853407839883385,800.5455147784168,90.15909015956979
-16.758482881540377,799.6588381738588,91.37219176460938
-16.64368740901701,798.7730503374793,92.60529288376358
-16.509021491773645,797.8853500009392,93.85839351047531
-16.354485619862924,796.9928198271002,95.13149363808114
-16.180080970139986,796.0871382278375,96.40459325982013
-15.985810126289303,795.1614297441479,97.6576923689314
-15.771676006206246,794.2156914788965,98.89079095875151
-15.537681527891811,793.2499205353738,100.1038890227234
-15.283829609452605,792.2641140172964,101.29698655439634
-15.010123169100826,791.2582690288059,102.47008354742599
-14.716565125154249,790.2323826744698,103.62317999557433
-14.40315839603621,789.1864520592812,104.75627589270972
-14.069905900275595,788.1204742886589,105.87748519688408
-13.719222067579702,787.0348656883502,106.9973696754308
-13.354987722049675,785.931547211247,108.11981316867606
-12.979667354538421,784.813062352724,109.24725996271863
-12.594935187922388,783.6812182557944,110.38141755202024
-12.201941361164177,782.5373756314079,111.52348031226329
-11.8015029398194,781.3826080005158,112.67430863471328
-11.394229160377602,780.2177947997377,113.83455049298668
-10.973755374187546,779.0521729339263,114.98964017275988
-10.533450886096338,777.9005329794421,116.12472924107834
-10.07331307109711,776.7688273633376,117.2398176919062
-9.59333901477434,775.6570531928458,118.33490551931389
-9.093525802817991,774.5652075747751,119.40999271747825
-8.573870521023519,773.4932876155087,120.46507928068242
-8.034370255291892,772.441290421005,121.50016520331593
-7.4750220916296035,771.4092130967969,122.51525047987467
-6.91582311613983,770.3970537202802,123.53033510495199
-6.37677041492495,769.4048142575753,124.56541907314126
-5.85786107398908,768.4324976466652,125.62050237893837
-5.359092179229222,767.4801068251079,126.69558501673285
-4.880460816435278,766.5476447300362,127.7906669808079
-4.421964071290068,765.6351142981581,128.90574826534035
-3.983599029369348,764.7425184657563,130.0408288644007
-3.56536277614182,763.8698601686888,131.19590877195313
-3.1672533692565934,762.9971423424237,132.37098798185542
-2.7892727554055203,762.1043679224294,133.5596755042803
-2.4314238534608608,761.1915398445649,134.74197133291574
-2.093709582187822,760.2586610451144,135.90426644506235
-1.7761328602445443,759.3057344607882,137.0465608345396
-1.4786966061820863,758.3327630287221,138.16885449527328
-1.201403738444408,757.3397496864773,139.2711474212955
-0.9442571753683562,756.3266973720409,140.35343960674481
-0.7072598351836482,755.2936090238258,141.43573104585718
-0.4904146360128573,754.2404875806699,142.5380217328686
-0.2786870403192829,753.1673352508009,143.65741076203176
-0.0566932645140808,752.0741513017473,144.79024870093562
0.1758885485787779,750.9609342037031,145.9353379508215
0.41893810310222596,749.8276824195848,147.09181874531626
0.6722548123491963,748.674394437083,148.2588600102317
0.9356252917255423,747.5010687743417,149.43560306817406
1.1938820607498286,746.3077047076546,150.6069774735539
1.4381910086969083,745.0943041444339,151.75835107808194
1.6825498887858437,743.8608681356981,152.88972387563567
1.9359312858187732,742.6073958601596,154.00109586019894
2.199743277068774,741.3338858751059,155.09246702586202
2.4742570531572823,740.0403366360579,156.1638373668214
2.759507940963323,738.7267465773975,157.2152068773801
3.0552972508904723,737.3931141442516,158.24657555194733
3.346172152439147,736.0394385591514,159.27794338502994
3.6168482216223317,734.665722024844,160.32931037113465
3.8673225401383653,733.2719674874027,161.4006765046708
4.097592189793009,731.8581778933268,162.4920417799413
4.307654498849373,730.4294236190743,163.60340619114282
4.497508046595493,728.9962367566332,164.73476973236558
4.66715288713664,727.5675025298588,165.8861323975935
4.816590086423905,726.148311994046,167.05749418070417
4.965820441839419,724.7247174178924,168.24885507546878
5.134841794941393,723.2810996342929,169.46021507555218
5.32365122796872,721.8174557570794,170.69157417451297
5.532245823055069,720.3337829005095,171.94293236580327
5.760622662228901,718.8300781792663,173.21428964276896
6.00877882741348,717.3063387084583,174.5056459986495
6.276711400426899,715.7625616036198,175.81700142657806
6.564417462982083,714.1987439807109,177.1483559195814
6.871894096686813,712.6148829561168,178.49764824707398
7.199138383043739,711.0109756466488,179.8628527380291
7.546147403450395,709.3870191695436,181.2439035401745
7.9129182391992146,707.7430106424636,182.64052438817475
8.299447971477548,706.0789471834969,184.0523403218103
8.705733681367674,704.3948259111572,185.47894403596268
9.131772449846821,702.6906439443842,186.91991153708793
9.577561357787177,700.9663984025431,188.3747954989699
10.043097485955911,699.2220864054248,189.82652192115052
10.52837791501518,697.4577050732461,191.2582473339273
11.033399725522154,695.6732515266494,192.66997172968692
11.558159997929025,693.8687228867033,194.0616951009225
12.102655812583025,692.0441162749017,195.43341744023348
12.666884249726442,690.1994288131646,196.78513874032564
13.250842389496633,688.3346576238375,198.11685899401112
13.854527311926043,686.4497998296924,199.42857819420846
14.477937069229661,684.5648525538911,200.72029633394249
15.121073602667357,682.6998129195962,201.99201340634443
15.783939825681543,680.8546780495806,203.24372940465187
16.466537939265695,679.014792114978,204.47544432220874
17.168867034988853,677.1601522380588,205.68715815246532
17.89092445219743,675.28540849262,206.87887088897827
18.632707270189528,673.3905580016349,208.0505825254106
19.39421256815834,671.4755978885023,209.20229305553164
20.155438397488503,669.5605262492995,210.35400247320825
20.896386698715908,667.6653450692538,211.52571077230735
21.617060384762844,665.7900573054907,212.71741794659823
22.31746236865942,663.9346659147108,213.929123989744
22.997595563543538,662.0991738531899,215.16082889530128
23.65746288266088,660.283584076779,216.41253265672046
24.297067239364893,658.487899540904,217.68423526734554
24.916411547116773,656.7121232005661,218.97593672041415
25.527737416992387,654.9362574153531,220.26763700906645
26.140123911980556,653.1403023183141,221.53933612644263
26.746401604244777,651.3242582569285,222.7910340657804
27.33779321304596,649.4881267437353,224.02273082042373
27.90922265630041,647.6319104283298,225.23442638382303
28.460380669579504,645.7618991564085,226.42612074953507
28.991266273989467,643.8928726617848,227.59781391122294
29.501880678816367,642.0380861259076,228.74950586265606
30.012225482367544,640.1827647554942,229.90119659770141
30.542298714940525,638.3073675161409,231.06922855417062
31.092097456854287,636.411891530805,232.24468761972594
31.661618788322922,634.4963339228698,233.4165294532332
32.25085978945564,632.5606918161442,234.57366815459665
32.8598175402568,630.6049623348631,235.7108056086109
33.48848912062589,628.6291426036872,236.82794180922917
34.136871610357616,626.6332297477031,237.925076750511
34.793796821202434,624.6172214352158,239.01510674028393
35.45633977899215,622.5811171053874,240.11563684095063
36.130735036349584,620.5249152351518,241.23016820346436
36.815361294664605,618.4486142723298,242.35783965685226
37.51054416183844,616.3522126902108,243.49909876115007
38.21625068753839,614.235708953719,244.65423828401256
38.9325221854253,612.0991015247135,245.82366201692352
39.65938997030546,609.9423888601646,247.0078220100722
40.40140615370263,607.7655691925352,248.20946942302743
41.16310404107934,605.5686398716971,249.43111551610662
41.944480711522914,603.3515980274224,250.6727602828136
42.74553324401599,601.1144407899089,251.9344037165459
43.56625871743661,598.8571652897807,253.2160458105946
44.406654210558195,596.5797686580878,254.51768655814453
45.266716802049565,594.2822480263062,255.83932595227415
46.14644357047497,591.964600526338,257.1809639859556
47.04583256658153,589.6468232904759,258.52260065206343
47.96488573016158,587.3489134510135,259.84423594347237
48.90360597319034,585.0708681398548,261.14586985315447
49.86199620753843,582.8126844884795,262.42750237418824
50.8400593449719,580.5743596279422,263.68913349975855
51.837798297152155,578.3558906888732,264.93076322315665
52.855215975636,576.1572748014781,266.15239153778003
53.89231529187559,573.9785090955378,267.35401843713265
54.929098965878616,571.8156556213343,268.53564391482485
55.94556895710059,569.6648798934779,269.6972679645732
56.941727060072935,567.5264276632405,270.8388905802007
57.917575111247885,565.4006327687116,271.96051175563673
58.87311500180412,563.2879154749205,273.062131484917
59.80834868973483,561.188774315621,274.14374976218363
60.723278210321205,559.1037724142528,275.20536658168504
61.61790568432713,557.0335202705857,276.24698193777596
62.492233424648894,554.9807366427937,277.2685958249176
63.346264226704044,552.947826980439,278.2702082376775
64.18000100281355,550.934794243478,279.2518191707295
64.99344666540631,548.9416413914423,280.2134286188538
65.78660412701909,546.9683713834388,281.15503657693705
66.55947630029657,545.0149871781496,282.07664303997217
67.31206609799128,543.0814917338319,282.97824800305847
68.04437643296362,541.167888008318,283.8598514614016
68.76816704313039,539.2541783874533,284.7238948070258
69.49453085158397,537.3203630029193,285.5726798732565
70.22198806992444,535.3664415836706,286.40581163223465
70.94870386824229,533.3924140990803,287.22263502066943
71.67233760303355,531.398280820627,288.02215946796406
72.38977922163133,529.3840424132318,288.802927141346
73.09747061120251,527.3552483215838,289.5638822295503
73.79397650242431,525.3268526495619,290.304835777992
74.4809357476684,523.2951919049551,291.0425270720074
75.16508735776871,521.2486335775188,291.78993019252204
75.85356233094231,519.1888880161457,292.54259172064667
76.54832139472443,517.1164067669671,293.29973398438
77.24961071732082,515.0315245104862,294.0612842572609
77.9573542553831,512.9345445772848,294.82729168856775
78.67143422207579,510.8257484995593,295.5978233947793
79.39173151610716,508.70539899373006,296.3729490291239
80.10495307425325,506.5692839109556,297.14038831500136
80.79786361929705,504.4277257947644,297.8915692583215
81.4704640536294,502.30072760734754,298.63095733017036
82.12275703091116,500.19363280667403,299.35940338005884
82.75474546453607,498.1064443542343,300.0772732135539
83.36643226800582,496.0391652110938,300.78506930972907
83.95782035493005,493.9917983378931,301.4833012044246
84.52891263902637,491.96434669484773,302.17264061490886
85.0997120341114,489.95681226946095,302.85148446725793
85.69022145400339,487.96919315966124,303.5140644630533
86.30044381242458,486.0014864906647,304.15664284490515
86.92861627210814,484.0536894731033,304.77921960939665
87.56509737936237,482.12580004356164,305.3817947532171
88.1995494257214,480.217817875785,305.96436827316234
88.82782781414708,478.329743586803,306.5269401661345
89.44712791726855,476.46157829521525,307.0695104291421
90.05124355411684,474.5933236666169,307.5936887585485
90.63508669063371,472.70498241017833,308.0996087804116
91.19865440685224,470.79655748271693,308.58566079279245
91.74194378291327,468.86805184147613,309.05774786355374
92.26495189906551,466.91946844412524,309.5304259570328
92.76767583566551,464.95081024875924,310.0176583714148
93.25011267317771,462.96208021389907,310.5248891372525
93.71225949217437,460.95328129849133,311.0521182518485
94.17411409645263,458.93929022256583,311.57934571240827
94.6556766297933,456.9236144320766,312.0865715161369
95.15694557831813,454.8913763198706,312.57379566033734
95.677918193104,452.8390636641814,313.0410181424187
96.2185915545183,450.76667359157796,313.48823895989653
96.77896274282362,448.6742032290548,313.9154581103927
97.35902883817784,446.56164970403233,314.32267559163546
97.9587869206341,444.429010144357,314.7098914014594
98.56643718717068,442.28537748190683,315.07710553780544
99.170230796335,440.1409959845167,315.42431799872094
99.77016123568957,437.99792631504636,315.75152878235957
100.36606014151889,435.8578308787027,316.05873788698136
100.9576690545083,433.7220960084325,316.34594531095274
101.54467565525668,431.59190347399414,316.61315105274645
102.12673262074814,429.46827666331484,316.86035511094155
102.70346935692055,427.3521147244188,317.0875574842236
103.26729841269227,425.2498550600982,317.29475817138444
103.81082396823102,423.1675146457892,317.4819571713222
104.33404893750888,421.10509644240517,317.64915448304157
104.83697623460591,419.06260341043435,317.79635010565335
105.3196087737101,417.04003850993996,317.9235440383748
105.78194946911734,415.03740470056033,318.03073628052965
106.22400123523144,413.05470494150853,318.11792683154783
106.6457669865641,411.0919421915728,318.18511569096574
107.04724866544743,409.12911940915166,318.2323028584261
107.42844432517165,407.1462395526439,318.26300411412535
107.80935104683854,405.14330460855126,318.2909804499443
108.20996591155144,403.1203126746513,318.32424699958835
108.61973816878704,401.0772613896361,318.3578765625654
109.03866489950404,399.014149930952,318.39235212896136
109.46831081347223,396.9309763747095,318.42848005120777
109.90867299154459,394.82773959436923,318.46600801549886
110.34872871719692,392.70443812640434,318.51529587728226
110.76847507123574,390.5610739602966,318.5845820453346
111.16790913456667,388.3976500582409,318.6738665192875
111.54702798820341,386.21416938285785,318.78314929866616
111.90582871326762,384.0106348971938,318.91243038288945
112.24430839098903,381.7870495647208,319.06170977126993
112.56246410270545,379.54341634933655,319.2309874630138
112.86029292986272,377.27973821536443,319.4202634572208
113.15779195400594,374.99601715526603,319.6295377528847
113.47495825668197,372.6922512727788,319.85881034889246
113.81178891934192,370.36843769977827,320.10808124402496
114.16828102333233,368.0245735685658,320.3773504369567
114.54443164989522,365.66065601186835,320.6666179262558
114.94023788016807,363.2766821628385,320.97588371038415
115.35569679518385,360.8726491550547,321.30514778769714
115.79080547587097,358.44855412252093,321.6544101564439
116.22556100306227,356.0043951719545,322.0236708147672
116.63996045759245,353.54017429964824,322.4129297607035
117.03400092039558,351.05589447460795,322.8221869921829
117.40767947251402,348.5515586662654,323.25144250702914
117.76099319509837,346.0271698444779,323.7006963029596
118.09393916940753,343.48273097952847,324.16994837758546
118.40651447680875,340.9182450421259,324.6591987284113
118.69871619877756,338.33371500340445,325.1684473528356
118.9905423891764,335.74914286260133,325.6976942481503
119.30199499101948,333.1845267298041,326.24693941154123
119.63307691951299,330.63986374242313,326.8161828400877
119.98379108975868,328.1151510374437,327.4054245307628
120.35414041675396,325.6103857514259,328.014664480433
120.7441278153918,323.12556502050467,328.64390268585885
121.15375620046075,320.66068598039,329.2931391436942
121.58302848664489,318.2157457663666,329.96237385048676
122.0319475885239,315.7907415132942,330.65160680267786
122.50051642057295,313.3856703556075,331.3608379966024
122.98873789716271,311.000529427316,332.0900674284891
123.49661493255937,308.6353158620043,332.83929509446017
124.0241504409246,306.29002679283195,333.60852099053153
124.57134733631553,303.9646593525335,334.3977451126128
125.13820853268473,301.65921067341844,335.2069674565073
125.72473694388022,299.3736778873714,336.0361880179119
126.3204072597779,297.10805863767496,336.8854067924172
126.90897856053793,294.8623528923396,337.7546237755074
127.48944238744632,292.6365620135233,338.64383896256044
128.06267295259147,290.4306869123817,339.5509220430817
128.62748615759247,288.24472888766553,340.4723568279193
129.18401650285986,286.07868903174926,341.40498341484744
129.7314216593198,283.9325687157425,342.3457945576591
130.269657278732,281.80636919143427,343.29217332515935
130.81229715429518,279.6800912196141,344.250643137892
131.374627549411,277.5337326716045,345.2291111200445
131.9566455442269,275.36729067589175,346.2275772664138
132.55834821878562,273.1807623613878,347.2460415716905
133.1797326530253,270.97414485743053,348.2845040304589
133.8207959267793,268.7474352937838,349.3429646371969
134.48153511977645,266.50063080063717,350.4214233862761
135.16194731164092,264.2337285086063,351.5198802719617
135.84202958190107,261.94672652102014,352.6383352884127
136.50177905713377,259.6405945832382,353.77678842968146
137.14119340290048,257.3235173014685,354.93523968971436
137.76027204457574,255.00908544058785,356.1136890623512
138.37901626246506,252.70911935343395,357.29213654133446
139.0174287054533,250.42906159249281,358.4505821204064
139.67551228700802,248.1689092890768,359.589025793407
140.35326992049212,245.92865957407324,360.7074675542826
141.05070451916393,243.70830957794468,361.8059073970857
141.7678189961771,241.5078564307288,362.8843453159754
142.5046162645807,239.32729726203834,363.94278130521695
143.26109923731906,237.16662920106128,364.9812153591821
144.03727082723188,235.02584937656073,366.01964747234007
144.83313394705416,232.90495491687497,367.07807763916
145.6486915094162,230.80394294991754,368.15650585401374
146.48394642684352,228.72281060317718,369.2549321111667
147.33890161175697,226.66155500371787,370.37335640477784
148.21355997647257,224.6201732781788,371.51177872889986
149.10792443320162,222.5986625527745,372.67019907747925
150.02199789405063,220.5970199532947,373.848617444356
150.9557832710213,218.6152426051045,375.0470338232638
151.90928347601047,216.65332763314427,376.26544820783005
152.8825014208102,214.7112721619297,377.5038605915757
153.87544001710768,212.7890733155519,378.76227096791547
154.8881021764852,210.88672821767724,380.0406793301577
155.9204908104202,209.00423399154752,381.33908567150434
156.97260883028528,207.14158775997987,382.6574899850511
158.04313755311034,205.29878670961537,383.9958922637872
159.11207989007397,203.47582919170335,385.3542925005957
160.1607603466009,201.67271725347294,386.73269068825323
161.18918183397707,199.8894538497676,388.13108681943004
162.19734726359613,198.12604193500624,389.54948088669016
163.1852595469594,196.38248446318315,390.9878728824911
164.15292159567593,194.65878438786794,392.44626279918424
165.10033632146246,192.95494466220563,393.9246506290144
166.02750663614339,191.2709682389166,395.4230363641203
166.9344344793633,189.5868580703319,396.92141999654297
167.8211179017247,187.88261710878345,398.3998015183235
168.68755398165027,186.1582483069936,399.85818092160065
169.53373979767036,184.41375461811103,401.2965581986193
170.359672428423,182.64913899571027,402.71493334173084
171.16534895265394,180.86440439379209,404.113306343393
171.95076644921662,179.05955376678313,405.4916771961698
172.7159219970722,177.23459006953615,406.8500458927317
173.4608126752896,175.38951625732992,408.2084124258467
174.18543556304547,173.52433528586914,409.5867767882827
174.8897877396243,171.63905011128455,410.98513897271016
175.57386628441836,169.7336636901328,412.40349897169324
176.23766827692765,167.80817897939647,413.8418567776897
176.88119079676005,165.86259893648415,415.3002123830511
177.50443092363128,163.89692651923028,416.7785657800224
178.1073857373649,161.91116468589516,418.2769169607425
178.7100532901709,159.92531542284217,419.77661693997237
179.33243552341057,157.9593768272853,421.2724943707045
179.97453535063673,156.01334602376167,422.78319822225603
180.63635568529727,154.08722013638345,424.3138998256263
181.3178994407353,152.18099628883797,425.8645991726758
182.01916953018895,150.29467160438762,427.4352962551586
182.7367522102989,148.42824337196853,429.02599106472246
183.46424017682938,146.58170969001657,430.6366835929087
184.1850520269883,144.73507006545577,432.2473738311612
184.88559602965898,142.86832679337593,433.838061770924
185.56586926425396,140.98148282991608,435.41031444894963
186.2258688102935,139.07454113164113,436.96890482707494
186.8655917474057,137.14750465554198,438.5212916486873
187.48503515532641,135.20037635903543,440.0778847680454
188.08952579529358,133.23315894086502,441.6496583799769
188.69799046523963,131.24585340264653,443.2414296434039
189.30509753596002,129.2584587629144,444.8531985498618
189.89191923079213,127.29097706007167,446.4849650907802
190.4584584634778,125.34341125238835,448.13672925748193
191.00686266290336,123.4157641934552,449.8084910411837
191.5427300064936,121.50803815166502,451.5002504329958
192.06841492021562,119.62023467314619,453.2120074239223
192.58310658646633,117.75235533572125,454.94376200486073
193.08699192224734,115.90440171964237,456.69551416660244
193.58865810647654,114.05637498832994,458.44726389984123
194.0944776788318,112.18827473334643,460.17901119527096
194.6047135211907,110.3001004486486,461.89075604368304
195.1192861880081,108.39304222378354,463.582498435975
195.6374902422873,106.46940061982883,465.25423836315116
196.1582992863898,104.53150779062949,466.9059758163217
196.68096925665768,102.58163120779253,468.53771078670354
197.20444593085574,100.62187981270989,470.1494432656199
197.7165401605453,98.6476855393041,471.74117324450015
198.2083483296492,96.65695172730628,473.3129007148803
198.67986896432,94.66528334711444,474.86462566840254
199.13110332319053,92.68914968989885,476.39634809681553
199.5620541069182,90.73295170240347,477.90806799197424
199.97272423007374,88.79669234263557,479.39978534584003
200.36311660733568,86.88037456817733,480.8715001504806
200.73323415349049,84.98400133618587,482.32321239807004
201.09582670115128,83.1075749837098,483.77492208087995
201.45586240000657,81.25109574694059,485.2466291911819
201.80528219143594,79.41456476879391,486.73833372115
202.14383654522283,77.59798362321283,488.25003566285204
202.47163443264265,75.80135388812451,489.7817350082494
202.78887034672593,74.02467711895736,491.33133100828866
203.09566831165677,72.26795484449099,492.89365763100074
203.39195486670488,70.53118859015245,494.4632176315901
203.6928204587194,68.80699336185943,496.04517702543944
204.01343855003012,67.09484830543853,497.64713378153306
204.3538115958712,65.40213633745839,499.26908789135246
204.71394248607822,63.729373287675116,500.9110393462729
205.09383413559854,62.07655627433058,502.57298813756313
205.49348945927434,60.44368241524148,504.25493425638564