
-180.27476544999368,565.1988881926472,-108.1884129843778
-180.24477316709874,565.1688847903965,-108.19858068384764
-180.19478959417168,565.1188755561462,-108.21656148718054
-180.1248176483406,565.0488575745171,-108.24323575249966
-180.03486024683994,564.9588279305553,-108.27947651318632
-179.92492030701035,564.8487837097325,-108.32614878693838
-179.79500074629877,564.7187219979456,-108.3841094441585
-179.64510448225838,564.5686398815175,-108.45420754173566
-179.47523346026114,564.4185344471605,-108.52058539326136
-179.2853857366355,564.2884027815875,-108.56696266773189
-179.07555839552862,564.1782419711215,-108.59333936490063
-178.84574852119397,564.08804910166,-108.59971548462734
-178.59595319799126,564.0178212586757,-108.58609102687808
-178.32616951038642,563.9675555272157,-108.55246599172533
-178.0363945429517,563.9372489919022,-108.49884037934788
-177.72662538036573,563.9268987369319,-108.42521419003089
-177.41685910740452,563.9365028183639,-108.33158742416586
-177.12709280884403,563.9660631809821,-108.21796008225067
-176.85732356936282,564.0155827414325,-108.08433216488953
-176.60754847353306,564.0850644159357,-107.93070367279303
-176.37776460582066,564.1745111202875,-107.75707460677808
-176.1675351936212,564.2839257487666,-107.56344496776796
-175.97594930498585,564.4133110878088,-107.34981475679233
-175.8020914226005,564.5626697888144,-107.11618397498715
-175.64686665536436,564.7318268876567,-106.86255262359478
-175.51161861293176,564.9201120452967,-106.58892070396391
-175.3963445754546,565.1265382705986,-106.2952882175496
-175.30104196697073,565.3501250331838,-105.98165516591325
-175.22570835400876,565.5899037699671,-105.64802155072263
-175.17034144378562,565.8449173635183,-105.29438737375186
-175.13493908312938,566.1142101771391,-104.9207526368814
-175.11949925972885,566.3968056578419,-104.52711734209808
-175.10401993485024,566.6952239693101,-104.11348149149505
-175.06849847919028,567.0130592856714,-103.67984508727187
-175.01293200423672,567.3508879597944,-103.22620813173441
-174.93731759342268,567.708707068038,-102.75257062729492
-174.84165233028793,568.0865136863365,-102.25893257647198
-174.72593329847885,568.4843048901982,-101.74529398189054
-174.59015758174843,568.9020777547065,-101.2116548462819
-174.43432226395637,569.3398293545192,-100.65801517248372
-174.27842442906012,569.7975577361564,-100.09146716919972
-174.14246116101748,570.2752648348626,-99.51837694022785
-174.02642954368915,570.7729535577446,-98.93730390181085
-173.9303266608298,571.2906268114837,-98.34685630718036
-173.8541495960881,571.8282875023359,-97.74574857645744
-173.7978954330068,572.3859385361321,-97.1328676561793
-173.76156125502277,572.9635828182777,-96.50733863782024
-173.74514414546684,573.5612232537527,-95.86857089894383
-173.7388492220837,574.1788622710814,-95.23307331878634
-173.7329343483833,574.816500396806,-94.617575232213
-173.72748309053645,575.47413769291,-94.02207664249677
-173.72254534428606,576.1517742310034,-93.44657755280424
-173.71814526570253,576.8494100880091,-92.89107796619567
-173.7142877199294,577.5670453428967,-92.35557788562492
-173.71096335663785,578.3046800742549,-91.84007731393959
-173.7081525925709,579.0623143585194,-91.34457625388085
-173.69553832623657,579.8199477684452,-90.84907470809242
-173.66281779380057,580.5575778724514,-90.33357267921804
-173.6099939122992,581.27520173839,-89.7980701699989
-173.53706959887563,581.972816434539,-89.24256718328256
-173.44404777078003,582.6504190296014,-88.66706372202295
-173.33093134536935,583.3080065927056,-88.07155978928033
-173.19772324010742,583.9455761934058,-87.45605538822133
-173.0444263725649,584.5631249016815,-86.82055052211894
-172.87104366041933,585.1606497879377,-86.1850451943436
-172.67757802145496,585.738147923005,-85.5695394082658
-172.46403237356287,586.2956163781396,-84.97403316715851
-172.23040963474097,586.8330522250233,-84.39852647418839
-171.97671272309384,587.3504525357632,-83.84301933241571
-171.70294455683288,587.8478143828922,-83.30751174479441
-171.4091080542762,588.325134839369,-82.79200371417208
-171.0952061338486,588.7824109785774,-82.29649524328997
-170.78124171407273,589.2196408466148,-81.80098633479184
-170.48721771347164,589.6368263791537,-81.28547699132145
-170.2131370504711,590.0339704845799,-80.74996721562002
-169.95900264339087,590.4110760717045,-80.19445701053517
-169.72481741044464,590.7681460497647,-79.61894637902087
-169.51058426974006,591.105183328423,-79.0234353241374
-169.31630613927865,591.4221908177673,-78.40792384905143
-169.1419859369558,591.7191714283114,-77.77241195703598
-168.98762658056077,591.9961280709944,-77.13689965146156
-168.85323098777675,592.2530636571811,-76.52138693569869
-168.73880207618072,592.4899810986618,-75.92587381302036
-168.64434276324346,592.7068833076522,-75.34914482581652
-168.5698559663296,592.9037731967936,-74.78832842039635
-168.5153446026976,593.0806536791526,-74.24004851684633
-168.4808115894996,593.2375276682216,-73.70079920911745
-168.4662598437816,593.3743980779179,-73.1669409527308
-168.47169169411166,593.5033706544037,-72.62485121625616
-168.49710706225724,593.6376456388269,-72.06276109360385
-168.54250501271153,593.7794716159002,-71.48067058776279
-168.60788427480838,593.9311955369133,-70.8785797018283
-168.6932432347951,594.0951456766642,-70.25648843900203
-168.7985799574147,594.273345762859,-69.61439680259195
-168.92389225528896,594.4671852269611,-68.95230479601246
-169.06917779512614,594.6772833217852,-68.27021242278425
-169.2344341077856,594.905582579179,-67.58811968652553
-169.41965836407653,595.1539073941976,-66.92602659085449
-169.62484764615164,595.4222606788152,-66.28393313929185
-169.84982901500044,595.7106453363151,-65.66183933525198
-170.09064231675288,596.0190640523801,-65.0597451820429
-170.34205425416377,596.3475186973914,-64.47765068286627
-170.601901787594,596.6960106417025,-63.91555584081741
-170.86906543905604,597.0645410262392,-63.373460658885286
-171.14140783612206,597.446208321387,-62.85136513995252
-171.41720222346433,597.8341581643751,-62.34926928679538
-171.69646757839172,598.2284862388659,-61.867173102083804
-171.97922401215982,598.6292885055519,-61.40507658838134
-172.26549287984074,599.0366612192576,-60.96297974814524
-172.55529690556887,599.4507009336588,-60.54088258372635
-172.84866032066023,599.8715045217585,-60.13878509736921
-173.14560901424497,600.2991691947138,-59.75668729121199
-173.43432717711613,600.7245174183196,-59.3908128220352
-173.70384987203977,601.1391712179626,-59.037380410314825
-173.9564679719595,601.5445298086684,-58.696749224552256
-174.19492584633403,601.941450803967,-58.36986345133852
-174.42170733406357,602.3304209733209,-58.05795732722118
-174.63897522229638,602.7117414037042,-57.76232760631109
-174.84855683531612,603.0856260996725,-57.48420760040236
-175.05196771657307,603.4522405281816,-57.22471160407185
-175.26261011593024,603.822432554253,-56.972620784781085
-175.49320027296096,604.2070116174518,-56.71795081441295
-175.74373608653886,604.6060785658824,-56.464185195396816
-176.01421544048577,605.0197149754912,-56.21465740014042
-176.3030328482879,605.4478095300956,-55.97228937208416
-176.60711463273196,605.8900260217565,-55.739165946137916
-176.92416751634897,606.3459402781165,-55.51647620807068
-177.25286998132268,606.8151366304668,-55.30487822867691
-177.5924920032693,607.2851999081009,-55.09969612698282
-177.9430731782571,607.7446484502613,-54.896573437549634
-178.30517958134402,608.1948578774598,-54.69655589216705
-178.6794515423843,608.6370079765521,-54.50056513157911
-179.06664964415594,609.0720616234739,-54.30943089604064
-179.46768757662838,609.5007758355848,-54.123901463993434
-179.8836658145532,609.9237379532593,-53.94463744161595
-180.315917135228,610.3414230533074,-53.77219847050717
-180.7544342747324,610.7589732789787,-53.60129689837861
-181.1882592700288,611.1809790411869,-53.42635643815667
-181.6169297551825,611.6067624388494,-53.247327175457905
-182.0399324546148,612.0356169737503,-53.06420337989009
-182.45669616820194,612.4667942820123,-52.87702492817275
-182.8665838601724,612.8994876474973,-52.68587829595825
-183.2688839584249,613.3328115090392,-52.49089686884833
-183.66280110523198,613.7657762466291,-52.29226023429027
-184.04228713738965,614.1917366259698,-52.09399780930361
-184.40171489003743,614.6055833822925,-51.90002867162203
-184.74108599751807,615.0091448772646,-51.710726277324426
-185.0604018604431,615.4037611920012,-51.5272545361369
-185.35966372925708,615.7901272819435,-51.3515522794099
-185.6388728040472,616.1682348785278,-51.186232395220664
-185.89843151794906,616.537437568351,-51.03437160754567
-186.13939008635379,616.896662158757,-50.89917711771823
-186.36420091703016,617.2406108845739,-50.78310855694549
-186.5761009887085,617.5645914212046,-50.68703972612199
-186.77770449518027,617.8686020824426,-50.610970625758576
-186.9711587819185,618.1526415284325,-50.55490125625974
-187.1582203696449,618.4167087030148,-50.518831617923645
-187.3403283414667,618.6608027822546,-50.502761710942096
-187.51866389887599,618.8849231326486,-50.506691535400535
-187.6941981765898,619.0890692771264,-50.53062109127807
-187.87796445415,619.2828329447484,-50.56660271919691
-188.07972558982274,619.4748066079583,-50.606782676846535
-188.2977960331406,619.6630453410659,-50.65162629628276
-188.5305283421289,619.8457071863872,-50.70201079837421
-188.7764713992702,620.0211144713319,-50.758944340344215
-189.03448359503594,620.1879073865656,-50.82332900385601
-189.30376033973118,620.345166995379,-50.8958140030731
-189.5837804302225,620.4924387053013,-50.976739523728966
-189.87906327560648,620.6328918272496,-51.06927652295719
-190.19323399670054,620.7697943360654,-51.17517198808459
-190.52331930289833,620.9030823695293,-51.29213213202336
-190.8659337002553,621.0326360383214,-51.41858663020817
-191.2184083566948,621.1583135018011,-51.55353044895081
-191.57868706983658,621.2799907449778,-51.69630276132781
-191.94518115587746,621.3975747524299,-51.84645263717686
-192.3166506465327,621.5110025684381,-52.003660773856026
-192.68824969800917,621.6227469770911,-52.16642073060578
-193.05537604433013,621.7352356480254,-52.33350544600477
-193.41737322716892,621.8483176961007,-52.50524357130784
-193.77346830315997,621.9618131209572,-52.682054553023605
-194.12274810468813,622.0754994294535,-52.8644861027761
-194.46413223137554,622.1890896961129,-53.05326957621568
-194.79634616736038,622.3021954896514,-53.24940129878459
-195.11790461721682,622.4142630693668,-53.454258479102656
-195.44030726340793,622.516697619972,-53.66819516337882
-195.77410771342804,622.6026409789043,-53.88972354224858
-196.11643506536817,622.6744201356714,-54.11692235298581
-196.46536361280332,622.7336093346099,-54.34817108046706
-196.81949831852518,622.7813578774696,-54.582101483583656
-197.17777615496584,622.818548702181,-54.81754808780984
-197.5393579618321,622.8458849700662,-55.05350882784481
-197.9035639893744,622.8639418140446,-55.2891148246657
-198.26693665096306,622.8753870082729,-55.52638513578276
-198.62621747069275,622.8825373953582,-55.76762192180564
-198.98117873714628,622.8852091924205,-56.01257685872638
-199.33156367074102,622.8832113870081,-56.26098891587985
-199.67708300310105,622.8763442224714,-56.51258146643119
-200.01741110392962,622.8643971377788,-56.767058903263994
-200.3521816223405,622.8471458870514,-57.02410262758925
-200.68098265495266,622.8243484703859,-57.28336628307886
-201.0062314068942,622.8001188643433,-57.544935910281495
-201.33060808235797,622.778692514262,-57.80907231496268
-201.65419992982748,622.7600600714055,-58.07576196319852
-201.9770880337795,622.7442121832119,-58.344988480771015
-202.2993478500385,622.731139318151,-58.61673306730122
-202.62104968536292,622.7208316370278,-58.8909748513738
-202.94225913001975,622.7132788971342,-59.16769120012368
-203.26303744757465,622.7084703817334,-59.44685798054294
-203.58079531202986,622.7043997724547,-59.72700329163831
-203.89276473004827,622.6988748949735,-60.00672411940663
-204.1986575326666,622.6914920691972,-60.28613484039546
-204.49821326164124,622.6818019035034,-60.56535324942082
-204.79121528915394,622.6693026933444,-60.844502007840184
-205.07750887969055,622.6534338816115,-61.12371081614109
-205.3570192787887,622.6335707956514,-61.403119253565414
-205.62976694657195,622.609022546517,-61.68287968812651
-205.90321324061577,622.5755182913759,-61.96468741903427
-206.18307218673823,622.52978409482,-62.250140910947366
-206.4666453311366,622.4728699340099,-62.53925990781698
-206.75232691018954,622.4054816684697,-62.83214057090168
-207.0390874598322,622.3281208254103,-63.128909489253545
-207.32623529916148,622.2411562215232,-63.42970275157306
-207.6132919438504,622.1448655991858,-63.73465665753975
-207.89992081841345,622.0394619699972,-64.0439037376517
-208.18110095968828,621.9273604936831,-64.35024507788553
-208.4513065388362,621.8100653241747,-64.64600358501716
-208.7092897934431,621.6856969212582,-64.93037924154784
-208.95396194552225,621.5518540184564,-65.20266528412873
-209.18455996432172,621.4055847069263,-65.46233646946034
-209.40080521699764,621.2434579662297,-65.70913906824907
-209.60298529124418,621.0625079061338,-65.94315463645637
-209.79190885853276,620.8615863532797,-66.16481433614864
-209.9844816956315,620.6483077905702,-66.38228604155273
-210.19708936090365,620.4297244107844,-66.60486485219701
-210.42845758424588,620.205122289458,-66.83500952799284
-210.67522888765717,619.9746052227199,-67.0742382499934
-210.93400949727257,619.7388416465078,-67.32312384426551
-211.20263226706294,619.498681646085,-67.58163518584756
-211.47965323862869,619.2549689045853,-67.84943189698795
-211.7640598928851,619.0084800662299,-68.1260015517939
-212.04871133311505,618.7594294970341,-68.40456654707883
-212.32649104725905,618.507726338828,-68.67844423938138
-212.59653559312562,618.2535290626703,-68.94715447892996
-212.85784230953982,617.9970736976976,-69.20998875580452
-213.10923511505283,617.7387092449947,-69.46590983859306
-213.34931346575786,617.4789511739817,-69.71340251387636
-213.5763748285103,617.2185618233887,-69.950246883546
-213.78829647652992,616.9586691919095,-70.1731725582176
-213.99687256754208,616.7061405963359,-70.39374433887042
-214.21449179694116,616.4662902458632,-70.6249936951014
-214.4400737222442,616.2375240136213,-70.8660033016151
-214.6727155047698,616.018543129814,-71.11595461655716
-214.91165695586105,615.8082757445263,-71.37412423514496
-215.15625223288743,615.6058261904071,-71.63987500834095
-215.40594756195316,615.4104373198901,-71.91264570454955
-215.66026390039542,615.221462349102,-72.191940963615
-215.9130169387393,615.0369612303731,-72.47919165076979
-216.15808756026033,614.8556717208925,-72.7760390603956
-216.39498548114784,614.6783482706179,-73.0822525958022
-216.62281817788164,614.5057571033032,-73.39714656209757
-216.84016082484834,614.338724517429,-73.71937471136532
-217.04487194519936,614.1782041477594,-74.04663134528636
-217.23386352027237,614.0253603629764,-74.375258011161
-217.40410179402235,613.8816457092535,-74.69980158570122
-217.57436443082568,613.7342987367732,-75.02515581105175
-217.76393412999133,613.5704751063726,-75.36001964721339
-217.9681307028281,613.3913831681466,-75.70526710392168
-218.1808674795202,613.1976994873601,-76.06121865015054
-218.39881967731802,612.9896927085905,-76.42783441899026
-218.62006238369415,612.7674714079133,-76.80497065830066
-218.8434090714439,612.5310746366627,-77.1924534316167
-219.0680910100272,612.2805049378295,-77.59009837494334
-219.29941110373133,612.0251136964226,-77.98277727467452
-219.54140207502076,611.7750090461561,-78.35545575973696
-219.79143975606567,611.5312789584696,-78.70813382814893
-220.0477341072833,611.294393131943,-79.04081147803504
-220.3089873655324,611.0645111521198,-79.3541293574215
-220.57422142158518,610.8416285371422,-79.64941289455803
-220.84268347563585,610.6256512176262,-79.92788055367895
-221.11377839128292,610.4164377808228,-80.19049120228347
-221.38433621561379,610.208543669096,-80.44829414750869
-221.65153646807482,609.9965595475637,-80.71196273569058
-221.91553972071216,609.7803930814891,-80.98158477451285
-222.17649101418144,609.5599408242726,-81.25722709269999
-222.43451999114967,609.3350875256884,-81.53893621521829
-222.68974110357678,609.105705584867,-81.82673918343544
-222.94225387240255,608.871654594149,-82.12064444251449
-223.19214319104577,608.6327809251808,-82.42064273572174
-223.44140607144146,608.3872897005092,-82.72650222538151
-223.69173660678175,608.133802731888,-83.03793683189126
-223.9426723100579,607.8728985562867,-83.3548387035202
-224.19386420616345,607.6049948293153,-83.67713168768906
-224.44504604913521,607.3303945501615,-84.0047625473916
-224.69601291790886,607.0493173348808,-84.33769520147894
-224.94660598108987,606.7619212277862,-84.67590680076665
-225.19670143594118,606.4683183070499,-85.01938497477724
-225.44539127765805,606.1734987580281,-85.36327229885774
-225.69203754117657,605.8824554481864,-85.70259926110327
-225.93703183226347,605.5952763277083,-86.03715257760123
-226.18069204715536,605.3120323284114,-86.36675305331441
-226.42327524815224,605.032782122808,-86.69124978541103
-226.66498862923783,604.757575602212,-87.01051516124376
-226.9059987331813,604.4864563845199,-87.32444061950648
-227.1464391125263,604.2194636188137,-87.63293310805001
-227.38318648274767,603.9511858918394,-87.94200035500005
-227.61273868400548,603.6760671508944,-88.25821496432006
-227.83441975206432,603.3938682205669,-88.58281733559603
-228.0474738740409,603.1043829356381,-88.9175119816046
-228.25105237793906,602.8074576275333,-89.26462550350075
-228.44420719324302,602.5030193045909,-89.62728958850896
-228.62590450967076,602.1911159669509,-90.00862422886289
-228.795082513363,601.8719655086355,-90.40995839058226
-228.9670640712461,601.5392825079683,-90.82927570362158
-229.15558430688222,601.1884350654724,-91.2616815467652
-229.35679203322408,600.8236509472648,-91.7021589821291
-229.56764103984332,600.4491004323567,-92.14709416536213
-229.78584897081086,600.0678019832052,-92.59400830858458
-230.00971905928694,599.681944230226,-93.04120693901513
-230.23798113232624,599.2931342433593,-93.48751312754423
-230.4696739188027,598.9025713425882,-93.93209044482566
-230.70998639306848,598.5099336035616,-94.37977659637036
-230.96308027180663,598.1156111546735,-94.83531192789631
-231.22647635266176,597.7215932945123,-95.29784914861142
-231.4983357670426,597.3291392595402,-95.76663113234773
-231.7772117482472,596.9390807911382,-96.24098487079343
-232.06193709305768,596.5519825433623,-96.72032226790718
-232.3515638193873,596.168234026407,-97.2041399551468
-232.64532306584888,595.788105775219,-97.6920154278989
-232.94410334776714,595.4129665984134,-98.17801708514688
-233.24923312326686,595.0444320299595,-98.65642919721809
-233.56090855971078,594.6832614324683,-99.12729663099145
-233.87933911143386,594.3302942515712,-99.59065664282653
-234.2047580322863,593.9864347729451,-100.04653697693678
-234.53743348601526,593.6526397428827,-100.49495366931583
-234.87768102144767,593.3299100327208,-100.93590824250444
-235.225878396005,593.0192873013079,-101.3693839051983
-235.5792218005889,592.7175678951609,-101.79767843822775
-235.93466678434297,592.4210063919952,-102.22309789319115
-236.29214373564372,592.1295739854478,-102.64563791501833
-236.65158145695088,591.8432276305396,-103.06530582806532
-237.0129074550315,591.561911393392,-103.48211941684178
-237.3760482157336,591.2855577373268,-103.89610575418352
-237.7409294740452,591.0140887646583,-104.30730008187719
-238.1074764992291,590.7474175298144,-104.71574472251761
-238.48239465018602,590.4798765701039,-105.11719248870449
-238.87489183252342,590.2049339586918,-105.50442742567151
-239.28743359233974,589.9204008424573,-105.87308268098532
-239.7200215119843,589.6239137303284,-106.2217373733222
-240.17265748345247,589.3136429950316,-106.55039150082816
-240.6453436249774,588.9882606356016,-106.85904506175555
-241.1380822353517,588.6465536025293,-107.1476980544631
-241.6508758005667,588.2871504518401,-107.41635047741588
-242.18372604556558,587.928567279766,-107.66500232918531
-242.73663098678412,587.5900632826873,-107.89365360844918
-243.3095877044199,587.2716413852307,-108.10230431399164
-243.90259327856387,586.9733045115968,-108.29095444470315
-244.5156447892003,586.6950555855601,-108.45960399958055
-245.148739316207,586.4368975304699,-108.60825297772705
-245.80187393935512,586.1988332692489,-108.7369013783522
-246.47504573830923,585.9808657243943,-108.84554920077193
-247.14825179263627,585.78299684569,-108.95419644439959
-247.80148918190292,585.605224693344,-109.0828431086486
-248.43475498577328,585.4475463548509,-109.23148919283489
-249.04804628401754,585.3099589172797,-109.400134696168
-249.6413601565122,585.192459467273,-109.58877961775116
-250.21469368323997,585.0950450910481,-109.79742395658124
-250.76804394428976,585.0177128743961,-110.02606771154879
-251.30140801985678,584.9604599026824,-110.27471088143795
-251.83478337336376,584.9154032285759,-110.52635140118286
-252.38816898537246,584.8749801860583,-110.76243194218316
-252.96156414090927,584.8398606624983,-110.97995456693597
-253.5549680227674,584.8107802065826,-111.1774766015558
-254.1683797026559,584.7885278165023,-111.35499804499229
-254.80179813464434,584.7739299384718,-111.51251889630146
-255.45522215062854,584.7678378891785,-111.6500391546457
-256.128650457533,584.7711168718203,-111.76755881929373
-256.80208140688075,584.7893483879526,-111.86507788962062
-257.455512328415,584.8276766609557,-111.94259636510783
-258.08894030179886,584.8860987737501,-112.00011424534314
-258.7023624068016,584.9646118088305,-112.0376315300207
-259.29577572329913,585.0632128482657,-112.05514821894101
-259.86917733127353,585.1818989736989,-112.05266431201092
-260.4225643108134,585.3206672663473,-112.03017980924362
-260.95593374211376,585.479514807002,-111.9876947107587
-261.469282705476,585.6584386760285,-111.92849054048514
-261.9626083687029,585.8556382391363,-111.85414360984852
-262.43590832166524,586.0678239442991,-111.76142021467865
-262.89004703802664,586.292597819914,-111.64874404435785
-263.32829667775746,586.5285155516365,-111.51606728034773
-263.75465517197216,586.7747115432659,-111.36338992335381
-264.1717964553619,587.0306037472836,-111.19071197418793
-264.5815689836938,587.29572060402,-110.99803343376836
-264.98397396832144,587.5716430062442,-110.79064008354713
-265.37840390772016,587.8596129939705,-110.57382858218702
-265.765172652888,588.1586049909979,-110.34761901760619
-266.1445980746233,588.4677575267028,-110.11203461774548
-266.5170100146724,588.7863481136712,-109.86711037559881
-266.88275352386324,589.1137718592946,-109.61289454028272
-267.2421883144173,589.4495231703161,-109.34944555431112
-267.5956853696841,589.7931800894576,-109.07682637637168
-267.944362036122,590.1376810508242,-108.8042787295401
-268.28904961735975,590.4763446465886,-108.540782793141
-268.6295565962677,590.8095461499003,-108.2858698176221
-268.9657022244619,591.1376559995467,-108.03905238139599
-269.2973148162804,591.461035000847,-107.79982403846014
-269.6242296107222,591.7800296402285,-107.56765903444307
-269.946286193223,592.0949675426308,-107.34201208773882
-270.2633254984677,592.4061530540297,-107.12231818995357
-270.5718255573965,592.7163803705574,-106.91074329541394
-270.86817221206974,593.0275713401732,-106.70977872799968
-271.1520556817153,593.338270340555,-106.51961668467169
-271.42326426641085,593.6470083528401,-106.34066656308941
-271.6817506197,593.9522845602035,-106.17352615635272
-271.9277011593518,594.2525457873235,-106.01895706202976
-272.1615946239187,594.5461768990061,-105.87786046216306
-272.3842297058296,594.8315218565781,-105.75124357061814
-272.60695945639685,595.1142256835002,-105.63716171691516
-272.8400595264419,595.4001256777167,-105.53238876211672
-273.08245921247556,595.688030844155,-105.43550714095801
-273.3333036100141,595.9769162398788,-105.34528040185207
-273.59189996084774,596.26589222128,-105.26063445074524
-273.85767701527095,596.5541805247705,-105.18064120681403
-274.130154845813,596.841096235278,-105.10450504718169
-274.4089224273557,597.1260342611581,-105.03155157931475
-274.68953588444754,597.4111053383663,-104.95942179981994
-274.96765361396047,597.6986142643402,-104.88592692191945
-275.2430935457029,597.9883741360114,-104.8107762108787
-275.51566211349814,598.2801823825532,-104.7336482708062
-275.7851532151321,598.5738186370551,-104.65418898138088
-276.05134701659307,598.8690422254929,-104.57200926488517
-276.31400857777766,599.1655891930977,-104.48668265326471
-276.5728862688613,599.463168755564,-104.39774260782892
-276.8266621399841,599.7588316924914,-104.30551839261851
-277.07447859342494,600.0497492151537,-104.21081233444515
-277.31696301919476,600.335860090932,-104.11406068199551
-277.5546815032209,600.617110261848,-104.01565548229505
-277.7881463232161,600.8934549614447,-103.91594661835036
-278.01782243733976,601.1648600161047,-103.81524393435095
-278.24413298697505,601.4313025044646,-103.71381939025619
-278.46746391276815,601.692770928569,-103.61190919564022
-278.69022401105997,601.9494571014227,-103.50992864226473
-278.9145774181298,602.201697450642,-103.40808185214236
-279.14040798083727,602.4497593752117,-103.30617138042217
-279.3676083961522,602.6938806141836,-103.20401137008194
-279.59607894884186,602.9342729426455,-103.10142664391203
-279.8257264305725,603.1711253356076,-102.99825186128935
-280.0564632158202,603.4046066838742,-102.89433074248346
-280.28820647465363,603.634868136427,-102.789515366008
-280.51603939861434,603.8626535934219,-102.68919159265245
-280.7356526178169,604.0883208194534,-102.59834653463572
-280.9481466022478,604.3113151475161,-102.5160271685308
-281.1545541752051,604.5312214214666,-102.4412819991284
-281.3558356039708,604.7477433482932,-102.37320785838654
-281.5528670582246,604.9606796556002,-102.31098667840163
-281.7464289083969,605.1699005360522,-102.25390665439967
-281.93719837375863,605.375326984791,-102.20136822308581
-282.1198157199172,605.5888551051283,-102.1475773049614
-282.2876056778464,605.8224088020846,-102.08645406370819
-282.4384391100432,606.0759857609361,-102.0168026206692
-282.57021335118634,606.3495833517082,-101.93737959709931
-282.68195073796284,606.6431986997632,-101.84709076801467
-282.77364835291615,606.9568288826508,-101.74503128532022
-282.8453032786964,607.2904709774958,-101.63037216959002
-282.8969125980601,607.644122060997,-101.50234038590781
-282.94847436614924,607.9977801817511,-101.35744211476556
-283.0199905272556,608.331447277504,-101.19254330465853
-283.1114639978611,608.6451262586794,-101.00764395646358
-283.2228976943418,608.9388200361261,-100.80390481392313
-283.3541518890389,609.212531514184,-100.58418976352196
-283.5028168470559,609.4662634595245,-100.35152783293543
-283.66566373731564,609.7000181441362,-100.10788277948429
-283.8414610078317,609.9137975298015,-99.85420686400427
-284.02422131713996,610.1169387473062,-99.58978372584511
-284.2079291696258,610.318852381383,-99.3133627036098
-284.39203714116314,610.5196822130472,-99.02452801917781
-284.57608857443194,610.7195603873421,-98.72290618613582
-284.75969951708475,610.9186068968031,-98.4081558612545
-284.9425448989098,611.1169299802298,-98.07996021891049
-285.12434774947855,611.3146270207101,-97.73802113653574
-285.30487066506305,611.5117856764914,-97.38205470138263
-285.4875383997547,611.698973473787,-97.01323205839847
-285.675507619889,611.8675259599094,-96.63250010132876
-285.8681233461152,612.0188627315969,-96.23928552373043
-286.06490525567796,612.1540536378559,-95.83325234775607
-286.2599521011399,612.2772463455441,-95.42070202079285
-286.44734918750396,612.3925082872644,-95.00739447147028
-286.626570177615,612.5006265359145,-94.59195897744283
-286.7968774973902,612.6024628395031,-94.17293238720036
-286.957255067055,612.6990026694989,-93.7487104436
-287.1063034687475,612.7914341751515,-93.31747611346177
-287.2420737598037,612.8812831236587,-92.87708259903852
-287.3617972757397,612.9706594579765,-92.42483704969932
-287.47299832851354,613.0517971595019,-91.96168152784234
-287.5849260600473,613.1162275817278,-91.49006021308008
-287.6977420604586,613.1650141565004,-91.00997085772586
-287.81155673228557,613.1991923013389,-90.5214707510719
-287.9264271999541,613.219763867585,-90.02467134018906
-288.0423590317245,613.2276911650952,-89.51972997968969
-288.1593113592685,613.223891359851,-89.00683979512253
-288.2772044711439,613.2092318438275,-88.48621883301897
-288.3983869844388,613.1887821256965,-87.96662321634848
-288.52515284735716,613.1666838925297,-87.45631531559575
-288.6572735293084,613.1419517881881,-86.95449996269072
-288.7944774114129,613.1136621279805,-86.46031689266306
-288.9364549450286,613.080958250004,-85.97285309158332
-289.0828649563232,613.0430521470427,-85.49115613584888
-289.2333415051828,612.9992227787408,-85.01424757557756
-289.38750076781054,612.9488117662323,-84.54113559869243
-289.54290447206597,612.8981408016808,-84.06998674913748
-289.6973707084287,612.8538670258148,-83.59946845320341
-289.8510254492899,612.8160302957112,-83.12958660832138
-290.00400200292574,612.7846659943558,-82.6603463050809
-290.15644105569504,612.759807523428,-82.19175186582383
-290.3084907594632,612.741488898377,-81.72380695434664
-290.4603068978276,612.7297473962061,-81.25651474788965
-290.61205315808274,612.7246262035271,-80.78987815979013
-290.7628063003839,612.7233592383145,-80.31909101941564
-290.911567331283,612.7231457545377,-79.83930767481391
-291.0583506806696,612.7239610897549,-79.3504509405213
-291.2031678213329,612.7257763534489,-78.8524416026571
-291.34602740651474,612.7285589055884,-78.34519861776509
-291.48693540644166,612.7322728001627,-77.82863929782683
-291.6258952365692,612.7368791943426,-77.30267947334035
-291.76290788088085,612.7423367387066,-76.76723364161695
-291.9014508379281,612.7493726742802,-76.22642296702259
-292.0448812953177,612.7589578829401,-75.68482607274558
-292.19295906284196,612.7715514894217,-75.14322220802563
-292.34544831142836,612.787634869727,-74.60229488494326
-292.5021237604399,612.8076989435548,-74.06263926319325
-292.6627760112775,612.8322345276811,-73.52477058241016
-292.82721556992243,612.8617255456827,-72.98913296216554
-292.99527545180956,612.89664473999,-72.45610804323839
-293.1650618623427,612.9272471130025,-71.92703923406685
-293.3346719561982,612.9436730741639,-71.40299922866598
-293.50395044581444,612.9461629233444,-70.88381558237944
-293.6727753142973,612.9349610783034,-70.36934653547307
-293.84104955217487,612.9103131225141,-69.85947694070778
-294.00869531725283,612.8724638929058,-69.35411494836836
-294.17564977435376,612.8216562673579,-68.85318923512474
-294.34186207179874,612.7581303989497,-68.35664664583426
-294.5105874157695,612.690048923995,-67.86286587957967
-294.68484705915,612.6250533372753,-67.37054425062703
-294.86414479278227,612.5623491915944,-66.88023338064694
-295.04801667241736,612.5011642563474,-66.39240874946508
-295.23602990440116,612.4407534474565,-65.90748074814499
-295.42778158646485,612.3804013428492,-65.4258044638036
-295.6228972092687,612.3194229526313,-64.94768824956516
-295.8210289364378,612.25716326248,-64.47340113818532
-296.01290057188083,612.188723458522,-63.99606600001184
-296.19059584871354,612.1101520142265,-63.510140362123444
-296.35613988686924,612.0226402691345,-63.01833116346228
-296.51097628982046,611.9272730383066,-62.522975375541314
-296.6561801604734,611.8250653780599,-62.02613643076656
-296.79257981054815,611.7169893295883,-61.52967213923662
-296.92083274817406,611.6039934940515,-61.03528443453085
-297.04147771197654,611.4870173295305,-60.544557192012995
-297.1600313991258,611.3704712407056,-60.05996564128975
-297.28180072953495,611.258194034016,-59.583177041054086
-297.4068631500115,611.1499741206221,-59.11410639666427
-297.53530977656067,611.0455879455642,-58.65266439615389
-297.6672475123931,610.944799199788,-58.19875746411494
-297.8028015179499,610.8473580930614,-57.75228801632937
-297.9421180893178,610.7530007507818,-57.31315500813232
-298.0853679938852,610.661448830581,-56.881254920035055
-298.22600400851275,610.5683559116459,-56.451021259395
-298.35785261192484,610.4695542413613,-56.01705483295045
-298.48178716318125,610.3650788984045,-55.579541921471375
-298.59857716537203,610.2549067275562,-55.13859024253329
-298.7089062959377,610.1389842660104,-54.69424689056108
-298.8133835756906,610.0172471454415,-54.24651486054756
-298.9125508216618,609.8896328780917,-53.79536729630539
-299.00688835920454,609.7560886060156,-53.34075901848235
-299.09504845740565,609.6221594086336,-52.88432701026712
-299.17542704256095,609.4932336365046,-52.4272985709155
-299.24802378810625,609.3689588520504,-51.96877569129293
-299.31298919245177,609.2490009930841,-51.50781392703594
-299.3706713847271,609.1330520222828,-51.043442621101725
-299.4216300819163,609.0208385680422,-50.57469643391521
-299.4666032277596,608.9121294417768,-50.10065508763204
-299.50643087590163,608.8067396400108,-49.620483427855774
-299.54275046738206,608.6986352860356,-49.127050687174865
-299.5767126947182,608.581894881711,-48.613617685267094
-299.6082113961983,608.4565752434946,-48.080184424862665
-299.6371403499894,608.3227211355629,-47.52675090879814
-299.6633927232665,608.1803664995252,-46.95331714001642
-299.6868605975876,608.0295355238445,-46.35988312156679
-299.7074345443106,607.8702435677583,-45.74644885660486
-299.72500325019143,607.7024979501956,-45.11301434839259
-299.7389393102719,607.5333737563905,-44.472034812885866
-299.7485220024061,607.3698484139173,-43.836116401492085
-299.7534524797346,607.2116958088974,-43.20560909866217
-299.75343146979867,607.0586167433335,-42.58096510649252
-299.7481613919265,606.9102322039134,-41.96274767670037
-299.73735037637107,606.7660823106185,-41.35163193817173
-299.72071907084785,606.6256337094658,-40.74839485405199
-299.6980106164447,606.4882975834946,-40.1538930550128
-299.6799040749069,606.3558124650818,-39.573981142258226
-299.6770584030665,606.2299798542288,-39.01406901905801
-299.6891083351318,606.110307819719,-38.474156688389535
-299.71546960684407,605.9962716804624,-37.95424415312381
-299.7552871659152,605.8872910461417,-37.45433141602549
-299.80750011004864,605.7827432823834,-36.97441847975289
-299.8709810066007,605.6820002280069,-36.51450534685797
-299.94466215670064,605.5844624614109,-36.07459201978635
-300.0205866020323,605.4826519730998,-35.645920597066855
-300.09129029477873,605.3691005853194,-35.2196614894702
-300.1567456705183,605.2432600073304,-34.79565586015655
-300.21692377641733,605.1046040657458,-34.373716216625866
-300.27179073542237,604.9526342210738,-33.95363115912294
-300.3213045897342,604.7868844419467,-33.53517041055525
-300.36541276421804,604.6069255000504,-33.11808991757894
-300.40405037131876,604.4123687631119,-32.70213685786704
-300.4353992881435,604.2181074433636,-32.28163361226933
-300.4573793054836,604.0406049892619,-31.85064568507204
-300.4693523363479,603.8821761415279,-31.408492417365785
-300.4705551973641,603.7437482648618,-30.954686093396642
-300.4599997407411,603.6253197199477,-30.48892590810184
-300.4362993864959,603.5268886969924,-30.011008203946883
-300.3974128296407,603.4484531397744,-29.520681157663756
-300.34032946404545,603.3900106277871,-29.017512269113407
-300.2632589276234,603.3315583330882,-28.499892392469828
-300.1662031653592,603.2530933407928,-27.964380099441485
-300.04916509463135,603.1546127364061,-27.408867657719913
-299.9121476329245,603.0361136058585,-26.83335507025908
-299.7551536978295,602.8975930355064,-26.237842340119304
-299.5781862070436,602.7390481121312,-25.622329470467253
-299.38124807837016,602.5604759229401,-24.986816464575956
-299.1643422297187,602.361873555566,-24.33130332582478
-298.94747157909615,602.1432390703545,-23.675790057690598
-298.7506390445091,601.9045744172266,-23.040276663650268
-298.5738475438666,601.6458825188164,-22.42476314708317
-298.417099994971,601.3671662981835,-21.82924951126233
-298.28039931551825,601.0684286788131,-21.25373575935442
-298.1625917973504,600.7496725283872,-20.698221894419767
-298.0603890724428,600.4109003863238,-20.162707919412348
-297.97013366782585,600.0521142469643,-19.64719383717978
-297.8951197863552,599.6733159387874,-19.131679650472208
-297.8401673614147,599.2745081532295,-18.596165362039766
-297.80527931015877,598.8556938163285,-18.042454257467014
-297.7874658957899,598.4168757090621,-17.476220990364922
-297.7812761287315,597.958055911237,-16.90393941423026
-297.78274669930283,597.479235805827,-16.329919417725325
-297.78942334539994,596.9807573544314,-15.757077858640397
-297.7997366721097,596.4634783076434,-15.187524746472265
-297.8106989032323,595.9384189313423,-14.625647366499924
-297.8202890990588,595.4163907863294,-14.07478177675007
-297.82914943897487,594.8979601614938,-13.53464689036937
-297.837813554156,594.3835978866068,-13.005003259298576
-297.8467137083575,593.8736876436982,-12.485653176316953
-297.8561931484404,593.3685376563857,-11.976437349104152
-297.8665203579209,592.8683933334219,-11.477229833846252
-297.87790305105193,592.3734493161286,-10.987932484375076
-297.886751447199,591.8818548655868,-10.51356877941407
-297.88947868583017,591.3912879637677,-10.059205018537735
-297.8863296353477,590.9009178849547,-9.624841204162175
-297.87766592315484,590.4098226573092,-9.210477338597142
-297.86396262003524,589.9170500210048,-8.81611342404604
-297.84579733360954,589.4216744154041,-8.441749462605921
-297.8238296510149,588.9228412927125,-8.087385456267482
-297.79877286796574,588.4197955845694,-7.753021406915074
-297.78239417232174,587.9090924124907,-7.428131968144867
-297.7860953516343,587.3905598137558,-7.100044883789857
-297.8077521774805,586.8695212999756,-6.7647779549738685
-297.84282817332263,586.3497747178012,-6.419349103975104
-297.88735628704245,585.8334427655396,-6.061969447037777
-297.93870230942747,585.3216749561228,-5.691602175664632
-297.9950070108573,584.8151646697884,-5.307590560219877
-298.05491453913476,584.3143627688693,-4.909488334664047
-298.12303669066654,583.8176614395079,-4.503201261518904
-298.2038640356903,583.3223888274644,-4.095784994427694
-298.2960773997031,582.8269091597579,-3.6891300840236734
-298.39847471575035,582.329782886746,-3.2850018478223393
-298.50992909905295,581.8296738019119,-2.884969448314186
-298.62937560370244,581.325313133505,-2.490370113897445
-298.7558072309937,580.8154884810821,-2.1023054368264855
-298.88827261190255,580.2990403757815,-1.7216584374197055
-299.0175293614416,579.7717281877226,-1.3450313029520498
-299.13569210706413,579.2309627600591,-0.9692421173430419
-299.24440778406563,578.6786903408314,-0.5953557566434906
-299.3450588268592,578.1164530820598,-0.22417687165778566
-299.43880155292044,577.5454695146534,0.1436881454027698
-299.52659986205737,576.9667011883523,0.5077791590296865
-299.6092553811272,576.3809068022084,0.8677411921827162
-299.68743413697615,575.7886853807767,1.2232934638245596
-299.7674929459357,575.1936694987529,1.576177338599202
-299.8555582543372,574.599927769495,1.9272546279365912
-299.9516946435155,574.009000008252,2.274606055729973
-300.05580475959954,573.4226302315043,2.616509947359689
-300.16763853756567,572.8426091628818,2.9514663320027275
-300.2868287583855,572.270620969559,3.278200852943812
-300.4129402842221,571.7081265621086,3.5956528604815063
-300.5455178828277,571.1562990754564,3.902953726333584
-300.67980027351234,570.6077841657536,4.205040737624907
-300.81134975100105,570.0547065567966,4.5070116727957
-300.9403425929605,569.4970413318812,4.808438878209223
-301.066925978807,568.9347571135626,5.108950403245737
-301.19122226031584,568.3678167344585,5.4082212672703545
-301.3133324868649,567.7961775376386,5.705966219696984
-301.4333393242366,567.219791412122,6.001933721857884
-301.5513094702457,566.6386046494731,6.2959009513013005
-301.6715748086684,566.0601739853221,6.580298572079623
-301.7986333404343,565.4923252044331,6.847862324179856
-301.93290063837964,564.935566364923,7.09901640814436
-302.07484120010355,564.390463780807,7.334235803945381
-302.22497264425317,563.857651846569,7.55405337490251
-302.3838691005522,563.3378451620797,7.759067038833864
-302.5521630569632,562.8318534898413,7.949946493364186
-302.73054460853126,562.3406000182398,8.127438717191572
-302.91278588340253,561.8556042087906,8.293089813325828
-303.0923083143541,561.3676841299007,8.44821345247441
-303.2691231368559,560.8764492924162,8.593122077068683
-303.4432327055037,560.3815598204875,8.728110433690553
-303.6146319524668,559.8827212918358,8.8534579276928
-303.78330988511624,559.3796806078468,8.96943064355662
-303.9492510827618,558.8722226712875,9.07628302049599
-304.11243719394673,558.3601676888977,9.174259180924636
-304.28079904683926,557.851030619022,9.27236582244913
-304.46436039725,557.3530302552871,9.379875704934912
-304.66660110865826,556.8677737134606,9.497531588468231
-304.8889163854833,556.3975841178452,9.625970322780217
-305.1313038328427,555.9452583079425,9.765713801165777
-305.39376069006516,555.5126128896836,9.917277022271238
-305.67628405621997,555.1000072122673,10.081244380699026
-305.9788710129425,554.7074442020429,10.258257973050098
-306.2815190173671,554.3271997651445,10.45195994830679
-306.5642270897858,553.9502958758591,10.664653715968152
-306.82699492373337,553.5743591626867,10.893588764688634
-307.0698225421101,553.1972251387045,11.135163915560042
-307.2927102709246,552.8169020187314,11.385614166479296
-307.49565870945776,552.431652164588,11.641227452088472
-307.67866868241157,552.0401466828919,11.898717137776693
-307.84248236434763,551.6416172995412,12.155691127802099
-307.99224978239755,551.2449047108225,12.40872229320002
-308.1323668667105,550.8578270908357,12.656613976517576
-308.262939452862,550.4780695148502,12.901703758904544
-308.3843368201155,550.103682678008,13.14574382064647
-308.49717489656473,549.7330558273219,13.389951335690402
-308.60225806866424,549.3648707245957,13.635090751201336
-308.70049914259215,548.9980512943257,13.881573986780657
-308.79283812747514,548.631718506942,14.1295613512668
-308.8808195052698,548.2660355397433,14.374633178960103
-308.96557255163316,547.9018758033155,14.612513434084907
-309.0471825579608,547.5398702783159,14.843582052309616
-309.12569587131094,547.1806545152683,15.068285952561796
-309.20111666000577,546.8248728900303,15.287138199461312
-309.273402796044,546.4731836964128,15.500718808218739
-309.3424603458916,546.1262651333667,15.709677307870411
-309.4081359972866,545.7848223678043,15.914737208047045
-309.46354385699635,545.4394774500809,16.12018052393364
-309.5006692893983,545.0792919014331,16.330406009270924
-309.5180726043257,544.7014974718156,16.54664821246286
-309.515537374019,544.3041142759416,16.770438910694462
-309.49306649541467,543.8867292565477,17.003331330199643
-309.4506628854946,543.4493395063696,17.246777026421928
-309.3883294613466,542.9919421185683,17.502109834621674
-309.3060691401644,542.5145341867303,17.77059016947146
-309.21967234126527,542.0272610652587,18.055954124493603
-309.14403443948845,541.5395173085869,18.36131798349338
-309.07748685330984,541.0499225179644,18.686681744847
-309.0185688692527,540.5573199369107,19.032045406824324
-308.9659792422086,540.060726047317,19.397408967588863
-308.9185423964226,539.5592908735507,19.782772425197777
-308.8751900607201,539.052269263638,20.18813577760187
-308.8349535132464,538.5390018240961,20.613244626207127
-308.7937547717645,538.0316087740804,21.050696486008246
-308.74796291169497,537.543364657173,21.493566960074585
-308.6975555186052,537.0751135255106,21.942342074483783
-308.64252020353086,536.6268547048583,22.397579083547814
-308.58286016676925,536.1985875203077,22.859896307694935
-308.5185938879355,535.7903112985423,23.329964308641102
-308.44975365539625,535.4020253699726,23.808496238679176
-308.3763830323574,535.033729070577,24.29623815229774
-308.3105051533858,534.6854223253039,24.79829482948227
-308.26374495058946,534.3571073753766,25.31707508437641
-308.2353574543231,534.0487869545798,25.848054264126628
-308.2245326924025,533.7604636850344,26.38698673588543
-308.23030820881166,533.490978494233,26.930177372162493
-308.2515242398273,533.2366392261819,27.474867405446002
-308.2867959049908,532.9929848644648,28.019442188312816
-308.3345861708131,532.7566970217948,28.56332942077113
-308.3851015821865,532.525858785634,29.106946395742167
-308.4294556230498,532.2997751359865,29.65064857097883
-308.4678639870499,532.0780921603013,30.194076850043245
-308.50049447132693,531.8604153471166,30.736622328187643
-308.52745839488404,531.6463088736375,31.277400877890745
-308.54880479230366,531.4352941298263,31.815221870013847
-308.56451586516556,531.2268473177585,32.34854802459527
-308.5745029219156,531.020396300174,32.8754443055977
-308.57541082625005,530.818992986326,33.40535222637613
-308.5637716835686,530.6270676563472,33.94841138247784
-308.53937328289265,530.446947839156,34.503639863170996
-308.5023625430011,530.2812838332129,35.06965413393329
-308.45335135575624,530.1329802174846,35.64480167491378
-308.3933807109438,530.0041033502317,36.227307354690296
-308.32376007072776,529.8952170160529,36.815404758861646
-308.24587953924527,529.8063199089968,37.40743897647872
-308.17422437115874,529.7174115623188,38.011047137034616
-308.12258854509037,529.6084942250341,38.63465509545586
-308.09097497817703,529.4795708170383,39.278262848426394
-308.07894044620645,529.3306442369642,39.941870392523796
-308.0833151528265,529.1617171645636,40.625477724219294
-308.09956670816337,528.9736307438911,41.32908483987777
-308.12465838274096,528.7691625584221,42.05269173575777
-308.1564991470604,528.551646863025,42.79629840801145
-308.1946818688574,528.3183084935212,43.55326535302329
-308.2393708773324,528.0649761742102,44.3166146712729
-308.28996354179327,527.7917613280802,45.0856605676858
-308.3458194820804,527.4994740006296,45.859726986556176
-308.406279236059,527.1893730720527,46.638202420643935
-308.47068764806346,526.8624673187866,47.42057637682274
-308.5384136089259,526.5195691241796,48.20644996675524
-308.6088652616147,526.1613405132147,48.995532828672914
-308.6759863509142,525.8011972698828,49.78207724946567
-308.7340891506912,525.4524252914255,50.55985106796181
-308.7833180379767,525.1154480373993,51.32770309832814
-308.82385271933435,524.7908172442934,52.084588342127795
-308.8560890939936,524.4791210036832,52.82955160372417
-308.8808233660348,524.180882649227,53.561701168398066
-308.8993706059737,523.896471929306,54.28018258870651
-308.91351268957834,523.6260659132802,54.984177943005506
-308.92751717093114,523.354110016817,55.68215910250009
-308.9448573010354,523.0657256381406,56.38323427236939
-308.96592227611757,522.7623541861129,57.087862407511004
-308.99110305640824,522.4454528694762,57.79646068543128
-309.02077080357844,522.1164831881283,58.50939673403585
-309.0552474314412,521.7768923534634,59.2269809447743
-309.0947707049083,521.4280869701498,59.94945955468497
-309.1394595388,521.0714000599118,60.6770094784326
-309.1880748736887,520.714064768087,61.41502493464396
-309.23943033155206,520.3628408686575,62.16868460982581
-309.2936875995262,520.0180559676247,62.93768776068232
-309.35101700697516,519.6800098605529,63.72171221477422
-309.41159700324727,519.3489711506337,64.5204152002171
-309.47561342338065,519.0251738015718,65.33343411768264
-309.5432585372327,518.7088136822412,66.16038733624177
-309.61472987714217,518.4000451729372,67.00087510555612
-309.68751370467396,518.0994103391272,67.84818485770421
-309.7589806172095,517.8075227171167,68.6957234865627
-309.8290953422202,517.5246684263742,69.54331850203484
-309.8978139885266,517.2511547521889,70.39079099084827
-309.96508189104003,516.9873121994297,71.23795404782129
-310.03083097565553,516.7334969627124,72.08461095073984
-310.0949764977784,516.490093957376,72.9305529984385
-310.1574129433299,516.2575205442,73.77555693772867
-310.2129223592241,516.030337892841,74.62386881977771
-310.2557986815002,515.8029616628327,75.4802837367084
-310.2850670799583,515.5755919406594,76.34569652992883
-310.30002912386647,515.348526290524,77.22108377497968
-310.30034656919247,515.1221115926004,78.10756114503906
-310.2861471985195,514.8966649605844,79.00642856167349
-310.25813308143057,514.6723880790541,79.91915351363664
-310.217597596139,514.4493130205274,80.84726550037354
-310.1803217095295,514.2195919813541,81.78074751675496
-310.1599565038575,513.9761435788665,82.71075136238737
-310.1536943509847,513.7202512097895,83.64035353726982
-310.1586503013824,513.4528925991959,84.57126868816218
-310.1721445655989,513.1748389244038,85.50428927830409
-310.1918759191991,512.8866957922152,86.43968174503293
-310.21597849468935,512.588927548162,87.37744581229279
-310.2429962094351,512.2818817490922,88.31746441109793
-310.27731517844336,511.9632640321277,89.25341819276645
-310.32365509326326,511.63095457904205,90.17866920738754
-310.3813638815721,511.2853769064454,91.09241869248841
-310.44968776975605,510.92648766143964,91.99385424954517
-310.52778266003725,510.5537454482532,92.8821567900741
-310.61472252486385,510.16611621875586,93.75648559632788
-310.7095057400585,509.76210724946355,94.61595896647968
-310.8110606987677,509.33982203204687,95.45963976693895
-310.92575940850287,508.9088010623715,96.29475283448302
-311.06052566334824,508.482543535734,97.1306156794442
-311.2153583534098,508.0667168191704,97.97070823025065
-311.3902555731752,507.6665255056958,98.81888707854567
-311.585214759363,507.2853932739283,99.67913363914214
-311.8002330411275,506.92429093839206,100.55545637275394
-312.03530750046303,506.5832214243553,101.45082324366058
-312.29043521925723,506.26218765666067,102.36618957508817
-312.54561327929997,505.9611915874378,103.28620833773523
-312.7808387623809,505.6802312792409,104.19288756762248
-312.99610875038684,505.41930382191117,105.08157428437143
-313.19142032531073,505.17840630486427,105.95026044235233
-313.3667705692517,504.9575358170902,106.7989460369459
-313.5221565644149,504.7566894471535,107.62763106363921
-313.6575754304985,504.57509523736474,108.43718839133157
-313.773198841832,504.4078837139354,109.23005807585574
-313.88432079164005,504.2479370770406,110.01457513484533
-314.00619013267357,504.0924052711994,110.7982712248162
-314.1391405760011,503.9416003239684,111.58280087695347
-314.2836713876548,503.79578979444165,112.37008245564755
-314.4404683392363,503.65520304356033,113.16232299851109
-314.6104223261239,503.5200334891032,113.96205302045801
-314.7946358905819,503.39042984866006,114.77217488387262
-314.99440802121865,503.2664609538504,115.59603567707404
-315.1957607718686,503.13532835560727,116.43766355672847
-315.38446246462155,502.9842241900288,117.29929081721049
-315.56134784869863,502.8131466740523,118.18091745393838
-315.727159566673,502.62242540219694,119.08254346222405
-315.8825620810022,502.4127786687722,120.00416883727304
-316.02815841819006,502.1849408602083,120.94579357418456
-316.1644960276198,501.93956725748757,121.90741766795148
-316.2920707069428,501.6772411160209,122.8890411134603
-316.41430485012813,501.40266523190996,123.87559648644573
-316.5344598705844,501.12052919463895,124.85209050364178
-316.652679802603,500.8313371955569,125.8186710337343
-316.7690981479096,500.53555877612604,126.775484943627
-316.88383870756223,500.2336319406709,127.72267775559475
-316.9970163545306,499.9259659469017,128.6603933721477
-317.10873774294873,499.61294376442993,129.58877385191715
-317.2191019600474,499.2949242932941,130.50795922654927
-317.33443399349494,498.98211742725687,131.4153198210143
-317.46104928357425,498.6850685846967,132.3073590436892
-317.598925624912,498.40474606582245,133.182455225784
-317.74786082995035,498.14201289030683,134.03896860358233
-317.90751690580464,497.89761933354396,134.87578246091363
-318.0774683848336,497.67221323107765,135.6925956010446
-318.2572435458592,497.46635932761063,136.48940801963172
-318.44635633462104,497.28042708720835,137.266219712438
-318.6300315805841,497.1027616092272,138.0245924009484
-318.79373800736494,496.9230059560273,138.76592680649432
-318.93747574080913,496.74349113352105,139.49013259596347
-319.06124464300416,496.56545226609626,140.19767075736408
-319.16661086645695,496.3889029217203,140.88969867466676
-319.2574674686024,496.2128902833115,141.56793224175095
-319.33750174058014,496.0360701840205,142.23416241722856
-319.4089944329722,495.8571184080524,142.8899430114905
-319.47705192653706,495.67198198127153,143.54073408921343
-319.545746618419,495.47749769891703,144.19144040359984
-319.61486554022747,495.27413070637016,144.84236227759638
-319.6842230686201,495.06227582371406,145.49377671311603
-319.75365674472573,494.8422697297363,146.14594020074003
-319.82302379858925,494.61440071159734,146.79909113400254
-319.89219824990715,494.37891652099233,147.4534518950156
-319.9610684802168,494.1360307455316,148.1092306743766
-320.03045803922134,493.89296001880757,148.7694805191746
-320.1012084749503,493.6568324457094,149.43709091030297
-320.173256376786,493.42766676655,150.11194179974189
-320.2465474726616,493.20547771622716,150.79392325052652
-320.32103537590154,492.9902762922547,151.48293348338424
-320.3966805583989,492.7820700371668,152.17887727837697
-320.47344951854177,492.58086331721523,152.88166467552045
-320.55131403075353,492.38665763194354,153.59120978412236
-320.627806204605,492.19362556190595,154.30276560090957
-320.7004991179922,491.99603912055846,155.0118112661967
-320.76944751208805,491.7940841126936,155.71870765015086
-320.8347045021795,491.5879208008392,156.42380114545915
-320.8963218445341,491.3776865257366,157.12742388381096
-320.95435031780966,491.16349824151206,157.8298940334426
-321.00884020804926,490.94545497068356,158.53151615002812
-321.0598418940573,490.7236401749648,159.23258154038527
-321.1098356727063,490.4927346415888,159.93490116662133
-321.16138813719726,490.2475361144515,160.6399991014628
-321.2146926074253,489.9883676091432,161.34756786785852
-321.26987840854383,489.7155779432053,162.0572642173147
-321.3270022093147,489.4295399537127,162.7687126971751
-321.3860437897452,489.13064643939356,163.48151169322261
-321.4469066761395,488.819303893775,164.19524184329447
-321.5094234395942,488.4959244606426,164.9094763471592
-321.56481940540823,488.1628024410333,165.62620428210266
-321.60543268902137,487.82144932079615,166.34737184873669
-321.63311981119756,487.47087814291996,167.0726215216926
-321.649465183431,487.1103286163342,167.80187328503084
-321.6558802533639,486.73910284572133,168.53525309903827
-321.65365085023734,486.35648260955287,169.27301877517598
-321.6439492476597,485.9617148909869,170.015490840889
-321.62782832994776,485.55404132762635,170.76299687935668
-321.6185589446947,485.1434175288462,171.5230992821735
-321.6270965544625,484.740815072748,172.29932174457957
-321.65008475347344,484.3473885731397,173.08456227103545
-321.6847120640626,483.96395039625645,173.8732180384021
-321.7286999373557,483.5909135954314,174.66118756200362
-321.7802840094597,483.22839289947376,175.44552927261446
-321.83813853743516,482.87632748620183,176.22417366323432
-321.90128045443697,482.5345693062607,176.9956890471366
-321.9602796268902,482.20148974720684,177.76702912481127
-322.00689706684426,481.8753896039403,178.54519262376672
-322.0425015700835,481.55613278921896,179.3291138381424
-322.0681756954013,481.2438820567307,180.1177461376792
-322.0848357054735,480.93900536326106,180.91005726479943
-322.0933194457699,480.6420201406265,181.70501311094316
-322.09444867639024,480.3535557567424,182.50156058488756
-322.08906754997486,480.0743230502941,183.29861728863193
-322.0768570938818,479.7915064662702,184.0970590756484
-322.0569635531804,479.4912377947183,184.89849638325595
-322.02923920374377,479.1721287911913,185.70330036269317
-321.9936604302629,478.8332431258884,186.51183694011834
-321.95538102335746,478.48514577926414,187.31232941026374
-321.9195805570864,478.1386373689924,188.09282088437465
-321.88633564590145,477.79372739018635,188.85331135830074
-321.8556974409491,477.45041831129737,189.59380082799808
-321.8277003551226,477.1087079779156,190.3142892895291
-321.80236785980446,476.76859124013276,191.01477673906254
-321.7797163118369,476.43006104379765,191.6952631728735
-321.75975745785416,476.0931091499369,192.3557485873435
-321.74478458634553,475.7519633199995,193.005737129764
-321.7360180405759,475.3997546939663,193.6546513998644
-321.731699028934,475.034721856841,194.3024250799141
-321.730646734811,474.6557827790474,194.9491444103363
-321.7319981655851,474.26223572469667,195.59498548544266
-321.7350828187758,473.85361119793487,196.24017998737762
-321.73935665406395,473.4295916372749,196.88499483017733
-321.7443648689296,472.989964830269,197.52971928713188
-321.7509293651,472.5445640360998,198.1787617915862
-321.76016396629524,472.1032246396461,198.83646347380073
-321.77226858569895,471.6657911126482,199.5029874381501
-321.7875147434492,471.2321262787455,200.17849758766414
-321.80626326298864,470.8021146708642,200.86316121277622
-321.8289894309213,470.3756684499281,201.55715214559984
-321.8563191284851,469.9527371894143,202.26065494274357
-321.88908152400813,469.53332375837346,202.9738708352839
-321.9192723264784,469.11713650654144,203.6999412231019
-321.9397570873306,468.7044681984858,204.44166267549753
-321.95298438097507,468.29641051719847,205.19865471682039
-321.9609174712399,467.89383333936644,205.97068943634136
-321.96504925354304,467.49740509073666,206.75763069676114
-321.96646957315136,467.10762994755237,207.55940858432257
-321.965951417355,466.72488599630856,208.3760062910207
-321.9640328269298,466.34945789825633,209.20745047152505
-321.95654313623396,465.97293842962563,210.04491915167074
-321.9404484788369,465.5861356864263,210.87962439437405
-321.91814685376437,465.18799703006465,211.71164616436405
-321.89142303113294,464.77792199893645,212.5410179078199
-321.86152065506906,464.3556091566086,213.3677539769445
-321.82926571344507,463.9209505090413,214.19185639115776
-321.79519041836545,463.47396246891077,215.01331709992724
-321.7596325143495,463.0147426370433,215.83211964156558
-321.72431653291795,462.54604595213345,216.64519593654003
-321.6909021947835,462.07062008467875,217.44954406209325
-321.65952791638836,461.5885811893401,218.2452726021667
-321.63034384883395,461.1000475263307,219.03248237354723
-321.6035101809249,460.60514041549544,219.81126450612012
-321.57919466807726,460.10398561780914,220.58169812544003
-321.5575694487712,459.59671527340686,221.34384766813736
-321.538807342469,459.0834705305227,222.09775991456019
-321.52285022171037,458.56648606518473,222.8445803737568
-321.50944216182177,458.0480728197406,223.5853876831701
-321.49837387348583,457.5285085931661,224.3200870307592
-321.4894617523341,457.0080322067071,225.04858780259
-321.4825440228114,456.48684943325685,225.77080465214306
-321.47747774494775,455.9651375703631,226.4866580639355
-321.4741364306542,455.44304905685004,227.19607457286662
-321.47240802938296,454.92071448973513,227.89898670151413
-321.4673916151419,454.40442277876076,228.60015519917368
-321.45390249526173,453.90072768411517,229.30392425986494
-321.43119501802585,453.41048877596353,230.00948879835923
-321.3984261100567,452.93497272635057,230.71625736462445
-321.35477297545555,452.4758002826393,231.42393159407783
-321.29956116825826,452.03482419635,232.13262178576218
-321.23233228381935,451.6134235696693,232.8429611204609
-321.1528139584852,451.21201224436345,233.5561640157877
-321.07713258551246,450.8126385265131,234.2689718859555
-321.0206086419467,450.39798318260097,234.97719551354226
-320.9800800662522,449.9694922941023,235.68006938350794
-320.9517043752118,449.5288190943086,236.37624936374533
-320.9327567467765,449.07758833263676,237.0642410135738
-320.92125894261113,448.6172880704529,237.74265340845807
-320.9157387269737,448.149224821473,238.41029154652688
-320.9150806664115,447.6745162839264,239.06616825162683
-320.9234957144613,447.18998071618574,239.71727129583138
-320.94453840302003,446.69317452428163,240.36996282241063
-320.97648206776796,446.1867636046326,241.0225347735607
-321.0184771789287,445.67384227069783,241.67394754746616
-321.07016325181894,445.1579972482599,242.3235448369298
-321.13138430650156,444.6431722422281,242.97091255155968
-321.20197404249757,444.13342709880425,243.61580992699103
-321.2816190230232,443.6326545639418,244.2581357986723
-321.3558251525831,443.1290660798554,244.90041752863286
-321.4102080978326,442.6113580811691,245.545716533539
-321.444672410047,442.08440351984103,246.1948848125797
-321.4593940681687,441.5530859789605,246.84845188484084
-321.45596582955534,441.02161874909416,247.5067237523249
-321.4374316544045,440.49291510637016,248.16984815118016
-321.40689721000143,439.9685660565191,248.8377991102825
-321.3670444380978,439.44934611869206,249.51037771894323
-321.32175377015517,438.92580708988413,250.19010779040872
-321.2736359437269,438.3880825798611,250.87976551897353
-321.2225459153121,437.835809005841,251.57960021480162
-321.16831683632034,437.2685724321666,252.28990556199184
-321.11075743846243,436.68590279768455,253.01102498537875
-321.04964906645216,436.08726744606145,253.74335768490488
-320.98474230306306,435.47206387791454,254.487365387156
-320.9157531773437,434.83961177905934,255.24357972918202
-320.85469691589316,434.1969200557235,256.0100548918762
-320.81068291402516,433.55093645603324,256.7846540746894
-320.77805091126874,432.9011410307988,257.56781213563914
-320.75253641956436,432.2475471417227,258.36023237151363
-320.7313218342429,431.5904528346053,259.1625739568326
-320.7124449149608,430.93022793858,259.97535260722
-320.6945555949834,430.2671988990975,260.79893730209915
-320.6767521467512,429.60160996102127,261.6335798166468
-320.65797795410475,428.9291423082273,262.47151003701305
-320.6372571501172,428.24551657830006,263.3047572725485
-320.6140481455686,427.55106591981723,264.13313118021074
-320.58783663736335,426.8462331378391,264.9564595863864
-320.55814576374894,426.1315766809839,265.77459202335484
-320.5245498966966,425.4077763374706,266.5874070673358
-320.4866919736108,424.67563694549995,267.39482294454075
-320.4443035670309,423.9360875425715,268.1968102279162
-320.3937074380571,423.1878029578197,268.9936504531144
-320.33201704968883,422.4275604451579,269.7873451408821
-320.26052359591785,421.652468824478,270.58119455755474
-320.1803621637864,420.85965438686145,271.37807862290896
-320.092513523859,420.04727971202686,272.1802929107092
-319.9978243639283,419.2148917167465,272.98959468368724
-319.8970224055228,418.3624894577652,273.807326267041
-319.79074258007677,417.4900720908081,274.63449577981953
-319.68507654129724,416.6037305213197,275.47659710743056
-319.5863646185971,415.7092441919737,276.33869697017116
-319.4957825460467,414.8057017129953,277.2204825392079
-319.41464993598015,413.89146793832515,278.1209922381589
-319.34433437678405,412.9638765805667,279.03924145453954
-319.28603752594273,412.0190234677436,279.9750281981078
-319.24051215926517,411.0543992744831,280.9292967941027
-319.20781353144923,410.0697693811952,281.90321079450194
-319.18994209187366,409.07934885599377,282.8771232958657
-319.18874317516713,408.09636092188265,283.8310342930241
-319.2029267174573,407.11901773351053,284.7649437809046
-319.23042183383757,406.14590348313317,285.67885175454114
-319.2691630619855,405.17592959630446,286.57275820907387
-319.3174423800631,404.2082729845605,287.4466631397495
-319.3739360453523,403.24231167049794,288.3005665419209
-319.4376295454589,402.27756936078333,289.1344684110474
-319.51477490463463,401.32333810700777,289.96836874268587
-319.61206306968484,400.38911957323205,290.8222675323931
-319.7270052385645,399.47491657608333,291.69616477562846
-319.8549375812884,398.5807313426266,292.590060467745
-319.99195073958083,397.7065654715299,293.5039546039893
-320.1348955947185,396.8524200498328,294.4378471795017
-320.2811838094253,396.01829574795204,295.39173818931624
-320.4286768182882,395.2041928925482,296.36562762836047
-320.5663494487216,394.4101110763657,297.33951549146457
-320.6841415445567,393.6360478891046,298.2934017734587
-320.782050188305,392.882000431113,299.22728646927055
-320.86007246258333,392.14796580231354,300.1411695739341
-320.91820545011456,391.43394110220333,301.03505108258975
-320.95644623372726,390.7399234298542,301.91113934209534
-320.9747918963557,390.0659098839123,302.7741744376835
-320.97572494291467,389.4112752564387,303.62814759286675
-320.97154203855087,388.76914485340376,304.4810313785267
-320.97182028993024,388.1332340891429,305.33917206760066
-320.97614253334166,387.5034927226102,306.20224734388574
-320.98418296503854,386.87989461439184,307.0699561509375
-320.995677742605,386.2624199643471,307.94201632648253
-321.01040562581716,385.6510455120291,308.8181628369301
-321.02817496433295,385.04573914957615,309.69814645581965
-321.04881482479163,384.4464571022253,310.5817327481588
-321.07637998748856,383.84589037571646,311.4579989017988
-321.115058104322,383.2358969060853,312.31584015191504
-321.1650063926138,382.61466601018554,313.1545449756585
-321.22647528765276,381.98022544535957,313.9734727826703
-321.2997624831842,381.33046879000636,314.7723989201201
-321.3851373837542,380.6630954620823,315.5513233837597
-321.4827280918715,379.9763139004623,316.3102461694471
-321.5923852201973,379.26954745559595,317.0491672731467
-321.7064000053252,378.5531993251213,317.7680866909291
-321.81637896567867,377.8379369759445,318.4670044189716
-321.92034747856684,377.1244120866818,319.14592045355755
-322.015767631478,376.4135465422539,319.8048347910768
-322.0996949187497,375.70656771941816,320.4437474280256
-322.1692900892338,375.0049540884068,321.06265836100636
-322.2225053175988,374.31018797323736,321.66330477029817
-322.2582883782269,373.6232558917894,322.2512718739952
-322.2952536419365,372.9414166990044,322.8307302598466
-322.3523234043929,372.2602807127836,323.401083217904
-322.42949776461836,371.57707862244763,323.96032566300505
-322.5267772271211,370.88906714217956,324.506128243136
-322.64416266259377,370.19412862331825,325.0358979926538
-322.78165514935256,369.49168688429876,325.54697574336024
-322.93925570809506,368.7830918859284,326.03805176296197
-323.1169650519742,368.07104458945224,326.50912604884775
-323.294783002808,367.3680646064011,326.9601985985126
-323.45270717556724,366.6851091062243,327.3912694095579
-323.5907346947591,366.0213069393541,327.8023384796914
-323.70886293337765,365.3741507363171,328.19340580672724
-323.8089761988222,364.7409984381151,328.56722358871133
-323.8960473462265,364.1204131199326,328.92925265052725
-323.97478085788987,363.5117659019317,329.28378452944014
-324.0478326549446,362.91472345182984,329.6333822596478
-324.1192906913647,362.31615153943363,329.9853882832311
-324.1923647318957,361.7022418755475,330.3461081654607
-324.2674006000604,361.07122924564743,330.71540105530505
-324.34479518914407,360.42119374762166,331.09306579227695
-324.4249877146888,359.7511697355482,331.4788322897487
-324.5084209065059,359.0611576501011,331.8723746916061
-324.59548641535434,358.351157993381,332.27333897492275
-324.6864716749217,357.6211713177176,332.68137063441185
-324.77916263132676,356.8846026318649,333.08856386470353
-324.87115760784343,356.15489712282516,333.4874057973773
-324.9623266899097,355.43213704194517,333.8783364711388
-325.05258979697584,354.7164066531677,334.26179295189473
-325.14192106389464,354.0077918308295,334.63820045165795
-325.23034878374574,353.3063794250817,335.00796440017416
-325.3179509083271,352.61225625575673,335.37146427679255
-325.4048469105565,351.9255076749526,335.7290497061212
-325.501476891442,351.2368880521327,336.0937605245669
-325.6182132731596,350.5378490250756,336.4784695558072
-325.7550575070646,349.82909380168974,336.88317679779624
-325.9120110721218,349.10942915340246,337.3078822483821
-326.0890757829995,348.37546461581644,337.75258590530626
-326.2862540287434,347.62324806598053,338.2172877662041
-326.5035486415167,346.8510617401159,338.7019878286045
-326.7409625370263,346.0589085722687,339.20668608993003
-326.97849795077434,345.2607803488934,339.731382547497
-327.19615444299103,344.4697361334622,340.2760771985152
-327.39393112347653,343.683837061165,340.84077004008833
-327.57182739785156,342.9009475965506,341.42546106921344
-327.7298430016282,342.11866477475314,342.03015028278145
-327.86797804096597,341.3343128228196,342.65372368393275
-327.98623302536487,340.54506378430887,343.29227745313
-328.0846088735128,339.7481784632603,343.9402381745618
-328.163106401052,338.9511311896297,344.60150966100383
-328.2217248128094,338.16200499818086,345.282779315
-328.2604630346073,337.3798540596186,345.9823846916748
-328.27932007572014,336.60438813479385,346.6960786206761
-328.2782949697627,335.8354836654665,347.4194271902251
-328.257386772011,335.07296582181834,348.14917039577125
-328.2165945555196,334.31683315474686,348.882428799565
-328.15591735771227,333.5676204596433,349.61572999924874
-328.0935751440431,332.82722922771205,350.35108734856163
-328.0449541600516,332.09620885165504,351.09094657278825
-328.00554092024646,331.3732069913015,351.8326709660541
-327.9726485253082,330.6575474279461,352.57450025385003
-327.9446326406223,329.94882482357326,353.3152652983899
-327.92043268737655,329.246730919152,354.0541482464267
-327.8993309186574,328.5509918424215,354.790542376624
-327.8808230865999,327.8613480510204,355.5239745363626
-327.86697422532836,327.18309760964297,356.2596261460002
-327.85941754342946,326.52108878938793,357.001886334838
-327.85709821798156,325.87428194816846,357.74905260860004
-327.8593203690081,325.2418291125528,358.49991833725613
-327.8655978732531,324.62301416259913,359.2535990169064
-327.875576081001,324.0172172455137,360.00942704344806
-327.88898754805973,323.4238921591973,360.7668853152699
-327.9056253882805,322.8425511231548,361.52556354734173
-327.9207783691873,322.27126477567055,362.28022280826724
-327.93041733570067,321.70802515619584,363.0269921897087
-327.93555811675935,321.1522783279364,363.76797606353347
-327.93695350860736,320.6035855273942,364.5048244261344
-327.93519576971994,320.061601230395,365.2388586565921
-327.9307660463143,319.5260586968943,365.97115208128594
-327.9240609833249,318.99675820499414,366.7025856235266
-327.91540902287966,318.4735566775,367.43388844170016
-327.90298374401914,317.9521888131796,368.1655807587539
-327.8849279324013,317.42800686246704,368.89787942256766
-327.86149018602254,316.9001601236625,369.6308576610637
-327.8329398066121,316.3678661304482,370.36461932166276
-327.79955681160106,315.8304200819538,371.09928901947
-327.7616233305026,315.28719963492955,371.8350039887236
-327.7194169023124,314.7376652542551,372.5719075170443
-327.67320576034945,314.1813570290141,373.3101438799339
-327.62199653488733,313.6183440883165,374.04517031887826
-327.5655002681347,313.0496401603924,374.7710779935471
-327.50523460505815,312.47658134790026,375.4854991940211
-327.44243506116857,311.9002588126134,376.18648356860166
-327.37810388833515,311.3215577871577,376.8724447540611
-327.31305325507986,310.741195257217,377.5421031818949
-327.2479412925442,310.15975241336946,378.1944335857099
-327.18330138175213,309.57770124848076,378.8286198237701
-327.1290624393966,308.9854475664008,379.44355249004724
-327.0949165507063,308.37318743912584,380.03848313862176
-327.0808666327251,307.74092379730206,380.61432586125466
-327.0866349331778,307.08865955835665,381.17602454736056
-327.1063237831188,306.41711598129336,381.73253287064927
-327.13132659875913,305.7275471551828,382.29181339620266
-327.1571799213357,305.02064383568006,382.8585861675648
-327.1816730188069,304.2965962027673,383.43549805066493
-327.20079220933354,303.565883975037,384.01118744776335
-327.2133926134058,302.8393498517183,384.5730241821212
-327.2230973881493,302.1175072534591,385.12059362606004
-327.23227117266697,301.40049421306156,385.6537579187543
-327.2422584152451,300.6883344557542,386.17249663634067
-327.25376854903334,299.981032099717,386.6768337962557
-327.26716246724754,299.2785941113429,387.16681076382525
-327.2826202811434,298.5810325192376,387.6424763416806
-327.29884456996894,297.87705486488636,388.1201108469759
-327.3141534750757,297.1556870217853,388.6164689430154
-327.3279006473177,296.41750507166506,389.1324377617113
-327.33945886474936,295.6629244196409,389.6684045111657
-327.34823608737247,294.8921787478266,390.2243691885286
-327.3536845662341,294.1053170037662,390.80033179084364
-327.35530440569653,293.3022193297726,391.39629231504813
-327.352642230319,292.4826140242775,392.01225075797294
-327.3431340507566,291.6602452174018,392.64315853617524
-327.3264617988016,290.8483157638727,393.28355915292497
-327.3057298919093,290.04560372241576,393.93268284563885
-327.28263131938274,289.2512017436148,394.58987967800414
-327.25816420681946,288.4643797120973,395.25463415027247
-327.23294464520734,287.6845180081668,395.92653610933473
-327.20736073697594,286.9110732945549,396.60525252425543
-327.1816569292724,286.14355964216287,397.2905067584014
-327.1632434725761,285.36889482752196,397.9789930541244
-327.1554889492542,284.5742282006418,398.67225363813014
-327.1519754212275,283.7595608121091,399.3785438356819
-327.14872070004304,282.9248929667896,400.10311462149144
-327.14333034756146,282.07022451249543,400.8476832797224
-327.1344812027958,281.1955550305597,401.6122498064154
-327.12152004602393,280.300883963336,402.39681419750485
-327.10413805592447,279.38621068579613,403.2013764488188
-327.09456726619567,278.46677129150424,404.02593655607893
-327.10513497226054,277.5588850728996,404.87049451490066
-327.1358393102806,276.66515294264286,405.73505032079294
-327.1866779651386,275.78922614706846,406.6196039691584
-327.2576481317492,274.93327349833885,407.52388198727596
-327.3487468945614,274.09733266796354,408.44620979262487
-327.45997133622836,273.2814065913471,409.38366173351994
-327.59131853929637,272.4854982034684,410.33321739491663
-327.74278655849207,271.6896104389164,411.29807588656377
-327.91437733758494,270.8737462322799,412.2829321911025
-328.10609379252486,270.0379085185376,413.2877863032957
-328.3179388391547,269.1821002330934,414.3126382178001
-328.54991539321026,268.30632431177645,415.3574879291659
-328.80202637032033,267.4105836908411,416.4223354318372
-329.0742746860066,266.49488130696705,417.50718072015155
-329.36666325568376,265.5592200972591,418.61202378834014
-329.67919402237186,264.6236029992117,419.736864630528
-330.0118650398341,263.70803295031925,420.88170324073366
-330.36467338943925,262.8125128876858,422.0465396128694
-330.73761615244877,261.9370457479898,423.2313737407412
-331.1306904100173,261.0816344674841,424.43620561804863
-331.54389324319226,260.24628198199565,425.6610352383849
-331.97722173291413,259.43099122692587,426.9058625952369
-332.4306729600163,258.6357651372503,428.1706876819852
-332.90424497751263,257.84060664755424,429.4509382949456
-333.3979397274598,257.0255186924226,430.7423094479879
-333.9117601240948,256.19050420683,432.04532382406427
-334.4457090815479,255.33556612617585,433.3604865756236
-334.9997895138419,254.46070738628478,434.6882955365537
-335.57400433489283,253.5659309234063,436.02924835756943
-336.16835645850966,252.65123967421488,437.3838471219941
-336.7828487983942,251.71663657580996,438.7526007184984
-337.4174842681411,250.7621245657159,440.11855871561704
-338.0722657812381,249.787706581882,441.46451437239045
-338.74719625106565,248.79338556268243,442.79046768166154
-339.44227859089705,247.7791644469163,444.09641863637944
-340.15751571389853,246.74504617380757,445.38236722959965
-340.8929105331291,245.69103368300506,446.64831345448414
-341.6484659615406,244.61712991458242,447.8942573043011
-342.4241849119776,243.52333780903814,449.12019877242517
-343.22007029717753,242.40966030729547,450.34613785232847
-344.0361250297705,241.27610035070254,451.59207453748314
-344.8723520222796,240.12266088103217,452.85800882126387
-345.7287541871203,238.94934484048204,454.143940696939
-346.605334436601,237.7561551716745,455.44987015767055
-347.5020956829228,236.54309481765668,456.775797196514
-348.4190408381794,235.3101667219004,458.12172180641886
-349.3561728143573,234.0573738283022,459.48764398022803
-350.3134945233355,232.78471908118325,460.853563710687
-351.29100887688577,231.49220542528948,462.1994809905413
-352.2887187866724,230.1798358057914,463.52539581263386
-353.3066271642524,228.84761316828423,464.83130816991417
-354.34473692107525,227.4955404587877,466.11721805543795
-355.4030509684831,226.12362062374626,467.3831254623673
-356.4815722177107,224.7318566100289,468.6290303839706
-357.58030357988525,223.3202513649292,469.8549328136228
-358.699246993739,221.90880783612982,471.060832744805
-359.8384005087471,220.51752897131263,472.2467301711048
-360.99776120198965,219.14641771776854,473.41262508621617
-362.17732615043946,217.79547702236232,474.55851748393934
-363.3770924309617,216.46470983153233,475.68440735818103
-364.5970571203142,215.15411909129062,476.7902947029542
-365.8372172951475,213.86370774722292,477.87617951237826
-367.0975700320047,212.5934787444886,478.94206178067896
-368.3644913669831,211.34343436564228,480.00794150217956
-369.62346166048656,210.1135742005563,481.09381867120334
-370.8727067105776,208.9038969597604,482.199693281976
-372.1104901190202,207.714401097843,483.32556532861713
-373.33510959866237,206.54508481867097,484.4714348051398
-374.54489521868425,205.3959460802136,485.63730170545074
-375.73820911469005,204.26698259922784,486.8231660233504
-376.9134463889853,203.15819185598428,488.02902775253284
-378.0693317142815,202.0495711135207,489.2548868865859
-379.2053862016757,200.92111750284417,490.500743418991
-380.32161276198923,199.7728281319758,491.76659734312324
-381.41801430614873,198.60470010936118,493.0524486522513
-382.4945937451865,197.41673054387041,494.3582973395377
-383.55135399023993,196.20891654479817,495.6841433980385
-384.58829795255207,194.9812552218638,497.0299868207034
-385.60542854347125,193.73374368521112,498.3958276003758
-386.6027486744511,192.46637904540864,499.7616657298017
-387.58026125705067,191.17915841344944,501.1075012017269
-388.53796920293433,189.87207890075126,502.433334008995
-389.47587542387174,188.5451376191565,503.73916414455573
-390.39398283173784,187.1983316809322,505.0249916014653
-391.2922943385129,185.83165819877013,506.2908163728862
-392.17081285628234,184.4451142857867,507.5366384520874
-393.029541297237,183.0386970555231,508.7624578324442
-393.86848257367285,181.61240362194522,509.9682745074382
-394.6876395979911,180.1662310994437,511.1540884706574
-395.48701528269817,178.70017660283392,512.3198997157962
-396.2666125404057,177.2142372473561,513.4657082366552
-397.0264342838304,175.70841014867514,514.5915140271417
-397.7664834257942,174.18269242288085,515.697317081269
-398.4867628792243,172.63708118648782,516.7831173931571
-399.1872755571527,171.07157355643548,517.8489149570321
-399.888024372708,169.48616762237558,518.9147097672177
-400.6090122390174,167.8808653635345,520.0005018180376
-401.35024206910924,166.25566973185087,521.106291103718
-402.11171677590437,164.6105836796882,522.232077618379
-402.89343927221597,162.94561015983479,523.377861356034
-403.6954124707495,161.26075212550376,524.5436423105904
-404.5176392841027,159.55601253033302,525.7294204758489
-405.3601226247657,157.8313943283853,526.9351958455042
-406.2028654051297,156.0868995018606,528.1409684131531
-407.02587053758464,154.32252614423385,529.3267381723931
-407.8291409346164,152.53827137711738,530.4925051169186
-408.612679508816,150.7341323225483,531.6382692405305
-409.376489172879,148.9101061029884,532.7640305371363
-410.1205728396064,147.06618984132442,533.8697890007496
-410.84493342190365,145.2023806608678,534.9555446254907
-411.5495738327813,143.31867568535486,536.0212974055858
-412.23449601306726,141.43507203891136,537.0870473353588
-412.89969801454464,139.57156684566246,538.1727944091338
-413.5451769168138,137.72815722934288,539.2785386211373
-414.17092979957994,135.90484031326136,540.4042799654893
-414.77695374265335,134.10161322030083,541.5500184362037
-415.3632458259491,132.31847307291832,542.7157540271879
-415.9298031294873,130.55541699314497,543.9014867322433
-416.4766227333929,128.81244210258606,545.1072165450643
-417.02370194207384,127.08493495869068,546.3329434592396
-417.591038982869,125.36774739155045,547.5786674682513
-418.178632438725,123.65979283602476,548.8443885654752
-418.7864810529787,121.95996412359804,550.1301067441809
-419.41458373180006,120.26714106602152,551.4358219975313
-420.0629395455756,118.58019744958456,552.7615343185832
-420.7315477293144,116.89800737516543,554.1072437002872
-421.4204076821839,115.21945090591468,555.4729501354873
-422.1295194978656,113.53248404601234,556.8586536169213
-422.85888553098533,111.82562208212076,558.2643541372207
-423.608508694527,110.09886796839056,559.6900516889107
-424.3783919013668,108.3522246593972,561.1357462644098
-425.1685380642731,106.58569511014093,562.6014378560307
-425.9789500959066,104.79928227604681,564.0871264559794
-426.80963090882017,102.99298911296468,565.5928120563556
-427.6605834154591,101.16681857716912,567.1184946491529
-428.5118105281694,99.3207726530721,568.6641742262583
-429.34331515929597,97.45484943636048,570.2298507794525
-430.1551002212795,95.56904605085846,571.8155243004101
-430.94716862666564,93.66335962081503,573.4211947806991
-431.71952328810477,91.73778727090391,575.0468622117813
-432.4721671183523,89.79232612622367,576.6925265850122
-433.20510303026816,87.82697331229767,578.3581878916407
-433.9183339368174,85.84172595507408,580.0438461228096
-434.6118627510697,83.83658118092596,581.7295012695643
-435.2856923861994,81.81153611665118,583.3951533229499
-435.9398257554858,79.76658788947253,585.0408022741094
-436.5742657723128,77.70173362703764,586.6664481142918
-437.1890153501691,75.61697045741907,588.2720908348529
-437.784077402648,73.51229550911432,589.8577304272544
-438.35945484344757,71.3877059110458,591.4233668830647
-438.9151505863706,69.24319879256086,592.9690001939582
-439.45116657303697,67.09877128339637,594.5146303517074
-439.9675008560215,64.97442051328882,596.0802573480843
-440.46415051571626,62.87014361158428,597.6658811747635
-440.94111263261794,60.785937707203075,599.2715018233134