
157.1257980821182,905.3376562360816,205.31210491411719
157.8204974082984,905.9311042956648,206.22770645392282
158.49528433667464,906.5044524901409,207.1233068971104
159.15015594679645,907.057703723809,207.99890623891758
159.78510931831914,907.5908609013942,208.85450447468827
160.40014153100398,908.1039269280474,209.69010159987278
160.99525063700565,908.6169047093099,210.5256976100189
161.5704385777345,909.1497971507237,211.3812925006745
162.12570826699425,909.702607157441,212.25688626728987
162.66106261869456,910.2753376341891,213.152478905209
163.17650454685096,910.8679914852706,214.06807040966953
163.67203696558494,911.4805716145629,215.00366077580273
164.14766278912376,912.1130809255183,215.95924999863357
164.60338493180058,912.7655223211642,216.93483807308064
165.05920630804556,913.4378977318155,217.91042499396508
165.53512983228828,914.1302051982123,218.86601075610798
166.03115841886034,914.842441788382,219.80159535442803
166.54729498198645,915.5746045699271,220.71717878395015
167.0835424357843,916.3266906100254,221.6127610398057
167.6399036942647,917.0986969754293,222.48834211723235
168.21638167133148,917.8906207324663,223.3439220115742
168.81297928078152,918.7024589470392,224.1795007182816
169.40969846402618,919.5142096569483,224.99507823291134
169.9865372733263,920.3058747891445,225.79065455112655
170.54349278875216,921.0774572432563,226.5662296686967
171.08056209047987,921.8289599193382,227.32180358149765
171.59774225879116,922.5603857178706,228.05737628551154
172.09503037407356,923.2717375397596,228.77294777682698
172.5724235168204,923.9630182863368,229.46851805163885
173.02991876763082,924.6342308593603,230.14408710624843
173.4675132072097,925.2853781610133,230.81965493705448
173.88520391636777,925.9164630939051,231.51522154045577
174.28298797602164,926.5274885610706,232.2307869127536
174.66086246719374,927.1184574659704,232.9663510501429
175.01882447101235,927.689372712491,233.72191394871226
175.3568710687117,928.2402372049444,234.49747560444393
175.6749993416319,928.7710538480683,235.29303601321385
175.97320637121888,929.281825547026,236.10859517079155
176.25149021131207,929.7925552073712,236.92415307284912
176.50985280500657,930.3232457346577,237.71970971505868
176.74829706779084,930.8739000340495,238.4952650931898
176.96682591525925,931.4445210102855,239.2508192031184
177.1654422631121,932.0351115676793,239.9863720408268
177.3441490271556,932.6456746101194,240.70192360240367
177.50294912330176,933.2762130410687,241.397473884044
177.6418454675685,933.926729763565,242.07302288204917
177.76084000379205,934.5772276802567,242.7285705928269
177.85993078676483,935.2077096937915,243.36411701289134
177.93911489909758,935.8181787072076,243.97966213886286
177.9983894235069,936.4086376239687,244.5752059674683
178.03775144281528,936.9790893479641,245.15074849554082
178.05719803995106,937.529536783508,245.70628972001998
178.05672629794853,938.0599828353404,246.2418296379516
178.03633329994787,938.5704304086266,246.75736824648794
177.9960171014826,939.0808824089222,247.25290554288762
177.93577964734203,939.6113417417822,247.72844152451555
177.8556238547088,940.161811312372,248.18397618884305
177.75555264087143,940.7322940254314,248.61950953344783
177.6355689232244,941.3227927852747,249.03504155601388
177.4956756192681,941.9333104957908,249.4305722543316
177.33587564660868,942.5638500604431,249.80610162629773
177.15617192295826,943.2144143822694,250.16162966991538
176.97656736612586,943.8850053915946,250.497156383294
176.81706489392005,944.5756211291682,250.81268176464943
176.67766742405126,945.2862586630268,251.1082058123038
176.5583778741231,946.0169150607816,251.3837285246857
176.4591991616322,946.7675873896178,251.63924990033
176.3801342039683,947.5382727162956,251.87476993787794
176.3211859184142,948.3289681071496,252.09028863607716
176.2823572221456,949.139670628089,252.2858059937816
176.24365103224022,949.9703783168849,252.4613220099516
176.18507026577507,950.8210931000325,252.61683668365384
176.10661783992396,951.6918178758896,252.75235001406136
176.00829667196638,952.582555542388,252.86786200045356
175.89010967928755,953.4933089970343,252.9633726422162
175.75205977937821,954.4240811369096,253.03888193884137
175.59414988983477,955.3748748586695,253.09438988992758
175.41638292835924,956.3456930585437,253.12989649517968
175.238760840463,957.3165376600849,253.14540175440882
175.08128168250676,958.2674066976957,253.1409056675326
174.9439425384656,959.198297233881,253.11640823457486
174.82674049220748,960.109206331571,253.07190945566592
174.72967262749336,961.0001310541214,253.00740933104237
174.65273602797706,961.8710684653131,252.92290786104724
174.59592777720533,962.7220156293522,252.8184050461298
174.55924495861797,963.5529696108703,252.69390088684582
174.5426856278351,964.3839274748889,252.56939538384847
174.54625172951972,965.2348862864295,252.46488853779093
174.5699461805152,966.1058431101235,252.38038034922894
174.6137718975578,966.9967950101772,252.31587081861187
174.67773179727683,967.9077390503711,252.27135994628276
174.76182879619455,968.8386722940608,252.2468477324783
174.86606581072607,969.7895918041761,252.24233417732881
174.99044575717943,970.7604946432219,252.25781928085834
175.11497057947696,971.7313788456004,252.2733030429934
175.21963833239047,972.6822463348636,252.26878546366046
175.3044460985011,973.6131000072413,252.2442665428836
175.3693909604955,974.5239427593887,252.19974628079316
175.41447000116605,975.4147774883861,252.13522467762593
175.43968030341068,976.2856070917397,252.050701733725
175.44501895023302,977.1364344673809,251.94617744953976
175.43048302474236,977.9672625136665,251.82165182562608
175.39606961015366,978.7780941293787,251.69712486263725
175.34177578978756,979.5689322137254,251.5925965612266
175.26759864707046,980.3397796663393,251.50806692194996
175.17353526553447,981.090639387279,251.44353594525683
175.05958272881747,981.8215142770281,251.39900363149033
174.92573812066308,982.5324072364957,251.37446998088728
174.7719985249207,983.2233211670161,251.36993499357814
174.59836102554547,983.8942589703491,251.38539866958703
174.40482270659845,984.5452235486795,251.4208610088317
174.19138065224647,985.1762178046174,251.47632201112359
173.95803194676213,985.7872446411983,251.5517816761678
173.70477367452403,986.3783069618827,251.64724000356304
173.4316029200165,986.9494076705566,251.76269699280172
173.13851676782983,987.5005496715311,251.89815264326987
172.8255123026602,988.0317358695423,252.05360695424724
172.49258660930968,988.5429691697518,252.22905992490715
172.13973774497376,989.0542524777106,252.40451155432552
171.7669676561036,989.5855886989697,252.55996184157823
171.37427926154373,990.1369807386895,252.69541078583865
170.96167548024465,990.7084315016052,252.8108583863865
170.52915923126275,991.2999438920258,252.90630464260795
170.07673342483756,991.9113372734909,252.9817495539954
169.6044008024959,992.5396925638411,253.0371931201477
169.11216342087116,993.1793210730183,253.07491013439386
168.6200229149201,993.8331467172193,253.1149005965245
168.1479819184972,994.5070426710733,253.1748897126942
167.69604335097497,995.2010060029924,253.254877482584
167.26421013161888,995.9150337809626,253.3548639057685
166.8524851795876,996.6491230725447,253.4748489817161
166.46087141393278,997.4032709448733,253.61483270978871
166.0893717535992,998.1774744646575,253.77481508924197
165.73798911742466,998.9717306981806,253.9547961192252
165.38672616255153,999.780656614414,254.13477579879014
165.0155843957373,1000.5967338881269,254.2947541269887
164.6245645400921,1001.4156423784381,254.43473110297006
164.21366668182003,1002.2329723791303,254.55470672599
163.78289025724226,1003.0442265909423,254.65468099541047
163.33223404051733,1003.8448281210848,254.73465391069988
162.86169613314783,1004.6301376036988,254.79462547143294
162.37127401460143,1005.396670588106,254.8345956772908
161.86096482669677,1006.1432765473639,254.87456452805202
161.33076565528515,1006.8699583820774,254.9345320234952
160.7806735863236,1007.5767189932759,255.01449816330145
160.21068570587488,1008.2635612824143,255.1144629470456
159.62079910010766,1008.9304881513722,255.23442637419603
159.01101085529635,1009.5775025024541,255.37438844411486
158.3813180578212,1010.2046072383895,255.5343491560578
157.7317177941683,1010.811805262333,255.71430850917426
157.08220715092077,1011.3990985055764,255.9142665025073
156.45278321466122,1011.9664850106867,256.13422313499365
155.84344307187433,1012.5139618483685,256.3741784054637
155.25418380893797,1013.0415260897512,256.6341323126414
154.6850025121232,1013.5491748063891,256.9140848551445
154.13589626759438,1014.0369050702618,257.2140360314843
153.60686216140903,1014.5047139537734,257.5339858400657
153.09789727951807,1014.9525985297531,257.87393427918755
152.60899870776555,1015.3805558714554,258.23388134704203
152.14016353188893,1015.7885830525594,258.6138270417151
151.69138883751896,1016.1766771471696,259.01377136118646
151.26267171017966,1016.5448352298152,259.4337143033293
150.85400923528843,1016.893054375451,259.87365586591056
150.465398498156,1017.2213316594563,260.3335960465909
150.09683658398654,1017.5296641576357,260.8135348429245
149.74832057787756,1017.8180489462189,261.31347225235925
149.39984756482886,1018.0864840741484,261.81608301017474
149.03141462984001,1018.3349714799411,262.30273576795764
148.64301885800782,1018.5635140748271,262.7709553949474
148.23465733453529,1018.7721147704611,263.21937323440375
147.80632714473157,1018.9607764789232,263.64778967418584
147.358025374012,1019.1295021127185,264.0562047120155
146.8897491078981,1019.2782945847769,264.444618345721
146.40149543201767,1019.4071568084537,264.8130305732369
145.91326143209582,1019.5160907252417,265.16144139260416
145.44504419385757,1019.605094387909,265.48985080197014
144.99684080293036,1019.6741648773612,265.7982587995884
144.5648510502202,1019.723299459532,266.086665383819
144.1416845165875,1019.7524963137282,266.3550705531284
143.72284682089995,1019.7617545462424,266.6034743060893
143.3071947172546,1019.7510736252065,266.83187664138075
142.89442234300148,1019.7204531125863,267.0402775577883
142.47305461932422,1019.6698931494229,267.2286770542036
142.03168034074312,1019.5993960987153,267.39707512962497
141.57029659274292,1019.5089648784942,267.5454717831569
141.08890046091474,1019.3986024072157,267.6738670140104
140.5874890309561,1019.2683116037605,267.7822608215025
140.06605938867094,1019.1180953874347,267.87065320505695
139.52460861996965,1018.9479566779692,267.93904416420366
138.9687772372849,1018.7578981211684,267.987433698579
138.39856329899752,1018.5679215401713,268.0358218079169
137.8083253262987,1018.3980295811712,268.104208491951
137.1980662391894,1018.2482251643228,268.1925937503177
136.56778895777697,1018.1185112093549,268.30097758254703
135.91749640227533,1018.0088906355704,268.4293599880627
135.2471914930048,1017.9193663618463,268.5777409661819
134.55687715039204,1017.8499413066336,268.74612051611575
133.84655629497016,1017.8006183879576,268.9344986369688
133.11623184737866,1017.7714005234174,269.1428753277394
132.36590672836343,1017.7622906301863,269.3712505873194
131.59558385877665,1017.7732916250114,269.6196244144946
130.80526615957692,1017.8044064242141,269.88799680794403
129.99495655182912,1017.8556379436895,270.1763677662407
129.16465795670445,1017.9269890989071,270.48473728785115
128.31437329548035,1018.0184628049101,270.8131053711357
127.44410548954062,1018.1300619763153,271.16147201434813
126.55385746037526,1018.261789527314,271.5141624128628
125.64363212958055,1018.4136483716711,271.85517417871824
124.71343241885899,1018.5856414227255,272.1838410665482
123.76326125001927,1018.77777159339,272.49943583690396
122.79312154497634,1018.9900417961511,272.80111167013735
121.80301622575128,1019.2224549430695,273.0878839130791
120.79294821447135,1019.4750139457792,273.3586454875599
119.76292043336998,1019.7477217154885,273.61219683578975
118.73293483249043,1020.0205801907274,273.8668328973607
117.72298947272593,1020.2735874208752,274.14146750262125
116.73308144258459,1020.506740483413,274.436100650111
115.76320783046799,1020.7200364562464,274.75073233826316
114.81336572467116,1020.9134724177059,275.08536256540475
113.88355221338259,1021.0870454465465,275.43999132975625
112.97376438468429,1021.240752621948,275.81461862943195
112.08399932655179,1021.3745910235145,276.20924446243976
111.21425412685414,1021.4885577312755,276.60386882669013
110.36452587335393,1021.5826498256845,276.9784917200935
109.5348116537073,1021.6568643876201,277.33311314065764
108.72510855546395,1021.7111984983858,277.667733086497
107.93541366606723,1021.7456492397095,277.9823515558321
107.16572407285406,1021.760213693744,278.27696854699
106.41603686305496,1021.7548889430673,278.5515840584041
105.68634912379409,1021.7296720706814,278.80619808861405
104.9566589143856,1021.704561132266,279.0608106362571
104.20696818329341,1021.6995580726494,279.3354216999705
103.43727985136637,1021.7146658085571,279.63003127829387
102.64759683955965,1021.7498872562886,279.9446393696607
101.83792206893477,1021.8052253317171,280.27924597239803
101.00825846065955,1021.8806829502902,280.6338510847266
100.15860893600808,1021.9762630270291,281.0084547047607
99.28934782673046,1022.0919684584734,281.40305683050843
98.41505200030406,1022.2278013780654,281.81765745987144
97.54934427798403,1022.3837611673007,282.2522565906451
96.6914490749575,1022.5598466396216,282.7068542205184
95.8413994449424,1022.75605666347,283.1814503470739
95.00005625476302,1022.9723900417146,283.676044967788
94.1689254832348,1023.2088454005764,284.1906380800307
93.34968188229307,1023.4654211268077,284.7252296810655
92.54371743985205,1023.7421153800786,285.27981976804983
91.73470888896313,1024.0189269885755,285.8544083380345
90.9057407227715,1024.2758580408515,286.44899538796415
90.05681002882292,1024.5129114480915,287.06358091467706
89.18791389476931,1024.730090121905,287.69816491490513
88.29904940836873,1024.9273969743267,288.3527473852739
87.39021365748546,1025.1048349178154,289.0273283223026
86.46140373008994,1025.2624068652551,289.7219077224041
85.51261671425884,1025.4001157299542,290.436485581885
84.54384969817507,1025.517964425646,291.1539697949022
83.55509977012775,1025.6159558664879,291.86100286138475
82.54636401851232,1025.6940929670627,292.5646489865543
81.51763953183043,1025.7523786423774,293.27058151986176
80.46892339869004,1025.790815807864,293.9827429719712
79.40021270780545,1025.8094073793784,294.70423588197144
78.31150454799726,1025.8081562732018,295.4381339440684
77.2027960081924,1025.7870654060396,296.18751450878926
76.0940841774153,1025.7461367227343,296.9353892527597
75.0053661446904,1025.6853682794033,297.66326241776915
73.9366389989447,1025.604757160301,298.37113399994706
72.88789982899888,1025.5043004501067,299.05900399552934
71.8591466958548,1025.4039952338885,299.7468724008493
70.85038154955777,1025.3238385967134,300.45473921224044
69.86160731233429,1025.263827623258,301.18260442593845
68.89282690630453,1025.2239593977733,301.93046803807295
67.94404317076764,1025.2025295575531,302.6983300446671
67.01525843190728,1025.1940869037994,303.4861904416378
66.1064740849799,1025.1924234415585,304.2940492247956
65.21769078940012,1025.1935237035018,305.1219063898445
64.34890827036853,1025.1852912972706,305.96976193238254
63.50012412799758,1025.1571841386412,306.837615847901
62.671335449938425,1025.1091993112004,307.72546813178514
61.86253932373585,1025.0413338989597,308.6333187793137
61.073732836828356,1024.9535849863557,309.5611677856592
60.30491307654813,1024.8459496582495,310.50901514588776
59.55607713012109,1024.7184249999266,311.47686085495906
58.82722208466688,1024.571008097098,312.46470490772657
58.0983459994952,1024.4236970081513,313.4525472989463
57.34945082306564,1024.2964936806231,314.4203880233741
56.58053947622281,1024.1894010339472,315.3682270758635
55.79161487991777,1024.102421987131,316.29606445137426
54.982679955208006,1024.0355594587568,317.20390014497264
54.153737623257385,1023.9888163669796,318.09173415183113
53.30479080533618,1023.9621956295292,318.95956646722857
52.435842422821054,1023.9557001637091,319.8073970865503
51.546894424907556,1023.9493328864323,320.655226005279
50.637944871747834,1023.923096714611,321.52305321889753
49.71165802660473,1023.8769944358837,322.4108787227911
48.77442207937583,1023.811028138625,323.3187025122387
47.8330169169467,1023.7251989091205,324.24652458241286
46.89307765464963,1023.6195069328396,325.19434492837985
45.959414792331,1023.4939516368181,326.1621635450996
45.03623599319518,1023.3485317925873,327.1499804274257
44.10927593180995,1023.2032464686237,328.15779557010535
43.162296853554466,1023.0780977952576,329.18560896777944
42.19530168032667,1022.9730886919117,330.23342061498255
41.20829333413094,1022.8882220775828,331.3012305061429
40.20127473707807,1022.8235008708413,332.38903863558227
39.17424881138527,1022.7789279898312,333.49684499751623
38.12721847937612,1022.7545063522708,334.624649586054
37.06018666348059,1022.7502388754519,335.77245239519834
35.97315628623502,1022.7661284762402,336.9402534188458
34.86613027028206,1022.8021780710749,338.12805265078657
33.739111538370715,1022.8583905759693,339.3358500847044
32.592103013356294,1022.9347689065103,340.56364571417674
31.425107618200403,1023.0313159778582,341.8114395326748
30.238128275970933,1023.1480347047475,343.07923153356336
29.031167909842033,1023.2849280014862,344.3670217101008
27.80422944309411,1023.4419987819557,345.67481005543925
26.577314826817492,1023.5992489873594,346.9825965626333
25.37042212295262,1023.73667666975,348.2703812247377
24.183548421054883,1023.8542789092814,349.5381640349045
23.016690810573223,1023.9520527865325,350.7859449863923
21.869846380850134,1024.029995382506,352.0137240725658
20.7430122211217,1024.0881037786298,353.22150128689634
19.63618542051759,1024.126375056756,354.40927662296144
18.549363068061094,1024.144806299161,355.5770500744451
17.46254225267798,1024.143395560834,356.7248216351375
16.355720063294015,1024.1221447863375,357.85259129893547
15.228893588932456,1024.0810568929467,358.9603590598419
14.082059918722937,1024.0201347983611,360.0481249119662
12.915216361732766,1023.9439033609281,361.1158888495242
11.728361295994606,1023.8607861591039,362.16365086683794
10.521494205590244,1023.7773173071192,363.1914109583359
9.294615360020796,1023.6978575011738,364.1991691185529
8.067724871143207,1023.611355551657,365.2069253421213
6.860820449826069,1023.5050310782221,366.2346796236734
5.673899185624833,1023.378881166251,367.2824319577441
4.506958167988689,1023.2329029015498,368.3501823387619
3.3599944862605806,1023.0670933703494,369.43793076104896
2.233005229677224,1022.8814496593053,370.54567721882114
1.1259874873691165,1022.6759688554972,371.6734217061879
0.038938348360558206,1022.4506480464295,372.8211642171525
-1.028145098430336,1022.2054843200311,373.9889047456117
-2.0752657641916192,1021.9404747646556,375.17664328535596
-3.1024265602174985,1021.6556164690811,376.38437983006946
-4.109630397908318,1021.3509065225103,377.6121143733299
-5.096880188770545,1021.0263420145704,378.85984690860886
-6.064178844416751,1020.6819200353134,380.12757742927135
-7.011529276565602,1020.3176376752159,381.4153059285762
-7.9389343970418365,1019.9334920251792,382.7230323996758
-8.846396145488812,1019.5494801764938,384.0507568356163
-9.733912572506172,1019.1855992204494,385.39847922933745
-10.601480756512169,1018.841846247945,386.7661995736726
-11.449097776031136,1018.5182183494538,388.153917861349
-12.2767607096935,1018.2147126150228,389.56163408498713
-13.08446663623579,1017.9313261342728,390.9893482371016
-13.87221263450066,1017.6680559963987,392.43706031010026
-14.6399957834369,1017.4248992901694,393.90477029628505
-15.387813162099457,1017.2018531039276,395.39247818785117
-16.11566184964944,1016.9989145255903,396.9001839768877
-16.823538925354157,1016.8160806426482,398.4278876553774
-17.511441468587098,1016.6533485421664,399.9755892151965
-18.179366558827983,1016.5107153107839,401.54328864811515
-18.827311275662755,1016.3881780347135,403.1309859457969
-19.455272698783606,1016.2857337997425,404.7386810997992
-20.063247907988995,1016.203379691232,406.36637410157294
-20.65123495547109,1016.121112794153,408.0140649424628
-21.219235782678126,1016.0189301934755,409.6817536137072
-21.767253303452055,1015.8968289745595,411.369440106438
-22.29529043174109,1015.7548062231899,413.07712441168087
-22.803350081599696,1015.5928590255763,414.8048065203551
-23.291435167188563,1015.4109844683537,416.55248642327365
-23.759548602774597,1015.2091796385818,418.32016411114313
-24.20769330273091,1014.9874416237454,420.10783957456385
-24.655871209240487,1014.7657684840065,421.8955128040386
-25.124080375336376,1014.5641621686761,423.6631837900702
-25.61231788166652,1014.382625598963,425.41085252325894
-26.120580808772363,1014.2211616956498,427.13851899431154
-26.64886623708886,1014.0797733790934,428.84618319404103
-27.197171246944503,1013.9584635692246,430.53384511336674
-27.765492918561318,1013.8572351855489,432.2015047433145
-28.3538283320549,1013.7760911471456,433.8491620750164
-28.962174567434417,1013.7150343726684,435.476817099711
-29.59052870460263,1013.6740677803448,437.08446980874317
-30.238887823355903,1013.6531942879767,438.67212019356407
-30.907249003384226,1013.65241681294,440.2397682457313
-31.595609324271226,1013.6717382721847,441.7874139569087
-32.303965865494185,1013.7111615822348,443.31505731886676
-33.03231570642404,1013.7706896591885,444.8226983234821
-33.780655926325444,1013.8503254187181,446.3103369627377
-34.52898457665302,1013.9300708038174,447.79797322871417
-35.25730359801125,1013.9899238683305,449.30560711349204
-35.965615903389576,1014.029881694203,450.8332386090544
-36.65392440588384,1014.0499413638058,452.3808677072779
-37.32223201869625,1014.0500999599342,453.94849439993305
-37.970541655135364,1014.0303545658085,455.53611867868386
-38.59964845349978,1013.9907023035876,457.14374053508806
-39.211883681187324,1013.931140524587,458.771359960597
-39.806458026921035,1013.8516668045813,460.41897694655574
-40.38104605052076,1013.7522783416821,462.08659148420304
-40.935650665793425,1013.6329722212341,463.7742035646712
-41.47027478665222,1013.4937455290075,465.48181317898633
-41.98492132711657,1013.3345953511969,467.2094203180681
-42.47959320131214,1013.1555187744224,468.95702497272987
-42.95429332347083,1012.9565128857289,470.7246271336786
-43.40902460793071,1012.7375747725865,472.51222679151505
-43.86378996912719,1012.4987024951776,474.29982393674237
-44.33859232149549,1012.2398980032593,476.06741855986377
-44.833434579373154,1011.9611642193016,477.81501065148
-45.348319656991166,1011.6625040661991,479.5426002022981
-45.88325046847391,1011.3439204672716,481.25018720313165
-46.4382299278392,1011.0054163462639,482.9377716449003
-47.01326094899823,1010.6469946273459,484.6053535186303
-47.608346445755565,1010.2686582351122,486.25293281545424
-48.20348835953055,1009.8904091222597,487.9005095266021
-48.778684742592475,1009.5322453523349,489.56808364330396
-49.33393267502036,1009.1941640162066,491.2556551566924
-49.869229236999324,1008.8761622043176,492.9632240577937
-50.38457150882058,1008.578237006685,494.69079033752774
-50.879956570881426,1008.3003855128999,496.43835398670814
-51.35538150368531,1008.0426048121278,498.20591499604205
-51.8108433878418,1007.8048919931084,499.99347335613044
-52.26634027634521,1007.5672451164785,501.8010290574678
-52.74187411133944,1007.3096661320243,503.6285820904424
-53.23744780715813,1007.032157962209,505.4761324453362
-53.75306427802836,1006.7347235299209,507.3436801123246
-54.288726438070654,1006.4173657584732,509.2312250814769
-54.84443720129892,1006.0800875716043,511.138767342756
-55.42019948162047,1005.7228918934773,513.0663068860184
-56.01601619283598,1005.3457816486805,515.0138437010145
-56.6118892763609,1004.9687587899042,516.9613777773967
-57.18781678446063,1004.6118213806884,518.8889091048179
-57.74379579721032,1004.2749665118954,520.7964376730283
-58.27982339479119,1003.9581912739615,522.6839634718847
-58.79589665749056,1003.6614927568971,524.5514864913498
-59.292012665701854,1003.3848680502871,526.3990067214932
-59.76816849992463,1003.1283142432903,528.2265241524905
-60.22436124076456,1002.8918284246399,530.0340387746237
-60.68058828310093,1002.6689460332533,531.8415505782725
-61.1568482259266,1002.4542882049976,533.6690595538165
-61.65313973017264,1002.2497989777725,535.5165656915378
-62.16946120532776,1002.0569915306506,537.3840689816122
-62.70581086974488,1001.8769861095668,539.2715694141091
-63.26218680407164,1001.7105659736432,541.1790669789915
-63.83858699557884,1001.5582443545542,543.1065616661165
-64.43500937261636,1001.4203309810212,545.0540534652342
-65.03145266938508,1001.279721670132,547.0215423659889
-65.6079189626108,1001.1191978896024,549.0090283579184
-66.16441116609045,1000.9387567261365,551.0165114304541
-66.70093219372718,1000.738395266863,553.0439915729211
-67.21748495953037,1000.5181105993361,555.091468774538
-67.71407237761551,1000.2778998115346,557.1589430244176
-68.19069736220432,1000.0177599918625,559.2464143115656
-68.64736282762465,999.737688229149,561.353882624882
-69.08407168831047,999.4376816126478,563.48134795316
-69.50082685880189,999.1177372320383,565.628810285087
-69.89763125374512,998.7778521774245,567.7962696092435
-70.27448778789244,998.4180235393359,569.9822593995173
-70.63139937610225,998.0382484087266,572.1838836987365
-70.96836893333898,997.6385238769764,574.398494172136
-71.28539937467308,997.2188470358896,576.623842926051
-71.58249361528105,996.779214977696,578.8580350559565
-71.87965359814912,996.3396257673028,581.086214377417
-72.19687737711337,995.9200813587663,583.2943906089292
-72.53416203362461,995.5205846780402,585.4825637387511
-72.89150464902698,995.1411386506527,587.6507337552467
-73.268902304558,994.781746201706,589.798900646887
-73.66635208134848,994.442410255877,591.9270644022489
-74.08385106042265,994.1231337374165,594.0352250100157
-74.52139632269808,993.82391957015,596.1233824589772
-74.9789849489858,993.5447706774769,598.2115367380206
-75.45661401999021,993.285689982371,600.3196878360333
-75.95428061630919,993.0466804073803,602.447835741805
-76.47198181843403,992.8277448746271,604.595980444019
-77.00971470674949,992.6288863058079,606.7641219312526
-77.56747636153385,992.4501076221933,608.9522601919766
-78.14526386295883,992.291411744628,611.1603952145555
-78.74307429108968,992.1528015935311,613.3885269872472
-79.34090569818152,992.0142791166436,615.6366554982038
-79.91876002563907,991.8558423725564,617.9047807354706
-80.47664018725189,991.6774884479624,620.1929026869866
-81.01454909691574,991.4792144299796,622.5010213405848
-81.53248966863262,991.2610174061508,624.8291366839915
-82.03046481651066,991.0228944644439,627.1772487048269
-82.50847745476416,990.7648426932517,629.5453573906047
-82.96653049771363,990.4868591813921,631.9334627287325
-83.40462685978564,990.1889410181082,634.3279631821644
-83.82276945551293,989.8710852930677,636.7145796186821
-84.22096119953433,989.5332890963639,639.091960619498
-84.59920500659476,989.1755495185149,641.4587643140605
-84.95750379154522,988.797863650464,643.8136635794943
-85.29586046934276,988.4002285835796,646.1553533076051
-85.61427795505047,987.9826414096551,648.4825596421758
-85.91275916383748,987.5450992209093,650.7940508708886
-86.1913060386915,987.1075991099505,653.0873808659593
-86.44991663355644,986.6901381693867,655.3607073882117
-86.6885880301948,986.2927134914362,657.6140304255572
-86.9073173104751,985.9153221678912,659.8473499660137
-87.10610155637191,985.5579612901186,662.0606659977053
-87.28493784996587,985.2206279490596,664.2539785088627
-87.44382327344368,984.9033192352299,666.4272874878227
-87.58275490909811,984.6060322387198,668.5805929230288
-87.70172983932808,984.3287640491936,670.7138948030306
-87.8007451466386,984.0715117558907,672.8271931164842
-87.87979791364083,983.8342724476247,674.920487852152
-87.93888522305207,983.6170432127839,676.9937789989026
-87.97800415769578,983.4198211393308,679.0470665457115
-87.99959996830145,983.2426034338189,681.0803504816599
-88.01075974948544,983.0853880041011,683.0936307959358
-88.01918704146075,982.9481739282464,685.0869074778337
-88.01778891572668,982.8309606118354,687.0801805167451
-87.9964078304939,982.7337456343643,689.093449902062
-87.95504086901374,982.6565260812432,691.1267156230787
-87.89368511464387,982.5992990374572,693.1799776689829
-87.81233765084822,982.5620615875655,695.2532360288567
-87.71099556119704,982.5448108157024,697.3464906916753
-87.58965592936688,982.5475438055765,699.4597416463076
-87.44831583914066,982.5702576404716,701.5929888815164
-87.3069733466862,982.5929503755684,703.7347737277445
-87.18563039732113,982.5956239551981,705.8680471738243
-87.08428990855302,982.578281296369,707.9854755721312
-86.99755183605451,982.5409250538536,710.0868994780411
-86.91472397824981,982.4835565749282,712.1753709219086
-86.82791741198726,982.4061757891519,714.2530378423228
-86.73320287704887,982.3087817989277,716.3208892447681
-86.62858080218838,982.1913732890176,718.3793491900371
-86.50868042898716,982.0739485208904,720.4431689036163
-86.36879710431197,981.9765048089665,722.5269847861914
-86.20892791204433,981.8990392386575,724.6307968266815
-86.02906993617202,981.8415488949494,726.7546050138997
-85.82922026078913,981.8040308624031,728.8984093365524
-85.60937597009604,981.7864822251544,731.0622097832398
-85.36953414839945,981.7889000669134,733.246006342456
-85.10969188011241,981.8112814709655,735.4497990025883
-84.82984722204175,981.833623520206,737.6735877519179
-84.53000212025046,981.8359232975304,739.9173725786197
-84.21015949319529,981.8181778862245,742.1811534707624
-83.87032225943936,981.7803843699998,744.4649304163081
-83.51049333765211,981.7225398329932,746.7687034031127
-83.13067564660926,981.6446413597677,749.0924724189258
-82.73087210519284,981.5466860353116,751.4362374513906
-82.31108563239115,981.4286709450391,753.7999984880441
-81.8913191472899,981.2905941470775,756.1637555163258
-81.49157556897468,981.1324575891298,758.5075085236748
-81.11185781643348,980.9542641916116,760.8312574976284
-80.7521688085478,980.7560168753649,763.1350024258298
-80.41251146409262,980.537718561657,765.4187432960288
-80.09288870173643,980.2993721721809,767.6824800960813
-79.79330344004114,980.0409806290555,769.92621281395
-79.51375859746217,979.7625468548249,772.1499414377035
-79.23425696599419,979.4666720929223,774.3736659555084
-78.93480083601261,979.1558748558384,776.6173863555308
-78.61539239450038,978.8299182552345,778.8811026258398
-78.27603387324346,978.4884242135188,781.164814754398
-77.91672756323214,978.1309894001331,783.4685227290614
-77.53747580887648,977.7572754396153,785.7922265375801
-77.13828102285665,977.366522905824,788.1359261675975
-76.71914580119689,976.9569190740308,790.4996216066511
-76.300073004235,976.5272536326236,792.8833128421716
-75.90106555105288,976.0775285354943,795.2869998614838
-75.52212634508359,975.6080665945015,797.7106826518058
-75.16325821746592,975.1193959823345,800.1543612002496
-74.82446367608257,974.617230857647,802.6180354938208
-74.50574364841438,974.1173579234584,805.1017055194186
-74.20709661612082,973.6337489909267,807.605371263836
-73.92851984336225,973.1700979663713,810.1290327137597
-73.67001041475771,972.7264077766885,812.6526898557788
-73.4315654148195,972.3026813483498,815.1563426764825
-73.21318192795324,971.8989216074016,817.6399911625575
-73.01485703845789,971.5151314794646,820.1036353007968
-72.83658789052257,971.1500797512481,822.5472750780999
-72.67837195280653,970.8007952035721,824.9709104814726
-72.5402071866639,970.4635979644257,827.3745414980272
-72.422092121469,970.1343729408234,829.758168114982
-72.30402643144143,969.7980390195048,832.1417903196533
-72.16601240657371,969.441686424419,834.5454080993571
-72.0080529644621,969.0653122464514,836.9690214413121
-71.83015102280885,968.6689135769128,839.4126303326306
-71.63230948440241,968.2527964675003,841.8762347603184
-71.41453116879298,967.8177455260079,844.3598347112754
-71.17681877184728,967.3645595741945,846.8634301722948
-70.9191748940321,966.8937521902161,849.3870211300635
-70.66160214600274,966.4042107505162,851.9106075711713
-70.42410338258914,965.8946332093948,854.4141894822076
-70.20668152191654,965.3650224947171,856.8977668498594
-70.00933948200343,964.815381534774,859.3613396609202
-69.83208018076151,964.2457132582821,861.8049079022898
-69.67490653599569,963.6560205943831,864.2284715609745
-69.53782146540406,963.0463064726446,866.6320306240867
-69.42082788657792,962.4165738230596,869.0155850788454
-69.32392774471428,961.7868255760112,871.3791349125761
-69.24711909575352,961.1770646618826,873.7226801127103
-69.19039902324174,960.5872940106669,876.0462206667862
-69.15376461061824,960.0175165519322,878.3497565624482
-69.1372129412155,959.467735214821,880.6332877874471
-69.14074109825918,958.9379529280503,882.89681432964
-69.16434616486823,958.4281726199122,885.1403361769907
-69.20802522405478,957.9383972182727,887.363853317569
-69.27177633101167,957.4486296506084,889.5873657395424
-69.3556014299748,956.9388728443955,891.8308734310784
-69.45950343736075,956.4091297275003,894.094376380247
-69.58348526947935,955.8594032282143,896.377874575012
-69.72754984253363,955.2896962752544,898.6813680032307
-69.89170007261986,954.7000117977628,901.0048566526541
-70.07593887572747,954.090352725307,903.348340510927
-70.2802691677391,953.4607219878795,905.7118195655878
-70.50469386443055,952.8111225158985,908.0752938040774
-70.74921588147075,952.1415572402071,910.4187632138368
-71.01383813442176,951.4520290920739,912.7422277824044
-71.29856353873876,950.7425410031923,915.0456874974251
-71.60339500977005,950.0130959056812,917.3291423466501
-71.928335462757,949.2636967320848,919.5925923179371
-72.27338781283405,948.4943464153721,921.83603739925
-72.63855497502867,947.7050478889374,924.0594775786591
-73.00383986427026,946.8958031143129,926.2829128443325
-73.3492453954876,946.0666101643059,928.5263431844378
-73.6747744837063,945.2174661398614,930.7897685870456
-73.98043004405767,944.3483681423495,933.07318904012
-74.2662149917787,943.4593132735655,935.3766045315189
-74.53213224221203,942.5502986357301,937.7000150489936
-74.77818471080596,941.621321331489,940.0434205801894
-75.00437531311442,940.672378463913,942.4068211126449
-75.23070599250065,939.7234681087502,944.7902166337929
-75.47717480317739,938.7945922308985,947.1936071309591
-75.74377882697169,937.8857537671528,949.6169925913637
-76.03051514560356,936.9969556538824,952.0603730021201
-76.3373808406859,936.1282008270315,954.5237483502356
-76.66437299372464,935.2794922221179,957.007118622611
-77.01148868611865,934.4508327742343,959.5104838060407
-77.37872499915979,933.6422254180475,962.0338438872133
-77.74607998632924,932.8336721155467,964.5771988527102
-78.09355559025731,932.0051709395711,967.1405486890073
-78.42115472595863,931.156718991062,969.723893382474
-78.72888030855347,930.2883133713858,972.3272329193729
-79.01673525326784,929.3999511823342,974.9505672858608
-79.28472247543337,928.4916295261241,977.5938964679876
-79.53284489048734,927.5633455053976,980.2572204516978
-79.76110541397267,926.6150962232218,982.9405392228288
-79.96950696153793,925.6468787830893,985.6238527671206
-80.15805244893724,924.6586902889176,988.2871610703137
-80.32674479203033,923.6505278450496,990.9304641182455
-80.47558690678248,922.6223885562538,993.5537618968602
-80.60458170926455,921.5742695277235,996.1570543922085
-80.71373211565295,920.5061678650774,998.740341590447
-80.80304104222957,919.4180806743597,1001.303623477839
-80.87251140538184,918.3100050620396,1003.8469000407541
-80.92214612160268,917.1819381350122,1006.3901712656595
-80.95194810749048,916.0338770005973,1008.9534371390224
-80.9619202797491,914.8658187665405,1011.5366976472123
-80.9520655551878,913.677760541013,1014.1399527764928
-80.92238685072135,912.4696994326106,1016.7632025130207
-80.8728870833699,911.2416325503552,1019.4064468428469
-80.80356917025897,909.993557003694,1022.0696857519158
-80.7144360286195,908.7254699024995,1024.7529192260654
-80.62548960349149,907.4573693293219,1027.4361472510363
-80.55672795076414,906.2092572558608,1030.0993698125694
-80.50814815394081,904.9811366257139,1032.7425868965026
-80.47974729641747,903.7730103820531,1035.3657984887807
-80.47152246148282,902.5848814676253,1037.9690045754544
-80.48347073231827,901.4167528247517,1040.552205142681
-80.51558919199796,900.268627395328,1043.1154001767245
-80.56787492348877,899.1405081208251,1045.6585896639547
-80.62032598194665,898.0123969700358,1048.2017735908391
-80.65294431167642,896.8642920226033,1050.7649519438455
-80.66573282936697,895.6961903862735,1053.3481247093441
-80.65869445181262,894.5080891692176,1055.9512918735986
-80.63183209591314,893.2999854800316,1058.5744534227667
-80.58514867867368,892.0718764277381,1061.2176093428993
-80.51864711720481,890.823759121784,1063.8807596199415
-80.43233032872249,889.5556306720422,1066.563904239732
-80.32620025826058,888.2874881887756,1069.2670431880028
-80.20025496180858,887.039328782247,1071.99017645038
-80.05449152317387,885.8111495623295,1074.7333040123829
-79.88890702626921,884.6029476384709,1077.496425859425
-79.7034985551128,883.4147201196936,1080.279541976813
-79.49826319382824,882.2464641145948,1083.0826523497478
-79.27319802664452,881.0981767313464,1085.9057569633237
-79.02830013789614,879.9698550776951,1088.7488558025286
-78.76356758431047,878.8414962609977,1091.6119488522443
-78.4790023118701,877.6930973886115,1094.4950360972457
-78.17460723895056,876.5246555682837,1097.3981175222023
-77.85038528403281,875.3361679081872,1100.3211931116766
-77.50633936570325,874.1276315169208,1103.2642628501253
-77.14247240265371,872.8990435035084,1106.2273267218982
-76.75878731368137,871.6504009774002,1109.210384711239
-76.35528701768882,870.3817010484715,1112.2134368022853
-75.93197443368406,869.0929408270239,1115.2364829790681
-75.48885248078037,867.7841174237842,1118.2795232255123
-75.02592407819641,866.4552279499054,1121.342557525436
-74.54319214525616,865.1062695169659,1124.4255858625515
-74.04065960138888,863.7372392369699,1127.528608220465
-73.51832936612915,862.3481342223477,1130.6516245826758
-72.97620435911682,860.938951585955,1133.794634932577
-72.414287500097,859.5096884410736,1136.9576392534557
-71.84065309163427,858.0775621157366,1140.120637528501
-71.26674402065208,856.6561854523702,1143.2636297409026
-70.69663995381931,855.2411987057591,1146.3866158739474
-70.1311964721559,853.8316987059159,1149.4895959110288
-69.57059230190228,852.427509822589,1152.5725698356462
-69.0148674259641,851.0286049320625,1155.6355376314061
-68.46403322983406,849.6349867353111,1158.678499282021
-67.9180949488855,848.2466635448932,1161.7014547713097
-67.36470668543201,846.8709500575847,1164.7244040831883
-66.79151868246517,845.5151544186148,1167.7673472015738
-66.1985280261706,844.1792737401154,1170.8302841102848
-65.58573180283925,842.8633051337932,1173.913214793034
-64.95312709886736,841.5672457109303,1177.016139233428
-64.30071100075652,840.2910925823835,1180.1390574149666
-63.628480595113665,839.0348428585851,1183.2819693210436
-62.936432968651076,837.798493649542,1186.4448749349465
-62.22456618047387,836.5620420648722,1189.6265463403051
-61.492882178942324,835.305485214194,1192.8236405178834
-60.741383884809544,834.0288202075162,1196.0317056818071
-59.97007421893397,832.7320441552737,1199.246152711321
-59.17895610227943,831.415154168327,1202.461939875619
-58.36803245591505,830.0781473579633,1205.672059861996
-57.53730620101529,828.7210208358952,1208.8672340355274
-56.68678025885991,827.3437717142616,1212.0424017808512
-55.81645755083395,825.9463971056275,1215.2175630810743
-54.92634099842773,824.528894122984,1218.4127179193042
-54.01643352323683,823.091259879748,1221.62786627855
-53.08673804696203,821.6334914897628,1224.8630081417155
-52.137257491409386,820.1555860672977,1228.1181434915973
-51.167994778490126,818.6575407270482,1231.393272310886
-50.178952830220695,817.1393525841357,1234.6883945821662
-49.170134568722695,815.6010187541083,1238.000267409957
-48.141541943935465,814.0625363529042,1241.3288907766473
-47.11317301674484,812.5439034687503,1244.6775075424957
-46.095052909962675,811.045121593853,1248.0461176896958
-45.08717871214054,809.566191737939,1251.434721200335
-44.07951947756978,808.1071153923656,1254.8433180563939
-43.07207229474635,806.667891615984,1258.2719082397473
-42.08200682333971,805.2485222466294,1261.7204917321635
-41.09291439004079,803.8490088840828,1265.1890685153044
-40.10762048435075,802.4493511474299,1268.6776385707255
-39.1425328177953,801.0295511858782,1272.1862018798765
-38.197654312368684,799.5896119465816,1275.7147584241004
-37.27298788995767,798.1295363771203,1279.2633081846338
-36.36853647234154,796.6493274255004,1282.831851142607
-35.484302981192094,795.1489880401542,1286.4203872790442
-34.62029033807362,793.6285211699403,1290.028916574863
-33.77650146444288,792.0879297641432,1293.657439010875
-32.93293928165795,790.527215800186,1297.285954567794
-32.06960671107571,788.9463773667683,1300.8944632263344
-31.1865066741493,787.345411580728,1304.4829649673075
-30.283642092436985,785.7243155593292,1308.0514597716312
-29.36101588760212,784.0830864202622,1311.59994762033
-28.41863098141315,782.4217212816435,1315.1284284945345
-27.456490295743578,780.7402172620154,1318.6369023754821
-26.47459675257197,779.0385714803467,1322.125369244516
-25.47295230169448,777.3367810559968,1325.5938290830861
-24.451555003862524,775.6548431083254,1329.0422818727488
-23.41040194764511,773.9927547563038,1332.4707275951669
-22.349490221716295,772.3505131184783,1335.8791662321091
-21.26881691485521,770.7281153129704,1339.2675977654512
-20.168379115946063,769.1255584574775,1342.636022177175
-19.048173913978168,767.5428396692722,1345.9844394493682
-17.908198398045947,765.9799560652025,1349.312849564226
-16.76467834416778,764.4169055506275,1352.6212525040494
-15.634380427723297,762.8336892126142,1355.9096482512452
-14.516972202475285,761.2303089895364,1359.1780367883277
-13.41041463718833,759.6067666198013,1362.426418097917
-12.31264491974657,757.9630635288335,1365.6547921627393
-11.222052050731355,756.2992008764671,1368.863158965628
-10.137482988907108,754.6151796185194,1372.0515184895223
-9.058325220349724,752.9110005825123,1375.219870717468
-7.971911020998147,751.186663933267,1378.3682156326172
-6.865749901479481,749.4421673979774,1381.496553218228
-5.739844784538127,747.6775080969044,1384.6048834576657
-4.594198593023469,745.8926831507348,1387.6932063344016
-3.4488132775935667,744.1076906528341,1390.7615218320132
-2.3236868997553204,742.3425325857181,1393.8098299341848
-1.218816548629323,740.5972119038013,1396.8381306247065
-0.13419931322845446,738.8717315610734,1399.8464238874756
0.9301677175421014,737.1660945110997,1402.8347097064948
1.9742874548848428,735.4803037070207,1405.8029880658744
2.998162810109934,733.8143621015525,1408.75125894983
4.00179669463519,732.1682726469868,1411.6818544807443
4.985191047698618,730.5220382952257,1414.594774643034
5.948343919496081,728.8556619981723,1417.4876872831492
6.891252388043636,727.1691467081205,1420.3605923857062
7.813913531464989,725.46249537779,1423.2134899354285
8.716324427991513,723.7357109603271,1426.0463799171455
9.598482155962262,721.9887964093039,1428.8592623157933
10.46038379382399,720.2217546787185,1431.6521371164142
11.30202642013116,718.4345887229955,1434.425004304157
12.143408085824545,716.6473005246622,1437.197863864268
13.004530730996077,714.8798881770971,1439.9907157819932
13.885397267929015,713.132348801002,1442.8035600424816
14.786010608801632,711.4046795166536,1445.6363966307758
15.706373665687194,709.6968774439042,1448.4892255318123
16.64648935055395,708.0089397021814,1451.3620467304204
17.606360575265107,706.3408634104879,1454.2548602113243
18.58599025157883,704.692645687402,1457.167665959141
19.565381291157074,703.0642846233645,1460.0804639583905
20.524536605663062,701.4557821975417,1462.9732541935928
21.463459106858764,699.8671413609624,1465.846036649365
22.382151706613733,698.2983650642307,1468.6988113104312
23.2806173169051,696.7494562575262,1471.5315781616216
24.158858849817555,695.2204178906037,1474.3443371878727
25.016879217543327,693.7112529127934,1477.1370883742275
25.85468133238217,692.2219642730006,1479.9098317058354
26.692267134445054,690.732553947454,1482.6625671679524
27.54963467469432,689.2230200232331,1485.3952947459406
28.426781031708547,687.6933596155205,1488.1080144252685
29.323703283961134,686.1435698399251,1490.8007261915109
30.24039850982032,684.5736478124818,1493.4734300303494
31.176863787549202,682.9835906496513,1496.1261259275716
32.133096195305754,681.373395468321,1498.7588138690717
33.10909281114283,679.7430593858038,1501.3714938408505
34.08485071301704,678.0925804921268,1503.9841658290056
35.04036697888629,676.4219607668927,1506.6168298196355
35.97563868680724,674.7312031624177,1509.2694857987406
36.89241306676897,673.0256699576047,1511.9421337522153
37.81068921149038,671.3253627929059,1514.634773665848
38.72871855938618,669.6270141599272,1517.3474055253198
39.64650054027203,667.9306250669912,1520.0800293162067
40.56459794685043,666.2378844480373,1522.8326450239776
41.48300956526245,664.5287932021045,1525.6052526339954
42.42117111800299,662.7995665719275,1528.3978521315166
43.37907968322099,661.0502016773275,1531.2104435016913
44.356732338960406,659.2806956385518,1534.0430267295635
45.35412616316018,657.4910455762737,1536.8956018000708
46.371258233654295,655.6812486115928,1539.7681686980445
47.40812562817177,653.8513018660349,1542.6607274082094
48.46472542433667,652.0012024615519,1545.5732779151842
49.54105469966815,650.1309475205219,1548.505820203481
50.637110531580454,648.2405341657493,1551.4583542575067
51.75288999738291,646.3299595204649,1554.4308800615604
52.88839017427997,644.3992207083254,1557.4233975998354
54.04360813937122,642.4483148534141,1560.4359068564193
55.21854096965142,640.4772390802403,1563.4684078152925
56.413185742010455,638.48599051374,1566.5209004603296
57.627539533233424,636.4745662792752,1569.593384775299
58.841600392296904,634.4629644748862,1572.6858607438623
60.03537025732881,632.4711870877644,1575.7983283495755
61.2167622370517,630.4992366924499,1578.9307875758877
62.39292884302528,628.5471143618372,1582.0832384061418
63.56413158418508,626.6148208822032,1585.2556808235747
64.7304536552841,624.7023569238305,1588.4481148113166
65.89203105032614,622.809723237494,1591.6605403523915
67.04910782608431,620.9369204511222,1594.8929574297172
68.19338404110155,619.0639496649045,1598.1453660261052
69.31738671353257,617.1708134722204,1601.4177661242607
70.42409649254299,615.257514684995,1604.7101577067824
71.52703183485033,613.3240550231134,1608.022540756163
72.63838213186992,611.3704339322534,1611.3549152547885
73.76011947074707,609.3966500089184,1614.7072811849387
74.89266228485558,607.402701702378,1618.0796385287877
76.0361298875625,605.3885874260957,1621.4719872684025
77.17492308586407,603.3743063441547,1624.864327385753
78.29342519264564,601.3798606567581,1628.2366588628092
79.39163911882186,599.4052533230096,1631.5889816816384
80.46956777541521,597.4504873015884,1634.9212958244145
81.52721407355611,595.5155655507493,1638.2336012734177
82.56458092448275,593.6004910283224,1641.5258980110348
83.58167123954125,591.705266691713,1644.7981860197585
84.57848793018549,589.8298954979019,1648.0504652821887
85.56095838505843,587.9543801154192,1651.3027357810222
86.54908065435198,586.0587213763216,1654.5749974989558
87.55166756606761,584.1429173437464,1657.8672504185893
88.5639327116475,582.2069663965376,1661.179494522416
89.58572647561695,580.2508671074289,1664.5117297928225
90.61717075209785,578.2746181111206,1667.86395621209
91.65805480357288,576.2782179741614,1671.2361737623924
92.70861137678072,574.2616653549906,1674.628382425798
93.75445094453681,572.2267357336129,1678.0205821842774
94.77999459422708,570.1870812932123,1681.392773019801
95.78524311651543,568.160928744851,1684.7449549144374
96.77019911421651,566.1546310677106,1688.0771278503607
97.7348654989551,564.1681912211035,1691.3892918098525
98.68059315151842,562.2016120983872,1694.6814467752997
99.61099798079331,560.2548962202586,1697.9535927291963
100.52844634588291,558.3280455962234,1701.2057296541423
101.42932816171749,556.4210622865395,1704.4378575328444
102.30993492412604,554.5339490679679,1707.6499763481156
103.17026954528822,552.6667088972733,1710.8420860828753
104.01033493749146,550.8193447307955,1714.0141867201494
104.83013401313102,548.9918595244496,1717.1662782430699
105.62966968470988,547.1842562337263,1720.2983606348755
106.4089448648388,545.3965378136909,1723.4104338789111
107.16796246623628,543.6287072189842,1726.502497958628
107.91480859691795,541.8607670108511,1729.5745528575844
108.6609607394848,540.0727180134513,1732.6265985594441
109.41135486928383,538.2645599230513,1735.6586350479777
110.16826553509642,536.4362919354388,1738.6706623070622
110.93277987722261,534.5879130117675,1741.6626803206811
111.7054283190033,532.7194220000605,1744.6346890729242
112.48647781404019,530.830817692498,1747.5866885479875
113.27607262378218,528.922098852393,1750.5186787301736
114.05982682775449,526.9932649302575,1753.450659603883
114.82852944752763,525.0443179276272,1756.4026311535156
115.58982460346907,523.0752594139062,1759.374593363374
116.34777659726166,521.0860901543763,1762.3665462176548
117.10518408271842,519.0768104204388,1765.378489700448
117.86400530914513,517.0474201403737,1768.4104237957376
118.62558899825244,514.997919003164,1771.462348487401
119.39082372769353,512.9283065364241,1774.532932427957
120.1679063178968,510.8385817922957,1777.6021756010864
120.96468458638964,508.72874227974563,1780.6514093217297
121.78115561207282,506.5987851265078,1783.6806335736724
122.61731647374239,504.44870746074207,1786.6898483408067
123.4731642500897,502.27850641103447,1789.6790536071308
124.34869601970138,500.08817910639704,1792.6482493567491
125.24390886105944,497.87772267626787,1795.5974355738733
126.1587998525412,495.64713425051116,1798.5308659745463
127.0933670447068,493.41641095938184,1801.4485405431694
128.0476123771615,491.20554993313544,1804.3462055325022
129.0215387616934,489.01454830163834,1807.2238609271362
130.0151491099859,486.84340319433227,1810.0815067117692
131.02844616444182,484.68863178265985,1812.9191428712054
132.0414311875528,482.5302321676104,1815.736769390356
133.053995900733,480.36570667499257,1818.5343862542372
134.06614010829134,478.1950543990265,1821.3119934479735
135.05796938300577,476.0242559901915,1824.0695909567942
136.02948566417714,473.8733144111746,1826.807178766036
136.98069186350168,471.7422326242738,1829.5247568611414
137.91159089278358,469.63101359136243,1832.2223252276597
138.82218566393507,467.5396602738891,1834.8998838512462
139.71247908897638,465.4681756328778,1837.557432717663
140.5824740800356,463.4165626289276,1840.1949718127785
141.4321735493489,461.3848242222131,1842.8125011225673
142.2615804092602,459.37296337248415,1845.4300206331018
143.07069757222143,457.3809830390657,1848.0675303304545
143.85952795079243,455.40888618085796,1850.7250302005998
144.62807445764082,453.45667575633644,1853.4025202294067
145.37633986075716,451.5213764883123,1856.1000004026373
146.10432610832768,449.5950604091195,1858.817470705948
146.8120337164015,447.6661054314524,1861.554931124888
147.50153748083738,445.7224453373252,1864.312381644901
148.19283474345588,443.7586849886801,1867.089822251324
148.90384650338845,441.77482238144046,1869.8872529293878
149.63456983999188,439.7708546405956,1872.7046736642171
150.3850018325182,437.7467788915607,1875.54208444083
151.15513956011463,435.7025922601769,1878.3994852441383
151.9449801018236,433.63829187271153,1881.2768760589477
152.75452053658273,431.5538748558576,1884.1742568699576
153.58375794322495,429.44933833673446,1887.0916276617609
154.41269037277473,427.3446804151393,1890.0089884188533
155.22131976540788,425.2599030800198,1892.9063391257303
156.00964903368683,423.19500929222176,1895.783679766985
156.77768109028193,421.1500020121662,1898.6410103273172
157.52541884797142,419.12488419984936,1901.4783307915327
158.25286521964154,417.11965881484247,1904.295641144544
158.96002311828633,415.1343288162922,1907.0929413713702
159.64689545700782,413.1688971629203,1909.870231457136
160.3334841767195,411.20336584077154,1912.6275113870734
161.0397873291867,409.21773294674153,1915.3647811465203
161.76580199379126,407.211995605829,1918.082040720921
162.5115252498102,405.1861509434585,1920.7792900958264
163.2769541764158,403.1401960854806,1923.4565292568936
164.06208585267555,401.074128158172,1926.1137581898868
164.86691735755213,398.98794428823527,1928.7509768806754
165.69144576990345,396.881641602799,1931.368185315236
166.53566816848274,394.7552172294178,1933.9853834796427
167.39958163193845,392.6086682960724,1936.6225713599695
168.28318323881436,390.4419919311696,1939.279748942193
169.18647006754955,388.25518526354216,1941.9569162121836
170.10943919647843,386.0482454224491,1944.6540731557052
171.0520877038307,383.82116953757554,1947.3712197584157
172.01441266773148,381.5739547390326,1950.1083560058662
172.9964111662012,379.3065981573576,1952.8654818835023
173.99808042733795,377.02218617979514,1955.6225973766711
175.01941854298423,374.7292175836961,1958.359702470721
176.0604251413582,372.43996855041553,1961.076797151097
177.12110167413377,370.16593456531336,1963.7738814033505
178.1905935657133,367.91174498113634,1966.4509552131399
179.2535057628013,365.67739978839415,1969.10801856623
180.30545418320173,363.462900380492,1971.7450714484912
181.3465995216914,361.2682483410658,1974.3621138459011
182.39218894465537,359.09344450417063,1976.9591457445433
183.45746554435854,356.93848673967125,1979.5361671306082
184.54243223199856,354.8033721761162,1982.093177990392
185.64709191866837,352.68809794162945,1984.6301783102979
186.77144751535624,350.59266116391035,1987.1471680768352
187.91550193294566,348.51705897023373,1989.6441472766198
189.0792580822154,346.4612884874499,1992.1211158963738
190.26271887383942,344.42534684198466,1994.5780739229258
191.4458862461084,342.38923213216225,1997.0350213432016
192.6087582481647,340.3329463454575,1999.511958144128
193.7513319569624,338.25649244202367,2002.0088843125334
194.87360444956346,336.1598733824402,2004.5257998351403
195.97557280313782,334.04309212771284,2007.0627046985646
197.05723414980875,331.9072798111925,2009.6195988893166
198.11858610708836,329.75903713010666,2012.1964823937997
199.1596276237524,327.60821212023404,2014.793355198311
200.2003592042559,325.4682090360072,2017.3902172890507
201.26078332108816,323.3480527322683,2019.9670686522186
202.34090288547264,321.2477403367841,2022.5239092741122
203.44072080852806,319.1672689768969,2025.0607391411352
204.56024000126843,317.1066357795244,2027.577558239798
205.69946337460297,315.06583787115983,2030.0743665567172
206.85839383933614,313.04487237787174,2032.551164078616
208.03703430616758,311.0437364253043,2035.0079507923235
209.23538739704412,309.05648963487295,2037.4647266847671
210.4534546983555,307.0796423398946,2039.941491742874
211.69123810751637,305.11817698610264,2042.4382459534736
212.94874018013985,303.17557748946916,2044.9549893032893
214.22596378011167,301.2527931567253,2047.4917217789384
215.52291181750243,299.34982111141,2050.0484433669317
216.8395872022779,297.4666584766375,2052.625154053673
218.17599284429886,295.6033023750979,2055.2218538254615
219.53213165332124,293.7597499290567,2057.8185426684977
220.90800653899606,291.93599826035523,2060.395220568982
222.30362041086934,290.13204449041035,2062.951887513213
223.71897617838218,288.3478857402147,2065.488543487596
225.15407675087062,286.5835191303364,2068.0051884786412
226.60892503756583,284.8389417809196,2070.501822472967
228.08352394759385,283.1141508116839,2072.978445457297
229.57787638997576,281.4091433419247,2075.435057418462
231.09198430134018,279.7039164905485,2077.8916583433893
232.6258457290608,277.9784673764633,2080.368248219008
234.179457748119,276.23279311896783,2082.8648270321473
235.752817433391,274.46689083778773,2085.3813947695326
237.345921859648,272.68075765307503,2087.9179514177813
238.95876810155627,270.8743906854085,2090.4744969634057
240.59135323367715,269.0477870557936,2093.051031392811
242.24367433046692,267.2009438856624,2095.647554692296
243.89572846628576,265.33385926916105,2098.244066848063
245.52751271549536,263.4465351900122,2100.8205678463137
247.13902415255632,261.5389746046526,2103.377057673347
248.73025985203697,259.61118046994574,2105.9135363155688
250.30121688861354,257.6631557431817,2108.430003759491
251.85189233707,255.69490338207706,2110.9264599917324
253.3822832722983,253.70642634477528,2113.402904999018
254.89238676929813,251.69772758984627,2115.8593387681794
256.3821999031771,249.6688100762865,2118.315761286145
257.85171974915073,247.61967676351904,2120.792172539844
259.30094338254247,245.55033061139352,2123.288572516108
260.72986787878364,243.46077458018607,2125.8049612016625
262.1384903134135,241.3510116305994,2128.3413385831263
263.5268077620794,239.2210447237627,2130.8977046470122
264.89481730053643,237.07087682123162,2133.474059379726
266.24251600464794,234.90051088498834,2136.0704027675683
267.58123184820454,232.7299493266088,2138.6867347967327
268.9221553062552,230.57919236135456,2141.3230554533066
270.2650916261784,228.4482396835308,2143.9793647232714
271.61002841312984,226.33709100284304,2146.6556625925023
272.95716666641965,224.24574601570305,2149.3519490467675
274.30696750192317,222.17420437091624,2152.0682240717297
275.6602202215367,220.12246562708407,2154.8044876529443
277.0181392980364,218.09052919806857,2157.5607397758617
278.36861089607396,216.07839495684297,2160.3169804258346
279.6987949230169,214.08606523806756,2163.0532095882145
281.0086942886543,212.11354300033273,2165.769427248452
282.2983119028829,210.1608312018045,2168.465633392103
283.5676506757075,208.22793280022455,2171.1418280048306
284.81671351724066,206.31485075291005,2173.798011072404
286.0455033377027,204.42158801675382,2176.4341825806982
287.2540230474218,202.54814754822416,2179.0503425156962
288.442275556834,200.694532303365,2181.666490863477
289.61026377648295,198.86074523779575,2184.3026276101205
290.75799061702014,197.04678930671133,2186.958752741609
291.8854589892048,195.25266746488217,2189.6348662438177
292.9926718039038,193.4783826666541,2192.3309681025166
294.079631972092,191.72393786594856,2195.04705830337
295.1463424048516,189.9893360162623,2197.7831368319335
296.1928060133728,188.27458007066758,2200.539203673658
297.21902473666563,186.55967298184748,2203.3152588138887
298.22499662469835,184.8246177024859,2206.1113022378636
299.21071875525934,183.06941718565753,2208.9273339307147
300.1761882062446,181.29407438486314,2211.7633538774667
301.1214020556579,179.49859225402977,2214.6193620630397
302.0463573816107,177.6829737475105,2217.495358472247
302.95105126232215,175.8472218200846,2220.3913430897946
303.8354807761192,173.99133942695747,2223.3073159002834
304.69964300143647,172.11532952376052,2226.243276888207
305.5435350168164,170.21919506655135,2229.1992260379543
306.36715390090933,168.30293901181355,2232.175163333806
307.17049673247317,166.3665643164568,2235.1710887599374
307.9535605903738,164.41007393781678,2238.1870023004176
308.7163425535849,162.43347083365526,2241.22290393921
309.4588397011881,160.43675796215996,2244.27879366017
310.18104911237265,158.41993828194458,2247.354671447048
310.90296883871457,156.4030137797259,2250.4505372834888
311.64460073877353,154.4042923656203,2253.566391153029
312.40594709230095,152.41750763192704,2256.700076388558
313.18700900154226,150.43384773002037,2259.8385583741137
313.9877863469243,148.44545929966907,2262.963993743558
314.8082779626049,146.44590002009042,2266.069417079579
315.6484818579153,144.4302910701854,2269.1548283656634
316.50839545676234,142.3955681814984,2272.220227585404
317.3680168591095,140.3607194154959,2275.2656147225002
318.20734800496956,138.3457467592617,2278.2909897607583
319.02639180674163,136.3506531717776,2281.296352684091
319.8251511769327,134.37544161160073,2284.281703476516
320.60362902815774,132.42011503686342,2287.24704212216
321.3618282731394,130.48467640527318,2290.192368605254
322.0997518247083,128.56912867411276,2293.117682910136
322.8174025958027,126.67347480024007,2296.0229850212504
323.5147834994689,124.79771774008815,2298.9082749231484
324.19189744886074,122.94186044966519,2301.773552600487
324.8487473572401,121.10590588455455,2304.6188180380304
325.4853361379764,119.28985699991465,2307.4440712206483
326.10166670454686,117.49371675047905,2310.2493121333177
326.6977419705365,115.71748809055637,2313.0345407611208
327.273564849638,113.96117397403032,2315.7997570892476
327.82913825565157,112.22477735435962,2318.544961102994
328.3844651024765,110.5083002122906,2321.270152787762
328.95954830401325,108.81174063899488,2323.9753321290605
329.55439077406606,107.1350957529316,2326.660499112504
330.1689954253229,105.4783418686835,2329.325653723815
330.8033645724487,103.82923931608599,2331.97079594882
331.4574977760987,102.16780601607155,2334.5959257734544
332.1313924933359,100.48627587415629,2337.2010431837584
332.82504580371443,98.78464600847244,2339.7861481658797
333.5184557589798,97.08291450983016,2342.351240706071
334.1916243000285,95.40108335818994,2344.896320790693
334.8445543401432,93.73915550541024,2347.421388406212
335.47724879271425,92.09713390292468,2349.9264435392006
336.0897105712396,90.47502150174195,2352.411486176338
336.68527459005577,88.8728210904627,2354.87651630441
337.26767419345947,87.29053478996073,2357.3215339103085
337.8372049893078,85.72816448636436,2359.7465389810322
338.3901384885457,84.16571224281641,2362.1515315036863
338.92284824712385,82.58725963455095,2364.536511465482
339.43533300572125,81.01064837728282,2366.9014788537365
339.9275944842079,79.4518026184831,2369.246433655874
340.39963549176144,77.91288654127894,2371.5713758594256
340.8514589427341,76.3939030944743,2373.8763054520277
341.2830677515856,74.89485522644812,2376.1612224214246
341.69446483288317,73.41574588515428,2378.4261267554652
342.08565310130155,71.95657801812158,2380.6710184421063
342.45663547162286,70.5173545724537,2382.8958974694106
342.8074148008359,69.09688747005109,2385.100763825547
343.13799339661267,67.68745105384319,2387.2856174987905
343.4483718374635,66.2742808767874,2389.4504584775236
343.7385485873578,64.84510848839055,2391.5952867502347
344.0085209243691,63.395895253013975,2393.720102305518
344.2582859301996,61.926644117545045,2395.8249051320754
344.5078406866498,60.43735705700926,2397.9296952187055