
-36.206419796449936,853.086333575414,-28.97205170599428
-37.84535746170283,851.8136003170067,-30.795513441511908
-39.46448279111944,850.5211046415944,-32.638975013263874
-41.06379869295229,849.2088436598965,-34.502436411447476
-42.643308075559275,847.8768144830563,-36.38589762615366
-44.20301384740359,846.5250142226412,-38.289358647367024
-45.74291891705374,845.1534399906432,-40.212819464965804
-47.26302619318353,843.7620888994782,-42.1562800687219
-48.76333761228459,842.370958061951,-44.09974044830971
-50.24385122180404,841.0000445908651,-46.023200593403644
-51.70456409700686,839.649345598633,-47.92666049377561
-53.14547331326329,838.3188581972407,-49.81012013930385
-54.56657594604889,837.0085794982477,-51.67357951997296
-55.96786907094455,835.7185066127868,-53.5170386258739
-57.349349763636496,834.4486366515642,-55.34049744720399
-58.711015099916295,833.19896672486,-57.143955974266866
-60.05286312796834,831.9494939425631,-58.92741419747256
-61.37489578523216,830.6802154145612,-60.69087210733743
-62.677115981540105,829.3911282511312,-62.43432969448419
-63.95952662682988,828.0822295629742,-64.15778694964192
-65.22213063114451,826.7535164612158,-65.86124386364604
-66.46493090463238,825.4049860574057,-67.54470042743833
-67.68793035754715,824.0366354635187,-69.2081566320669
-68.89113190024779,822.6484617919533,-70.85161246868626
-70.07453844319852,821.240462155533,-72.47506792855722
-71.23815289696884,819.8126336675056,-74.07852300304698
-72.3819781722335,818.3649734415433,-75.66197768362909
-73.5060171797725,816.8974785917429,-77.22543196188344
-74.61027283047099,815.4101462326258,-78.76888582949627
-75.69474803531938,813.9029734791377,-80.29233927826019
-76.75944570541323,812.3759574466491,-81.79579230007414
-77.80436875195329,810.829095250955,-83.27924488694345
-78.84951935856984,809.277353121138,-84.76269703097091
-79.9148967670808,807.736341811026,-86.26614872425931
-81.00049933362699,806.2073906149313,-87.78959995881398
-82.10632521412033,804.6919212255557,-89.33305072653387
-83.23237235044833,803.1914520617338,-90.89650101921161
-84.3786384560399,801.7076029242394,-92.47995082853348
-85.54512100070764,800.2421000645298,-94.08340014607937
-86.73181721805103,798.7963020598014,-95.70684896332287
-87.91872420759668,797.3706776280966,-97.33029727164008
-89.08583904617969,795.9652248553672,-98.93374506240707
-90.23315881073152,794.5799408548509,-100.51719232709742
-91.36068057828892,793.2148227393592,-102.08063905729108
-92.4684014259939,791.8698676212776,-103.62408524467433
-93.55631843109377,790.545072612565,-105.14753088103981
-94.62442867094116,789.2404348247542,-106.65097595828651
-95.672729222994,787.9559513689516,-108.13442046841979
-96.70121813710301,786.671619355873,-109.59786440355134
-97.70989735237403,785.3674358962334,-111.04130775589924
-98.69876978030568,784.0433981011367,-112.46475051778789
-99.6678383325019,782.6995030821118,-113.86819268164805
-100.61710592067195,781.3357479511121,-115.25163424001686
-101.54657545663036,779.9521298205156,-116.61507518553776
-102.45624985229699,778.5486458031248,-117.95851551096062
-103.3461320196969,777.1252930121674,-119.28195520914161
-104.2362238986641,775.7020695335473,-120.58539427304326
-105.14652353988174,774.2989773423177,-121.86883269573448
-106.07702802164694,772.9160193854286,-123.13227047039051
-107.02773442214936,771.5531986094039,-124.37570759029293
-107.99863981947125,770.2105179603413,-125.59914404882973
-108.98974129158744,768.8879803839123,-126.80257983949521
-110.00103591636534,767.5855888253624,-127.98601495589003
-111.03252077156503,766.3033462295108,-129.1494493917212
-112.06419390713552,765.0212545684984,-130.2928831408021
-113.07605726217456,763.7193119253159,-131.41631619705248
-114.06811374816385,762.3975154110552,-132.5197485544984
-115.0403662766904,761.0558621372334,-133.6031802072723
-115.99281775944655,759.6943492157916,-134.66661114961298
-116.9254711082299,758.3129737590963,-135.71004137586561
-117.83832923494334,756.9117328799381,-136.7334708804817
-118.73139505159503,755.4906236915323,-137.73689965801907
-119.62467147028951,754.0496442798067,-138.72032770314195
-120.5381614031302,752.5887966202635,-139.6837550106209
-121.47186776212189,751.1080836611168,-140.62718157533286
-122.42579345916187,749.6075083510054,-141.5506073922611
-123.39994140603991,748.0870736389932,-142.45403245649527
-124.39431451443828,746.5467824745682,-143.33745676323133
-125.40891569593164,744.9866378076435,-144.20088030777163
-126.44374786198715,743.4066425885566,-145.0443030855249
-127.4788139239732,741.8067987957821,-145.88772509199725
-128.49411679325698,740.1871045190696,-146.75114632269495
-129.4896593813019,738.5475568763059,-147.6345667730267
-130.46544459967637,736.8881529858021,-148.53798643829487
-131.42147536005402,735.2088899662942,-149.46140531369545
-132.35775457421337,733.5097649369429,-150.40482339431813
-133.27428515403807,731.7907750173334,-151.36824067514624
-134.17107001151672,730.0519173274758,-152.35165715105674
-135.0481110864555,728.3131889877692,-153.33507281682915
-135.90540642961582,726.5945871186121,-154.29848766724294
-136.74295311957667,724.8961088400126,-155.2419016971751
-137.56074823502195,723.2177512715523,-156.165314901609
-138.3587888547407,721.5595115323871,-157.0687272756343
-139.137072057627,719.9213867412468,-157.9521388144471
-139.89559492267992,718.3033740164352,-158.81554951334977
-140.63435452900367,716.70547047583,-159.6589593677511
-141.35334795580752,715.127673236883,-160.50236837315734
-142.0525722824059,713.5699794166198,-161.36577652507478
-142.73202458821822,712.0323861316405,-162.24918381891217
-143.3917019527692,710.5148904981188,-163.15259024997198
-144.03160145568864,709.0174896318028,-164.07599581345025
-144.6517201767115,707.5401806480146,-165.01940050443676
-145.25205519567797,706.0829606616503,-165.98280431791488
-145.8326035925334,704.6458267871802,-166.9662072487617
-146.40701760631885,703.2287768024858,-167.94960929175673
-146.98811006723395,701.8318110995632,-168.91301044167957
-147.57420090078608,700.4549305298639,-169.85641069340727
-148.16361736430426,699.0981357002493,-170.77981004192324
-148.75470048615685,697.7614269745678,-171.6832084823173
-149.3458094221448,696.4448044759937,-172.56660600978552
-149.9353243165333,695.1482680899028,-173.43000261963044
-150.52164816363256,693.87181746707,-174.2733983072609
-151.09607302637647,692.6154516802422,-175.09679306819203
-151.6506820673102,691.3791682243616,-175.90018689804546
-152.18547236662226,690.1629642092138,-176.68357979254907
-152.7004410046065,688.9668367441589,-177.4469717475371
-153.19558506166223,687.7907829381312,-178.19036275895024
-153.67090161829418,686.6347998996391,-178.91375282283542
-154.12638775511252,685.4988847367654,-179.61714193534598
-154.56204055283283,684.3830345571668,-180.30053009274164
-154.99785718806012,683.2852769775664,-180.98391729137953
-155.45383524737036,682.2030922143724,-181.68730352761685
-155.92997254758296,681.1353693963358,-182.41068879771333
-156.4262670694571,680.0809758647343,-183.15407309782233
-156.94271696076086,679.0387587250249,-183.91745642399087
-157.47932053908383,678.0075468252654,-184.7008387721596
-158.03607629433955,676.9861529457763,-185.50422013816288
-158.61298289092423,675.9733765142761,-186.32760051772863
-159.19003981873502,674.9546497646099,-187.15187971727798
-159.74724931267255,673.9160057273832,-187.9578015755149
-160.28461428663618,672.8574415081969,-188.74503745961403
-160.80213765463077,671.7789542130768,-189.5132242825036
-161.29982233076666,670.6805409484737,-190.26196289306517
-161.77767122925974,669.5621988212636,-190.99087252712465
-162.23568726443133,668.4239249387473,-191.69978114558876
-162.67387335070825,667.2657164086507,-192.38868874468787
-163.0922314303353,666.1075703390895,-193.05759532075868
-163.49075955651293,664.9694838381787,-193.7065008702442
-163.86945481025967,663.8514540136433,-194.3354053896939
-164.2283142726994,662.7534779727825,-194.9443088757635
-164.5673350250616,661.67555282247,-195.53321132521518
-164.88651414868113,660.6176756691535,-196.10211273491734
-165.18584872499844,659.5798436188552,-196.65101310184488
-165.46533583555947,658.5620537771717,-197.17991242307897
-165.72497296507305,657.5560123404753,-197.68881069580715
-165.96475909451934,656.555812936506,-198.17770791732335
-166.1846930319948,655.5661396812952,-198.6466040850278
-166.3847729150837,654.5914981504221,-199.09549919642717
-166.56499627233035,653.635489345707,-199.5243932491344
-166.72536025373148,652.6995053771868,-199.9332862408688
-166.86586194157198,651.7835433482956,-200.3221781694561
-166.9864984182424,650.8876003620416,-200.69106903282832
-167.08726773852638,649.9916735210434,-201.03995882902387
-167.1683239918486,649.0757599353155,-201.36884755618752
-167.23000090518713,648.1398567535343,-201.6777352125704
-167.2726903721269,647.1839611771646,-201.96662179652998
-167.29685270867137,646.2080704696912,-202.23550730653005
-167.30302545756118,645.2121819672748,-202.48439174114083
-167.29182864936317,644.1963587194551,-202.71327509903884
-167.2639602978319,643.1626141236142,-202.92215737900702
-167.21801759794164,642.110880068956,-203.13103857992573
-167.15223241275962,641.039137866891,-203.3599187006754
-167.066607659498,639.9473846237419,-203.6087977400389
-166.9611462554744,638.835617446257,-203.87767569669285
-166.83585100736227,637.7061115683226,-204.16655256920745
-166.69072412168197,636.5643770636359,-204.4754283560466
-166.52576684882501,635.4180981823658,-204.80430305556783
-166.34097912273492,634.2777618528811,-205.15317666602232
-166.13748376004105,633.1333999685088,-205.52204918555492
-165.91711204996776,631.9690071579012,-205.91092061220414
-165.68075835666247,630.7845810376139,-206.31979094390212
-165.42880867681927,629.5801193046527,-206.7486601784747
-165.16187648810345,628.3556197239362,-207.19752831364133
-164.88081127595035,627.1110801718279,-207.6663953470151
-164.58629465248794,625.8464986413948,-208.15526127610283
-164.2786008498118,624.5618731961736,-208.6641260983049
-163.97442761967525,623.2772027274567,-209.1729898109243
-163.6904429104709,622.0124893693819,-209.66185241126396
-163.4266438068465,620.7677360660933,-210.13071389672433
-163.1830273933425,619.5429457613101,-210.57957426481224
-162.95959075439202,618.3381213983259,-211.00843351314083
-162.75633097432086,617.1532659200094,-211.4172916394296
-162.57324513734756,615.9883822688039,-211.80614864150445
-162.40797552163804,614.8434732722501,-212.1750045172976
-162.24051921121765,613.7185404417438,-212.52385926484763
-162.05322809606872,612.6135817425379,-212.85271288229953
-161.84609926032485,611.52859428165,-213.16156536790456
-161.61912985592815,610.4621825112562,-213.45041672002037
-161.3723176495276,609.4058791204681,-213.71926693711103
-161.10566208735344,608.3477422602194,-213.9681160177469
-160.82034710468528,607.278846006579,-214.19696396060465
-160.51862066222196,606.1926936164846,-214.40581076446745
-160.21930154373655,605.1066711676243,-214.61193015611087
-159.9401419147812,604.0406065352279,-214.833902422364
-159.68113885997806,602.9945026592053,-215.07445383415143
-159.44228946384206,601.9683624790417,-215.33500410226006
-159.22141867853546,600.9618699023423,-215.61555322530438
-159.01352307808898,599.9732832647649,-215.91610120179257
-158.81563993413573,599.0003791776224,-216.23664803012647
-158.62733099124767,598.0416130090185,-216.57719370860153
-158.43858186567158,597.0795295788739,-216.93773823540687
-158.23869705398445,596.0974178329341,-217.31828160862528
-158.02522862839416,595.0952759801372,-217.7188238262332
-157.79441721689892,594.073101785637,-218.13936488610074
-157.54386222558847,593.0308924916257,-218.57990478599163
-157.27346320771304,591.9686452088008,-219.0404435235633
-156.98322308157282,590.8863570432604,-219.52098109636682
-156.6731447655735,589.7840251015284,-220.02151750184686
-156.36323020592997,588.681647462806,-220.5420527373418
-156.07347748739127,587.5986566174108,-221.0825868000837
-155.80388386906822,586.5337453363862,-221.6431196871982
-155.55444681245925,585.4855427812676,-222.22365139570468
-155.325163957023,584.4530289905185,-222.82418192251612
-155.11603304585898,583.4358753288855,-223.44471126443915
-154.92705179956099,582.4347605713119,-224.08523941817407
-154.75821776822076,581.451281658082,-224.74576638031485
-154.60952824883148,580.4870987615262,-225.41527492280372
-154.47935540705765,579.5428955694259,-226.08399141837995
-154.36443583202157,578.6186745445955,-226.75418907007824
-154.2627388979888,577.7144377333196,-227.42786621613266
-154.1737976273778,576.8301870221919,-228.10683955806778
-154.09753057873286,575.9659242640126,-228.79264382652153
-154.03392202250586,575.121651306072,-229.48648458711386
-153.9829433730749,574.2973699927629,-230.1892424995498
-153.94832908290758,573.4930823466002,-230.8866393036824
-153.93373861268148,572.7087911146816,-231.56403488007172
-153.9367739650465,571.9444990961024,-232.22142922511574
-153.95457622985464,571.2002086105701,-232.8589656992713
-153.98691718554537,570.4759217735716,-233.4771449791178
-154.03506161337177,569.7716407829374,-234.07591396555054
-154.10144936621873,569.0873681076176,-234.65477197541594
-154.18776029950658,568.4231065630421,-235.21362873750087
-154.27416911108847,567.7788580996387,-235.76157509584493
-154.3406728836515,567.1546207868946,-236.29861104753437
-154.39084678826165,566.5503918955309,-236.81564574270212
-154.43426432286708,565.9633983614585,-237.3126791785988
-154.47891084703713,565.3890620000965,-237.78971135258146
-154.52641608318035,564.8255858562261,-238.24674226211346
-154.57639335183177,564.2727745846156,-238.68377190476448
-154.628751014545,563.7302740497,-239.1008002782106
-154.6723068454649,563.2028576568032,-239.5178273802254
-154.69671655831232,562.6954462012338,-239.95485320858245
-154.70197723609513,562.2080369281724,-240.4118777609578
-154.68731000863053,561.7406269692061,-240.88890103492125
-154.6527119591342,561.2932134177745,-241.38592302793617
-154.59818017092772,560.8657933668917,-241.90294373735964
-154.5237117274388,560.4583639091464,-242.43996316044235
-154.42986732418512,560.0709221641017,-242.9969812943287
-154.3366450170819,559.6834663054171,-243.56355282403814
-154.2634831392069,559.275998313703,-244.12948240688274
-154.2103846078115,558.8485211148477,-244.6952375586594
-154.1773523400404,558.4010376351648,-245.2612142533797
-154.1643892529315,557.9335508013936,-245.83739028124637
-154.17149826341614,557.4460635406984,-246.43356500185067
-154.19868228831882,556.9385787806696,-247.0497384120224
-154.24594423317183,556.4113295346946,-247.68591050848505
-154.31034306328482,555.8661187732979,-248.34208128785573
-154.38580126466834,555.3051943830404,-249.0182507466452
-154.46697723382516,554.7297612429026,-249.71441888125793
-154.55004846046197,554.1407513688415,-250.43058568799194
-154.62330467638333,553.5351605260878,-251.16675116303904
-154.67820627568835,552.9095789910137,-251.92291530248457
-154.7204146279326,552.2640044375246,-252.69907810230762
-154.75595994247968,551.5984355072006,-253.49523955838092
-154.78742323763677,550.9128714472649,-254.3113996664708
-154.815662376235,550.2073117360555,-255.14755842223732
-154.8409469361535,549.4817559261932,-256.00371582123415
-154.86340401586756,548.7362035963206,-256.8798718589086
-154.89453234403777,547.9906548958945,-257.7752816003347
-154.94577041752706,547.2651122017902,-258.68863215928195
-155.01711531920066,546.5595784466628,-259.61826680405704
-155.10442926510422,545.8740563617284,-260.56167813969546
-155.2027212388151,545.2085478322421,-261.51759528000514
-155.31118938991946,544.5630543787416,-262.4865654668357
-155.43002221962593,543.9375774970854,-263.4692417778819
-155.5595155384293,543.332118719866,-264.46593437093924
-155.69373864006337,542.7266793212988,-265.4740430281349
-155.82540973848162,542.1012593411226,-266.49047338852637
-155.95239818895124,541.4558582456222,-267.5138338720882
-156.0730066938701,540.7904752237158,-268.54213467984033
-156.18591708233782,540.1051092439737,-269.57337315581634
-156.29019641832753,539.3997591111191,-270.6056945326945
-156.38524308018344,538.6744235189763,-271.63737067583764
-156.4707005186636,537.9291010925909,-272.6667417562236
-156.54135530532832,537.1837901737706,-273.6845497906587
-156.59211993231563,536.4563541135418,-274.68235636977045
-156.62299228714224,535.7387743241429,-275.66016148825287
-156.63397165648865,535.0220482827255,-276.6179651409064
-156.6250583926234,534.299491548751,-277.5557673226379
-156.5962538454617,533.5643905127228,-278.47356802846065
-156.54756025504093,532.8114394998355,-279.3713672534941
-156.47898043368565,532.0384799351528,-280.24916499296415
-156.41051729861397,531.2455098909052,-281.1269612421942
-156.3621737670434,530.4325313288979,-282.0247559965078
-156.33395275609337,529.5995471836494,-282.94254925113074
-156.32585718277625,528.7465603901036,-283.8803410011826
-156.32856565673865,527.8735734303343,-284.8381312416767
-156.32990955433516,526.980586835243,-285.81591996751985
-156.32583754057313,526.0676000705171,-286.8137071735126
-156.31457250351727,525.1346122012823,-287.8314928543493
-156.30949494690896,524.2016228011967,-288.85936067714556
-156.32297160595675,523.2886340520977,-289.8879817189365
-156.34955732110672,522.3956483182549,-290.9187482863016
-156.3850639293662,521.5226671202381,-291.95312856061435
-156.42920973942273,520.66969172949,-292.9924701454169
-156.48213234330777,519.8367234148873,-294.0381826149358
-156.54401979096045,519.023763470076,-295.09174185758405
-156.61506240630865,518.2308132164422,-296.15465764292037
-156.68078732191958,517.4578732901945,-297.2165439818301
-156.74338405775237,516.7049423140559,-298.2642569697086
-156.8142343141738,515.9720211997284,-299.2959909927127
-156.8918350580741,515.2591108165651,-300.3112260353619
-156.97703182403066,514.5662123784115,-301.30896219430133
-157.0688626846044,513.8933267992084,-302.28835672035206
-157.16782291356262,513.2404551709297,-303.2483217644117
-157.2733574959581,512.6075984300813,-304.1883053499403
-157.37851329070185,511.98640983465066,-305.1282873179313
-157.47551301009565,511.36925567830406,-306.0882676633774
-157.5642560541856,510.75809667490023,-307.0682463811738
-157.64324415070917,510.15631556675885,-308.06822346610954
-157.7094589212762,509.5696883181398,-309.08819891286714
-157.75900239533115,509.00246164089,-310.1281727160228
-157.78920756462904,508.45524079311826,-311.1881448700463
-157.7994936007702,507.92802289806383,-312.2681153693013
-157.78985855912507,507.4008050504809,-313.368084208045
-157.7603043843197,506.85358434512386,-314.48805138042826
-157.71083399337363,506.2863578771368,-315.6280168804956
-157.64145030341223,505.69912274208957,-316.7879807021851
-157.55215623166677,505.09187603597724,-317.9679428393287
-157.44295469547444,504.4646148552204,-319.16790328565185
-157.31384861227824,503.8173362966652,-320.38786203477366
-157.164840899627,503.15003745758315,-321.62781908020696
-157.01593430149077,502.4662889272549,-322.8877744153582
-156.8871308224174,501.7705850472058,-324.1677280335275
-156.7784320642569,501.064878137485,-325.4676799279087
-156.6898393284689,500.3513395391969,-326.7876300915892
-156.62135358524395,499.63233803089855,-328.1275785175501
-156.57297544861382,498.91038077703547,-329.4875251986661
-156.54470516215488,498.18803002443684,-330.86747012770564
-156.53654259757735,497.4678124092645,-332.2674132973308
-156.52848691867038,496.7592828240222,-333.66735470010616
-156.50053561267063,496.07075061312986,-335.0472943285963
-156.45268576286446,495.40221287473463,-336.4072321754634
-156.38493445264396,494.7536667065581,-337.7471682334758
-156.2972787655071,494.12510920589665,-339.0671024955084
-156.18971578505761,493.51653746962114,-340.36703495454236
-156.0622425950052,492.92794859417734,-341.6469656036652
-155.91485627916532,492.3593396755855,-342.90689443607084
-155.767554893738,491.79070878176356,-344.16682144505063
-155.64034038407254,491.20205786977937,-345.44674662389605
-155.53321566770774,490.5933898693782,-346.746669965801
-155.44618366207555,489.96470771073086,-348.06659146385306
-155.37924728450113,489.31601432443364,-349.4065111110335
-155.3324094522027,488.6473126415083,-350.76642890021725
-155.3056730822917,487.95860559340207,-352.1463448241728
-155.29904109177258,487.24989611198754,-353.5462588755624
-155.31251639754296,486.52118712956275,-354.9461710469508
-155.34610191639354,485.77248157885117,-356.32608133090275
-155.399800565008,485.00378239300164,-357.6859897200805
-155.47361525996317,484.21509250558836,-359.0258962072527
-155.56754891772883,483.40641485061093,-360.3603187091198
-155.67737176469086,482.5846696901264,-361.709257218577
-155.79425231451032,481.76039906686844,-363.078193804617
-155.9140404659175,480.9366250257538,-364.4671284599604
-156.0255692350638,480.10280710938076,-365.86788330742826
-156.11722355712567,479.2490040093999,-367.2719925974646
-156.189006348478,478.3752128274726,-368.67913606732355
-156.2409205256014,477.48143066568554,-370.08891677405984
-156.27296897131163,476.5683492886437,-371.50016142278565
-156.28755502005075,475.6378278182091,-372.9111156791771
-156.29174579767198,474.691520603432,-374.3205823278041
-156.2881118646208,473.7294719244851,-375.7287061785241
-156.2815477653239,472.76147246808995,-377.14635584424
-156.27952424694223,471.7975663998432,-378.5840035044511
-156.28285013457273,470.83808991872826,-380.0416491515126
-156.2921493688201,469.88411453747597,-381.51929277767334
-156.3079963775079,468.93669803580065,-383.01693437507595
-156.3309273366914,467.9968350662588,-384.5345739357566
-156.361442763545,467.06545599827166,-386.07221145164516
-156.40000905907297,466.1434294860555,-387.6298469145652
-156.43278114585644,465.227614453898,-389.2004565497193
-156.44568925306697,464.31130489142527,-390.7815755202656
-156.43873391942498,463.38805211278003,-392.38022758431094
-156.41191663863506,462.45126160066826,-393.9988775618445
-156.36523978187168,461.4960534062187,-395.63752544425904
-156.29870618906145,460.52083695625134,-397.29617122284094
-156.21231877742045,459.5256093550106,-398.97481488877025
-156.1060804642704,458.51036770716644,-400.67345643312075
-155.97999416703857,457.47510911781416,-402.3920958468597
-155.83406280325772,456.4198306924747,-404.13073312084833
-155.6682892905662,455.34452953709456,-405.88936824584124
-155.48267654670786,454.2492027580456,-407.6680012124868
-155.277227489532,453.1338474621253,-409.46663201132696
-155.0519450369935,451.99846075655665,-411.28526063279753
-154.80683210715253,450.84303974898825,-413.12388706722777
-154.5418916181749,449.66758154749436,-414.9825113048407
-154.27712551603545,448.4920842328267,-416.86113333575304
-154.03253185755833,447.33654977488703,-418.75975314997504
-153.80810772718186,446.2009811154748,-420.6783707374108
-153.60385020923707,445.0853811959642,-422.61698608785775
-153.4197563879478,443.9897529573043,-424.5755991910074
-153.2558233474307,442.91409934001877,-426.5542100364447
-153.11204817169514,441.8584232842061,-428.55281861364824
-152.9884279446433,440.8227277295394,-430.5714249119903
-152.8849597500702,439.8070156152666,-432.6100289207368
-152.80164067166376,438.81128988021027,-434.6686306290474
-152.73846779300467,437.8355534627676,-436.7472300259754
-152.69543819756657,436.8798093009105,-438.8458271004677
-152.67254896871592,435.9440603321854,-440.964421841365
-152.66979718971209,435.02830949371355,-443.1030142374014
-152.68717994370738,434.1325597221906,-445.26160427720487
-152.72469431374705,433.256813953887,-447.440191949297
-152.78233835505674,432.381075124683,-449.63877724209306
-152.86011401190478,431.48534617045897,-451.85736014390193
-152.95802420073994,430.5696300274851,-454.09594064292617
-153.0760718379039,429.633929632457,-456.3545187272621
-153.21425983963127,428.67824792249553,-458.63309438489944
-153.37259112204956,427.7025878351468,-460.93166760372185
-153.55106860117917,426.7069523083823,-463.25023837150655
-153.74969519293333,425.69134428059886,-465.5888066759244
-153.94847381312704,424.655765718331,-467.92737250454877
-154.12740737757446,423.6002146993888,-470.2459358449531
-154.28649880218643,422.52468832972005,-472.54449668480834
-154.42575100297933,421.4291837156979,-474.8230550118917
-154.54516689607496,420.31369796412076,-477.08161081408684
-154.6447493977007,419.17822818221237,-479.3201640793838
-154.72450142418933,418.02277147762175,-481.53871479587895
-154.78442589197905,416.8473249584233,-483.73726295177494
-154.84452571760468,415.6518867054042,-485.93580853537213
-154.92480381760015,414.43645868892673,-488.1543515349707
-155.02526310840085,413.201043852066,-490.383202848049
-155.14590650633494,411.9456451383224,-492.60236246276384
-155.28673692762322,410.67026549162165,-494.80151945804806
-155.4477572883791,409.37490785631485,-496.98067382220756
-155.6289705046087,408.0595751771783,-499.1398255436545
-155.83037949221077,406.7242703994136,-501.27897461090754
-156.05198619468916,405.3889964686122,-503.39812101259156
-156.2937886662906,404.07375633036537,-505.49726473743794
-156.55578398886692,402.77855292987414,-507.57640577428435
-156.83796924416265,401.50338921191405,-509.63554411207485
-157.14034151381492,400.248268120835,-511.67467973985987
-157.46289787935353,399.0131926005613,-513.6938126467962
-157.8052331242275,397.7981655750341,-515.692942822147
-158.16626730720208,396.6031898567377,-517.6720702552817
-158.54640077975603,395.40826815936225,-519.6397677429845
-158.94671250699488,394.1934033732314,-521.6057724116285
-159.36720540365226,392.9585984414173,-523.5723248513444
-159.8078823843545,391.7038563074171,-525.5415168027725
-160.26874636362064,390.4291799151531,-527.5153423731776
-160.74980025586228,389.13457220897254,-529.4957414553222
-161.25104697538376,387.8200361336478,-531.4846339758084
-161.77248943638196,386.4855746343763,-533.4839449347403
-162.2947549773961,385.15118971486066,-535.4789468587245
-162.7979112426052,383.8368795842465,-537.4539459352795
-163.2813299157431,382.5426413979412,-539.4089421539031
-163.74493848585465,381.26847227037365,-541.3439355041997
-164.18873403361232,380.0143693121638,-543.2589259758797
-164.61271363979384,378.7803296335058,-545.1539135587601
-165.01687438528236,377.56635034416814,-547.0288982427642
-165.4012133510664,376.3724285534936,-548.8838800179216
-165.76572859052732,375.1785613704345,-550.7188588743684
-166.1104220463017,373.9647459039432,-552.533834802347
-166.43529663341891,372.73097926336146,-554.3288077922061
-166.7403552670138,371.4772585584563,-556.1037778344011
-167.02560086232648,370.2035808994199,-557.8587449194931
-167.29103633470248,368.90994339686955,-559.5937090381502
-167.53666459959265,367.59634316184787,-561.3086701811466
-167.7624885725532,366.26277730582257,-563.0036283393628
-167.96851098502677,364.91303233124387,-564.678583503786
-168.1547338297975,363.5509335859687,-566.3335356655092
-168.32115891013356,362.17647277516465,-567.9684848157324
-168.46778804278404,360.7894657867732,-569.5834309457615
-168.5946230847045,359.38954001908934,-571.1783740470091
-168.70166596037208,357.97614102787975,-572.7533141109939
-168.78891868604566,356.5485693248713,-574.3082511293411
-168.85638338620294,355.1060502973522,-575.8431850937823
-168.9040623933638,353.64586339291435,-577.3781159961463
-168.9319585111705,352.16568199949694,-578.9330438282624
-168.94007465633706,350.6655032321144,-580.5079685818621
-168.92841374568263,349.14532420620657,-582.1028902485707
-168.896978643459,347.60622551465707,-583.7178088199071
-168.84577180708484,346.05332458164685,-585.3527242872838
-168.77479462307954,344.49545516884757,-587.0076366420072
-168.68404706879747,342.9431668736049,-588.6825458752771
-168.57352755934443,341.4065366903021,-590.3578866057288
-168.44323338881046,339.889888946526,-592.0136588244625
-168.29316164102607,338.39322075806575,-593.6494278951405
-168.12330939992697,336.9165292402851,-595.2651938090647
-167.933673749554,335.4598115081227,-596.8609565576432
-167.72425177405327,334.02306467609185,-598.4367161323905
-167.49504088969564,332.5994561988307,-599.9924725249273
-167.24750205729114,331.17617081273914,-601.5282257269807
-167.0016361570685,329.7400365476729,-603.0439757303844
-166.77598368689928,328.28685806443264,-604.5397225270783
-166.57054667259456,326.823031299372,-606.0154661091086
-166.38532618715575,325.35495769558617,-607.4712064686281
-166.2203223738129,323.8893735942545,-608.9069435978956
-166.0755343158229,322.4338745989679,-610.3226774892768
-165.95096001825576,320.99533727700157,-611.7184081352432
-165.84659671166304,319.5767832605838,-613.0941355283729
-165.74244147974625,318.17821452484844,-614.4698596613417
-165.61849140620575,316.79962915535424,-615.8655805268253
-165.47474357483833,315.44102426494715,-617.2812981174017
-165.31119506954607,314.1023969660478,-618.7170124255427
-165.1278429743363,312.78374437065156,-620.1727234436141
-164.9246843733217,311.48506359032854,-621.6484311638749
-164.70171635072023,310.20635173622355,-623.1441355784779
-164.472147752324,308.9476065613377,-624.6598366794695
-164.23597566249134,307.70882774509136,-626.1755344587991
-163.9799854041471,306.4900130396351,-627.6712289084155
-163.70417406179018,305.29115955441284,-629.1469200203654
-163.4085387200249,304.1122643984434,-630.6026077868016
-163.09307646356098,302.9533246803204,-632.0382921999835
-162.75778437721357,301.81433750821213,-633.4539732522768
-162.4026595459033,300.6952999898618,-634.8496509361534
-162.0276990546562,299.59620923258757,-636.2253252441917
-161.65290096088245,298.4970633156053,-637.6009961690677
-161.29826721114102,297.37786420728094,-638.9966637034574
-160.96380072418006,296.2386148486581,-640.4123278399393
-160.64950441864045,295.07931818120596,-641.8479885709853
-160.35538121305578,293.89997714681965,-643.3036458889613
-160.0814340258524,292.7005946878196,-644.7792997861269
-159.82766577534935,291.4811737469521,-646.2749502546351
-159.59407937975843,290.24171726738894,-647.7905972865327
-159.38067775718403,288.9822281927275,-649.3262408737602
-159.18746382562327,287.7027094669908,-650.8818810081517
-159.0144405029659,286.4031640346274,-652.4575176814351
-158.8616107069943,285.0835948405114,-654.0531508852317
-158.72897735538348,283.7440048299424,-655.6687806110567
-158.61654336570103,282.38439694864553,-657.304406850319
-158.52431165540722,281.00477414277145,-658.9600295943209
-158.4522851418548,279.6051393588963,-660.6356488342586
-158.4004657700016,278.2054955439862,-662.3112645612308
-158.36885159554834,276.82584564500735,-663.9668767663362
-158.35743970180079,275.466192608536,-665.602485440771
-158.3662271719573,274.12653938072305,-667.2180905758378
-158.3952110891088,272.80688890729397,-668.8136921629454
-158.4443885362389,271.5072441335488,-670.3892901936091
-158.51375659622371,270.2276080043622,-671.9448846594507
-158.59097558273353,268.967982864439,-673.4804755521982
-158.65604257850427,267.72836828653845,-675.0160628636771
-158.70129143543502,266.5087617530772,-676.571646585713
-158.7267192364228,265.3091603735034,-678.147226710034
-158.7388375998943,264.1295615735399,-679.742803228262
-158.7510085822235,262.9699643783139,-681.3583761319122
-158.77261733992356,261.83036958471183,-682.9939454123938
-158.80719553743845,260.7107788641526,-684.6495110610097
-158.85611158607526,259.61119422305916,-686.3250730689562
-158.9024630139896,258.5316169489348,-688.0057327456894
-158.92897296685496,257.47204498801136,-689.6754901709712
-158.93563852766803,256.4324754463335,-691.3319812717068
-158.92245677953107,255.4129054295206,-692.9768988109988
-158.88942480565186,254.4133320427665,-694.6209257205786
-158.83653968934368,253.43375239083974,-696.2783691310942
-158.7660980822007,252.47416368987555,-697.9558088391033
-158.68525445451175,251.53456383891185,-699.653244835686
-158.61170729394775,250.59495241736352,-701.3706771118162
-158.5583011586892,249.63533173814756,-703.1081056583615
-158.52503896588243,248.65570473890662,-704.8655304660828
-158.51192363256663,247.65607435770877,-706.642951525635
-158.51895807567385,246.63644353304747,-708.4403688275664
-158.54614521202905,245.59681520384163,-710.2577823623194
-158.59348772237493,244.54204632668458,-712.0951921202296
-158.66098699284157,243.4842058316694,-713.9525980915266
-158.72864238535655,242.43844166895596,-715.8300002663335
-158.77645136841355,241.41268592612016,-717.7273986346671
-158.804411024896,240.40693570848705,-719.6447931864379
-158.81251843779293,239.4211881209563,-721.58218391145
-158.80250852512853,238.45544035248585,-723.5395707994013
-158.7778459833124,237.50969001363543,-725.5169538398832
-158.74231183115853,236.58393523525294,-727.5143330223809
-158.7004524607684,235.67817475259952,-729.5317083362734
-158.6667441285651,234.77299966898616,-731.5490797708418
-158.65317174233704,233.8484123383833,-733.5464473153676
-158.6597381902778,232.90382449686106,-735.5238109592298
-158.68644638921484,231.93923908174247,-737.4811706919133
-158.73329925586842,230.95465903077593,-739.4185265030101
-158.80029970685172,229.95008728213529,-741.335878382218
-158.88745065867082,228.9255267744197,-743.2340245256704
-158.99475502772458,227.88098044665367,-745.1277268537332
-159.12221573030476,226.81645123828702,-747.0161871500073
-159.2698356825959,225.73194208919492,-748.8846434739916
-159.43761780067535,224.62745593967782,-750.7330958157504
-159.62556500051326,223.50299573046144,-752.5615441654546
-159.8336801979725,222.35856440269677,-754.3699885133814
-160.0619663088088,221.19416489796006,-756.158428849914
-160.3104262486705,220.00980015825283,-757.9268651655426
-160.57906293309873,218.80547312600174,-759.6752974508632
-160.84787830524877,217.6011857717358,-761.4037256965785
-161.09687041912517,216.41693617683407,-763.1121498934975
-161.32603635654155,215.25272144999798,-764.8005700325357
-161.53537319941697,214.10853869950338,-766.4689861047145
-161.72487802977597,212.9843850332005,-768.1173981011623
-161.8945479297485,211.8802575585141,-769.7458060131135
-162.04437998157002,210.79615338244335,-771.3542098319089
-162.17437126758145,209.73206961156185,-772.9477849602177
-162.30451984250783,208.66800432434067,-774.5265313895663
-162.45482746979994,207.5876708016416,-776.0852737003374
-162.62529545667218,206.50932082589065,-777.6240118842422
-162.81592201774572,205.44924602398856,-779.1427459330986
-163.02670432027605,204.40920049348173,-780.6414758388304
-163.25763944628002,203.38918717373357,-782.1202015934682
-163.50872447766724,202.38920900368183,-783.5789231891487
-163.77995649624026,201.4092689218387,-785.017640618115
-164.07133258369444,200.4493698662908,-786.4363538727168
-164.38284982161804,199.50951477469908,-787.8350629454101
-164.71450529149223,198.5897065842989,-789.213767828757
-165.06629607469114,197.6899482318999,-790.5724685154262
-165.4382192524817,196.81024265388612,-791.9111649981927
-165.83027190602388,195.95059278621585,-793.229857269938
-166.24245111637063,195.1110015644217,-794.5285453236497
-166.6747539644678,194.29147192361066,-795.8072291524222
-167.10717757396898,193.49112530821833,-797.0859087494471
-167.51971919694458,192.70995979108173,-798.384584107916
-167.91237595714438,191.9488529903014,-799.7032552209232
-168.2851449356181,191.20780200559406,-801.0419220814566
-168.63802321352117,190.48680393625085,-802.4005846823977
-168.97100787211482,189.78585588113714,-803.7792430165217
-169.28409599276605,189.10495493869269,-805.1778970764977
-169.57728465694768,188.44409820693156,-806.5965468548882
-169.8505719185258,187.78328278347766,-808.0151923441582
-170.10395972062202,187.10250576595465,-809.4138335367729
-170.3374509787513,186.4017642523759,-810.7924704252952
-170.55104860853436,185.68105534118007,-812.1511030023937
-170.7447555256977,184.94037613123103,-813.4897312608441
-170.91857459699057,184.18073336346345,-814.8083551935281
-171.07250839194023,183.40521125571354,-816.1069747934338
-171.20655889938632,182.61851178681107,-817.3855900536557
-171.32665539696123,181.8175452270495,-818.6642009673859
-171.43847991493928,180.9965955853281,-819.9628075278165
-171.5416462094321,180.15566162446189,-821.2814097280419
-171.63594101785944,179.29474206456067,-822.6200075610506
-171.72125776332672,178.41383560301074,-823.9786010197242
-171.79755669389993,177.5129409268971,-825.3571900968386
-171.86484007086148,176.59205672080475,-826.7557747850631
-171.92313607259482,175.65118167169572,-828.1743550769604
-171.96701832915832,174.71031420595673,-829.6129309649874
-171.9910393811659,173.7834468200124,-831.0715024414942
-171.9951981261266,172.85727177037512,-832.5500694987248
-171.97949542177238,171.91937124760406,-834.0486321288171
-171.94541910983915,170.96304727418126,-835.567190323802
-171.89545629492196,169.9867171481832,-837.1057440756048
-171.83113989674212,168.99037867581708,-838.6642933760439
-171.75327512628107,167.97402982875593,-840.2428382168318
-171.67884836837007,166.9576694701025,-841.8213785895833
-171.62457112067136,165.9612997261879,-843.3799144859134
-171.59044046661123,164.98492353546675,-844.9184458975344
-171.57645348950888,164.02854383596843,-846.4369728162651
-171.5826072725763,163.09216356529686,-847.9354952340307
-171.60889889891845,162.17578566063054,-849.4140131428626
-171.65532545153323,161.2794130587226,-850.8725265348987
-171.72188401331144,160.4030486959007,-852.3110354023834
-171.80857263932424,159.52669550810253,-853.7295397376673
-171.91539327368554,158.6303564312657,-855.1280395332075
-172.04234880052888,157.71469595033108,-856.5065347815672
-172.18944162960338,156.78748826514615,-857.8650254754164
-172.35667240921168,155.86297645549263,-859.2035116075311
-172.54403980749885,154.95339219515395,-860.5219931707941
-172.75154115445733,154.06383672929493,-861.820470158194
-172.97917353212134,153.1943129941006,-863.0989425628262
-173.21721662236493,152.3248234529133,-864.3574103778924
-173.45482798144752,151.43536862452444,-865.5958735967004
-173.6900056612298,150.52594829397592,-866.8143322126648
-173.92119383670837,149.59656198804305,-868.0127862193063
-174.14718712578724,148.6472090333036,-869.1912356102522
-174.36704588011682,147.67788860082146,-870.3496803792358
-174.5800317129004,146.68859973995762,-871.4881205200973
-174.78556054760423,145.67934140411617,-872.6065560267828
-174.9773071640168,144.67011218569905,-873.704986893345
-175.14981496757446,143.68090951442508,-874.783413113943
-175.30554260456046,142.71173073368485,-875.841834682842
-175.4474687218049,141.76257363082368,-876.880251594414
-175.57727873996973,140.83343632991358,-877.8986638431369
-175.69565553204077,139.92431712404505,-878.8970714235955
-175.80269005736497,139.03521435643745,-879.8754743304808
-175.89900265567067,138.1661264012238,-880.8338725585897
-175.98034663040286,137.31705152022468,-881.7722661028263
-176.04181578496434,136.48798705341693,-882.6906549582003
-176.0834072021659,135.67893010198213,-883.5890391198283
-176.10511796492403,134.88987776667636,-884.467418582933
-176.10694515626102,134.12082714783034,-885.3257933428436
-176.08888585930478,133.37177534534933,-886.1641633949956
-176.050937157289,132.6427194587132,-886.9825287349311
-175.9943935445176,131.9336566500493,-887.7808893582982
-175.93925210442,131.24458524256542,-888.5792452608429
-175.90421250945388,130.5755072589754,-889.3975964383109
-175.88927184294323,129.9264256307823,-890.2359428863505
-175.89442718936783,129.29731731574378,-891.0942846005039
-175.91967566369303,128.68763387770767,-891.9726215762068
-175.96501450571566,128.096410411489,-892.8709538087886
-176.0304410841802,127.5228479107867,-893.7892812934723
-176.11595287246013,126.96631580878902,-894.7276040253746
-176.22154733547004,126.42817033755873,-895.685921999506
-176.34722163489647,125.9100417308424,-896.6642352107707
-176.4929728532088,125.41193291693322,-897.6625436539663
-176.65879807276974,124.93384682369886,-898.6808473237843
-176.84469437583513,124.47578637858143,-899.7191462148098
-177.05065884455414,124.03775450859754,-900.7774403215218
-177.27668856096918,123.61975414033826,-901.8557296382925
-177.52278060701602,123.22178819996901,-902.9540141593881
-177.78266865010545,122.8262144875603,-904.0644539985054
-178.05106613853064,122.41812708592468,-905.180398025742
-178.32825059839197,122.00313440260707,-906.3032573508095
-178.61195568327975,121.58626388089894,-907.432705489256
-178.89965644767042,121.17062937889935,-908.5677114523432
-179.19004139290692,120.75746255008264,-909.7075992246195
-179.4826332792894,120.3470834008546,-910.8521086340936
-179.77725205761377,119.93951756752304,-912.0011438118142
-180.0745295061549,119.5404864059606,-913.1424246651594
-180.3743210780743,119.15579142924943,-914.2644243738431
-180.6751661950355,118.78551429491242,-915.3689070901471
-180.97606083620636,118.42959560848206,-916.4576344778333
-181.27647894159682,118.0877550079482,-917.5316217789336
-181.5762489397704,117.75952130828907,-918.5910717989783
-181.87535660338744,117.44435340337525,-919.6355650801432
-182.17378462436739,117.14176043624005,-920.6643453250084
-182.47725234445642,116.84876496022395,-921.6840872843887
-182.79227076773316,116.56299829974763,-922.7026151146263
-183.12013753657186,116.28542916160895,-923.7212225548684
-183.46135020286548,116.01707289424073,-924.7408834528095
-183.81521328724662,115.758275644558,-925.7622267470664
-184.18008025000378,115.50838203552303,-926.7855199410128
-184.5539808833694,115.26607751075352,-927.8106892133848
-184.9350693170239,115.029897208958,-928.8374218142923
-185.30980666288082,114.78902194607356,-929.8688605110681
-185.66504895198358,114.53398329003485,-930.908525691359
-186.00033233142423,114.26652009699602,-931.9586660726659
-186.3156584162728,113.98968875019605,-933.0250765769988
-186.61102827198,113.70782960950731,-934.111482119912
-186.8864423208712,113.42504656886013,-935.2178826956283
-187.1419004880581,113.14402742492425,-936.3442782982645
-187.37740239661565,112.86634462158469,-937.4906689218309
-187.61294808647827,112.58064637045098,-938.6370545602404
-187.86853989227163,112.27498393379331,-939.7634352074058
-188.1441807294989,111.94936023541231,-940.8698108573376
-188.43987351355676,111.6037781995338,-941.9566767548544
-188.7556211597351,111.2382407508088,-943.0255626831466
-189.08157122833794,110.85608971117627,-944.075973385829
-189.40420897333223,110.46256647419291,-945.1063790683456
-189.7195815480988,110.05988407004878,-946.1167797252173
-190.02120680353445,109.65281027583931,-947.1258761185798
-190.31274177151968,109.24399450052252,-948.1536682430585
-190.60487458743415,108.83092911683235,-949.2014553256703
-190.8979394397971,108.41216814798307,-950.2692373608436
-191.1911417672132,107.98618984467682,-951.3570143429005
-191.48385244888982,107.55140968802577,-952.4647862660564
-191.77538956486558,107.1061857542814,-953.592553124421
-192.0650639579585,106.64882861990786,-954.7403149119971
-192.3598999670561,106.19499890842023,-955.9061492307909
-192.66633071578858,105.76121306505982,-957.0880236449087
-192.98323402821453,105.34747268064905,-958.2853191905466
-193.3103059551508,104.95377925884571,-959.4969290536296
-193.65243085654907,104.57729005949625,-960.7053945771339
-194.01461259817324,104.21742876789041,-961.8938549920446
-194.39684851210666,103.8770427637561,-963.0623102920418
-194.799135707602,103.55671396830485,-964.2107604709125
-195.22147126565778,103.25644530566518,-965.3396640358093
-195.66385226716585,102.97623969953995,-966.4516799620512
-196.12627579291149,102.71610007320618,-967.5513516702367
-196.60873892357344,102.4760293495152,-968.6433977977048
-197.09123937110652,102.24304208810995,-969.722816398877
-197.5537773879341,102.00384095686267,-970.7822298435048
-197.9963539246127,101.75797580982822,-971.8216381259548
-198.41896997357753,101.50531017136203,-972.8410412407001
-198.82170787925014,101.24593140443424,-973.8404391823198
-199.20672977978592,100.97996596957064,-974.8198319454995
-199.57803617371812,100.70744857165452,-975.7792195250313
-199.93893501623987,100.42839309764359,-976.7186019158137
-200.2873437391212,100.14040231689152,-977.649031640751
-200.62213514326652,99.83827885463141,-978.5823674621614
-200.94627110767001,99.51899637797192,-979.5189299286229
-201.2606715985853,99.18266610529582,-980.4575321424079
-201.56594561789382,98.83017509493374,-981.3968436160429
-201.86272504558784,98.46264112586539,-982.3357204065884
-202.1516567041423,98.08126184417016,-983.273245315997
-202.43337320464514,97.68723749194719,-984.2087097442462
-202.70808715230663,97.28149527498495,-985.1424159067061
-202.97466172573996,96.8646225772289,-986.0738494333349
-203.23039529344555,96.43722028602987,-987.0009302542876
-203.47112860556607,96.00011072124268,-987.9219850822506
-203.69314733217806,95.5544910301511,-988.8358890940013
-203.8952348146903,95.10215301059124,-989.7419468646538
-204.07739187296607,94.64538354582649,-990.6392140954142
-204.23961897226428,94.1867492530511,-991.5253562750011
-204.38191583817036,93.73619304892716,-992.415094949637
-204.50428037795507,93.30398150942433,-993.3248283470435
-204.60670975551673,92.89178636227969,-994.2545564623832
-204.68920105344836,92.4996046998743,-995.204279290712
-204.75175135444897,92.12743361416376,-996.1739968269798
-204.7943577413236,91.77527019667822,-997.16370906603
-204.81701729698344,91.44311153852236,-998.1734160025999
-204.81972710444558,91.13095473037544,-999.2031176313203
-204.82248424682444,90.83879783477875,-1000.2528139467156
-204.8452858072342,90.56664280299795,-1001.3225049432041
-204.88812886869124,90.31449255816071,-1002.4121906150975
-204.95101051410543,90.0823500229693,-1003.5218709566016
-205.0339278262801,89.87021811970051,-1004.6515459618153
-205.13687788791196,89.67809977020569,-1005.8012156247315
-205.2598577815913,89.50599789591071,-1006.9708799392371
-205.40286458980177,89.35391541781595,-1008.1605388991121
-205.56589539492063,89.2218552564963,-1009.3701924980305
-205.74894727921864,89.10982033210108,-1010.5998407295599
-205.95201732486007,89.01781356435411,-1011.8494835871616
-206.17510261390274,88.94583787255365,-1013.1191210641904
-206.4182002282981,88.89389617557238,-1014.4087531538952
-206.68130724989112,88.86199139185742,-1015.718379849418
-206.96442076042035,88.85012643943024,-1017.0480011437952
-207.26753784151802,88.85830423588675,-1018.3976170299561
-207.5906557332893,88.88326571405467,-1019.7672275007242
-207.93377231033605,88.921745927957,-1021.1568325488164
-208.2968856041441,88.97379811474617,-1022.5664321668436
-208.67999362903055,89.03961344692496,-1023.99602634731
-209.08309435983242,89.11955239058439,-1025.4456150826138
-209.50618570589847,89.21415423307943,-1026.9151983650465
-209.94926548981826,89.32404621740564,-1028.404776186794
-210.41233144960916,89.44971749896195,-1029.914348539935
-210.89538214663153,89.57340077837733,-1031.4439154164422
-211.39841962289108,89.67715596484344,-1032.9934768081823
-211.92144679257524,89.76098597350692,-1034.5630327069152
-212.4644665697651,89.82489371993947,-1036.152583104295
-213.02707523124386,89.86888210036936,-1037.762127991869
-213.60735682854013,89.89295385886031,-1039.3913033702947
-214.2024343387368,89.89711135957862,-1041.0389949158766
-214.80899742737574,89.8813565330569,-1042.704988706889
-215.4192513382098,89.84569058094033,-1044.3732902834342
-216.03094445252003,89.79011364762191,-1046.0265727571473
-216.65344079650652,89.71462657319174,-1047.6619491711292
-217.29422992655563,89.61923157758692,-1049.2773242999338
-217.95503788730133,89.5039314964347,-1050.8726938491588
-218.63586759209204,89.36872924955621,-1052.448057810321
-219.33672195416978,89.21362775719741,-1054.0034161750427
-220.05760388667002,89.03862994002917,-1055.5387689350537
-220.77851533034317,88.86373774682428,-1057.0541160821895
-221.4794543367897,88.70894923720526,-1058.5494576083922
-222.16041798542005,88.57426149811663,-1060.0247935057102
-222.82140335575082,88.45967161607699,-1061.4801237662982
-223.46240752740485,88.36517667717901,-1062.9154483824177
-224.08342758011125,88.29077376708946,-1064.3307673464362
-224.68446059370538,88.2364599710492,-1065.7260806508275
-225.26550364812886,88.20223237387322,-1067.101388288172
-225.82655444276492,88.17534830338907,-1068.4566902511567
-226.36761324310243,88.14124138302995,-1069.7919865325744
-226.8886813248765,88.09734093672206,-1071.1072771253246
-227.389760202869,88.042784907239,-1072.4025620224133
-227.87085143010816,87.97787514892276,-1073.6808648308813
-228.3319564272252,87.90418986492534,-1074.949561943683
-228.77307625441034,87.82523897359462,-1076.218121256013
-229.19633436619068,87.74764102998236,-1077.4970421033245
-229.6217298060253,87.68288441894958,-1078.7872436549178
-230.063838086439,87.63819114785994,-1080.0857221388274
-230.51792655856823,87.61356326365122,-1081.3943868134274
-230.982346702341,87.60900236377562,-1082.7137247885723
-231.4568433024546,87.62450993212194,-1084.0437425403245
-231.94134172130762,87.66008743274365,-1085.38436454205
-232.4357529899047,87.7157363182834,-1086.7355071717934
-232.9399590120768,87.79145802612435,-1088.0970931852414
-233.4585493198673,87.86725420472469,-1089.4538797496518
-233.9949535184182,87.9231273449588,-1090.7906605208416
-234.5494291852068,87.95907999780104,-1092.1074354917025
-235.12368287031563,87.97511495391646,-1093.4042046552324
-235.71793941996447,87.97123511958355,-1094.6809680045355
-236.33220174785566,87.94744341229492,-1095.937725532823
-236.96647276758517,87.90374274996805,-1097.1744772334114
-237.62075539264256,87.84013605094538,-1098.3912230997246
-238.29120294992583,87.75662604684901,-1099.5879631252924
-238.97233268836695,87.65321464160813,-1100.764697303751
-239.66098665733136,87.52990316015745,-1101.9214256288433
-240.35430944787714,87.38669248698457,-1103.058148094418
-241.04981290910928,87.22358311728689,-1104.1748646944307
-241.7453226794887,87.04057520719331,-1105.271575422943
-242.4389057915192,86.83766861415045,-1106.3482802741235
-243.12881199980637,86.61486292761488,-1107.4049792422463
-243.82648127774868,86.37904674819637,-1108.441672321693
-244.54418929988097,86.13678121661717,-1109.4583595069503
-245.28193706806275,85.88736994992763,-1110.4550407926122
-246.03972569096857,85.63005479107805,-1111.4317161733784
-246.81755639066895,85.3640481518456,-1112.388385644056
-247.6154305049182,85.08855951450653,-1113.3250491995575
-248.43334948599107,84.8028163802632,-1114.241706834902
-249.27131489683666,84.50608014793772,-1115.1383585452154
-250.10932799387803,84.20611876496118,-1116.0150043257297
-250.9273884757057,83.9109557663466,-1116.8716441717831
-251.72549566976934,83.62040142778488,-1117.7082780788207
-252.5036489286456,83.33429632882577,-1118.5249060423932
-253.26202624127498,83.05251019331347,-1119.3215280581585
-254.0011718621449,82.77494416007374,-1120.0981441218803
-254.72180927933596,82.50153625694496,-1120.8547542294289
-255.42464684249785,82.23226286515236,-1121.5913583767813
-256.10878181120756,81.95573710264732,-1122.3279565600114
-256.77296243257683,81.66307038640866,-1123.0845487751935
-257.4171907264572,81.35885923313403,-1123.8611350183044
-258.04146809628975,81.04697883627921,-1124.6577152852144
-258.64579542499763,80.73070548437919,-1125.474289571688
-259.2301731551321,80.41281128706383,-1126.3108578733827
-259.7946013568206,80.09563767086367,-1127.1674201858502
-260.3390797862364,79.78115255479615,-1128.0439765045357
-260.8636075719139,79.47849835827556,-1128.9205268247867
-261.36818219512594,79.19591920554166,-1129.7770711419512
-261.8548611821117,78.93341228651744,-1130.6136094514743
-262.3275899977041,78.69097528315015,-1131.4301417489078
-262.78991344057357,78.46860642494147,-1132.2266680299097
-263.24495659356484,78.26630442688152,-1133.0031882902442
-263.69553150454993,78.08406843520183,-1133.7597025257826
-264.1442931531723,77.92189799271043,-1134.4962107325016
-264.58281646148555,77.75979248903379,-1135.232712906476
-265.0013690863822,77.57774948463427,-1135.9892090437809
-265.39995394249905,77.3757660671377,-1136.7656991403933
-265.7785739445788,77.15383932459501,-1137.5621831921842
-266.1372320074705,76.91196634548223,-1138.3786611949183
-266.47593104612935,76.65014421870049,-1139.215133144254
-266.7946739756165,76.36837003357607,-1140.0715990357432
-267.09346371109945,76.06664087986039,-1140.9480588648316
-267.38097743799267,75.76173689034098,-1141.8245126268675
-267.666342929045,75.46892867401888,-1142.6809603171994
-267.95068671200437,75.1860158219476,-1143.5174019312726
-268.2354426030648,74.91214710367828,-1144.3338374646396
-268.52214602768595,74.64731565613569,-1145.1311779608939
-268.8123262145574,74.39195459270712,-1145.910618456498
-269.10749390602837,74.14674549740768,-1146.672116061527
-269.409219265281,73.9126527389078,-1147.414475731229
-269.72224432089894,73.694421163117,-1148.1448958840854
-270.05187366998376,73.49623641723574,-1148.871251295433
-270.40050840087724,73.3181011065154,-1149.5934121901769
-270.7691719630039,73.16001810233978,-1150.3115009309051
-271.157861437541,73.02199032556317,-1151.0252838874337
-271.5665739055593,72.9040206966142,-1151.733927356741
-271.9953064480233,72.80611213549578,-1152.4361831069866
-272.44405614579074,72.7282675617851,-1153.1305093539645
-272.91282079661465,72.65574113634369,-1153.8166318754238
-273.4016009369347,72.57644494742945,-1154.4964856214046
-273.91039720716344,72.49501597221732,-1155.1726867668033
-274.439209656258,72.4150348896747,-1155.8475812457518
-274.9880378604471,72.33944545685793,-1156.5232379290198
-275.5568810046837,72.2706777102197,-1157.201427786219
-276.1457379563975,72.21066091168625,-1157.8836138741217
-276.75460733718404,72.16084940463436,-1158.5709733264744
-277.3634873832758,72.12649265482541,-1159.2511772860203
-277.9523753998863,72.11222324816545,-1159.9113750811948
-278.5212684670218,72.11803826874166,-1160.5515667084871
-279.0701636647948,72.14393480021539,-1161.1717521644932
-279.59905807342426,72.18990992582212,-1161.7719314459152
-280.1079487732354,72.25596072837152,-1162.3521045495615
-280.5968328446599,72.34208429024746,-1162.912271472347
-281.0657073682357,72.448277693408,-1163.4524322112927
-281.5145694960309,72.57306883069789,-1163.985874379297
-281.94341659449105,72.71645478325489,-1164.5260806490692
-282.3522458158971,72.87990182050989,-1165.0735754279847
-282.7410542412128,73.06340702278044,-1165.6282848462877
-283.10983895150827,73.2669674699584,-1166.1883001707608
-283.4585970279602,73.49058024150992,-1166.7497750375064
-283.78732555185167,73.73424241647548,-1167.3074906825734
-284.0960216045723,73.99795107346988,-1167.8554175302738
-284.4015623349758,74.26170411128433,-1168.3868710429088
-284.72161768717933,74.50550274932841,-1168.8983183425926
-285.05901344564296,74.72934928025657,-1169.3897594266057
-285.41608452425896,74.93324644550879,-1169.8611942923349
-285.79313187361237,75.11719714378523,-1170.3133160134068
-286.1901584085606,75.28120428870007,-1170.7477088798282
-286.60716704385476,75.42527079429253,-1171.165609658965
-287.04416069413963,75.54939957502695,-1171.5673260058365
-287.4910207372266,75.65359305374058,-1171.9509280724976
-287.9359468349101,75.73785160373153,-1172.3145239072555
-288.3758569583934,75.80217471143156,-1172.658113508177
-288.8081903744536,75.84656145266077,-1172.9816968734349
-289.2308280436908,75.87101056305049,-1173.2852740013084
-289.6420080148455,75.87552049621313,-1173.5688448901835
-290.0402487446244,75.86008947011535,-1173.8324095385522
-290.4242815074722,75.82471550293792,-1174.075967945013
-290.8023243041885,75.76939689342298,-1174.3195201082617
-291.18148920861523,75.69413354187377,-1174.5830660269946
-291.5587073420435,75.59892538034978,-1174.8666056998102
-291.93151107260843,75.4837719381745,-1175.1701391252006
-292.29790964949564,75.34867242158718,-1175.493666301552
-292.6562361353631,75.1936257717954,-1175.8371872271437
-293.00503641439525,75.01863070341993,-1176.2007019001492
-293.34301060237533,74.82368573067448,-1176.5832697830906
-293.67428654617896,74.60878944538938,-1176.9648908739425
-294.0037585898521,74.37394133921147,-1177.3265057062295
-294.3318075572116,74.11914117489911,-1177.6681142780283
-294.65898438850644,73.84438878287227,-1177.9897165875225
-294.9860222644761,73.54968408718042,-1178.2913126330022
-295.31383010896394,73.23502713178638,-1178.5729024128634
-295.64347891417606,72.90041810519541,-1178.8344859256088
-295.97619358008455,72.54585736336728,-1179.0760631698477
-296.3207961345564,72.17134581394114,-1179.317634144286
-296.6854594907868,71.77688598525498,-1179.5759045265722
-297.0701865636989,71.36248080325119,-1179.8444240895053
-297.4749802681093,70.92813319429729,-1180.1173969313154
-297.8998435187277,70.4738460851859,-1180.3899157248084
-298.34477923015737,69.99962240313472,-1180.6577229993597
-298.80979031689446,69.50546507578653,-1180.9170479481882
-299.2948796933287,68.99137703120915,-1181.1644908735664
-299.8000493014555,68.47736119785999,-1181.3951801311139
-300.3252971940137,67.98342050419606,-1181.605863106538
-300.87062045134786,67.50955787828404,-1181.7965397987184
-301.43601615369596,67.05577624776477,-1181.967210206641
-302.02148138118906,66.62207853985326,-1182.1178743293985
-302.6270132138517,66.20846768133869,-1182.2485321661898
-303.2526087316015,65.81494659858434,-1182.3591837163199
-303.8982650142496,65.44151821752766,-1182.4498289792004
-304.54440312603657,65.08818451200443,-1182.5204679543494
-305.1734012883346,64.75494374386774,-1182.5711006413915
-305.7889622274499,64.44179368845464,-1182.6017270400569
-306.3943992502046,64.14873263204369,-1182.612347150183
-306.99269231233956,63.87575931914365,-1182.6029609717134
-307.5865418553211,63.62287290786238,-1182.5735685046982
-308.17840284487016,63.39007293204501,-1182.5241697492934
-308.7704686004476,63.17735926509299,-1182.4547647057616
-309.35316580943834,62.984731521304866,-1182.365353374472
-309.91589458228174,62.81218730379963,-1182.2559357559
-310.4586519991231,62.65972370010542,-1182.1265118506278
-310.981435140214,62.5273377973245,-1181.9770816593432
-311.4842410859121,62.41502668213335,-1181.8076451828408
-311.9670669166815,62.32278744078265,-1181.6182024220218
-312.4299097130924,62.25061715909726,-1181.409375854471
-312.8727665558212,62.19851292247631,-1181.1855195386088
-313.31563492471196,62.15826389728022,-1180.9660109990393
-313.77851393480097,62.12086271419366,-1180.7664961796108
-314.26140330054466,62.08459035061278,-1180.5869750813843
-314.76430300630744,62.047460488073874,-1180.4274477053143
-315.2872133491894,62.00716554768092,-1180.287914052249
-315.8301349904338,61.96101186509686,-1180.168374122931
-316.39306901762495,61.905834510318456,-1180.0688279179951
-316.9760170218514,61.837873038285615,-1179.9892754379712
-317.5589811994907,61.752538573543845,-1179.9220263871123
-318.12196434076054,61.64728767303078,-1179.8588516550622
-318.6649693595296,61.52211742286229,-1179.7987562165222
-319.1879991697728,61.377024909579205,-1179.740880666295
-319.69105668557114,61.212007220147385,-1179.6844473099861
-320.17414482111195,61.027061441957656,-1179.6287188699118
-320.6372664906887,60.82218466282588,-1179.5729720263612
-321.0804246087011,60.597373970992976,-1179.5164844705184
-321.5036211173674,60.37262645508943,-1179.4694425391967
-321.90685406986245,60.16793920374541,-1179.442394335974
-322.29012054717964,59.98330930520083,-1179.4353398609946
-322.65341763041863,59.81873384726985,-1179.4482791142955
-322.9967424007853,59.67420991734097,-1179.4812120958081
-323.32009193959163,59.549734602377,-1179.534138805357
-323.6234633282558,59.44530498891509,-1179.6070592426613
-323.90685364830233,59.36091816306675,-1179.6999734073327
-324.1902601082078,59.29396277729233,-1179.8101189263848
-324.4936804208071,59.24189431342927,-1179.9324300777225
-324.8171124183602,59.204677691048936,-1180.0618557270648
-325.1605539531204,59.182142251252245,-1180.1928145987395
-325.52400289354455,59.17427427528855,-1180.3197782296427
-325.9074570912159,59.18132620887524,-1180.4375670365062
-326.31091434274623,59.20379297292243,-1180.5414027594281
-326.73437235909364,59.242348235190086,-1180.6271119769522
-327.1578296490102,59.27916597830259,-1180.6960904739535
-327.5612882423222,59.296044021374385,-1180.7534234932882
-327.94475105374664,59.292979447945775,-1180.8026350233738
-328.3082209981068,59.26996934198216,-1180.8470637842686
-328.6518087383637,59.22701079311217,-1180.8898807609569
-328.97610302214827,59.164100935583754,-1180.9341212887505
-329.2820507057142,59.08123702492255,-1180.9827219652368