
218.90301996655842,915.707186203477,105.72555251756238
218.8930255985359,915.7092627111718,105.73555167428259
218.90303488920685,915.7094754081896,105.72555026875719
218.93304756810875,915.7078411277492,105.69554830103937
218.9830633677086,915.7043788402931,105.64554577128865
219.05308202371404,915.6991096239225,105.57554267977096
219.1431032753776,915.6920566462775,105.4855390268585
219.253126865802,915.6832451483236,105.3755348130299
219.3831525422385,915.6727024052515,105.24553003887011
219.51432085212716,915.6688357194572,105.11552470506156
219.62776851027763,915.6802150993973,105.00551881228671
219.72348458606612,915.7071936522914,104.91551236113051
219.80145381431592,915.7501269496587,104.84550535207158
219.8616567539657,915.8093730184014,104.7954977854822
219.90406996771785,915.8852923385401,104.76548966162827
219.9286662369728,915.9782478447354,104.75548098066936
219.93541473098648,916.0886049191955,104.7654717426587
219.9232413579066,916.1977552903115,104.79546194754317
219.8910859537604,916.2869088939156,104.84545159516328
219.83894560185666,916.3560686444621,104.91544068525322
219.76681738561027,916.4052374568307,105.00542921744079
219.67469838854245,916.4344182463267,105.11541719124752
219.56258569428073,916.4436139286804,105.2454046060885
219.43047638655892,916.4328274200476,105.39539146127255
219.27836754921722,916.4020616370094,105.56537775600209
219.10625626620214,916.351319496572,105.75536348937321
218.91413962156656,916.2806039161673,105.96534866037562
218.70201469946977,916.189917813652,106.19533326789276
218.4698785841774,916.0792641073083,106.44531731070165
218.21772836006153,915.9486457158437,106.715300787473
217.94556111160063,915.7980655583908,107.00528369677114
217.65337392337966,915.6275265545074,107.31526603705409
217.34116388009002,915.4370316241765,107.64524780667348
217.0289280665207,915.2265827155187,107.97547007367709
216.73666356746085,914.9961778879302,108.28639177777725
216.46436746760227,914.7458142289449,108.57844847850056
216.21203685153057,914.4754888265218,108.85207525863673
215.97966880372525,914.1851987690451,109.10770664889607
215.76726040855957,913.8749411453242,109.34577668703497
215.57480875030072,913.5447130445939,109.56671897412036
215.40231091310974,913.194511556514,109.77096675463605
215.2467475245869,912.8277307254855,109.95697526202422
215.10498753530362,912.4476204396402,110.12298318471912
214.97679785984337,912.0538760322083,110.268990521838
214.861931897373,911.646165256315,110.3949972726045
214.76012833771696,911.2241256301012,110.50100343634854
214.6711098487676,910.7873614701743,110.58700901250641
214.59458164947233,910.3354405790764,110.6530140006208
214.53022993878474,909.8678905786788,110.69901840034072
214.48185216143278,909.387833934644,110.72502221142152
214.453407124875,908.8986087912796,110.73102543372494
214.44489348710513,908.4001556882663,110.71702806721905
214.45630989808154,907.892419495163,110.6830301119783
214.48765500034344,907.3753492135197,110.62903156818345
214.5389274296,906.8488977808988,110.55503243612165
214.6101258152892,906.3130218739423,110.46103271618641
214.7012487811092,905.7676817038096,110.34703240887757
214.8122946903397,905.2075917834185,110.22068082943989
214.9432608814822,904.6274842150924,110.08961172254324
215.09414443697787,904.0273560938082,109.95379200306157
215.2649424391621,903.407204514968,109.81318472303623
215.4556519702643,902.7670265743998,109.66774911292265
215.66627011240809,902.1068193683568,109.51744065931499
215.89679394761112,901.426579993518,109.36221122534774
216.14722055778526,900.7263055469879,109.20200920089971
216.40164498044732,900.0059938993644,109.0293072659643
216.64407533664618,899.265646018168,108.83660475126857
216.87437720321793,898.5052636634821,108.62390165783721
217.09251177245008,897.7248486082884,108.39119798680129
217.29855593455545,896.9244026230137,108.13849373939823
217.492717146885,896.1039274574892,107.86578891697178
217.6753403776293,895.2634248212916,107.57308352097208
217.84690559002385,894.4028963637518,107.26037755295559
218.0107788858009,893.5223435207026,106.92767101458516
218.17004755909363,892.6217671134917,106.57496390762996
218.3246696947811,891.701167816001,106.20225623396554
218.4745370805744,890.7610780330641,105.8095479955738
218.619469886392,889.8030621558028,105.39720886350335
218.75922971269142,888.8291124625711,104.96633123954355
218.8935459655279,887.8410657430308,104.51825211729515
219.02214296000767,886.8406005809452,104.05410032671219
219.15133085499613,885.8391828175158,103.57868015674063
219.28793964897056,884.84759976082,103.09634039220758
219.43277556495673,883.8661120152381,102.60720442349141
219.58672860805248,882.8950083842735,102.11140731135767
219.75078280859324,881.9346079318416,101.60909828701556
219.92602748483654,880.985261682453,101.10044367059898
220.1136689807708,880.047353442329,100.585629968223
220.31504346446147,879.121299801453,100.06486734097315
220.52987604725624,878.2021093710821,99.53118572507431
220.7571930252323,877.2845196815359,98.97750357992192
220.9970004373712,876.368423202978,98.40382090846019
221.24930149552648,875.4537160041823,97.81013771373975
221.51409650435343,874.5402976189605,97.1964539989175
221.79138279981595,873.6280709123608,96.56276976725677
222.08115468910452,872.7169419558162,95.90908502212719
222.38340337098657,871.8068199069518,95.23539976700476
222.68182336838998,870.8984079102271,94.55906686496124
222.9601830122332,869.9925147257892,93.89726406158982
223.2186821019739,869.089257999355,93.24964076302825
223.4575781755798,868.1887493511456,92.61584742342696
223.6771192478095,867.2910929590029,91.99553725918044
223.87754431733106,866.3963840630688,91.38836607917514
224.05908388983244,865.5047074471448,90.79399203016027
224.22196074408996,864.6161357689226,90.21207526105614
224.3770158214493,863.7391220469126,89.64630215629555
224.53607921601895,862.8820854455913,89.10052857482707
224.70153649776594,862.045025211006,88.57475451955288
224.876167531362,861.2279402129321,88.06897999326883
225.06317266954895,860.4308288852953,87.58320499866439
225.2661821637415,859.6536891639148,87.11742953832268
225.48810167782904,858.8965184799464,86.67165361472051
225.72991581694657,858.1593139798327,86.24587723022832
225.9825156107472,857.4356469147968,85.82010038711904
226.23679460144837,856.7190452858698,85.37432308766564
226.4927616292525,856.0094180553352,84.90854533423855
226.7504261074534,855.3066727040438,84.4227671293146
227.0097980451118,854.6107152823487,83.91698847547688
227.27088806699803,853.9214504724837,83.39120937541496
227.53370744236503,853.2387816561819,82.84542983192468
227.7982680974595,852.5626109732317,82.27964984790823
228.05365479262514,851.8796458504705,81.71386942636533
228.2889440830092,851.177139047388,81.1680885702957
228.50413322685148,850.4567446888739,80.64230728260152
228.69921978291146,849.7206798326882,80.13627890584625
228.87420161900178,848.9709742576998,79.64906330008961
229.02907688681225,848.2095015903423,79.17935569936066
229.1638440010856,847.4380011203509,78.72600940577536
229.27850162054733,846.6580850071658,78.28802188687851
229.39304926655316,845.8843408136752,77.86564860144664
229.52748918389292,845.1305784636588,77.45913975295089
229.68182428871404,844.3967950557534,77.06739425979791
229.85605749705815,843.68298768817,76.68903620091467
230.0501917248611,842.9891534586945,76.32249426445581
230.26422988795287,842.3152894646878,75.96608208628993
230.49817490205766,841.6613928030852,75.61806861472225
230.75202968279376,841.0274605703969,75.276732667112
231.01917227918534,840.3979238786482,74.93197416836492
231.29274218956797,839.7572851871832,74.57422262590512
231.572268516179,839.1056835294515,74.2028398218019
231.8572846132645,838.4432569382177,73.81720373111004
232.14732949110171,837.7701409408947,73.4167113089864
232.44194917545215,837.0864669750429,73.00078141179745
232.74069794136759,836.3923607159397,72.56885777687785
233.0431394460207,835.6879404182857,72.12041217919538
233.35726927350981,834.9743028372917,71.65357706742455
233.69129814651893,834.2524523993472,71.16674157464084
234.04522486768371,833.5223230786976,70.65990570343303
234.41904823085608,832.7838560290237,70.13306945649624
234.81276702212278,832.0369991900527,69.58623283663196
235.22638002076636,831.2817068975058,69.01939584674803
235.6598860001692,830.5179394839871,68.43255848985861
236.11328372865884,829.7456628822553,67.82572076908424
236.5665720628638,828.9667531395505,67.20588906391521
236.99975023050996,828.1831833067787,66.57930085947723
237.41281757102396,827.3951231321985,65.94443849276301
237.80577344976047,826.602764010186,65.29983289886033
238.17861726166538,825.8063258481624,64.64408178465442
238.53134843587821,825.0060628793535,63.97587064519473
238.86396644102663,824.2022670989924,63.29399607245591
239.17647079075897,823.3952678442193,62.597390237117565
239.47486795808408,822.5839616341077,61.88850044713166
239.76582498829404,821.7671557497458,61.170496719694086
240.05060462246504,820.9449944179404,60.44381364371712
240.33035872072077,820.1175772368825,59.70885449140201
240.60613840099455,819.284969505319,58.96599587693585
240.87890334181694,818.4472105125421,58.21559137639889
241.14953028152027,817.6043201259652,57.457974389262404
241.4188207681724,816.7563039770432,56.69346040717813
241.69535426241654,815.9157048903064,55.92207844975248
241.98848197571547,815.0950642910382,55.14383903486982
242.30042736294163,814.2943795948911,54.35907730546609
242.63226129622254,813.5136479533882,53.56828192891064
242.98398669065597,812.7528664657094,52.772128031669325
243.35560646123395,812.0120322306095,51.971496082171555
243.74712352284266,811.2911423464182,51.16748573577249
244.15854079026255,810.5901939110398,50.36142049356545
244.57898218688385,809.8976524742252,49.5539879583033
244.99752939114893,809.2019906989435,48.74516220828571
245.41410098923663,808.5032190123122,47.93495164086288
245.8286136529659,807.8013481553,47.123364639802524
246.24098214109037,807.0963891546338,46.31040959197912
246.65111932043504,806.3883532725325,45.49609489893717
247.05893619501288,805.6772519610845,44.68042899119625
247.46434191248434,804.9630967990992,43.86342034052953
247.86797783640134,804.2532471129462,43.05574232640648
248.27024502704427,803.5554951853586,42.268064083323345
248.6705585315289,802.870723499573,41.50038561546865
249.0683094813391,802.1998231646,40.75270692692457
249.46850865718537,801.5429679845145,40.02502802166692
249.87645274423093,800.9004925705821,39.31734890356517
250.2920921288474,800.273680547326,38.62966957638245
250.71538176734774,799.6639549219984,37.96199004377552
251.14629345691304,799.0728902504916,37.31431030929482
251.58482955377906,798.5015374100701,36.68663037638441
252.03103711714687,797.9501200536484,36.07895024838201
252.48501777156613,797.4186370556833,35.49126992851899
252.9385636325152,796.9031496486075,34.90358941992924
253.3834094688163,796.3997431915677,34.29590872574664
253.8195700953889,795.9084654892152,33.66822784920257
254.24705784988447,795.4293673792888,33.02054679363476
254.6658825235157,794.9625027902018,32.352865562487274
255.0760512985662,794.5079287566767,31.66518415931056
255.47756869162606,794.0657054716286,30.95750258776139
255.87043650780316,793.6358963213662,30.229820851602902
256.24895046331153,793.2022827423506,29.50213895469572
256.60740380470463,792.7486154224958,28.794456900900467
256.94579361321394,792.2748972877173,28.106774693980284
257.2641169701778,791.781131264356,27.439092337591955
257.5623709570412,791.2673202791785,26.79140983528592
257.8405526553558,790.7334672593772,26.16372719050626
258.09865914678,790.1795751325701,25.55604440659072
258.336687513079,789.6056468268006,24.96836148677067
258.56831700627134,789.0116846053877,24.380678434180027
258.80713616323976,788.3976880758856,23.77299525195268
259.0529719842366,787.7636562026228,23.145311943320014
259.3056744034368,787.1095879734916,22.497628511619777
259.5651158666996,786.4354823966129,21.829944960296054
259.8311890567831,785.742637429272,21.14226129289929
260.10381627700866,785.0335200650708,20.434654840814517
260.3829545808791,784.3103118133716,19.707613143280938
260.6752905176576,783.5905434455806,18.963488877694175
260.9875270949168,782.8907309914551,18.204366938375824
261.31966722785876,782.2108715484113,17.43060560954428
261.67171383157955,781.5509622134401,16.64270501309262
262.0436698210695,780.9110000831071,15.841295864765751
262.43553811121313,780.2909822535528,15.027126357320508
262.8473216167889,779.6909058204927,14.201048141986085
263.27902325246947,779.1107678792172,13.364002232676263
263.7106454014358,778.5396356835859,12.51171799394758
264.12218834063833,777.9669783580584,11.639433688696025
264.5136519112438,777.3935695892145,10.747149321560022
264.88503606336013,776.8201347266659,9.834864897284335
265.2363408492787,776.247354711226,8.902580420720092
265.56756641725485,775.6758695105071,7.950295896824762
265.87927924987025,775.106280888029,6.978011330662169
266.172688485269,774.5391404426044,5.985726727402489
266.4672280301963,773.9698500408572,4.973442092322248
266.78168828476703,773.3934878701591,3.941157430804325
267.11606821329025,772.8099246310153,2.888872748337948
267.47036676099424,772.2190235978213,1.816588050518698
267.84458285293965,771.6206405623609,0.7243033430485056
268.23871539292384,771.0146237749196,-0.3879813682643459
268.65276326237284,770.4008138031444,-1.5202660775052235
269.08672531921155,769.7790434564678,-2.672550778653142
269.5215611083991,769.1432179884915,-3.839093199882017
269.93849213064783,768.4873304147127,-5.013851476318277
270.3381572439165,767.8113833026396,-6.196245447296395
270.72142552561996,767.1153791097998,-7.385730490068367
271.0893877524979,766.3993201506181,-8.581789322975869
271.4433346415759,765.6632085655151,-9.78391858963956
271.78472435561383,764.907046294011,-10.991613701739025
272.11514398037724,764.1308350530733,-12.204357240190003
272.4459321430468,763.3448794320816,-13.413867029205296
272.78772206880666,762.5595302353535,-14.612175007108538
273.14074325529816,761.7748726116154,-15.799374439736793
273.5052256437331,760.9909703355029,-16.975539919089407
273.88140092639327,760.2078631006842,-18.140726283291453
274.2695030913625,759.4255650495274,-19.29496777831373
274.66976828525674,758.6440645237394,-20.438277414242393
275.08243411381045,757.8633249353966,-21.570646466984076
275.4930105036463,757.0804589916842,-22.687540244430792
275.8872803634757,756.2925344944156,-23.784433901244157
276.2660065374333,755.499406564336,-24.86132743159138
276.6299096584485,754.7009207175818,-25.918220829746026
276.9796698658989,753.8969135414329,-26.955114090088006
277.3159288061502,753.087213678784,-27.97200720710358
277.63929183209336,752.2716429679956,-28.96890017538537
277.9503302367141,751.4500177662394,-29.94579298963234
278.2474154120842,750.6261389649444,-30.903844997905527
278.52864842332673,749.8038639642649,-31.844445518344372
278.79404641628264,748.9831165202719,-32.76805969391909
279.04363404282844,748.1638150605103,-33.67516253535836
279.27744503663973,747.3458743308003,-34.56623756549877
279.4955239394175,746.5292072870706,-35.44177497535294
279.6979279442333,745.7137272423365,-36.30226928188284
279.8847287978575,744.899350256651,-37.14821647603407
280.065746623353,744.0868731145696,-37.98116163110833
280.25064636773413,743.2770846879324,-38.80193278613685
280.43919023209554,742.4698863256694,-39.60957544561712
280.6311270279379,741.6651766773577,-40.403104023380024
280.82619283280314,740.8628536654173,-41.18150515184504
281.02411158051615,740.0628165052565,-41.943740902583734
281.2245955868726,739.2649677402377,-42.68875188004478
281.4273459938456,738.4692152670351,-43.41546010976224
281.62297692539323,737.6676647848163,-44.12967448154983
281.8034335305559,736.8532987436645,-44.83784710618886
281.97086301298964,736.0276698255063,-45.54020016075685
282.1270290085658,735.1921336144497,-46.23699083222322
282.27338364239654,734.347890101162,-46.928494968609165
282.4111276294071,733.4960118509676,-47.61499553308964
282.54125913928715,732.6374635838089,-48.29677436186158
282.6646126981922,731.7731159416129,-48.97410628330974
282.77482394105436,730.9063686730635,-49.65125605492075
282.86537981662434,730.0404469006442,-50.332228791581336
282.9367647160314,729.1758805111024,-51.01680499687739
282.9895069311746,728.3132946904913,-51.704822874532795
283.02417999916264,727.4533854126263,-52.396174020305764
283.04139764005134,726.5968931849237,-53.0907976035032
283.0418035104116,725.7445773772358,-53.78867372261284
283.0260579864479,724.8971933390676,-54.48981663969937
282.99998509027137,724.0513186663933,-55.199491242537334
282.9692112517088,723.2037346623628,-55.92283870285922
282.933991974485,722.3555894590482,-56.65963759080855
282.89455303270586,721.5080018911267,-57.409662727086754
282.8510910382017,720.6620382789246,-58.17269161071924
282.80377439090074,719.8186964944437,-58.94850917646092
282.75274461181726,718.978896544034,-59.73691098054638
282.6981180030162,718.1434765203924,-60.537705056541206
282.6461481210055,717.3137665009236,-61.34183415231403
282.60244533161125,716.490538761164,-62.140522543234844
282.5658910356965,715.6734905327778,-62.93414294839741
282.53548806823414,714.8623491779365,-63.72305606299665
282.510348725359,714.0568703311752,-64.5076070223408
282.4896830884343,713.2568357428107,-65.288123302574
282.4727880187025,712.4620509671375,-66.06491367640112
282.45903703458043,711.6723430259403,-66.83826791100986
282.44681309910925,710.8875017469613,-67.60692682674942
282.4346248705062,710.1072207612508,-68.36950681834433
282.4221523255298,709.3311651207438,-69.12604036412519
282.40911119647905,708.5590378180123,-69.87656159374176
282.395248258149,707.7905746053362,-70.62110545918149
282.38033729912917,707.02553963004,-71.35970713371607
282.36417568290045,706.2637217546345,-72.09240157297258
282.346581396869,705.5049314310302,-72.81922320308188
282.335367468209,704.7440929975293,-73.54193517969175
282.3385055145813,703.9760501130529,-74.26224731410291
282.3561428836051,703.2004702902309,-74.98008608695069
282.38843109142584,702.4170354501839,-75.69537577494224
282.43552587048833,701.6254404625533,-76.40803779210637
282.4975872824283,700.8253917491758,-77.11799006716387
282.57477989323144,700.0166059754758,-77.82514644009052
282.6672729782494,699.1988088214615,-78.52941609158191
282.76845065170113,698.3843373180374,-79.22922023664658
282.8712142815904,697.5857216965351,-79.9229397368995
282.97482154006224,696.803073227447,-80.61036581623095
283.0786283592849,696.0364991580258,-81.2912214870093
283.18207530992487,695.2861111532853,-81.96516403821863
283.2846752533905,694.5520318463289,-82.6317870825226
283.38600214522756,693.8343998935993,-83.29062219968579
283.4856807865762,693.1333737575823,-83.94114031701974
283.58557074640714,692.4506855857315,-84.58840781776277
283.68808182513953,691.7879826635734,-85.23812583601317
283.79396222984644,691.1452645542787,-85.8909918568621
283.90396378749244,690.5225307117146,-86.54767668372239
284.0188487783634,689.9197804794221,-87.20882320641613
284.1393967820139,689.3370130885891,-87.87504589262451
284.2664110076335,688.774227655056,-88.54693099459341
284.4007236250824,688.2314231754666,-89.22503744939881
284.5391847454722,687.6987023365381,-89.91639073990102
284.67819553618745,687.1661519316732,-90.62774355225913
284.81770761921854,686.6337370167264,-91.35909588269048
284.9576741687685,686.1014190751196,-92.11044772730608
285.0980501566128,685.5691557734566,-92.88179908211056
285.2387926004332,685.0369007240174,-93.67314994300224
285.3798608036539,684.504603247334,-94.48450030577305
285.5212165849311,683.9722081368789,-95.3158501661086
285.67267035329814,683.4390626408407,-96.15904977007432
285.84405081755597,682.9044287885616,-97.00631879707547
286.0353577473735,682.3680909929509,-97.85840095383945
286.2465908829657,681.8298565981715,-98.71604926732716
286.4777499384384,681.2895558035891,-99.58002529604036
286.7288346050888,680.7470411510559,-100.45109827576378
286.9998445546073,680.2021867061849,-101.33004427508251
287.29077944214373,679.6548870338675,-102.21764540811967
287.5816384844387,679.0963191865901,-103.11629061716437
287.8524191896705,678.5177103836319,-104.02718454450167
288.10311863953694,677.9190635534926,-104.94866765321842
288.33373391584246,677.300381625098,-105.87898256317507
288.5442621244586,676.6621603885927,-106.8163902519388
288.7347005321194,676.006230944516,-107.75931083643377
288.90504674355765,675.3350478845929,-108.70646701140792
289.05529868936804,674.6506305749095,-109.65695076003101
289.1895220623263,673.9617433815146,-110.61019636038637
289.31196476298317,673.2765289591666,-111.5659780707871
289.4230007743362,672.5955288202878,-112.52425464641234
289.5230223977259,671.9192452258554,-113.4849877982223
289.6124287164445,671.2481376996956,-114.44814282965528
289.6916155867391,670.5826211406854,-115.41368898984494
289.760967507865,669.9230654037474,-116.38159959783658
289.82085151348446,669.2697961362026,-117.35185197916799
289.869114321144,668.6115448814144,-118.32498807103755
289.90400927678394,667.9373694226299,-119.30170201514184
289.9267445290808,667.2481133404476,-120.28231868974797
289.9385846970326,666.5444016137533,-121.26722950881357
289.940821731168,665.826657161882,-122.25686387064461
289.9347545964537,665.0951224076491,-123.2516664413709
289.9216758997974,664.349882163649,-124.25207959708433
289.9028633156738,663.5908855454753,-125.25853032035137
289.8774710582995,662.8320610048194,-126.27810362373657
289.84400763293246,662.0875840794245,-127.31767625562232
289.8024613560043,661.3578197542967,-128.37724821048062
289.75284533381654,660.6431020871491,-129.45681948267716
289.695196846748,659.943734537188,-130.55639006647124
289.62957676284117,659.2599903588346,-131.67595995601584
289.556068998417,658.5921130131744,-132.81552914535763
289.4747799398902,657.9403166400423,-133.97509762843686
289.3932628790508,657.2911934129542,-135.14546645815878
289.3192081713472,656.6310954378412,-136.31732287820293
289.2530009479211,655.9597477543319,-137.49044722461886
289.19501116439324,655.2768848918514,-138.66463525156166
289.1455943251082,654.582250449303,-139.8396971186101
289.10509218538266,653.8755966775085,-141.0154564154569
289.0738334322368,653.1566840896796,-142.19174922516294
289.0521343397983,652.4252810927734,-143.36842321709486
289.0319696556902,651.6975772274254,-144.5523381055803
289.0051929971724,650.9898767859199,-145.75033179473445
288.97186982893317,650.3021807277721,-146.96221071281832
288.93206366257084,649.6344900030884,-148.18777471624944
288.88583577859697,648.9868055528723,-149.42681672100767
288.8332449570233,648.3591283093684,-150.6791223063847
288.7743471845833,647.7514591964491,-151.94446928201708
288.7091953519403,647.1637991300433,-153.22262721009648
288.6508902161296,646.5961483841315,-154.5101625077207
288.6117380134063,646.0470161045587,-155.80265756419485
288.5900869099398,645.5126616391333,-157.09810847760252
288.58437014155174,644.9890309412003,-158.39495341604862
288.5933732649894,644.472887578414,-159.6920619030174
288.61615144751704,643.9616607070867,-160.98863184934132
288.65196506468016,643.453306275673,-162.284104191248
288.7002312611907,642.9461912622309,-163.57809695495993
288.7505849426733,642.4401002998255,-164.87725271857286
288.7927362404465,641.9355068437503,-166.18847728135918
288.8263047796209,641.4323082143252,-167.51201017215487
288.8508765129832,640.930346189467,-168.84813477682803
288.8659996190647,640.429397571381,-170.1971834008575
288.8711801163289,639.9291616670669,-171.55954291222207
288.86587723017044,639.4292439805341,-172.93566099893243
288.84949856313875,638.9291353227078,-174.32605306075615
288.81739267770496,638.4230843101054,-175.7236250216565
288.7652167175893,637.9046763758175,-177.1222114719113
288.6929687312269,637.3718052017649,-178.5243348637086
288.6006464283117,636.8219292456434,-179.93274717168413
288.48824715395165,636.2528666943235,-181.3504378178212
288.3557680306996,635.6638219998825,-182.7805971718151
288.2032061423977,635.0547980910408,-184.22652496828127
288.0305585729947,634.4257978969439,-185.691169029253
287.8578233788252,633.7968233748401,-187.15581210280195
287.7050025053735,633.1878725928274,-188.60045418114868
287.57209887031473,632.5989426463266,-190.02509525661125
287.4580944761869,632.0300306799638,-191.43031155738498
287.36075970700466,631.4811340953667,-192.81795763780244
287.2777111676642,630.9522506360834,-194.19062454921468
287.20666023151,630.4433783868619,-195.55092743954137
287.1454550752449,629.9539720765767,-196.90141664744553
287.0927414512494,629.4805073981435,-198.23877015952178
287.048278956898,629.0199230454384,-199.55949221966347
287.0122639855642,628.5720525343072,-200.8656594357034
286.98498210654384,628.1367144568446,-202.1591977846009
286.96681960797366,627.7136985133487,-203.4418699009066
286.9582714716432,627.3027544744319,-204.71526564443732
286.95994489378313,626.9035852340262,-205.98079616745963
286.9725580873375,626.5158442667642,-207.23969156244465
286.988841578526,626.134432717567,-208.49195546311142
287.0011515096044,625.7544356584268,-209.7370260337111
287.00951187138605,625.3758487406543,-210.97491094541644
287.01394559324626,624.9986673945226,-212.20561626893453
287.0144745807617,624.6228868385984,-213.42914651766046
287.0111197470322,624.248502085015,-214.64550468439373
287.0039010434076,623.8755079508203,-215.8546922809158
286.99283749271996,623.5038990662805,-217.05670937375282
286.9810601340833,623.131268803229,-218.25744954171552
286.97180861650264,622.7552877472502,-219.4627272789866
286.9653092407005,622.3760988104247,-220.67239028857432
286.9617692753466,621.9938325252896,-221.88629901741353
286.9613778449636,621.6086077198917,-223.10432603433236
286.9643069134214,621.2205322623217,-224.32635535485133
286.9707123271492,620.8297038426507,-225.55228173093522
286.9807348970847,620.4362107580495,-226.78200991785636
286.99163299145687,620.0374204309204,-228.00930954809357
287.00069690977483,619.6307378574479,-229.2280477856956
287.00812293640104,619.2163078206058,-230.4383273887882
287.0141044411644,618.7942490386888,-231.64024753878653
287.0188317575425,618.3646573207413,-232.8339041751344
287.0224921550873,617.9276082644709,-234.01939030334051
287.02526987858545,617.4831595707834,-235.1967962777424
287.02734623509605,617.0313530292916,-236.3662100501766
287.0278538269753,616.5782771213209,-237.5319159538805
287.02585252007884,616.1299798308713,-238.6981151216864
287.02137608918906,615.6864144701937,-239.86472808814304
287.0144582564807,615.2475345921877,-241.03167565238198
287.00513268690815,614.8132939997088,-242.19887888398907
286.99343298097136,614.3836467522523,-243.36625912348168
286.9793926683167,613.9585471728775,-244.53373798722657
286.96304520241205,613.5379498546556,-245.7012373691092
286.94971436800347,613.119119394194,-246.8602780794897
286.9449158459528,612.699206594383,-248.00244465919172
286.94904498096525,612.2779762611412,-249.12777762376345
286.96245196967675,611.8552666081872,-250.23629932706885
286.98544049839114,611.4309868766876,-251.3280135512077
287.0182668157418,611.0051138650708,-252.40290521469117
287.06113893112774,610.5776873282107,-253.46094032571187
287.11421615189664,610.1488041454504,-254.50206620816482
287.1746710280195,609.7164581044244,-255.542404868645
287.23949565736325,609.2786284752043,-256.59791821806
287.3084728118437,608.8354171345953,-257.66823195365515
287.38140280647633,608.3869406473115,-258.7529882277707
287.45810418958007,607.9333300747754,-259.8518472056705
287.53841428034946,607.4747305616232,-260.9644883944889
287.6221895268203,607.0113006832478,-262.09061173805105
287.70930568586255,606.5432115527384,-263.2299384589683
287.7996957220046,606.0757699896989,-264.37741911914526
287.8934219165715,605.6142805551686,-265.5280069667052
287.99064677114524,605.1589207168432,-266.6814436420582
288.09157364028613,604.7098778871924,-267.83748052332913
288.1964531319351,604.2673498490599,-268.9958814362247
288.30559041433855,603.8315450810828,-270.15642571437553
288.4193535076808,603.4026829305791,-271.31891159155674
288.53818260402574,602.9809935538842,-272.48315986981873
288.65903084209276,602.5552655062633,-273.6546836316712
288.7784613864662,602.1148267596067,-274.83867901468824
288.89626912924405,601.661015380405,-276.0344261858759
289.01242787593844,601.1952083964692,-277.2413685216159
289.1270645564957,600.7187982969791,-278.4591083209029
289.2404277095228,600.2331622778637,-279.6873909409738
289.3528539953183,599.7396304927547,-280.92608143562666
289.46473628932097,599.2394583950056,-282.17513836970875
289.5741315813938,598.7383612045468,-283.42743444430585
289.6788942697204,598.241441783288,-284.675861831059
289.77903220560876,597.7486878749456,-285.92045845131486
289.87455342743556,597.2600886113421,-287.16126276920016
289.9654661312776,596.7756344143905,-288.39831375240203
290.0517786400988,596.2953169004686,-289.6316508358087
290.13349937840735,595.8191288002926,-290.8613138932568
290.21063684618724,595.3470638833262,-292.0873432048677
290.28447564395594,594.8783377475156,-293.3103269425178
290.35633517689513,594.4121423309608,-294.53082001322446
290.4262948187307,593.9484239630357,-295.74879559520235
290.4944363023594,593.487127448005,-296.9642253020578
290.560843793352,593.0281959700227,-298.1770791345088
290.62560395205776,592.5715710015771,-299.3873254391391
290.6888059906895,592.117192207756,-300.5949308653635
290.7505417223468,591.664997350026,-301.79986033097674
290.8102287411368,591.2137175272983,-303.0058320802023
290.8675719123911,590.7620250719563,-304.2166562993298
290.92322776914915,590.309742990196,-305.43247900376355
290.9778293907912,589.8567026184021,-306.6534420272577
291.03198469971005,589.4027448356284,-307.87968236650306
291.0862751332835,588.9477210588917,-309.11133162751827
291.1412546524976,588.4914940420576,-310.34851558362107
291.1974490372891,588.0339385009228,-311.59135383234343
291.25269350485223,587.5771174115171,-312.83623198791037
291.30453981517337,587.123207527021,-314.0794633025903
291.35293535817897,586.6723120817452,-315.32101902304805
291.3978333230792,586.2245247006332,-316.56086951839836
291.43919243366076,585.7799297791904,-317.79898437146045
291.4769766863751,585.3386028547473,-319.0353324666156
291.5111550877679,584.9006109945708,-320.269882074565
291.54170139613643,584.4660131736418,-321.5026009314254
291.572191830985,584.040284633154,-322.73878021399184
291.606121668695,583.6284985263154,-323.98400239850326
291.64332157131685,583.2299461905236,-325.2387810100227
291.6836533687986,582.84399366252,-326.5035604421882
291.72700483461927,582.4700712248297,-327.7787235384441
291.77328546004435,582.1076643185485,-329.06459835215975
291.8224230245427,581.7563057312727,-330.36146415096096
291.874360793501,581.4155689351346,-331.66955673012507
291.928014332581,581.0779662325917,-332.9801229377206
291.9822726555265,580.7362961929882,-334.28433468040623
292.03703604978045,580.3907210578498,-335.58225571486525
292.09220933285974,580.0413980884005,-336.8739465512686
292.1477016674761,579.6884795301062,-338.1594645939413
292.20342637752515,579.3321126028753,-339.43886428012235
292.25930076571535,578.9724395165584,-340.71219721776964
292.315245934821,578.6095974962495,-341.97951231740575
292.3701977269136,578.2474780168039,-343.248619526693
292.4231612617455,577.8898398025825,-344.52729421519933
292.4741985857481,577.536552427024,-345.8155175377197
292.5233736269115,577.1874862189911,-347.11327619366074
292.5707523510439,576.8425120388481,-348.42056265020074
292.61640292610423,576.5015010561845,-349.7373753826155
292.66039588680013,576.1643245172611,-351.06371912747875
292.7028043043367,575.8308535094538,-352.39960515779745
292.7442469640735,575.4981718765944,-353.73641727579985
292.7852998771755,575.1634130674612,-355.06557769723383
292.82595151647195,574.826549308882,-356.3871780772
292.86618911515126,574.487556749893,-357.70131044944793
292.90599872027667,574.1464152605705,-359.0080671491278
292.94536524052126,573.8031082364595,-360.3075407395957
292.9842724909697,573.4576224194448,-361.59982393230445
293.0227032331262,573.109947720167,-362.88500950192594
293.0619907008012,572.7621584937993,-364.16563401384286
293.1034680935386,572.4162015385856,-365.44435729282776
293.1471177869903,572.0718262428824,-366.7214977948104
293.19292306637317,571.7288065825019,-367.99733501938454
293.24086827745754,571.3869387139698,-369.2721145948581
293.2909389197618,571.0460387783496,-370.54605265111644
293.3431216919955,570.7059409100966,-371.81933958204525
293.39740450039125,570.3664954286256,-373.09214329323765
293.4535911441376,570.0311889277368,-374.3654016689315
293.5112420842902,569.7035808120326,-375.6400658698499
293.56987378291484,569.3836882704657,-376.9163009231511
293.6290306886001,569.0715530500623,-378.19423651853697
293.6882815943973,568.7672367643272,-379.47397161372436
293.74721652272274,568.4708172352065,-380.7555781904312
293.80544404320324,568.1823856382304,-382.0391043325984
293.86258895697387,567.9020442545537,-383.32457675672595
293.9130387259059,567.6170586844063,-384.6134357583496
293.9524783391313,567.3154670934452,-385.9068266543687
293.98320983642833,566.9986998616359,-387.2042094406857
294.00760564956335,566.667800763804,-388.50511154749285
294.0279768501666,566.3235268411161,-389.80912610275266
294.04648451552134,565.9664247133654,-391.11590540668396
294.0650916495681,565.5968879420797,-392.4251524499033
294.0855455865782,565.215199496637,-393.73661230687344
294.10972307370014,564.8301876709859,-395.0479702859923
294.1382370680139,564.4499380100838,-396.35702454537045
294.1702865893397,564.0733420031744,-397.6637691175826
294.2052315507147,563.6995379190514,-398.9682049755803
294.24256064389823,563.3278519584494,-400.27033736085457
294.2818653577261,562.9577542822575,-401.57017415241415
294.3228192219816,562.5888260890328,-402.8677248592287
294.365161286648,562.2207347869083,-404.1629999999825
294.4057301693848,561.8553597993139,-405.4566149829436
294.44149843422497,561.4947492288227,-406.74916806849006
294.47250371749845,561.1389426441596,-408.040640210535
294.4987872039888,560.7879744515446,-409.3310208163664
294.52039352749523,560.4418741626429,-410.62030728888357
294.5373706688102,560.1006666460763,-411.90850459476144
294.54976984848787,559.7643723748997,-413.19562484060185
294.55764542560826,559.433007650964,-414.4816868821656
294.5625045085246,559.1046776856762,-415.7664158962203
294.56583976035955,558.777491868406,-417.04953741442654
294.56767761444127,558.4514721862292,-418.33107322338645
294.568043007278,558.1266391063134,-419.6110430314752
294.56695945284724,557.8030116466427,-420.8894645795272
294.5644491142139,557.4806074465539,-422.1663537483624
294.5605328652037,557.1594428292152,-423.441724654869
294.55523035244306,556.839532858375,-424.71558974713264
294.54921962091754,556.52141916765,-425.9851649309611
294.54322602087865,556.205631263129,-427.24776799213936
294.5373612018169,555.8921597854933,-428.5036103447278
294.5317328172157,555.5809962008094,-429.7528954012569
294.5264443605294,555.2721329025711,-430.99581850668415
294.5215950064517,554.9655633148378,-432.23256687020506
294.51727946039426,554.6612819921763,-433.4633194965881
294.5135878166518,554.3592847118765,-434.68824712752235
294.5073911613334,554.0591051600162,-435.90955601711477
294.49550768239425,553.7601436224522,-437.129260630103
294.47792089521437,553.4621196412434,-438.3471354942267
294.4546175938934,553.1647325417406,-439.5629375036184
294.4255883658056,552.8676600089213,-440.77640457930966
294.3908281517198,552.5705566133099,-441.98725426333743
294.3503368498084,552.273052289963,-443.1951822522927
294.30411996926125,551.9747507833001,-444.3998608766884
294.2579267474537,551.6732087080152,-445.60608835981094
294.2176674323152,551.3660394542555,-446.81892103164665
294.1836796112179,551.0529443609361,-448.03853878019356
294.15631456007515,550.7336188478253,-449.26512837178944
294.1359370748929,550.4077526522174,-450.49888354981647
294.1229252482817,550.075030078508,-451.74000512243794
294.1176701749582,549.7351302730791,-452.9887010312619
294.120575583379,549.3877275109152,-454.24518640426885
294.127185396794,549.034896996739,-455.50288731786827
294.13287001306605,548.6789359298847,-456.75516064866264
294.13769047133405,548.3199573354493,-458.0020845312053
294.1417045935434,547.9580694496904,-459.24373282857084
294.1449670766184,547.593375806438,-460.4801753915157
294.14752959359,547.2259753442358,-461.711478307625
294.1494409048125,546.8559625276525,-462.93770413210166
294.15074696639834,546.4834274765632,-464.1589121063957
294.15180671454846,546.1132725639278,-465.37104379477387
294.15314404779394,545.7499424713117,-466.57019098814425
294.15512466076046,545.3926500827835,-467.75667869805915
294.1580977970296,545.0406851786861,-468.9307691486055
294.16239669263985,544.6934075982537,-470.0926679962674
294.1683391233776,544.3502412645142,-471.24252954795367
294.1762279999851,544.010669032846,-472.38046106779063
294.1863519703321,543.6742283184772,-473.5065262670925
294.2016784315026,543.3409566788888,-474.6285134145137
294.2248569685668,543.011180460472,-475.75393520702664
294.25555681298835,542.685037172892,-476.88228338697996
294.29349335052206,542.3626561519162,-478.0130495178929
294.33842777357796,542.0441582934342,-479.14572400038526
294.3901671972573,541.7296555843608,-480.2797952347347
294.4485652187623,541.4192504096156,-481.41474893447247
294.513522906082,541.113034629392,-482.5500676129817
294.58036837462623,540.8093259236027,-483.6859754212009
294.64451461399045,540.5064331011761,-484.8229442140647
294.7060558121242,540.2044227090297,-485.9609525552732
294.7650845014117,539.9033581010348,-487.09998355188503
294.8216916031508,539.603299452083,-488.2400245624335
294.8759664777559,539.3043037857356,-489.3810669207783
294.92799698068865,539.0064250017457,-490.52310568549797
294.9778695239944,538.7097139107852,-491.66613940835543
295.03087464378126,538.4106618297191,-492.8086586704183
295.0922701909874,538.1057482140614,-493.9492156381832
295.1620777063257,537.7949980472155,-495.08793376933505
295.2403204111656,537.4784341518698,-496.2249366026308
295.32358386147945,537.1577566008797,-497.3651074492543
295.40839198517506,536.8346464547252,-498.51318194068614
295.4946439291389,536.5090887365004,-499.66898700611273
295.58223588433526,536.1810718763239,-500.83234695660497
295.6710610736843,535.8505879690242,-502.0030833921359
295.7610097462955,535.5176330382644,-503.1810151133669
295.85196918524156,535.1822073173556,-504.3659580475002
295.943823728249,534.8443155391285,-505.5577251831919
296.03025678064216,534.5053015175688,-506.7608028202932
296.10560833191977,534.1665437930736,-507.97856064449235
296.1709841344139,533.8281299895438,-509.20873523683935
296.22732055150425,533.4901669102293,-510.4493585088423
296.27540660592706,533.1527726806203,-511.6987174912775
296.3159055506934,532.8160705192756,-512.9553188885083
296.3493746603737,532.4801840987981,-514.2178582905481
296.37628264334364,532.1452342734492,-515.485193732924
296.4020322812919,531.8119908720092,-516.757927739376
296.43186290976456,531.4811435599232,-518.0372372950752
296.465878143353,531.152651001165,-519.3232067595405
296.50418584260177,530.8264712784013,-520.6159251311655
296.54689815063995,530.5025618669781,-521.9154862677552
296.59413152575644,530.1808796227306,-523.22198911207
296.6460067672987,529.8613807689537,-524.5355379338196
296.7026490344162,529.5440208908803,-525.8562425716573
296.763187230405,529.2297610011361,-527.1854238734618
296.8266646673722,528.9196225753908,-528.5244426548422
296.8930377215165,528.6136809826234,-529.8734912509594
296.9622634494516,528.3120102102922,-531.2327615181767
297.03429970186073,528.0146830318361,-532.602445004289
297.1091052295472,527.7217711772577,-533.9827331340123
297.18663978485984,527.4333455008322,-535.3738174059155
297.26686421563295,527.1494761426014,-536.7758895884001
297.35051904159104,526.8721748552947,-538.1807113946717
297.43818312552696,526.6036612740689,-539.5799180664014
297.5295143440867,526.344426993756,-540.9734700477521
297.6242095387257,526.0949763105244,-542.3613697381489
297.7220025113837,525.8558278185126,-543.7436597105777
297.8226617609771,525.6275158003024,-545.12042105243
297.9259879534096,525.4105914050732,-546.4917718915983
298.0318111143387,525.2056236182902,-547.8578661741044
298.13908025365953,525.0090179295833,-549.2227468930226
298.24680314358443,524.8169663353412,-550.5903375218426
298.35493997383224,524.6296229983143,-551.9605706638037
298.46344739271916,524.4471485308136,-553.3333789733916
298.57227820548843,524.2697104410928,-554.7086950117373
298.68138103226596,524.0974836231672,-556.0864510766249
298.7906999243378,523.9306508876954,-557.4665790216521
298.90017394296416,523.7694035437008,-558.849010059773
299.01376175982693,523.6145070520087,-560.2425738669364
299.1355883104888,523.4667769159275,-561.6561346949709
299.26593056751443,523.3265125542375,-563.08969253636
299.40508211831747,523.1940199583339,-564.5432473834805
299.5533542781236,523.06961191193,-566.0167992286032
299.71107733648455,522.9536082794916,-567.5103480638923
299.87860195738415,522.8463364089201,-569.0238938814058
300.0563008655092,522.7481315418803,-570.5574366730955
300.2491791439407,522.6645310453748,-572.1025822762615
300.4620514759242,522.600900960938,-573.6514532453378
300.69492077719013,522.5572383723622,-575.2050227895754
300.9477899633624,522.5335403630145,-576.7641467723898
301.22066194995875,522.5298040158366,-578.3295738985066
301.51353965239053,522.5460264133453,-579.9019612533646
301.82642598596266,522.5822046376321,-581.4818909964662
302.1593238658736,522.6383357703631,-583.0698859832746
302.5122352349281,522.6944168928151,-584.6520362615328
302.8851581466746,522.7304450862648,-586.2141834308812
303.2780896822678,522.7464174323794,-587.7563274830131
303.69102692275595,522.7423310132516,-589.2784684097281
304.12396694908085,522.7181829114,-590.7806062029321
304.576906842078,522.6739702097689,-592.2627408546372
305.0498436824766,522.609689991728,-593.7248723569624
305.54277455089937,522.5253393410734,-595.1670007021326
306.03795618814263,522.4232806429972,-596.5891258824792
306.5177186306186,522.3064078068932,-597.9912478904399
306.9821991600541,522.1757470510473,-599.373366718559
307.43152342413055,522.0322614008196,-600.7354823594869
307.8658068846545,521.8768530062323,-602.0775948059807
308.2851562059812,521.7103654488612,-603.3997040509032
308.6896705531821,521.5335861429442,-604.7018100872243
309.0794427866198,521.3472488416887,-605.98391290802
309.47185487014696,521.1557423072101,-607.2460125064725
309.8842438845711,520.9632375416555,-608.4881088758707
310.3166097102912,520.7699968497944,-609.7102020096096
310.76895226461386,520.5762596849435,-610.9122919011907
311.24127149841945,520.3822426255969,-612.0943785442217
311.73356739282764,520.1881394283506,-613.256461932417
312.2458399558813,519.9941212148184,-614.3985420595968
312.77808921927,519.8003368550048,-615.5206189196883
313.3303147368316,519.5966636210643,-616.6226925067249
313.90250474673275,519.3729083927291,-617.704762814846
314.49426174345916,519.1290682781646,-618.7668298382978
315.1047970289565,518.8651404808022,-619.8088935714326
315.73329169552926,518.5811223213109,-620.8309540087092
316.37889731916636,518.2770112419524,-621.8330111446928
317.04073659373904,517.9528048108386,-622.8150649740548
317.71790393182044,517.6085007261001,-623.7771154915732
318.39248137198547,517.2440976456669,-624.7289067853076
319.04700928011596,516.8595976447652,-625.6802230251116
319.68148473586916,516.4550036476943,-626.6311292829928
320.2959048190088,516.0303185791792,-627.5816548202522
320.8902666094054,515.5855453643707,-628.5317823700918
321.4648544172239,515.1216419071773,-629.4814392429329
322.0207152563975,514.6404690045715,-630.4304975682918
322.55927066680346,514.1437367334598,-631.3787865294689
323.0953422826339,513.6318814001003,-632.3366420783483
323.64309182792374,513.1047469557669,-633.3144942647348
324.20251931902715,512.5627487443152,-634.3123430834286
324.77362332251755,512.0062772293023,-635.3301885291236
325.3564015414944,511.4356991843406,-636.3680305964074
325.9508513229044,510.85135884045536,-637.4258692797612
326.556970083013,510.25357901287117,-638.5037045735598
327.17475564529866,509.64266216956815,-639.6015364720719
327.7883310797638,509.01520482735606,-640.7160848543335
328.38206154685673,508.36765945238216,-641.8438867885086
328.9574485148695,507.70178417377025,-642.984569573631
329.51680631962995,507.0211783024072,-644.1377628465985
330.06204908367556,506.32909587804886,-645.303116161254
330.5947449484687,505.6280481762767,-646.4802989340272
331.1161908696826,504.92000965774406,-647.6689984006897
331.62746965580897,504.2065649884321,-648.8689177085307
332.1372519889227,503.4884421581636,-650.0722096646077
332.65385094024674,502.7655765104629,-651.2711694860002
333.17754364217654,502.0378009625144,-652.4657924787848
333.7086158346297,501.30494283196725,-653.6560737075433
334.24736198390497,500.56682361680396,-654.8420079553085
334.7940854098508,499.82325874944024,-656.0235896909003
335.3490983667458,499.07405735843935,-657.2008130310174
335.91272210197087,498.31902201638854,-658.3736717051904
336.4743946171845,497.55258949828084,-659.5431864264717
337.02406940704964,496.77059378061904,-660.7099849269988
337.56303707905676,495.9752968643431,-661.8733461773654
338.09245443846703,495.16838793578825,-663.0326800654944
338.61334774385114,494.35113559200107,-664.187505330286
339.1266219682812,493.5244978192335,-665.3374306811336
339.6330730587219,492.68920130157994,-666.4821387899068
340.13340101043684,491.84579872576137,-667.6213729252074
340.6280922132431,490.99842505734404,-668.7578462518624
341.11742493610967,490.1511178655485,-669.8943240832937
341.6016289750228,489.30415657090526,-671.0306836794481
342.08091657364116,488.4578124090367,-672.1668074942809
342.555482887807,487.6123461861198,-673.3025837983279
343.02550664955527,486.76800647434305,-674.4379071482708
343.4911509794282,485.925028262947,-675.5726787006969
343.9525643028129,485.083632034954,-676.7068063785753
344.4116089023455,484.24615742842377,-677.8460491676504
344.870124696259,483.41476701686616,-678.996303634392
345.32820812414,482.5893222061273,-680.1577567886937
345.78595578822615,481.76968890505555,-681.3305968348668
346.2434645183894,480.95573728681615,-682.5150134687085
346.7008314400964,480.14734156211694,-683.7111981817233
347.15815404573414,479.34437977149764,-684.9193445634364
347.61553027258185,478.5467335828532,-686.1396486094301
348.0720969230737,477.74870263545284,-687.3647153424438
348.52695473267715,476.94474839051855,-688.5869382601093
348.9801239682761,476.13506837986296,-689.8060902957287
349.4316127121223,475.319842512441,-691.0219419879443
349.88141775851864,474.4992354371196,-692.2342618386058
350.3295253926251,473.6733985567565,-693.4428165790855
350.77591206588306,472.8424717510654,-694.6473713676899
351.22054498906164,472.0065848628762,-695.8476899123274
351.6655230932716,471.16351016730346,-697.0431749182452
352.11305199176667,470.310920976619,-698.2333636107703
352.5633046795628,469.4487376204896,-699.4182854204005
353.0164480095766,468.5768665545536,-700.5979647584736
353.4726436381275,467.695200988287,-701.7724213886237
353.93204887908695,466.8036213620589,-702.9416707455463
354.394817467727,465.9019957019975,-704.1057242094183
354.8611002491534,464.99017986364845,-705.2645893300116
355.32621925352413,464.0746522450853,-706.4202451359444
355.7855107948096,463.1618627419022,-707.5745639013105
356.2391496514404,462.25160231011625,-708.7273411102369
356.68730535541806,461.34365904787074,-709.878378661868
357.13014255666644,460.4378179749217,-711.0274844701817
357.5678214130955,459.5338607576504,-712.1744720835927
358.0004979961186,458.6315653857972,-713.3191603273267
358.42832470350976,457.7307057931076,-714.461372970946
358.85800997156844,456.83589940371127,-715.6121569709904
359.2959874773422,455.9516044923783,-716.7821119551492
359.74184793553746,455.0772836616572,-717.970203487651
360.1951651436442,454.21241684232126,-719.1754664132529
360.6555021333377,453.3565022185485,-720.3970064374832
361.1224175194327,452.50905724850685,-721.6340003140434
361.5954716999791,451.6696197262204,-722.8856947747897
362.07423259254693,450.83774878700984,-724.151404341055
362.55488879700044,450.00736772108456,-725.4252643879292
363.0338125606569,449.1727377937225,-726.70158018277
363.51094832381705,448.33409913918814,-727.9800433292461
363.9862476452964,447.4916811878994,-729.2603536820859
364.45966922809123,446.64570332091796,-730.5422195276212
364.93117885930576,445.7963754661497,-731.8253577629608
365.40074926540393,444.94389863495456,-733.1094940719147
365.86835988528145,444.08846541443836,-734.3943630809215
366.3352916576519,443.23279612682876,-735.6786694611782
366.802884173776,442.3795583661159,-736.9613096625147
367.2712396541964,441.52883673127013,-738.242409365531
367.74046526724806,440.68071864532163,-739.5221004042396
368.21067328136576,439.8352942304114,-740.8005211196402
368.68198119534657,438.9926561461052,-742.0778167115054
369.154511858275,438.1528993957413,-743.3541395998519
369.62839358035745,437.3161210972368,-744.62964979288
370.1011113981903,436.4767514390035,-745.9006159583907
370.5700712768774,435.62922549682975,-747.1633075262254
371.0352495865961,434.7736451427526,-748.4178882727426
371.49662842099025,433.91010033424544,-749.6645187776284
371.9541954264579,433.0386683711975,-750.9033565991319
372.40794357709467,432.15941321753445,-752.1345564807746
372.8578709077013,431.2723848870095,-753.3582705859518
373.30398020200147,430.37761887981935,-754.574648745412
373.7416929033669,429.4853512097637,-755.7884743463063
374.1664596730521,428.6058266969446,-757.0044934120318
374.5783428936514,427.7390914739426,-758.2227813231234
374.97740483518993,426.88519322970853,-759.4434159170072
375.3637079667012,426.0441808566977,-760.6664768683504
375.73731525964575,425.2161041003433,-761.8920450744178
376.09829049366385,424.4010132022868,-763.1202020552103
376.44669856847304,423.59895852639704,-764.3510293532454
376.7862099562967,422.8062052819552,-765.5819764594406
377.12047915387336,422.0190235863201,-766.8104617774334
377.4495420707987,421.2374725491601,-768.0365027371956
377.77343860349,420.46160840977984,-769.2601131405773
378.09221277470726,419.6914843777416,-770.4813031031329
378.4059128749604,418.9271504717977,-771.700078991416
378.7145915986457,418.16865335570276,-772.9164433658797
379.0183061772994,417.4160361852124,-774.1303949210321
379.3107609885889,416.6660413228832,-775.3390409298393
379.5855378304493,415.9150111267565,-776.5395891422754
379.8424265155947,415.1621558811962,-777.7322691736052
380.08116514674174,414.40662228759476,-778.9173763306064
380.30143551307145,413.64748766769566,-780.0952747403348
380.50285693318796,412.88375307824106,-781.2663990507627
380.6849780370329,412.1143349495391,-782.4312542240671
380.8472731555539,411.3380548229588,-783.59041302751
380.9894606930481,410.5564329539491,-784.7482012293568
381.11154006834875,409.7713586698473,-785.9086671349212
381.2135107447093,408.98235353931693,-787.0718658613614
381.29537211713966,408.18896510990845,-788.2378658686786
381.35712351640194,407.3907694674925,-789.4067573329769
381.3987642132591,406.58737215179605,-790.5786583436768
381.4202934227441,405.7784075627487,-791.7537190636809
381.4217103082478,404.96353711083924,-792.9321242307411
381.4197593739154,404.1537776104833,-794.1022501289176
381.4308533700267,403.3598121616848,-795.2523718044216
381.4543325753547,402.5806578344147,-796.3824892511374
381.4895518181137,401.81534875497,-797.4928447821623
381.5358880726729,401.0629387612259,-798.5845619458213
381.59275194909225,400.32251142507977,-799.6593608987
381.6595965139315,399.59318744443254,-800.7188779036981
381.7359200355736,398.87412483179673,-801.7646662751118
381.821632793703,398.1499808439396,-802.8121189145161
381.91731474252595,397.40582363897505,-803.8765963662609
382.0238217836789,396.6416517004016,-804.9595444474008
382.14199599618513,395.85746338786225,-806.0620868008206
382.27265837660457,395.0532569395857,-807.184624867953
382.4165967569296,394.2290304763289,-808.327158642829
382.57455985079207,393.38478200681016,-809.489688119373
382.7472583206209,392.5205094333451,-810.6722132914034
382.92483892136636,391.6408599137913,-811.874734152632
383.09697037764954,390.75022718731447,-813.0972506966642
383.2634159052615,389.8480966227741,-814.3397629169993
383.4239957307012,388.9339456042867,-815.6022708070302
383.578589457922,388.0072459164452,-816.8847743600434
383.72713712076103,387.06746580456263,-818.1872735692191
383.86963888930507,386.11407183554235,-819.5097684276312
384.0061535410338,385.14653064778093,-820.8522589282474
384.12962856499513,384.17662407099704,-822.2062311244326
384.2329689729995,383.21648838478217,-823.5631819996717
384.3161762045212,382.2662994052227,-824.9231317716776
384.3792517244287,381.32623396528686,-826.2860974347286
384.4221970231348,380.39646993818604,-827.6520928589688
384.44501361674855,379.4771862297418,-829.0211288539468
384.4477030472246,378.56856277265973,-830.3932132196377
384.4302668825096,377.6707804435564,-831.7683508428826
384.41270644904023,376.778515006163,-833.1350137462987
384.4150220268126,375.886396150114,-834.4816722194836
384.4372136435837,374.99450878619086,-835.8083262552763
384.47928133880737,374.10292336126844,-837.1149758466222
384.5412251612186,373.2116916502258,-838.4016209865732
384.6230451658054,372.3208425993555,-839.6682616682875
384.72474141019467,371.4303785121423,-840.9148978850296
384.8463139505283,370.54027192121157,-842.1415296301705
384.9677631163061,369.6562105734397,-843.3608716393655
385.06909035677717,368.7841205698457,-844.5858287220374
385.1502974512502,367.9244392245225,-845.8167828802245
385.211386243272,367.07761431644394,-847.0541194332899
385.2523586420559,366.2441027667092,-848.2982262206467
385.27321662372475,365.4243694078162,-849.5494928500228
385.2739622323802,364.618885852594,-850.8083100294098
385.25459758101636,363.8281294651785,-852.0750689407352
385.21512496298874,363.0548595374506,-853.3358942658942
385.15554717296686,362.30159683266834,-854.5767150534028
385.0758671281298,361.5683442828198,-855.7975312966629
384.9760877457636,360.8551048194677,-856.9983429891824
384.8562119432612,360.1618813737495,-858.1791501245762
384.7162426381223,359.4886768763769,-859.3399526965651
384.5561827479536,358.83549425763624,-860.4807506989765
384.37603519046854,358.2023364473882,-861.6015441257443
384.18266390834094,357.5892060415236,-862.7023329709085
383.9829970790484,356.9961042982074,-863.7831172286157
383.7771737489405,356.42303212564843,-864.8438968931187
383.5653486623558,355.8699904106412,-865.8846719587767
383.3476929840289,355.3369800162227,-866.9054424200554
383.1243949304223,354.8240017792303,-867.9062082715267
382.89566038031523,354.33105650777117,-868.886969507869
382.6617134083834,353.85814497860474,-869.8477261238671
382.43518857196966,353.4052673320354,-870.791557398602
382.2286051773638,352.9709657353984,-871.7224684096601
382.04196571803135,352.55232752257064,-872.6422524431825
381.87527227018006,352.1465871618768,-873.5525773395266
381.7285265284091,351.751273636977,-874.4549748607425
381.6017298488824,351.36421211823324,-875.3508396629808
381.4948832921407,350.98351723100745,-876.2414335527333
381.40733013927286,350.60757845472597,-877.1278945835687
381.3227762251666,350.23381299578585,-878.0095272387172
381.22529419513444,349.86030188441816,-878.8848120917946
381.1142837976834,349.4868741518159,-879.7531702935995
380.9891033323187,349.1133184166601,-880.6140024499615
380.849065432973,348.73938020950305,-881.466687892899
380.6934327027441,348.36475923459045,-882.3105843411142
380.5214130616533,347.98910666548363,-883.1450278473061
380.332154939524,347.61202260206653,-883.969333198717
380.1340870966074,347.22883829101795,-884.7937514185431
379.93629720169537,346.83481599048423,-885.6292654411624
379.7392098114075,346.4293886864837,-886.4766605986258
379.54322542563966,346.0119814093571,-887.3367562257025
379.3487169074726,345.5820107039562,-888.2104048544967
379.1560259265913,345.1388838957908,-889.0984913723491
378.9654594400133,344.68199813977634,-890.0019321716318
378.77728609876465,344.2107395167048,-890.9216739180723
378.6003389267904,343.7221526622667,-891.8598041183185
378.4433250808761,343.213590160751,-892.8179295760434
378.30624164499426,342.6850491052319,-893.7960502861523
378.1890857030115,342.1365265892089,-894.7941662434438
378.0918543386885,341.56801970660695,-895.8122774426105
378.01454463567995,340.97952555177613,-896.8503838782384
377.9571536775346,340.371041219492,-897.9084855448074
377.9196785476954,339.74256380495535,-898.986582436691
377.8821163295081,339.09409137607986,-900.070083037867
377.82446410631894,338.42562589035435,-901.1443962743124
377.7467189615722,337.73717027798045,-902.2095254319214
377.6488779788189,337.02872746958514,-903.2654794900727
377.53093824171714,336.30030039622073,-904.3122750833376
377.3928968340316,335.5518919893648,-905.3499383907084
377.23475083963405,334.78350518092026,-906.3785062819153
377.0564973425031,333.9951429032154,-907.3980265167437
376.8781334267155,333.1868071167163,-908.4030337930294
376.71965617634845,332.35849589316445,-909.3880362388421
376.5810626753823,331.5102063324392,-910.353033848944
376.4623500116781,330.64201753367024,-911.2980824567886
376.3635152942172,329.7541172237298,-912.2235016984637
376.2845556621424,328.8467172178156,-913.1298148634968
376.2254682854439,327.92002443919097,-914.0175367757504
376.186250364275,326.9742413254459,-914.8871740995481
376.15658391974955,326.0289650325928,-915.757892360462
376.12607082173406,325.1036931261207,-916.6486057517753
376.0945442518215,324.19842574162794,-917.5593142687517
376.06183369469187,323.3131630393117,-918.4900179065482
376.02776492380764,322.4479052045081,-919.440716660216
375.99215998997096,321.6026524482342,-920.4114105246996
375.95483721655603,320.7774050077317,-921.4020994948373
375.915611223352,319.97216314700916,-922.412783565361
375.87951252723917,319.1869269036334,-923.4234627309053
375.85130874997395,318.42169534062856,-924.4141369861045
375.8303101496677,317.67646735743773,-925.3848063256909
375.815874581325,316.95124195065296,-926.3354707445028
375.8074098815095,316.24601820690634,-927.266130237485
375.8043768321286,315.5607952953717,-928.1770311490233
375.80629311484665,314.8955724597714,-929.0691792935941
375.812737510831,314.2503490097608,-929.9440721878532
375.81335010675235,313.6251247980596,-930.8174505512281
375.7978694774047,313.0199016682159,-931.7044942377524
375.76609174642437,312.4346819819125,-932.6055651673573
375.71778983511535,311.8694681322348,-933.5210409878962
375.6527114487668,311.3242625471991,-934.4513163606957
375.57057684696395,310.79906769359013,-935.3968043872504
375.4710763936002,310.2938860811398,-936.3579381961347
375.35386785607324,309.8087202670806,-937.3351727025292
375.22059029841336,309.34357276306497,-938.3106022835316
375.0733418663858,308.8984457222345,-939.2665575985973
374.91269372161617,308.47334114079257,-940.2039718148687
374.73924244026796,308.068260929812,-941.123766883423
374.553611880334,307.6832069113925,-942.0268537595659
374.3564550365296,307.3181808145458,-942.9141324991488
374.14845586371433,306.9731842708133,-943.7864921517513
373.930331046908,306.6482188096206,-944.6448103887444
373.71485355654363,306.3232852689324,-945.4967793816345
373.51451919517734,305.9783820520933,-946.3495296500164
373.3295062999685,305.6135069375105,-947.2028106294299
373.1599879418053,305.2286576779721,-948.0563738011921
373.00613240309474,304.8238320013797,-948.9099732014821
372.8681036245584,304.3990276114139,-949.7633658585132
372.7460616243711,303.95424218813673,-950.6163121652115
372.6401628910741,303.48947338853463,-951.4685761860028
372.53690423352214,303.00711862265837,-952.3159112321632
372.4224971752209,302.50947902215444,-953.1539827232976
372.2965057935153,301.9963751839299,-953.9823783824962
372.15845393424195,301.4676566944275,-954.8006806333328
372.00782450241235,300.92319310043524,-955.6084659947601
371.84405876640795,300.36286556139737,-956.4053047902416
371.6665555790005,299.78655933343595,-957.190761165397
371.4746704986358,299.1941571642529,-957.9643934141606
371.2653873560683,298.603689262564,-958.7419999247074
371.036025480907,298.03325039501306,-959.5396013370835
370.7865877910905,297.4828464423079,-960.3571976470473
370.5170772048073,296.9524803321552,-961.1947888502513
370.227496640353,296.4421549918358,-962.0523749422415
369.9178490161298,295.95187334820514,-962.9299559184578
369.5881372506465,295.4816383276929,-963.8275317742335
369.23836426251876,295.03145285630313,-964.7451025047958
368.8685324928899,294.59149603856383,-965.6626681052743
368.47864247195525,294.1519317724493,-966.5602285707986
368.06869424871854,293.7127321004785,-967.4377838965959
367.63868786772093,293.27386818778297,-968.2953340779997
367.1886233689217,292.8353104484698,-969.13287911045
366.7185007875975,292.39702865910914,-969.9504189894931
366.22832015425485,291.95899201595563,-970.7479537107815
365.7180814945478,291.52116918310946,-971.5254832700746
365.2077853131857,291.0934830578029,-972.2842636561265
364.7174340465962,290.685869901303,-973.0260295593826
364.2470306142492,290.2983268045683,-973.7517261777716
363.7965779355083,289.9308508581316,-974.4622757104985
363.3660789296312,289.5834391520999,-975.1585812747788
362.9555365157695,289.2560887761545,-975.8415339062811
362.56495361296845,288.948796819551,-976.5120238825737
362.19433314016743,288.6615603711192,-977.1709573494782
361.8410593557343,288.374376646556,-977.8265536605007
361.5026498529921,288.067243363916,-978.4865640900753
361.1793692892809,287.7401583358797,-979.1509711199866
360.8714689084309,287.39311933751543,-979.8197566647981
360.57918721834716,287.0261241081864,-980.4929022690246
360.3027506299696,286.63917035336044,-981.1703892811773
360.04237405999413,286.2322557463304,-981.8521990077829
359.7982615145205,285.8053779298476,-982.5383128552423
359.56922881567885,285.3776160894875,-983.2330708243494
359.35337291471893,284.9673149577995,-983.940594842007
359.1495101096538,284.57306986776206,-984.6604578052253
358.9565673403736,284.19360617484415,-985.392284584768
358.7735745056688,283.8277718390085,-986.1357461467072
358.5996568015035,283.4745289702377,-986.8905544135497
358.43402716195845,283.1329447686343,-987.6564577905531
358.27597888098654,282.80218225818635,-988.4332372666296
358.12301296069245,282.48664385324213,-989.2125568560449
357.97266856053824,282.19112755895793,-989.9864937746215
357.8244046360649,281.91563303370793,-990.7556601112155
357.67778350959463,281.6601600072467,-991.5206454898369
357.5324714375684,281.4244781449265,-992.2820151869743
357.38823996086006,281.20698952788877,-993.0403033063831
357.24496534210067,281.00516424511306,-993.7959810491462
357.10261025930566,280.8168506265375,-994.5494392543981
356.95500420950765,280.63733112759144,-995.306542842322
356.79554128285287,280.4631449669396,-996.0732233295898
356.6233134074192,280.2948516085903,-996.8499923870055
356.4373411028804,280.1330638861234,-997.6374124017194
356.2365716795208,279.97845306008946,-998.4361034237891
356.0198782734136,279.8317539709803,-999.2467507631455
355.7860597897688,279.6937701433979,-1000.0701131888047
355.5338418040228,279.5653786634272,-1000.9070316211279
355.27392661320914,279.44452961016503,-1001.7609464500646
355.0176853563616,279.3286425740842,-1002.6348559520749
354.7651459568526,279.2175738705946,-1003.5287601225117
354.5163377633263,279.111181984115,-1004.4426589566217
354.27129153212644,279.00932746629985,-1005.3765524495451
354.0300394151939,278.9118728440443,-1006.3304405963158
353.7926149574878,278.81868253058866,-1007.3043233918615
353.559053092963,278.7296227385316,-1008.2982008310037
353.32501189822085,278.6448643915623,-1009.292072908466
353.0862536684184,278.56450869366046,-1010.2659396189724
352.84302335977685,278.4882834402202,-1011.2198009573444
352.59556786937446,278.4159175907317,-1012.1536569185098
352.34413620078516,278.34714129936106,-1013.0675074975026
352.0889796094555,278.2816859415738,-1013.9615137459818
351.8303498450133,278.21928627396045,-1014.8361989507813
351.5684948267142,278.15968527352646,-1015.6922664430116
351.3101443396593,278.1055126657874,-1016.5410980629935
351.06142743860994,278.0590378656953,-1017.3937292679918
350.8214310051003,278.01934099352565,-1018.2501270661166
350.5893281878813,277.98560278935287,-1019.1102204232701
350.3643744129065,277.95709833533414,-1019.9739125133322
350.14590184066265,277.93318936439937,-1020.8410903692256
349.93331300693313,277.91331594086853,-1021.7116322239444
349.7260741895906,277.8969881086434,-1022.5854129174107
349.531386201696,277.88115320818787,-1023.4591580812232
349.35670130479673,277.86287249493313,-1024.329522722868
349.20201912141084,277.8418901430056,-1025.1961955301674
349.0673392332618,277.8178994506877,-1026.058775242429
348.95262046398926,277.79055092872665,-1026.916768232405
348.8574919188478,277.75946194309176,-1027.7695879901205
348.78137334611796,277.72423408585837,-1028.6165689670077
348.72383642701703,277.68446773930157,-1029.4569806712166
348.6780434671063,277.6390088273061,-1030.2877223936096
348.63743373363184,277.58672578735144,-1031.1060843841246
348.6021993615096,277.5272777590718,-1031.9120917229059
348.57252127450835,277.4603503725391,-1032.7057801288765
348.548570145051,277.38565405490954,-1033.4871945816801
348.530507313953,277.3029223424173,-1034.2563880761807
348.5184856546044,277.21191023562955,-1035.0134205085722
348.51265037468795,277.11239261490056,-1035.7583576797872
348.5102321960299,277.0109150024376,-1036.495833372779
348.50843005569084,276.914121377294,-1037.2303561504807
348.50732318172595,276.82198957539254,-1037.9617350457181
348.5069946931451,276.7344907720416,-1038.6897606135362
348.50649423512976,276.6490673760292,-1039.4162273313407
348.5048177419458,276.5631606837912,-1040.1430552289012
348.501942934696,276.476735419912,-1040.8702770042025
348.4978470712749,276.38975491059637,-1041.597926296445
348.49250694747496,276.3021810644246,-1042.326037673943
348.48589890184365,276.21397435072384,-1043.05464661386
348.47799882125383,276.12509378056086,-1043.7837894728843
348.4687821529085,276.0354968957206,-1044.5135034552186
348.4548287874608,275.9415540943093,-1045.253509626314
348.43301229052827,275.83990013083024,-1046.0135102392092
348.4038722534991,275.73099752243553,-1046.7933497684696
348.3678987786728,275.61526415474344,-1047.5923528673893
348.3255263102517,275.49307541880773,-1048.4095242285657
348.27713048840735,275.3647674672901,-1049.24395711128
348.22302905911647,275.23064084455893,-1050.0948325880988
348.163483553665,275.0909641087288,-1050.9614178206357
348.1009094603962,274.9452485779637,-1051.8358899537309
348.03770066555626,274.7930452687911,-1052.7106029624445
347.97403934264076,274.6346707967104,-1053.5852375300296
347.91009122404944,274.47041053358043,-1054.4595072021646
347.84600716106223,274.3005217961282,-1055.333154839316
347.7819245635601,274.12523675338116,-1056.2059494048244
347.71796872123787,273.9447650499425,-1057.0776830881173
347.65425395196365,273.7592960700258,-1057.9481688072158
347.592591989444,273.569076199919,-1058.8172031564025
347.5347425912712,273.3743013408153,-1059.684662868293
347.48071157874307,273.1750496985637,-1060.5505293187966
347.4305061574491,272.9713980110737,-1061.4147806580283
347.38413491539484,272.763421643004,-1062.2773918116789
347.34160781720533,272.55119467520694,-1063.1383344892408
347.3029361908313,272.3347899901206,-1063.9975771928891
347.2681327063995,272.11427934953446,-1064.855085232324
347.23625514174904,271.89143835837234,-1065.7155436862533
347.20636815030065,271.6679881328788,-1066.5836357656583
347.17849852428,271.4438907738311,-1067.459322135679
347.1526728093687,271.21910827851764,-1068.3425647946513
347.1289173120807,270.993602534396,-1069.2333270214172
347.1072581078519,270.76733531081214,-1070.1315733154818
347.0877210503213,270.54026825349,-1071.0372693414627
347.0703317758431,270.3123628817327,-1071.9503818830738
347.0538204537707,270.08364383338824,-1072.8698232098209
347.0369113702461,269.85419396942586,-1073.7944195914488
347.01961831304436,269.62409111595235,-1074.723971765667
347.00195506507055,269.3934130167153,-1075.6582911319995
346.9839352828481,269.16223698198195,-1076.5971994423176
346.9655723857164,268.9306395703068,-1077.540528470155
346.94687946003506,268.6986963093557,-1078.4881196504582
346.92786917546505,268.4664814564089,-1079.439823713376
346.9104892661164,268.23179046500496,-1080.391327085257
346.8966819113373,267.99238101086326,-1081.3384085632001
346.8864484248431,267.7482509437357,-1082.281107918733
346.8797896304491,267.4993974160819,-1083.219464411283
346.8767058240607,267.2458168874348,-1084.1535168060595
346.87719673590226,266.98750512638816,-1085.0833033912186
346.8812614944156,266.7244572152113,-1086.0088619926457
346.8888985872978,266.45666755566197,-1086.9302299892138
346.90086714370426,266.1878296505654,-1087.8442873520592
346.9179790531366,265.9215657215934,-1088.7475825453896
346.9403455809845,265.65772043952745,-1089.63950189596
346.9680938980538,265.3961248553859,-1090.5194564426718
347.00136703188105,265.1365968123588,-1091.3868825001973
347.04032369699894,264.878941455391,-1092.2412419283955
347.085138019902,264.6229518346154,-1093.0820220870157
347.135999162779,264.3684095939494,-1093.9087354728272
347.18757872666237,264.1139610740691,-1094.7321844779647
347.23454480141663,263.8584851061841,-1095.5633201302064
347.2770782586762,263.60221930478343,-1096.4019679616224
347.31534320262136,263.3453951427702,-1097.2479599005362
347.34948855072037,263.08823749572827,-1098.10113383975
347.3796494570518,262.83096423126915,-1098.9613333463901
347.4059485975262,262.57378585659467,-1099.828407477848
347.4284973246465,262.3169052356185,-1100.702210664719
347.44967811856765,262.0587926780902,-1101.5781378844579
347.4718216557257,261.79785242451436,-1102.4516887245939
347.4949303918921,261.53415026109116,-1103.3229280830258
347.5190066480212,261.26774947146924,-1104.1919181041687
347.5440526018467,260.9987109520416,-1105.058718325104
347.570070285337,260.727093328434,-1105.9233858170805
347.5970615825242,260.4529530649607,-1106.785975321532
347.6250282251433,260.17634456537803,-1107.6465393726241
347.65828226521916,259.89424214031123,-1108.5039325775356
347.70118218894436,259.60347241519867,-1109.3569926386313
347.7538177044727,259.3037945962291,-1110.2057336659932
347.8162682774604,258.9949695638273,-1111.050162746392
347.888603082696,258.67676016883684,-1111.8902800713176
347.97088098247576,258.34893152393994,-1112.726079088613
348.0631505174188,258.01125129937054,-1113.5575466810506
348.16544991163136,257.6634900195821,-1114.3846633732785
348.2752246723577,257.3100513419253,-1115.2083172908483
348.3900412652675,256.9554454057234,-1116.029291796298
348.5101876029047,256.59965078678135,-1116.8473464730266
348.6359796788197,256.24263272780473,-1117.6622238075722
348.76776439741184,255.88434099614295,-1118.4736481199473
348.9059226843026,255.5247075411843,-1119.2813244451
349.05087290152863,255.16364394450795,-1120.084937379923
349.20307461902274,254.80103868014803,-1120.8841498736394
349.3543015224685,254.4379486964692,-1121.6824970383127
349.49633140532046,254.0753275427398,-1122.4835899734694
349.62963965457845,253.71284707812865,-1123.2872394473873
349.7546741615767,253.35018632130837,-1124.093270537142
349.87185580496254,252.98703258477252,-1124.9015232493284
349.9815789049875,252.62308256086396,-1125.7118530007153
350.0842116481506,252.25804334777703,-1126.5241309857076
350.1800964633488,251.89163342924752,-1127.3382444486213
350.2717930097867,251.5275872971022,-1128.1510809723777
350.36166125986335,251.1698946681583,-1128.959543588416
350.4496325808038,250.8187948349255,-1129.7635614651913
350.53564148287404,250.47453573593452,-1130.5630699767414
350.6196259928494,250.13737446332172,-1131.3580113638216
350.7015280629638,249.80757780206662,-1132.1483354484449
350.78129402130605,249.48542280445278,-1132.9340004034989
350.8588750069389,249.17119769133433,-1133.7149735783878
350.93583270406657,248.8630845608278,-1134.4964458447253
351.01377019682604,248.5591386695989,-1135.2836250931557
351.09272582626755,248.25940182412975,-1136.0765173629275
351.1727414316175,247.9639183952104,-1136.8751284066789
351.2538625662012,247.6727355663221,-1137.6794637157118
351.33613873676853,247.38590360225308,-1138.4895285462167
351.41962366360315,247.10347614223488,-1139.3053279438298
351.50437556821385,246.82551052617927,-1140.1268667743893
351.58840974240184,246.5460157266064,-1140.953960452724
351.66976643888785,246.25915845307046,-1141.786147513607
351.74855295002993,245.96530573586776,-1142.622887104835
351.8248694542308,245.66481036373952,-1143.4636547184896
351.89880977810213,245.35801232776043,-1144.3079424226823
351.970461976668,245.0452399837961,-1145.155259136216
352.0399087695934,244.72681095262635,-1146.005130913736
352.1072278603442,244.4030327808798,-1146.8571012309403
352.17538645688336,244.0777404671281,-1147.7112668957857
352.2472420534333,243.7544307385839,-1148.5679055796563
352.32266153583,243.4327443286999,-1149.4269386618548
352.4015325860984,243.11234964485527,-1150.2883012567268
352.4837600238749,242.79294079781113,-1151.1519402901006
352.56926285458036,242.47423574167655,-1152.017812911896
352.657971880357,242.15597453472333,-1152.8858851743328
352.7498277524302,241.8379177085788,-1153.7561309187533
352.845642685055,241.52122137907887,-1154.626146491201
352.9463784903329,241.20714867769138,-1155.4934100867713
353.05228567649954,240.89567329275047,-1156.3576621545724
353.16362759526146,240.58674620962393,-1157.2186421893389
353.2806808982383,240.28029353252154,-1158.0760897479317
353.403735988092,239.97621447539598,-1158.929745462021
353.533097475341,239.67437959703696,-1159.7793520263324
353.669084610857,239.37462932720916,-1160.624655145291
353.8083948886277,239.07648322687163,-1161.4649499701657
353.9475678164697,238.7795712824311,-1162.2996647520465
354.0866137909849,238.48394000191465,-1163.1288137384422
354.2255425106954,238.1896378639627,-1163.952412425966
354.36436292942716,237.89671539708925,-1164.7704776199405
354.50308321024346,237.6052252624058,-1165.583027492094
354.6417106829656,237.31522233885534,-1166.3900816444582
354.7802517962529,237.02676380702206,-1167.1916611720699
354.92354760664557,236.73449949786578,-1167.9928758037695
355.0764676095604,236.43311648536567,-1168.7988918980564
355.23907884924324,236.1227429239538,-1169.6098465210619
355.4114558085829,235.8034968549968,-1170.4258808435052
355.59368074192616,235.47548655377832,-1171.2471405665087
355.7858440565765,235.13881081205656,-1172.0737763829366
355.9880447386757,234.79355916763384,-1172.9059444635295
356.2003908172626,234.43981208188595,-1173.743806972365
356.4202376195535,234.08140069800993,-1174.5874249523035
356.6449062925973,233.7220787360923,-1175.4368254839246
356.8744398556563,233.36176729237692,-1176.2921060298959
357.10887948077834,233.0003880034236,-1177.1533641920896
357.348264483822,232.6378631250562,-1178.0206976140698
357.5926323169234,232.2741156061862,-1178.8942038909693
357.8420185738488,231.90906916037133,-1179.7739804879495
358.09645699178003,231.5426483316515,-1180.660124661761
358.3507430741111,231.17556648663356,-1181.551838857729
358.59970688572434,230.80857729241148,-1182.4481311165475
358.84344880042977,230.4416877240012,-1183.3487157531563
359.0820664221135,230.0749086327393,-1184.253319030581
359.3156549541454,229.70825483833156,-1185.1616790941314
359.54430753613366,229.34174517793477,-1186.0735458849756
359.7681155484971,228.9754025139453,-1186.9886810335681
359.98716888627916,228.60925370049898,-1187.9068577268529
360.20259055409326,228.2435613919966,-1188.8262652715118
360.4154305564501,227.8785258915254,-1189.7452390666356
360.6256315667951,227.51404788230067,-1190.6638532828144
360.8331353394428,227.15002088314517,-1191.5821883732087
361.0378829710223,226.78633116086695,-1192.5003314190164
361.23981522724284,226.42285771662318,-1193.4183764737495
361.43887294869836,226.05947236187623,-1194.3364248780954
361.6349975314357,225.6960399031228,-1195.2545855551673
361.828549924647,225.3324816869239,-1196.1760155784964
362.0199988905428,224.9688202495144,-1197.1037698289565
362.2094965853807,224.60512144499396,-1198.0377603640206
362.39718470525213,224.24145508953347,-1198.977906289736
362.5831949462499,223.8778946485197,-1199.9241331179471
362.76764960037417,223.5145169758249,-1200.8763720965783
362.950661978727,223.1514020742254,-1201.8345596343315
363.1323368222759,222.78863288496547,-1202.798636753991
363.3129164577988,222.42582964367173,-1203.7650851358321
363.4925878976127,222.0625536269378,-1204.730430343381
363.6713406968327,221.69877088251678,-1205.6947041291571
363.84916357120136,221.33444662653272,-1206.6579398774822
364.0260443744947,220.96954522172976,-1207.6201727208577
364.20197007050075,220.60403015113525,-1208.5814396618564
364.3769267043982,220.23786399733015,-1209.5417797035964
364.5508993725533,219.87100842458455,-1210.5012339924351
364.719059462086,219.5039962183243,-1211.4598267290448
364.876990774037,219.1374483724237,-1212.4176714761272
365.02546514227674,218.77149869863104,-1213.374961378364
365.16518351145885,218.40627379187708,-1214.3318386702654
365.2967837042974,218.04189210471486,-1215.2884035646516
365.4208469835359,217.67846344891794,-1216.244721918913
365.53790366472214,217.316088819787,-1217.2008317848145
365.64843798034104,216.95486045763658,-1218.1567489531583
365.7526402190249,216.59425277103045,-1219.112703628838
365.8507149714245,216.23348042525186,-1220.0688763215824
365.94314530064673,215.8721053887627,-1221.0251655313987
366.0303992694216,215.50967734136273,-1221.9814541356182
366.1129314933586,215.14573467148023,-1222.93761023415
366.1911844928703,214.77980527883554,-1223.8934879084281
366.26558987496986,214.4114072173438,-1224.848927905584
366.33656937662977,214.0400491937318,-1225.8037582555041
366.40127254967604,213.67014157712305,-1226.759680375474
366.4570468861739,213.30648540336287,-1227.718718148491
366.50464359863366,212.94935902658452,-1228.6813019492033
366.5446957389948,212.59902758539346,-1229.647793255947
366.57772779097496,212.2557439616528,-1230.6184923615579
366.6041665028392,211.9197500927711,-1231.5936458979804
366.62435199240855,211.59127845952528,-1232.5734538510167
366.6385485072985,211.27055362616713,-1233.5580759065517
366.64734948402844,210.9497968387374,-1234.5453991924128
366.6514852834398,210.6208669877645,-1235.533376791753
366.65147918399407,210.28322737054438,-1236.5222699701399
366.647892871449,209.93627846442726,-1237.5123177122643
366.64132425293803,209.57936440969706,-1238.503738948351
366.63240511697353,209.21177960960568,-1239.4967349217736
366.62179860857304,208.8327754294669,-1240.491491671945
366.6101965113553,208.4415669614595,-1241.4881826014873
366.6045756459379,208.0477777999923,-1242.4775390209563
366.6107941378093,207.66086445417085,-1243.4512945489566
366.62749225070013,207.27971860883503,-1244.4114439322398
366.653615298147,206.90328822663204,-1245.3596526401145
366.6883402677925,206.530582452721,-1246.2973070973244
366.7310197270212,206.1606739048357,-1247.2255605443318
366.78113925617777,205.79269903573194,-1248.1453731588672
366.83828524483727,205.42585714916055,-1249.0575462010406
366.90475540138834,205.05719612507053,-1249.963211479527
366.9828431011296,204.68407752588158,-1250.863377946896
367.0721990142269,204.3063663881419,-1251.7585158649413
367.1725285737839,203.92394135698868,-1252.6490692382067
367.2835850950789,203.5366936308273,-1253.5354578715364
367.4051639708669,203.1445258969204,-1254.4180795407544
367.53709782211394,202.7473513285492,-1255.2973121659672
367.67925247208825,202.3450926583988,-1256.1735159451691
367.82521779085096,201.94025748337103,-1257.0471650305574
367.96865199812413,201.53537243363712,-1257.9185234577178
368.1095731196257,201.13040243040038,-1258.7875213166167
368.24799932650575,200.72531276806222,-1259.6540855809828
368.3839489358798,200.32006913641743,-1260.5181401861516
368.51744039467604,199.9146376467714,-1261.3796061797457
368.6484922806529,199.5089848590932,-1262.2384018101293
368.77712330270464,199.10307780598737,-1263.0944426247559
368.9083679562844,198.698474296628,-1263.9504197019075
369.0473453606525,198.29691411025146,-1264.809351530922
369.19425573039354,197.89873114512008,-1265.6718147176773
369.3493256420913,197.50426425780054,-1266.5384012510383
369.51281167007534,197.11385855200433,-1267.4097191431258
369.68500458791164,196.72786705643372,-1268.2863933311323
369.86623421390243,196.34665287785234,-1269.1690669175712
370.0568749907948,195.9705919525427,-1270.0584028504104
370.253003374514,195.58771690701283,-1270.9499659688158
370.4502227487811,195.1866921929522,-1271.839345793152
370.64799204949355,194.76907475823288,-1272.727205408203
370.84577983425766,194.3362556304387,-1273.614094864662
371.0430613857795,193.8894832592424,-1274.5004623804796
371.2393161499393,193.4298825681191,-1275.3866634345636
371.43402534537654,192.95847068000504,-1276.2729682049005
371.62666971778674,192.47616978370132,-1277.1595675346657
371.82197618596086,191.98554681981636,-1278.048048448482
372.0248053086188,191.48875764272222,-1278.9398921135748
372.2349159159205,190.98585638375457,-1279.835040318286
372.45208903015737,190.47689382103485,-1280.733436768898
372.67612532566284,189.9619178782943,-1281.6350269174957
372.906842899448,189.44097402677,-1282.5397578013929
373.14407531440264,188.91410560944337,-1283.4475778872052
373.38766988715656,188.3813541061794,-1284.3584369230323
373.63266991861326,187.8430628067818,-1285.2733856832535
373.87424923037463,187.300105314862,-1286.1932141055063
374.1125192091985,186.75352081333813,-1287.117386005357
374.34758499892973,186.2042304074542,-1288.0454314180367
374.5795466088751,185.65304716940497,-1288.9769388461434
374.8084997118917,185.10068590333753,-1289.9115482292775
375.0345362322748,184.54777249486744,-1290.8489446519382
375.25774479442316,183.99485273209555,-1291.7888527672724
375.48092199178706,183.44066741838873,-1292.7292017556736
375.70681342392555,182.88369852730645,-1293.6680719514547
375.9354045505253,182.3239367624657,-1294.6055079462956
376.166681252827,181.76137325515035,-1295.5415526691522
376.4006298162804,181.1959995219315,-1296.4762473793426
376.6372369128356,180.6278074443443,-1297.4096317233495
376.8764895845455,180.05678926573347,-1298.341743860528
377.1183752293117,179.48293757141144,-1299.2726205187732
377.3615259796446,178.90961451301803,-1300.205589824631
377.604577059539,178.34017367830586,-1301.143962939306
377.84752172611263,177.77459142581125,-1302.087742449418
378.0903529158312,177.2128458202475,-1303.0369319052468
378.33306326568857,176.65491657258735,-1303.9915357825835
378.5756451279116,176.10078498062043,-1304.9515594472073
378.8180905918464,175.55043387570655,-1305.9170091181686
379.0603914971156,175.00384756881118,-1306.8878918394175
379.30203063158297,174.4591145263948,-1307.8624653598793
379.54255916811593,173.91434938683616,-1308.839027061257
379.78210188569506,173.3695862900195,-1309.81766130456
380.02077604594774,172.8248533351065,-1310.7984478739847
380.258691948307,172.2801731816324,-1311.7814622615851
380.4959534187924,171.73556360322758,-1312.7667759325138
380.73265823828353,171.19103801081653,-1313.7544565636786
380.96889857883497,170.64660588950517,-1314.7445682950342
381.2083183083707,170.10961946212967,-1315.740240395564
381.4543015190262,169.58691042691112,-1316.744149106615
381.7064733698832,169.07755910454273,-1317.7555258486113
381.96456365606025,168.58085371160317,-1318.7737369761244
382.2283943889152,168.09625744878355,-1319.7982569104865
382.4978714955588,167.62338432150557,-1320.8286473420642
382.7729800465916,167.16198199626533,-1321.8645410473605
383.0537826100642,166.71192040094525,-1322.9056291538895
383.3340165211892,166.26702163202467,-1323.9460073828466
383.6073072413161,165.82134938552838,-1324.979940756463
383.8735338775672,165.3753030203957,-1326.0074949113596
384.1325773506385,164.92925896706194,-1327.0287541363912
384.38432014176647,164.48357308779458,-1328.0438205670307
384.6286460497955,164.03858278112384,-1329.0528134922852
384.8654399537799,163.59460885098844,-1330.055868758888
385.0945875779904,163.15195720032105,-1331.0531382782472
385.31832869141175,162.70757658229195,-1332.0484180199687
385.53909783481856,162.25816101097874,-1333.045255944881
385.7571738948125,161.80348390671182,-1334.0433158861297
385.9728414047249,161.34328769627692,-1335.0422619551775
386.18639010243606,160.8772863813229,-1336.0417589825236
386.39811451727877,160.40516783360397,-1337.0414729146114
386.6083135782982,159.92659584065632,-1338.0410711626087
386.8172902429399,159.4412119257481,-1339.0402229070767
387.02573024542716,158.95586803257814,-1340.0355573076083
387.2339452039365,158.47747418410802,-1341.0239826082309
387.44151279111736,158.00578705153933,-1342.0057167530786
387.6480526887783,157.54058200747122,-1342.980957273161
387.8532236130679,157.08165196842648,-1343.9498820924553
388.0567202325355,156.62880621564855,-1344.9126505936358
388.2582701023979,156.1818692254074,-1345.8694048366315
388.45763068917637,155.7406795221585,-1346.8202708589586
388.6534760418915,155.3015872159179,-1347.7692569284457
388.84451976902835,154.86112384069477,-1348.7202500826863
389.03061067239906,154.41950295199402,-1349.673128620688
389.2115932562452,153.97694912987834,-1350.627775733976
389.3873085597183,153.53369777884518,-1351.5840796749178
389.55759496643685,153.0899948397565,-1352.5419339198022
389.722288980139,152.64609641546443,-1353.5012373198776
389.8812259494914,152.2022683077845,-1354.4618942392183
390.0382726055744,151.75484886853783,-1355.4234747824112
390.197428024312,151.30010447670182,-1356.3856590705934
390.3587911386199,150.838159600288,-1357.3485723970289
390.52245864248374,150.36913365477926,-1358.3123362402807
390.6885248540785,149.89314089140987,-1359.2770682054106
390.85708160164234,149.4102903197962,-1360.2428819779627
391.0282181372381,148.92068567683523,-1361.2098872977076
391.20202107328095,148.42442542303198,-1362.1781899440386
391.3743765485724,147.92085464521602,-1363.1442982292788
391.54081984936556,147.40921301493418,-1364.1043682307436
391.70070576763374,146.8893977825854,-1365.0577778472668
391.8533299780028,146.36133359158,-1366.0038604599615
391.9979264680682,145.8249765626827,-1366.9419017703171
392.1336656411485,145.28031803059326,-1367.8711371106035
392.2596533026428,144.72738764464094,-1368.7907494754907
392.3749307232337,144.16625553208883,-1369.699868512112
392.48611450177924,143.60238071747315,-1370.608892412326
392.6003362250403,143.04115464124826,-1371.528642807971
392.7176341900811,142.48253355727934,-1372.4590688947862
392.8380460598685,141.92647356654993,-1373.4001187846036
392.96160888184284,141.3729305729073,-1374.351739517268
393.0883591087495,140.82186024428844,-1375.3138770878188
393.21833263221845,140.2732179727504,-1376.286476466039
393.3515648048947,139.72695882925024,-1377.2694816131452
393.4963986771757,139.18570408740183,-1378.2586783508339
393.66116043390554,138.6518440505217,-1379.2496924323755
393.84428353364444,138.12480077629078,-1380.2422063640684
394.04281071051554,137.60390731965848,-1381.2360332269063
394.2542301006757,137.08848701646482,-1382.231109451304
394.4765209540336,136.577891991747,-1383.2274580010967
394.708064484843,136.07152308703024,-1384.2251579399451
394.94756341227264,135.56883811827498,-1385.2243221212566
395.1954066882861,135.06868715019002,-1386.2250499273036
395.4522685057062,134.5702325218392,-1387.2273108511017
395.7175771934012,134.07357833307512,-1388.230965597823
395.99078658398224,133.57881296072864,-1389.2358663504785
396.27137541258224,133.08600896725434,-1390.2418582726739
396.55884667940967,132.59522336423302,-1391.248780976967
396.852726989952,132.10649817649593,-1392.2564699340749
397.1525658919418,131.61986124249904,-1393.2647578047379
397.44931961011497,131.13374171828175,-1394.2702199952435
397.73434231456264,130.64619795421632,-1395.2696607745672
398.0079769050531,130.15650204316478,-1396.2633913370594
398.27053891618596,129.66391381968012,-1397.251769027308
398.52231775310554,129.1676824371132,-1398.235202138788
398.7635780648405,128.66704887180018,-1399.21415478332
398.994561349347,128.16124945384294,-1400.189151672791
399.21548788673397,127.64952049352395,-1401.1607825740016
399.4321109738774,127.1364850792703,-1402.1291107068162
399.64992862548416,126.62706893896795,-1403.09396286977
399.86865797151376,126.12112494752179,-1404.0554831713919
400.08804950378584,125.61852335579741,-1405.0138033520268
400.3078822618444,125.11914903452904,-1405.9690436390417
400.5279598495282,124.62289923921519,-1406.9213135896346
400.74810712284113,124.12968177835293,-1407.8707129062261
400.9681674165403,123.63941350755567,-1408.817332206908
401.18622577312186,123.14938326419937,-1409.7629480184016
401.4002786896221,122.65690509407516,-1410.7091269372227
401.60999437069455,122.16195192688649,-1411.6555225692846
401.8150273615466,121.6644998545194,-1412.60176208429
402.0150189048099,121.16452782306624,-1413.547444511934
402.20959744827536,120.66201719246406,-1414.4921390393297
402.3983792941741,120.1569511582426,-1415.4353833414239
402.5809693802096,119.64931404227606,-1416.3766819652078
402.7617193779778,119.13592123230691,-1417.3172699972424
402.94533229602956,118.61336965729134,-1418.2585480467872
403.13210831676827,118.08120095528885,-1419.2003343203328
403.3223434051474,117.5389432755168,-1420.142445878438
403.51632991701103,116.98611059418337,-1421.0846980635263
403.71435719445515,116.4222019835016,-1422.0269039379937
403.91671213056327,115.84670085725442,-1422.9688737306617
404.123679715672,115.2590741890988,-1423.91041429217
404.33250162812504,114.6665025311295,-1424.8442541793931
404.5401868867203,114.07646326014293,-1425.7634898722383
404.7465623087121,113.4890048866092,-1426.6686406438669
404.95147118323473,112.90416944586092,-1427.560184624574
405.15477151898074,112.32199314873057,-1428.4385626903945
405.3563345060099,111.74250696030617,-1429.3041819082473
405.55604315943185,111.16573711810048,-1430.1574185986601
405.7537911142587,110.59170559318665,-1430.9986210899774
405.95121185577875,110.01867770887777,-1431.842102740795
406.1499674246288,109.44491140340921,-1432.702327375662
406.35001138623323,108.87041344832923,-1433.5799517425899
406.551292341875,108.29519361542206,-1434.4756759034778
406.75375348921165,107.71926496678432,-1435.3902466358657
406.9573321402176,107.14264418132747,-1436.3244295894538
407.16195932548305,106.56535185869772,-1437.2786049053007
407.36756106870166,105.98741213342225,-1438.2527725783325
407.5753418819542,105.41060761472012,-1439.2304645676786
407.7863974659674,104.83665606810874,-1440.1956817421897
408.000443026501,104.26545774146928,-1441.1493228909067
408.2172110322971,103.69692105910569,-1442.092211757347
408.43645060756364,103.13096230634591,-1443.0251029394055
408.6579268525241,102.56750525272525,-1443.948687540348
408.88142011145686,102.0064807277083,-1444.8635985375167
409.1067251963248,101.44782616648016,-1445.7704158155825
409.33333818370477,100.89615880938693,-1446.6767914390502
409.5606010860736,100.35586200861836,-1447.590064744022
409.7880445689449,99.82643941431591,-1448.5101748888492
410.01526821200196,99.30745285919825,-1449.4370789814288
410.2419296583108,98.79851571747432,-1450.370748186065
410.46773553842587,98.29928685839069,-1451.3111646798188
410.69243390658846,97.80946522564686,-1452.258319278336
410.91580793106795,97.32878502435494,-1453.212209592871
411.13748615375323,96.85142523279264,-1454.1703164263124
411.35722513477737,96.37185867846553,-1455.1298738119199
411.57508111843214,95.8904083395338,-1456.0904058804488
411.7911105708657,95.40736767089813,-1457.0514710458554
412.00536927247316,94.92300308152464,-1458.0126619909938
412.21791162032645,94.43755626931197,-1458.9736050616177
412.4287901129078,93.95124640608145,-1459.9339592208873
412.63805498779743,93.46427216539348,-1460.893414674575
412.8454448105739,92.97687364813855,-1461.8574590189457
413.0505952439181,92.48906549580039,-1462.831869785382
413.25334333867045,92.00057186602676,-1463.8169407275714
413.453513398123,91.5110880784348,-1464.812982846345
413.6509160542896,91.02027814276437,-1465.8203251297264
413.84534720743363,90.52777220003397,-1466.8393152529277
414.0365867910523,90.0331639044374,-1467.8703202406741
414.22439728983323,89.5360077824302,-1468.9137270975802
414.40642190545293,89.03620489931735,-1469.9672246382224
414.580615876699,88.53387506273076,-1471.0283648792185
414.7473686121536,88.02898874219476,-1472.0972775084338
414.9070908149632,87.52151474962957,-1473.1741043246411
415.06020904601235,87.01142109637956,-1474.2589989282906
415.20716047983495,86.49867545405799,-1475.3521265729746
415.34838793594685,85.98324538987464,-1476.4536639005432
415.48433533292047,85.46509847403678,-1477.5637985062283
415.6255663453301,84.94216791255069,-1478.6739744811725
415.782030472349,84.41270816276466,-1479.775735653209
415.9529599467816,83.87731846290743,-1480.869470196973
416.1376210085228,83.33657334848242,-1481.9555575176307
416.3353139818672,82.79102080623102,-1483.0343677883445
416.5453731427639,82.24118072898524,-1484.1062614269424
416.76716641229865,81.68754366046927,-1485.171588506784
417.00009489599677,81.13056983770392,-1486.2306881166048
417.2376555273586,80.56576156448968,-1487.2925951299762
417.47358344408445,79.98763320281515,-1488.3668236990197
417.7077626258398,79.3945484152023,-1489.4547550140442
417.94005704003445,78.7846450596482,-1490.5579625875403
418.1703130691405,78.15581982964498,-1491.6782407394692
418.39836347322233,77.50696117712235,-1492.8175282131865
418.6240383787339,76.83806943621418,-1493.9768077487574
418.8471772322819,76.14914496523372,-1495.1560793400179
419.0762499381384,75.45812056543909,-1496.3418109577497
419.3188347992062,74.78218526034021,-1497.5204065654184
419.57311549759663,74.11994509721636,-1498.691755220592
419.8375122994536,73.47018481181921,-1499.8557869125787
420.10787175648323,72.82722069481933,-1501.0205286847265
420.3808093000586,72.18590679165214,-1502.194050929169
420.6563972460528,71.54618923506013,-1503.3763955374395
420.93470802922093,70.90801382774909,-1504.567607180032
421.21581417728163,70.27132599933819,-1505.7677334661396
421.4997882814159,69.6360707605721,-1506.9768251143641
421.78670296985774,69.002192647643,-1508.1949361205614
422.0766308857689,68.36963566949638,-1509.422123919965
422.3736953166735,67.72770362828685,-1510.6561919006065
422.6822114106456,67.0657274327609,-1511.8949226124585
423.00263263098003,66.38370537960931,-1513.1383291276234
423.33540589298036,65.68163569989818,-1514.3864163220635
423.68097409643866,64.95951655983612,-1515.6391821427953
424.0397783977624,64.21734606119098,-1516.8966186311823
424.4122602355763,63.455122241393696,-1518.1587127023254
424.7988631117067,62.67284307336394,-1519.4254467067767
425.1992272170341,61.87050650432201,-1520.6989874588025
425.6128403490248,61.04811058049501,-1521.9815944547556
426.0398441880547,60.20565335930906,-1523.273433090705
426.48038327497466,59.343132877314105,-1524.5746685461866