
0.020000910743329395,0.004400497114778187,-0.02000015514337306
0.04000250080425834,0.009311355193281431,-0.04000031018039422
0.06000484654310026,0.014754633571519519,-0.06000046500471158
0.08000802743591828,0.020751000163308303,-0.08000061950997325
0.10001212583606042,0.027319244132256126,-0.10000077358982734
0.12001722668124229,0.03447601649195104,-0.12000092713792196
0.1400234171675271,0.04223563555604677,-0.1400010800479052
0.160030786406337,0.05061004879098563,-0.16000123221342522
0.18003942509203527,0.0596090159212125,-0.18000138352813005
0.2000494251924574,0.06924024053602244,-0.20000153388566788
0.2200608796782477,0.0795097706326083,-0.22000168317968682
0.2400738822912793,0.0904221340376845,-0.240001831303835
0.2600885273509056,0.10198072178446456,-0.26000197815176057
0.28010490960165974,0.11418797312540573,-0.2800021236171117
0.30012312409419567,0.12704564637566196,-0.3000022675935365
0.3201432661001667,0.1405550134626064,-0.3200024099746831
0.34016543105575553,0.1547170582900614,-0.34000255065419976
0.36018971453107473,0.16953263314086495,-0.36000268952573466
0.38021621222418556,0.18500263987497198,-0.38000282648293593
0.40024501997876133,0.2011281729805822,-0.40000296141945174
0.4202762338230313,0.21791066834730952,-0.4200030942289304
0.440309950026945,0.23535200435562884,-0.4400032248050201
0.4603462651731056,0.2534545896148728,-0.46000335304136897
0.4803852762424474,0.27222147740409813,-0.48000347883162536
0.5004270807067277,0.29165634469118573,-0.5000036020694375
0.5204717633774489,0.3115818991921222,-0.5200037226484536
0.5405193601428606,0.3315045301015689,-0.5400038404623221
0.5605698708963585,0.3514242369945329,-0.5600039554046912
0.5806232955313229,0.37134101944603687,-0.5800040673692092
0.6006796339411187,0.39125487703111905,-0.6000041762495245
0.6207388860190952,0.41116580932483326,-0.6200042819392854
0.6408010516585864,0.4310738159022488,-0.6400043843321402
0.6608661307529105,0.45097889633845056,-0.6600044833217373
0.6809341231953704,0.470881050208539,-0.6800045788017253
0.7010050288792535,0.49078027708763006,-0.7000046706657523
0.7210788476978317,0.5106765765508554,-0.7200047588074671
0.7411555795443614,0.5305699481733621,-0.7400048431205177
0.7612352243120835,0.5504603915303129,-0.7600049234985531
0.7813177818942233,0.5703479061968861,-0.7800049998352214
0.8014032521839908,0.5902324917482756,-0.8000050720241714
0.8214916350745805,0.6101141477596908,-0.8200051399590514
0.8415829304591713,0.6299928738063566,-0.8400052035335102
0.8616771382309266,0.6498686694635136,-0.860005262641196
0.8817742582829945,0.6697415343064181,-0.8800053171757578
0.9018742905085074,0.6896114679103418,-0.9000053670308442
0.9219772348005822,0.709478469850572,-0.9200054121001038
0.9420830910523206,0.7293425397024117,-0.9400054522771851
0.9621918591568085,0.7492036770411794,-0.9600054874557371
0.9823035390071165,0.7690618814422092,-0.9800055175294083
1.0024181304962998,0.7889171524808508,-1.0000055423918477
1.0225356335173978,0.8087694897324695,-1.0200055619367039
1.0426560479634346,0.8286188927724463,-1.040005576057626
1.062779373727419,0.8484653611761777,-1.0600055846482623
1.0829056107023438,0.8683088945190758,-1.0800055876022623
1.1030347587811868,0.8881494923765682,-1.1000055848132746
1.1231668178569103,0.9079871543240984,-1.1200055761749483
1.143301787822461,0.9278218799371253,-1.1400055615809321
1.16343966857077,0.9476536687911234,-1.1600055409248753
1.183580459994753,0.967482520461583,-1.1800055141004266
1.2037241619873102,0.9873084345240098,-1.2000054810012353
1.2238707744413266,1.0071314105539253,-1.2200054415209505
1.2440202972496717,1.0269514481268665,-1.2400053955532215
1.2641727303051988,1.046768546818386,-1.260005342991697
1.2843280735007465,1.0665827062040523,-1.2800052837300266
1.3044863267291378,1.086393925859449,-1.3000052176618595
1.3246474898831802,1.106202205360176,-1.3200051446808447
1.3448115628556652,1.1260075442818485,-1.3400050646806319
1.3649785455393695,1.145809942200097,-1.3600049775548704
1.3851484378270542,1.165609398690568,-1.3800048831972094
1.4053212396114647,1.1854059133289239,-1.4000047815012984
1.425496950785331,1.2051994856908423,-1.4200046723607869
1.4456755712413678,1.2249901153520166,-1.4400045556693244
1.465857100872274,1.244777801888156,-1.4600044313205605
1.4860415395707334,1.2645625448749847,-1.4800042992081446
1.506228887229414,1.2843443438882436,-1.5000041592257265
1.5264191437409687,1.3041231985036883,-1.5200040112669557
1.5466123089980346,1.3238991082970908,-1.5400038552254822
1.5668083828932338,1.3436720728442382,-1.5600036909949555
1.587007365319172,1.3634420917209338,-1.5800035184690253
1.6072092561684406,1.3832091645029958,-1.6000033375413416
1.6274140553336143,1.4029732907662587,-1.6200031481055543
1.6476217627072536,1.4227344700865725,-1.6400029500553135
1.6678323781819027,1.442492702039803,-1.660002743284269
1.6880459016500904,1.4622479862018314,-1.6800025276860708
1.7082623330043305,1.4820003221485545,-1.7000023031543692
1.728481672137121,1.5017497094558852,-1.720002069582814
1.7487039189409443,1.5214961476997517,-1.7400018268650554
1.7689290733082679,1.541239636456098,-1.760001574894744
1.789157135131543,1.560980175300884,-1.7800013135655297
1.8093881043032058,1.5807177638100853,-1.8000010427710629
1.8296219807156773,1.6004524015596926,-1.820000762404994
1.8498587642613629,1.6201840881257128,-1.8400004723609735
1.870098454832652,1.6399128230841684,-1.8600001725326518
1.8903410523219193,1.6596386060110977,-1.8799998628136794
1.9105865566215234,1.6793614364825544,-1.8999995430977068
1.9308349676238081,1.6990813140746082,-1.9199992132783845
1.9510862852211013,1.7187982383633442,-1.9399988732493636
1.9713405093057152,1.7385122089248635,-1.9599985229042944
1.9915976397699473,1.7582232253352827,-1.9799981621368279
2.0118576765060787,1.7779312871707345,-1.999997790840615
2.0321206194063763,1.7976363940073667,-2.0199974089093065
2.0523864683630904,1.817338545421343,-2.0399970162365535
2.0726552232684563,1.8370377409888432,-2.059996612716007
2.0929268840146937,1.8567339802860625,-2.079996198241318
2.113201450494007,1.876427262889212,-2.0999957727061376
2.133478922598585,1.896117588374518,-2.1199953360041173
2.1537593002206012,1.9158049563182233,-2.1399948880289075
2.174042583252214,1.935489366296586,-2.1599944286741604
2.1943287715855657,1.9551708178858798,-2.1799939578335272
2.2146178651127837,1.9748493106623943,-2.199993475400659
2.234909863725979,1.994524844202435,-2.219992981269207
2.2552047673172484,2.0141974180823228,-2.2399924753328238
2.2755025757786718,2.0338670318783945,-2.2599919574851604
2.2958032890023152,2.053533685167003,-2.2799914276198683
2.3161069068802287,2.0731973775245165,-2.2999908856305993
2.336413429304446,2.0928581085273184,-2.3199903314110055
2.3567228561669866,2.1125158777518096,-2.3399897648547388
2.377035187359854,2.1321706847744046,-2.3599891858554507
2.397350422775036,2.151822529171535,-2.379988594306794
2.4176685623045056,2.1714714105196484,-2.39998799010242
2.4379896058402197,2.191117328395207,-2.419987373135981
2.4583135532741203,2.210760282374689,-2.4399867433011297
2.4786404044981336,2.23040027203459,-2.459986100491518
2.49897015940417,2.250037296951419,-2.479985444600798
2.5193028178841264,2.269671356701702,-2.4999847755226225
2.5396383798298814,2.2893024508619813,-2.519984093150644
2.5599768451333,2.3089305790088135,-2.5399833973785144
2.5803182136862315,2.3285557407187722,-2.559982688099887
2.6006624853805094,2.3481779355684465,-2.5799819652084146
2.6210096601079518,2.36779716313444,-2.5999812285977493
2.6413597377603617,2.387413422993374,-2.619980478161544
2.6617127182295266,2.4070267147218853,-2.6399797137934526
2.6820686014072184,2.426637037896625,-2.659978935387127
2.702427387185193,2.4462443920942616,-2.679978142836221
2.7227890754551916,2.4658487768914785,-2.699977336034387
2.7431536661089404,2.4854501918649747,-2.7199765148752792
2.763521159038149,2.5050486365914657,-2.73997567925255
2.783891554134513,2.524644110647683,-2.7599748290598534
2.8042648512897115,2.5442366136103725,-2.7799739641908423
2.8246410503954076,2.5638261450562974,-2.7999730845391704
2.8450201513432507,2.583412704562236,-2.819972189998492
2.8654021540248733,2.6029962917049825,-2.83997128046246
2.885787058331893,2.622576906061347,-2.8599703558247285
2.9061748641559126,2.6421545472081545,-2.879969415978951
2.9265655713885184,2.6617292147222473,-2.8999684608187812
2.9469591799212815,2.681300908180483,-2.919967490237874
2.967355689645758,2.700869627159735,-2.939966504129883
2.987755100453488,2.7204353712368925,-2.959965502388462
3.0081574122359975,2.739998139988859,-2.9799644849072657
3.0285626248847954,2.7595579329925566,-2.9999634515799483
3.0489707382913758,2.7791147498249216,-3.0199624023001643
3.0693817523472173,2.798668590062906,-3.0399613369615683
3.089795666943784,2.818219453283478,-3.059960255457815
3.110212481972523,2.837767339063621,-3.079959157682559
3.130632197324868,2.857312246980336,-3.0999580435294547
3.1510548128922347,2.876854176610639,-3.119956912892157
3.1714803285660254,2.8963931275315598,-3.1399557656643213
3.191908744237626,2.915929099320147,-3.1599546017396025
3.2123400597984073,2.935462091553464,-3.1799534210116556
3.2327742751397253,2.954992103808589,-3.1999522233741358
3.2532113901529196,2.9745191356626175,-3.2199510087206984
3.273651404729315,2.99404318669266,-3.2399497769449987
3.2940943187602203,3.013564256475843,-3.259948527940692
3.3145401321369294,3.033082344589309,-3.2799472616014347
3.33498884475072,3.0525974506102163,-3.2999459778208817
3.3554404564928557,3.072109574115739,-3.3199446764926885
3.3758949672545837,3.091618714683068,-3.3399433575105113
3.396352376927136,3.111124871889408,-3.3599420207680066
3.4168126854017293,3.1306280453119815,-3.37994066615883
3.437275892569565,3.1501282345280255,-3.399939293576637
3.4577419983218283,3.1696254391147938,-3.419937902915085
3.47821100254969,3.1891196586495556,-3.439936494067829
3.4986829051443054,3.208610892709596,-3.4599350669285265
3.519157705996813,3.228099140872217,-3.479933621390834
3.539635404998338,3.2475844027147343,-3.499932157348407
3.5601160020399885,3.2670666778144817,-3.5199306746949035
3.5805994970128583,3.2865459657488074,-3.53992917332398
3.6010858898080254,3.306022266095076,-3.559927653129293
3.6215751803165515,3.325495578430669,-3.5799261140045
3.6420673684294846,3.3449659023329814,-3.5999245558432573
3.662562454037856,3.3644332373794263,-3.6199229785392233
3.683060437032682,3.383897583147432,-3.639921381986054
3.7035613173049633,3.4033589392144417,-3.6599197660774077
3.7240650947456855,3.4228173051579165,-3.679918130706942
3.7445717692458187,3.442272680555331,-3.6999164757683136
3.7650813406963173,3.4617250649841784,-3.7199148011551815
3.7855938089881214,3.4811744580219655,-3.7399131067612026
3.8061091740121538,3.500620859246216,-3.759911392480035
3.826627435659324,3.5200642682344694,-3.779909658205337
3.847148593820524,3.5395046845642812,-3.7999079038307664
3.8676726483866317,3.5589421078132233,-3.819906129249982
3.8881995992485097,3.578376537558882,-3.8399043343566417
3.908729446297005,3.5978079733788606,-3.859902519044404
3.9292621894229485,3.6172364148507783,-3.879900683206927
3.9497978285171564,3.63666186155227,-3.899898826737871
3.9703363634704294,3.6560843130609872,-3.919896949530893
3.990877794173553,3.6755037689545964,-3.9398950514796534
4.011422120517296,3.6949202288107807,-3.95989313247781
4.031969342392414,3.714333692207238,-3.9798911924190223
4.052519459689646,3.7337441587216835,-3.9998892311969496
4.073072472299715,3.7531516279318478,-4.019887248705252
4.093628380113329,3.7725560994154774,-4.0398852448375875
4.114187183021182,3.7919575727503347,-4.0598832194876175
4.134748880913951,3.811356047514198,-4.079881172549
4.155313473682297,3.8307515232848615,-4.099879103915396
4.175880961216869,3.8501439996401357,-4.1198770134804645
4.196451343408296,3.869533476157847,-4.139874901137866
4.217024620147195,3.8889199524158378,-4.159872766781261
4.237600791324167,3.908303427991966,-4.179870610304309
4.258179856829795,3.9276839024641053,-4.19986843160067
4.27876181655465,3.9470613754101462,-4.219866230564007
4.299346670389287,3.966435846407995,-4.239864007087978
4.3199344182242445,3.985807315035573,-4.259861761066245
4.340525059950045,4.005175780870818,-4.279859492392468
4.3611185954571985,4.024541243491686,-4.299857200960309
4.381715024636197,4.043903702476144,-4.319854886663428
4.4023143473775175,4.06326315740218,-4.339852549395487
4.422916563571622,4.0826196078477945,-4.359850189050147
4.4435216731089575,4.101973053391006,-4.37984780552107
4.464129675879955,4.121323493609848,-4.399845398701918
4.484740571775031,4.140670928082371,-4.419842968486352
4.505354360684585,4.16001535638664,-4.439840514768033
4.525971042499003,4.179356778100736,-4.459838037440624
4.546590617108653,4.1986951928027585,-4.479835536397787
4.567213084403891,4.218030600070819,-4.499833011533185
4.587838444275055,4.23736299948305,-4.519830462740479
4.608466696612469,4.256692390617596,-4.539827889913331
4.629097841306441,4.276018773052618,-4.559825292945407
4.649731878247263,4.295342146366294,-4.579822671730366
4.6703688073252145,4.314662510136818,-4.599820026161872
4.6910086284305565,4.3339798639424005,-4.619817356133589
4.711651341453535,4.353294207361266,-4.639814661539178
4.7322969462843805,4.372605539971656,-4.659811942272305
4.75294544281331,4.391913861351829,-4.679809198226631
4.773596830930525,4.411219171080059,-4.699806429295822
4.79425111052621,4.430521468734635,-4.719803635373539
4.814908281490534,4.449820753893863,-4.739800816353448
4.835568343713652,4.469117026136065,-4.759797972129211
4.856231297085702,4.488410285039579,-4.779795102594493
4.8768971414968085,4.507700530182758,-4.799792207642958
4.8975658768370804,4.526987761143972,-4.819789287168271
4.91823750299661,4.5462719775016085,-4.839786341064094
4.938912019865475,4.565553178834068,-4.859783369224095
4.959589427333737,4.5848313647197685,-4.879780371541937
4.980269725291443,4.604106534737144,-4.899777347911285
5.000952913628624,4.623378688464645,-4.9197742982258035
5.021638992235297,4.642647825480737,-4.939771222379159
5.042327961001462,4.661913945363903,-4.959768120265016
5.063019819817105,4.68117704769264,-4.9797649917770395
5.083714568572195,4.7004371320454625,-4.999761836808895
5.104412207156687,4.7196941980009015,-5.0197586552542495
5.125112735460521,4.738948245137502,-5.039755447006768
5.1458161533736195,4.758199273033828,-5.059752211960117
5.166522460785892,4.777447281268457,-5.079748950007962
5.187231657587231,4.796692269419983,-5.099745661043969
5.207943743667514,4.815934237067018,-5.119742344961805
5.228658718916603,4.835173183788187,-5.139739001655137
5.249376583224345,4.854409109162133,-5.1597356310176306
5.270097336480574,4.873642012767515,-5.179732232942953
5.290820978575104,4.892871894183009,-5.199728807324772
5.3115475093977365,4.912098752987304,-5.219725354056753
5.332276928838257,4.931322588759108,-5.239721873032565
5.353009236786436,4.950543401077143,-5.259718364145875
5.373744433132027,4.969761189520149,-5.27971482729035
5.3944825177647715,4.9889759536668805,-5.299711262359659
5.415223490574394,5.008187693096109,-5.319707669247468
5.435967351450601,5.027396407386623,-5.339704047847447
5.456714100283087,5.0466020961172235,-5.3597003980532625
5.477463736961529,5.065804758866731,-5.379696719758584
5.498216261375592,5.085004395213982,-5.39969301285708
5.518971673414921,5.104201004737828,-5.419689277242418
5.539729972969149,5.123394587017136,-5.439685512808269
5.560491159927893,5.142585141630789,-5.459681719448299
5.581255234180754,5.161772668157689,-5.479677897056178
5.602022195617318,5.180957166176752,-5.499674045525577
5.622792044127155,5.200138635266909,-5.519670164750163
5.643564779599821,5.219317075007109,-5.539666254623608
5.664340401924854,5.238492484976316,-5.5596623150395805
5.685118910991782,5.257664864753511,-5.57965834589175
5.70590030669011,5.27683421391769,-5.599654347073788
5.726684588909336,5.2960005320478665,-5.619650318479362
5.747471757538936,5.315163818723068,-5.639646260002144
5.768261812468372,5.334324073522341,-5.659642171535806
5.789054753587094,5.3534812960247455,-5.679638052974015
5.809850580784534,5.37263548580936,-5.699633904210445
5.830649293950109,5.391786642455276,-5.719629725138766
5.85145089297322,5.4109347655416045,-5.73962551565265
5.872255377743254,5.430079854647471,-5.759621275645766
5.893062748149581,5.4492219093520164,-5.779617005011787
5.913873004081559,5.468360929234399,-5.799612703644385
5.934686145428527,5.487496913873794,-5.819608371437231
5.95550217207981,5.5066298628493895,-5.839604008283997
5.976321083924717,5.525759775740393,-5.8595996140783555
5.997142880852544,5.544886652126026,-5.87959518871398
6.017967562752569,5.564010491585528,-5.89959073208454
6.038795129514054,5.583131293698154,-5.91958624408371
6.05962558102625,5.602249058043173,-5.939581724605164
6.080458917178388,5.6213637841998745,-5.959577173542573
6.101295137859687,5.6404754717475605,-5.979572590789609
6.122134242959349,5.65958412026555,-5.999567976239948
6.14297623236656,5.67868972933318,-6.019563329787262
6.1638211059704915,5.697792298529801,-6.039558651325225
6.184668863660302,5.71689182743478,-6.059553940747512
6.20551950532513,5.735988315627503,-6.079549197947795
6.226373030854102,5.755081762687369,-6.099544422819749
6.247229440136329,5.774172168193794,-6.1195396152570485
6.268088733060905,5.793259531726211,-6.1395347751533675
6.28895090951691,5.812343852864069,-6.159529902402381
6.309815969393408,5.831425131186833,-6.179524996897765
6.330683912579447,5.850503366273983,-6.199520058533192
6.3515547389640625,5.869578557705018,-6.219515087202339
6.372428448436271,5.88865070505945,-6.239510082798881
6.393305040885077,5.907719807916809,-6.259505045216493
6.414184516199467,5.926785865856641,-6.279499974348851
6.435066874268414,5.9458488784585075,-6.299494870089631
6.4559521149808745,5.964908845301988,-6.319489732332509
6.4768402382257895,5.9839657659666745,-6.339484560971162
6.497731243892087,6.00301964003218,-6.359479355899265
6.518625131868676,6.02207046707813,-6.3794741170104965
6.539521902044454,6.041118246684168,-6.399468844198531
6.5604215543082995,6.060162978429953,-6.419463537357047
6.581324088549079,6.07920466189516,-6.439458196379721
6.602229504655641,6.09824329665948,-6.45945282116023
6.623137802516822,6.117278882302623,-6.479447411592253
6.644048982021438,6.136311418404311,-6.499441967569466
6.664963043058295,6.155340904544286,-6.519436488985548
6.685879985516179,6.174367340302303,-6.539430975734177
6.706799809283864,6.193390725258135,-6.559425427709032
6.727722514250109,6.212411058991571,-6.579419844803789
6.748648100303655,6.231428341082417,-6.5994142269121285
6.76957656733323,6.250442571110493,-6.619408573927728
6.790507915227546,6.269453748655637,-6.639402885744268
6.811442143875299,6.288461873297703,-6.659397162255427
6.832379253165169,6.307466944616562,-6.6793914033548845
6.853319242985823,6.326468962192099,-6.6993856089363195
6.874262113225911,6.345467925604217,-6.719379778893412
6.895207863774068,6.364463834432835,-6.7393739131198425
6.916156494518916,6.383456688257887,-6.75936801150929
6.937108005349057,6.402446486659325,-6.779362073955435
6.95806239615308,6.421433229217116,-6.79935610035196
6.9790196668195605,6.4404169155112445,-6.819350090592543
6.999979817237056,6.4593975451217105,-6.839344044570867
7.02094284729411,6.47837511762853,-6.859337962180611
7.041908756879251,6.497349632611735,-6.879331843315458
7.062877545880991,6.516321089651376,-6.899325687869089
7.083849214187828,6.535289488327516,-6.919319495735185
7.104823761688245,6.5542548282202375,-6.939313266807429
7.125801188270706,6.573217108909637,-6.959307000979502
7.146781493823664,6.59217632997583,-6.979300698145086
7.167764678235555,6.611132490998945,-6.999294358197864
7.1887507413947995,6.630085591559129,-7.019287981031519
7.209739683189803,6.649035631236545,-7.039281566539734
7.230731503508957,6.6679826096113715,-7.0592751146161925
7.251726202240634,6.686926526263804,-7.079268625154576
7.272723779273195,6.705867380774054,-7.099262098048569
7.293724234494984,6.724805172722348,-7.119255533191854
7.31472756779433,6.743739901688932,-7.139248930478117
7.335733779059547,6.762671567254066,-7.159242289801041
7.356742868178933,6.781600168998025,-7.17923561105431
7.377754835040771,6.800525706501104,-7.199228894131608
7.398769679533329,6.8194481793436115,-7.21922213892662
7.419787401544858,6.838367587105872,-7.239215345333031
7.440808000963598,6.857283929368228,-7.259208513244526
7.4618314776777686,6.876197205711038,-7.27920164255479
7.4828578315755765,6.895107415714676,-7.29919473315751
7.503887062545214,6.914014558959533,-7.319187784946369
7.524919170474856,6.932918635026016,-7.339180797815055
7.545954155252664,6.951819643494548,-7.359173771657253
7.566992016766783,6.970717583945569,-7.37916670636665
7.588032754905342,6.989612455959534,-7.399159601836932
7.609076369556457,7.008504259116917,-7.419152457961786
7.630122860608228,7.027392992998206,-7.439145274634899
7.651172227948738,7.046278657183906,-7.4591380517499575
7.672224471466056,7.065161251254537,-7.479130789200649
7.6932795910482366,7.084040774790638,-7.499123486880662
7.714337586583316,7.102917227372762,-7.519116144683682
7.735398457959318,7.121790608581479,-7.5391087625034
7.756462205064251,7.140660917997377,-7.559101340233502
7.7775288277861065,7.159528155201058,-7.5790938777676775
7.798598326012863,7.178392319773142,-7.599086374999614
7.819670699632481,7.197253411294263,-7.619078831823002
7.840745948532908,7.216111429345075,-7.639071248131528
7.861824072602075,7.234966373506244,-7.659063623818884
7.8829050717278975,7.253818243358456,-7.679055958778759
7.903988945798276,7.272667038482411,-7.699048252904841
7.925075694701096,7.291512758458827,-7.719040506090821
7.946165318324228,7.3103554028684385,-7.739032718230389
7.967257816555526,7.329194971291995,-7.759024889217235
7.98835318928283,7.348031463310261,-7.7790170189450505
8.009451436393965,7.366864878504021,-7.799009107307525
8.030552557776739,7.385695216454074,-7.819001154198351
8.051656553318946,7.404522476741236,-7.838993159511219
8.072763422908363,7.423346658946337,-7.85898512313982
8.093873166432756,7.442167762650227,-7.878977044977845
8.11498578377987,7.46098578743377,-7.8989689249189885
8.13610127483744,7.4798007328778455,-7.91896076285694
8.157219639493182,7.498612598563352,-7.938952558685393
8.178340877634795,7.517421384071204,-7.958944312298039
8.199464989149972,7.53622708898233,-7.978936023588572
8.220591973926378,7.555029712877678,-7.998927692450685
8.241721831851674,7.57382925533821,-8.018919318778073
8.262854562813498,7.592625715944904,-8.038910902464426
8.283990166699477,7.611419094278758,-8.058902443403438
8.30512864339722,7.630209389920783,-8.078893941488804
8.326269992794323,7.648996602452006,-8.098885396614218
8.347414214778366,7.6677807314534725,-8.118876808673376
8.368561309236913,7.686561776506245,-8.138868177559969
8.389711276057515,7.705339737191401,-8.158859503167696
8.410864115127703,7.724114613090032,-8.17885078539025
8.432019826334995,7.742886403783252,-8.198842024121324
8.453178409566897,7.761655108852184,-8.218833219254616
8.474339864710895,7.780420727877974,-8.23882437068382
8.495504191654465,7.79918326044178,-8.258815478302637
8.516671390285063,7.817942706124779,-8.278806542004757
8.53784146049013,7.836699064508162,-8.298797561683878
8.559014402157095,7.855452335173139,-8.3187885372337
8.580190215173367,7.874202517700935,-8.338779468547918
8.601368899426344,7.892949611672792,-8.358770355520228
8.62255045480341,7.911693616669968,-8.378761198044328
8.643734881191927,7.930434532273737,-8.398751996013917
8.664922178479246,7.949172358065391,-8.418742749322691
8.686112346552704,7.967907093626236,-8.438733457864348
8.70730538529962,7.9866387385375965,-8.458724121532589
8.728501294607298,8.005367292380813,-8.478714740221108
8.749700074363032,8.024092754737243,-8.498705313823608
8.770901724454093,8.042815125188257,-8.518695842233786
8.792106244767739,8.061534403315248,-8.538686325345342
8.813313635191216,8.08025058869962,-8.558676763051976
8.834523895611753,8.098963680922795,-8.578667155247386
8.85573702591656,8.117673679566211,-8.598657501825272
8.87695302599284,8.136380584211327,-8.618647802679337
8.898171895727772,8.155084394439612,-8.63863805770328
8.919393635008523,8.173785109832556,-8.658628266790803
8.940618243722248,8.192482729971662,-8.678618429835604
8.961845721756083,8.211177254438452,-8.698608546731387
8.983076068997148,8.229868682814462,-8.718598617371851
9.004309285332551,8.24855701468125,-8.7385886416507
9.025545370649384,8.267242249620383,-8.758578619461636
9.046784324834723,8.285924387213448,-8.778568550698358
9.068026147775628,8.304603427042052,-8.798558435254572
9.089270839359143,8.323279368687812,-8.818548273023978
9.110518399472301,8.341952211732364,-8.838538063900282
9.131768828002116,8.360621955757363,-8.858527807777186
9.153022124835585,8.379288600344477,-8.878517504548393
9.174278289859696,8.397952145075394,-8.898507154107605
9.195537322961416,8.416612589531814,-8.91849675634853
9.216799224027701,8.435269933295459,-8.93848631116487
9.238063992945488,8.45392417594806,-8.958475818450328
9.259331629601702,8.472575317071371,-8.97846527809861
9.28060213388325,8.49122335624716,-8.998454690003422
9.301875505677025,8.509868293057213,-9.018444054058468
9.323151744869904,8.52851012708333,-9.038433370157456
9.34443085134875,8.547148857907327,-9.058422638194088
9.365712825000413,8.565784485111044,-9.078411858062072
9.38699766571172,8.584417008276327,-9.098401029655115
9.40828537336949,8.603046426985046,-9.11839015286692
9.429575947860524,8.621672740819083,-9.138379227591198
9.450869389071611,8.640295949360338,-9.158368253721655
9.47216569688952,8.65891605219073,-9.178357231151997
9.493464871201008,8.67753304889219,-9.198346159775932
9.514766911892812,8.69614693904667,-9.218335039487167
9.53607181885166,8.714757722236135,-9.23832387017941
9.557379591964262,8.733365398042569,-9.25831265174637
9.57869023111731,8.751969966047971,-9.278301384081757
9.600003736197488,8.770571425834357,-9.298290067079279
9.621320107091456,8.789169776983758,-9.318278700632645
9.642639343685866,8.807765019078227,-9.338267284635563
9.66396144586735,8.826357151699826,-9.358255818981744
9.68528641352253,8.844946174430637,-9.378244303564898
9.706614246538006,8.863532086852763,-9.398232738278734
9.727944944800367,8.882114888548314,-9.418221123016965
9.749278508196186,8.900694579099424,-9.438209457673299
9.77061493661202,8.919271158088241,-9.458197742141447
9.791954229934412,8.93784462509693,-9.478185976315123
9.813296388049888,8.956414979707672,-9.498174160088034
9.834641410844961,8.974982221502666,-9.518162293353896
9.855989298206127,8.993546350064126,-9.538150376006419
9.87734005001987,9.012107364974282,-9.558138407939314
9.898693666172653,9.030665265815383,-9.578126389046297
9.92005014655093,9.04922005216969,-9.598114319221079
9.941409491041133,9.067771723619488,-9.618102198357372
9.962771699529686,9.086320279747072,-9.638090026348891
9.984136771902993,9.104865720134757,-9.65807780308935
10.005504708047443,9.123408044364872,-9.678065528472462
10.026875507849413,9.141947252019765,-9.698053202391941
10.048249171195259,9.160483342681799,-9.718040824741502
10.069625697971329,9.179016315933353,-9.73802839541486
10.091005088063952,9.197546171356827,-9.758015914305728
10.11238734135944,9.216072908534631,-9.778003381307824
10.133772457744094,9.234596527049197,-9.797990796314863
10.155160437104195,9.25311702648297,-9.81797815922056
10.176551279326015,9.271634406418414,-9.837965469918633
10.197944984295802,9.290148666438009,-9.857952728302793
10.219341551899797,9.308659806124249,-9.877939934266763
10.240740982024223,9.327167825059648,-9.897927087704256
10.262143274555285,9.345672722826738,-9.917914188508991
10.283548429379177,9.36417449900806,-9.937901236574687
10.304956446382077,9.38267315318618,-9.957888231795058
10.326367325450144,9.401168684943677,-9.977875174063826
10.347781066469526,9.419661093863146,-9.997862063274706
10.369197669326354,9.438150379527201,-10.017848899321418
10.390617133906744,9.45663654151847,-10.037835682097683
10.412039460096796,9.475119579419598,-10.057822411497217
10.433464647782598,9.493599492813248,-10.07780908741374
10.45489269685022,9.512076281282098,-10.097795709740973
10.476323607185712,9.530549944408843,-10.117782278372635
10.49775737867512,9.549020481776196,-10.137768793202447
10.519194011204466,9.567487892966886,-10.157755254124131
10.54063350465976,9.585952177563657,-10.177741661031407
10.562075858926999,9.604413335149273,-10.197728013817994
10.58352107389216,9.62287136530651,-10.217714312377616
10.604969149441207,9.641326267618167,-10.237700556603995
10.626420085460087,9.659778041667051,-10.257686746390851
10.647873881834736,9.678226687035997,-10.277672881631908
10.669330538451069,9.696672203307845,-10.297658962220886
10.690790055194993,9.715114590065456,-10.317644988051512
10.712252431952395,9.733553846891711,-10.337630959017506
10.733717668609147,9.751989973369504,-10.357616875012592
10.755185765051106,9.770422969081748,-10.377602735930495
10.776656721164114,9.78885283361137,-10.397588541664938
10.798130536834,9.807279566541316,-10.417574292109647
10.819607211946574,9.825703167454547,-10.437559987158346
10.841086746387633,9.844123635934041,-10.45754562670476
10.862569140042957,9.862540971562794,-10.477531210642615
10.884054392798316,9.880955173923816,-10.497516738865635
10.905542504539458,9.899366242600136,-10.517502211267546
10.927033475152118,9.917774177174799,-10.537487627742076
10.94852730452202,9.936178977230867,-10.557472988182948
10.970023992534868,9.954580642351418,-10.577458292483893
10.991523539076352,9.972979172119548,-10.597443540538634
11.013025944032146,9.991374566118367,-10.617428732240903
11.034531207287909,10.009766823931004,-10.637413867484424
11.05603932872929,10.028155945140604,-10.657398946162926
11.077550308241914,10.046541929330328,-10.677383968170139
11.099064145711399,10.064924776083355,-10.697368933399787
11.12058084102334,10.083304484982879,-10.717353841745602
11.142100394063322,10.101681055612113,-10.737338693101314
11.163622804716915,10.120054487554286,-10.757323487360651
11.185148072869673,10.13842478039264,-10.777308224417343
11.20667619840713,10.156791933710439,-10.797292904165122
11.228207181214813,10.175155947090962,-10.817277526497715
11.249741021178231,10.193516820117503,-10.837262091308856
11.271277718182873,10.211874552373375,-10.857246598492274
11.292817272114217,10.230229143441905,-10.8772310479417
11.314359682857727,10.248580592906439,-10.897215439550866
11.33590495029885,10.266928900350338,-10.917199773213506
11.357453074323017,10.285274065356983,-10.93718404882335
11.379004054815644,10.303616087509766,-10.95716826627413
11.400557891662134,10.321954966392102,-10.977152425459579
11.422114584747872,10.34029070158742,-10.997136526273431
11.44367413395823,10.358623292679164,-11.017120568609421
11.465236539178566,10.376952739250797,-11.037104552361281
11.486801800294216,10.395279040885796,-11.057088477422747
11.50836991719051,10.413602197167661,-11.07707234368755
11.529940889752757,10.4319222076799,-11.097056151049427
11.551514717866251,10.450239072006044,-11.117039899402114
11.573091401416272,10.468552789729637,-11.137023588639344
11.594670940288086,10.486863360434244,-11.157007218654853
11.616253334366942,10.505170783703445,-11.176990789342376
11.637838583538073,10.523475059120834,-11.196974300595652
11.659426687686702,10.541776186270024,-11.216957752308417
11.68101764669803,10.560074164734646,-11.23694114437441
11.702611460457248,10.578368994098346,-11.256924476687363
11.72420812884953,10.596660673944786,-11.276907749141017
11.74580765176003,10.614949203857647,-11.296890961629108
11.767410029073897,10.633234583420624,-11.316874114045376
11.789015260676257,10.65151681221743,-11.33685720628356
11.810623346452221,10.669795889831798,-11.356840238237394
11.832234286286889,10.688071815847472,-11.376823209800623
11.853848080065342,10.706344589848216,-11.396806120866984
11.87546472767265,10.724614211417812,-11.416788971330217
11.897084228993865,10.742880680140054,-11.436771761084062
11.918706583914023,10.76114399559876,-11.456754490022261
11.940331792318146,10.779404157377757,-11.476737158038551
11.96195985409124,10.797661165060893,-11.496719765026677
11.9835907691183,10.815915018232033,-11.516702310880378
12.005224537284299,10.83416571647506,-11.536684795493397
12.0268611584742,10.852413259373867,-11.556667218759475
12.048500632572946,10.870657646512374,-11.576649580572356
12.070142959465471,10.888898877474508,-11.59663188082578
12.091788139036693,10.907136951844219,-11.616614119413494
12.113436171171507,10.925371869205472,-11.63659629622924
12.135087055754802,10.943603629142247,-11.656578411166759
12.156740792671446,10.961832231238542,-11.676560464119797
12.178397381806297,10.980057675078376,-11.696542454982099
12.200056823044195,10.998279960245776,-11.716524383647409
12.221719116269961,11.016499086324796,-11.736506250009471
12.243384261368409,11.034715052899497,-11.756488053962032
12.26505225822433,11.052927859553964,-11.776469795398837
12.286723106722505,11.071137505872295,-11.796451474213633
12.308396806747698,11.089343991438607,-11.816433090300166
12.330073358184658,11.107547315837033,-11.83641464355218
12.351752760918117,11.125747478651721,-11.856396133863425
12.373435014832795,11.143944479466839,-11.876377561127649
12.395120119813395,11.16213831786657,-11.896358925238596
12.416808075744607,11.180328993435113,-11.916340226090016
12.438498882511102,11.198516505756686,-11.93632146357566
12.46019253999754,11.216700854415523,-11.956302637589271
12.481889048088561,11.234882038995874,-11.976283748024603
12.503588406668795,11.253060059082005,-11.996264794775403
12.525290615622854,11.271234914258201,-12.01624577773542
12.546995674835335,11.289406604108764,-12.036226696798408
12.56870358419082,11.307575128218012,-12.056207551858115
12.590414343573876,11.325740486170279,-12.07618834280829
12.612127952869056,11.343902677549915,-12.096169069542688
12.633844411960895,11.36206170194129,-12.116149731955055
12.655563720733916,11.38021755892879,-12.136130329939146
12.677285879072626,11.398370248096816,-12.156110863388713
12.699010886861513,11.416519769029787,-12.17609133219751
12.720738743985056,11.434666121312139,-12.196071736259288
12.742469450327714,11.452809304528323,-12.2160520754678
12.764203005773934,11.47094931826281,-12.2360323497168
12.78593941020815,11.489086162100088,-12.25601255890004
12.807678663514771,11.507219835624658,-12.275992702911275
12.829420765578202,11.52535033842104,-12.295972781644261
12.851165716282827,11.54347767007377,-12.315952794992754
12.872913515513016,11.561601830167403,-12.335932742850506
12.894664163153124,11.579722818286507,-12.355912625111275
12.91641765908749,11.597840634015673,-12.375892441668814
12.938174003200437,11.615955276939506,-12.395872192416881
12.959933195376278,11.634066746642622,-12.415851877249233
12.981695235499306,11.652175042709665,-12.435831496059627
13.0034601234538,11.670280164725286,-12.45581104874182
13.025227859124024,11.688382112274159,-12.475790535189569
13.046998442394228,11.70648088494097,-12.495769955296632
13.068771873148645,11.724576482310427,-12.515749308956769
13.090548151271491,11.742668903967251,-12.535728596063736
13.112327276646974,11.760758149496183,-12.555707816511296
13.13410924915928,11.77884421848198,-12.575686970193203
13.155894068692582,11.796927110509413,-12.595666057003221
13.177681735131038,11.815006825163271,-12.61564507683511
13.199472248358793,11.833083362028365,-12.635624029582628
13.221265608259973,11.851156720689517,-12.655602915139538
13.24306181471869,11.869226900731565,-12.6755817333996
13.264860867619042,11.887293901739369,-12.695560484256577
13.286662766845112,11.905357723297803,-12.715539167604229
13.308467512280966,11.923418364991758,-12.735517783336322
13.330275103810658,11.941475826406144,-12.755496331346615
13.352085541318223,11.959530107125886,-12.77547481152887
13.373898824687684,11.977581206735925,-12.795453223776853
13.395714953803047,11.995629124821221,-12.815431567984328
13.417533928548304,12.01367386096675,-12.835409844045058
13.439355748807431,12.031715414757503,-12.855388051852806
13.46118041446439,12.049753785778492,-12.875366191301339
13.483007925403127,12.067788973614743,-12.895344262284421
13.504838281507572,12.0858209778513,-12.91532226469582
13.526671482661643,12.103849798073226,-12.9353001984293
13.54850752874924,12.121875433865593,-12.955278063378627
13.570346419654248,12.1398978848135,-12.975255859437567
13.592188155260537,12.157917150502056,-12.99523358649989
13.614032735451964,12.175933230516392,-13.015211244459358
13.635880160112368,12.193946124441652,-13.035188833209745
13.657730429125575,12.211955831862996,-13.055166352644815
13.679583542375395,12.229962352365606,-13.075143802658337
13.701439499745623,12.247965685534677,-13.09512118314408
13.723298301120037,12.265965830955421,-13.115098493995815
13.745159946382405,12.28396278821307,-13.135075735107309
13.767024435416472,12.301956556892872,-13.155052906372333
13.788891768105975,12.319947136580089,-13.175030007684658
13.810761944334635,12.33793452686,-13.195007038938053
13.832634963986154,12.355918727317906,-13.214984000026291
13.854510826944221,12.373899737539123,-13.234960890843142
13.87638953309251,12.391877557108979,-13.254937711282379
13.89827108231468,12.409852185612825,-13.274914461237774
13.920155474494376,12.427823622636026,-13.294891140603099
13.942042709515224,12.445791867763965,-13.314867749272127
13.96393278726084,12.463756920582043,-13.33484428713863
13.98582570761482,12.481718780675672,-13.354820754096384
14.00772147046075,12.49967744763029,-13.374797150039162
14.029620075682196,12.517632921031346,-13.39477347486074
14.05152152316271,12.53558520046431,-13.414749728454892
14.073425812785834,12.553534285514663,-13.43472591071539
14.095332944435087,12.57148017576791,-13.454702021536013
14.117242917993977,12.589422870809567,-13.474678060810536
14.139155733345998,12.60736237022517,-13.494654028432736
14.161071390374627,12.625298673600271,-13.514629924296388
14.182989888963325,12.643231780520441,-13.534605748295272
14.204911228995542,12.661161690571266,-13.554581500323163
14.226835410354708,12.67908840333835,-13.574557180273839
14.24876243292424,12.697011918407311,-13.59453278804108
14.27069229658754,12.71493223536379,-13.614508323518665
14.292625001227995,12.732849353793439,-13.634483786600372
14.314560546728975,12.750763273281931,-13.654459177179978
14.33649893297384,12.768673993414955,-13.674434495151266
14.358440159845928,12.786581513778215,-13.694409740408013
14.38038422722857,12.804485833957434,-13.714384912844002
14.402331135005072,12.822386953538352,-13.734360012353013
14.424280883058735,12.840284872106725,-13.75433503882883
14.446233471272835,12.858179589248328,-13.77430999216523
14.468188899530642,12.876071104548949,-13.794284872256
14.490147167715405,12.893959417594399,-13.81425967899492
14.512108275710359,12.9118445279705,-13.834234412275773
14.534072223398727,12.929726435263095,-13.85420907199234
14.556039010663714,12.947605139058043,-13.874183658038408
14.578008637388507,12.96548063894122,-13.894158170307762
14.599981103456285,12.983352934498518,-13.914132608694183
14.621956408750206,13.001222025315847,-13.934106973091458
14.643934553153418,13.019087910979135,-13.954081263393372
14.665915536549049,13.036950591074325,-13.974055479493709
14.687899358820214,13.054810065187377,-13.994029621286257
14.709886019850014,13.072666332904271,-14.014003688664802
14.731875519521532,13.090519393811002,-14.03397768152313
14.75386785771784,13.108369247493581,-14.053951599755028
14.77586303432199,13.126215893538037,-14.073925443254286
14.797861049217023,13.144059331530418,-14.093899211914689
14.819861902285961,13.161899561056787,-14.113872905630028
14.841865593411816,13.179736581703223,-14.133846524294091
14.86387212247758,13.197570393055823,-14.153820067800666
14.885881489366236,13.215400994700705,-14.173793536043544
14.907893693960744,13.233228386223995,-14.193766928916512
14.929908736144055,13.251052567211847,-14.213740246313364
14.951926615799103,13.268873537250425,-14.23371348812789
14.973947332808805,13.286691295925912,-14.25368665425388
14.995970887056068,13.304505842824508,-14.273659744585128
15.017997278423776,13.322317177532428,-14.293632759015424
15.040026506794804,13.340125299635908,-14.313605697438561
15.062058572052013,13.357930208721198,-14.33357855974833
15.084093474078243,13.375731904374568,-14.353551345838529
15.106131212756322,13.393530386182302,-14.373524055602948
15.128171787969068,13.411325653730703,-14.39349668893538
15.150215199599275,13.429117706606089,-14.413469245729623
15.172261447529726,13.446906544394798,-14.433441725879469
15.19431053164319,13.464692166683182,-14.453414129278714
15.216362451822418,13.482474573057615,-14.473386455821155
15.238417207950151,13.500253763104482,-14.493358705400587
15.260474799909112,13.518029736410188,-14.513330877910805
15.282535227582004,13.535802492561157,-14.53330297324561
15.304598490851522,13.553572031143826,-14.553274991298794
15.326664589600343,13.571338351744656,-14.573246931964158
15.348733523711129,13.589101453950114,-14.5932187951355
15.37080529306653,13.606861337346695,-14.61319058070662
15.392879897549175,13.624618001520906,-14.633162288571313
15.414957337041683,13.64237144605927,-14.653133918623382
15.437037611426655,13.66012167054833,-14.673105470756624
15.459120720586679,13.677868674574643,-14.69307694486484
15.481206664404326,13.695612457724788,-14.713048340841832
15.503295442762152,13.713353019585359,-14.7330196585814
15.5253870555427,13.731090359742964,-14.752990897977346
15.547481502628496,13.74882447778423,-14.772962058923472
15.569578783902053,13.766555373295805,-14.79293314131358
15.591678899245865,13.784283045864347,-14.812904145041472
15.613781848542416,13.802007495076538,-14.83287507000095
15.635887631674171,13.81972872051907,-14.852845916085819
15.657996248523581,13.83744672177866,-14.872816683189885
15.680107698973083,13.855161498442037,-14.892787371206948
15.702221982905098,13.872873050095949,-14.912757980030817
15.724339100202032,13.89058137632716,-14.932728509555295
15.746459050746278,13.908286476722454,-14.952698959674187
15.768581834420209,13.925988350868625,-14.9726693302813
15.790707451106186,13.943686998352494,-14.992639621270442
15.812835900686558,13.961382418760891,-15.012609832535418
15.834967183043654,13.97907461168067,-15.032579963970035
15.857101298059787,13.996763576698696,-15.052550015468102
15.87923824561726,14.014449313401853,-15.072519986923426
15.90137802559836,14.032131821377044,-15.092489878229818
15.923520637885357,14.049811100211189,-15.112459689281085
15.945666082360503,14.067487149491225,-15.132429419971038
15.967814358906042,14.085159968804103,-15.152399070193484
15.989965467404199,14.102829557736793,-15.172368639842235
16.012119407737185,14.120495915876285,-15.192338128811102
16.03427617978719,14.138159042809585,-15.212307536993896
16.056435783436402,14.155818938123714,-15.232276864284428
16.07859821856698,14.17347560140571,-15.252246110576511
16.100763485061076,14.191129032242632,-15.272215275763958
16.122931582800827,14.20877923022155,-15.292184359740581
16.14510251166835,14.226426194929559,-15.312153362400194
16.167276271545756,14.244069925953763,-15.332122283636608
16.18945286231513,14.261710422881292,-15.352091123343639
16.211632283858542,14.279347685299284,-15.372059881415101
16.233814536058055,14.296981712794901,-15.392028557744812
16.255999618795716,14.31461250495532,-15.411997152226585
16.278187531953556,14.332240061367735,-15.431965664754236
16.30037827541359,14.349864381619355,-15.451934095221581
16.32257184905781,14.367485465297412,-15.471902443522438
16.34476825276821,14.38510331198915,-15.491870709550623
16.366967486426752,14.40271792128183,-15.511838893199956
16.38916954991539,14.420329292762736,-15.531806994364253
16.41137444311607,14.437937426019163,-15.551775012937332
16.433582165910714,14.455542320638427,-15.571742948813013
16.45579271818123,14.47314397620786,-15.591710801885117
16.47800609980951,14.490742392314809,-15.611678572047461
16.500222310677433,14.50833756854664,-15.631646259193866
16.522441350666867,14.525929504490739,-15.651613863218154
16.544663219659665,14.543518199734505,-15.671581384014146
16.566887917537652,14.561103653865356,-15.691548821475665
16.58911544418265,14.578685866470728,-15.71151617549653
16.611345799476464,14.596264837138072,-15.731483445970566
16.633578983300886,14.613840565454861,-15.751450632791595
16.655814995537682,14.631413051008579,-15.77141773585344
16.678053836068617,14.64898229338673,-15.791384755049924
16.700295504775433,14.666548292176838,-15.811351690274872
16.72254000153986,14.68411104696644,-15.831318541422108
16.744787326243607,14.701670557343089,-15.85128530838546
16.767037478768376,14.719226822894363,-15.871251991058752
16.78929045899585,14.736779843207849,-15.891218589335809
16.811546266807703,14.754329617871155,-15.911185103110459
16.833804902085582,14.771876146471909,-15.931151532276528
16.856066364711126,14.78941942859775,-15.951117876727844
16.878330654565957,14.806959463836339,-15.971084136358236
16.90059777153169,14.824496251775352,-15.991050311061532
16.922867715489915,14.842029792002482,-16.01101640073156
16.945140486322206,14.859560084105441,-16.030982405262147
16.967416083910134,14.877087127671958,-16.05094832454713
16.98969450813524,14.894610922289779,-16.070914158480328
17.011975758879064,14.912131467546667,-16.090879906955582
17.03425983602312,14.929648763030402,-16.11084556986672
17.056546739448912,14.94716280832878,-16.13081114710757
17.078836469037928,14.96467360302962,-16.150776638571966
17.101129024671643,14.982181146720752,-16.17074204415374
17.123424406231514,14.999685438990024,-16.19070736374673
17.145722613598984,15.017186479425305,-16.21067259724476
17.16802364665548,15.034684267614479,-16.230637744541667
17.19032750528242,15.052178803145443,-16.25060280553129
17.212634189361193,15.069670085606122,-16.270567780107463
17.23494369877319,15.087158114584447,-16.29053266816402
17.257256033399774,15.104642889668375,-16.31049746959479
17.2795711931223,15.122124410445874,-16.330462184293616
17.301889177822108,15.139602676504934,-16.350426812154335
17.324209987380517,15.157077687433556,-16.37039135307078
17.34653362167884,15.174549442819767,-16.390355806936793
17.368860080598367,15.192017942251606,-16.41032017364621
17.391189364020374,15.20948318531713,-16.430284453092867
17.413521471826126,15.22694517160441,-16.450248645170603
17.43585640389687,15.24440390070154,-16.470212749773264
17.45819416011384,15.26185937219663,-16.490176766794686
17.480534740358255,15.279311585677807,-16.51014069612871
17.502878144511314,15.296760540733212,-16.53010453766917
17.525224372454204,15.314206236951007,-16.550068291309916
17.5475734240681,15.331648673919371,-16.570031956944785
17.56992529923416,15.349087851226502,-16.58999553446762
17.59227999783353,15.366523768460608,-16.60995902377226
17.614637519747333,15.383956425209922,-16.629922424752554
17.636997864856685,15.401385821062693,-16.649885737302345
17.65936103304268,15.418811955607184,-16.669848961315473
17.681727024186397,15.436234828431678,-16.689812096685788
17.70409583816891,15.453654439124476,-16.709775143307127
17.726467474871274,15.471070787273893,-16.72973810107334
17.74884193417452,15.488483872468263,-16.749700969878276
17.771219215959675,15.50589369429594,-16.769663749615777
17.793599320107745,15.523300252345292,-16.789626440179692
17.815982246499726,15.540703546204707,-16.809589041463866
17.83836799501659,15.558103575462585,-16.82955155336215
17.860756565539305,15.57550033970735,-16.849513975768392
17.88314795794881,15.592893838527441,-16.869476308576438
17.90554217212605,15.610284071511314,-16.88943855168014
17.927939207951933,15.62767103824744,-16.909400704973343
17.950339065307368,15.645054738324312,-16.929362768349904
17.972741744073236,15.662435171330436,-16.94932474170367
17.99514724413041,15.679812336854338,-16.96928662492849
18.017555565359753,15.697186234484562,-16.989248417918223
18.039966707642105,15.714556863809667,-17.009210120566713
18.062380670858293,15.731924224418231,-17.029171732767818
18.084797454889127,15.749288315898848,-17.049133254415384
18.107217059615408,15.766649137840131,-17.06909468540327
18.12963948491792,15.784006689830711,-17.089056025625332
18.152064730677424,15.801360971459234,-17.10901727497542
18.17449279677468,15.818711982314364,-17.128978433347392
18.19692368309042,15.836059721984784,-17.1489395006351
18.219357389505372,15.85340419005919,-17.168900476732404
18.24179391590024,15.870745386126304,-17.18886136153316
18.264233262155713,15.888083309774855,-17.208822154931223
18.286675428152474,15.905417960593596,-17.228782856820448
18.30912041377119,15.922749338171295,-17.248743467094698
18.3315682188925,15.940077442096742,-17.26870398564783
18.35401884339704,15.957402271958737,-17.2886644123737
18.376472287165427,15.974723827346102,-17.308624747166167
18.398928550078264,15.992042107847677,-17.328584989919097
18.421387632016135,16.009357113052317,-17.348545140526348
18.443849532859616,16.026668842548894,-17.368505198881778
18.46631425248927,16.0439772959263,-17.38846516487925
18.488781790785627,16.061282472773442,-17.408425038412627
18.511252147629225,16.07858437267925,-17.42838481937577
18.533725322900576,16.095882995232657,-17.44834450766254
18.556201316480173,16.113178340022635,-17.4683041031668
18.578680128248504,16.130470406638157,-17.488263605782418
18.60116175808603,16.147759194668215,-17.508223015403257
18.623646205873207,16.165044703701827,-17.52818233192318
18.646133471490472,16.18232693332802,-17.54814155523605
18.668623554818254,16.199605883135845,-17.568100685235738
18.691116455736953,16.216881552714362,-17.58805972181611
18.713612174126965,16.234153941652657,-17.60801866487103
18.736110709868665,16.251423049539827,-17.62797751429436
18.75861206284242,16.26868887596499,-17.64793626997998
18.781116232928575,16.285951420517286,-17.667894931821753
18.803623220007466,16.303210682785863,-17.687853499713544
18.826133023959407,16.32046666235989,-17.707811973549227
18.8486456446647,16.337719358828558,-17.72777035322267
18.87116108200364,16.354968771781067,-17.74772863862774
18.893679335856493,16.37221490080664,-17.767686829658317
18.91620040610352,16.389457745494518,-17.787644926208262
18.938724292624965,16.40669730543396,-17.807602928171452
18.961250995301054,16.423933580214232,-17.82756083544176
18.983780514012,16.441166569424638,-17.847518647913052
19.006312848638004,16.45839627265448,-17.86747636547921
19.02884799905924,16.475622689493086,-17.887433988034104
19.051385965155887,16.4928458195298,-17.907391515471605
19.073926746808095,16.510065662353988,-17.92734894768559
19.096470343895998,16.527282217555026,-17.947306284569937
19.11901675629972,16.54449548472231,-17.96726352601852
19.141565983899376,16.561705463445257,-17.987220671925215
19.164118026575053,16.578912153313293,-18.0071777221839
19.186672884206832,16.596115553915872,-18.02713467668845
19.209230556674775,16.61331566484246,-18.047091535332747
19.23179104385893,16.630512485682544,-18.067048298010665
19.254354345639335,16.64770601602562,-18.087004964616085
19.276920461896005,16.664896255461212,-18.106961535042885
19.299489392508942,16.682083203578856,-18.126918009184944
19.322061137358133,16.699266859968105,-18.146874386936144
19.344635696323554,16.71644722421853,-18.166830668190368
19.367213069285167,16.73362429591972,-18.186786852841493
19.38979325612291,16.750798074661287,-18.206742940783407
19.412376256716716,16.76796856003285,-18.226698931909986
19.434962070946497,16.785135751624047,-18.246654826115115
19.45755069869215,16.802299649024548,-18.26661062329268
19.48014213983356,16.819460251824022,-18.286566323336565
19.502736394250597,16.83661755961217,-18.30652192614065
19.525333461823113,16.853771571978694,-18.326477431598825
19.547933342430948,16.87092228851333,-18.346432839604972
19.57053603595393,16.888069708805826,-18.366388150052977
19.59314154227186,16.905213832445945,-18.386343362836726
19.615749861264533,16.92235465902347,-18.40629847785011
19.63836099281173,16.9394921881282,-18.426253494987012
19.66097493679322,16.956626419349945,-18.446208414141324
19.683591693088747,16.97375735227855,-18.46616323520693
19.706211261578048,16.990884986503865,-18.486117958077728
19.728833642140838,17.008009321615756,-18.506072582647597
19.751458834656823,17.02513035720411,-18.526027108810435
19.774086839005694,17.04224809285883,-18.54598153646013
19.796717655067123,17.059362528169842,-18.565935865490573
19.81935128272077,17.07647366272709,-18.585890095795655
19.84198772184628,17.093581496120525,-18.60584422726927
19.864626972323283,17.110686027940123,-18.62579825980531
19.887269034031394,17.12778725777588,-18.64575219329767
19.909913906850214,17.144885185217802,-18.66570602764024
19.932561590659326,17.161979809855918,-18.68565976272692
19.955212085338296,17.179071131280274,-18.7056133984516
19.977865390766684,17.19615914908093,-18.725566934708176
20.00052150682403,17.21324386284797,-18.745520371390548
20.023180433389854,17.23032527217149,-18.76547370839261
20.04584217034367,17.247403376641607,-18.785426945608254
20.06850671756497,17.264478175848453,-18.805380082931386
20.091174074933235,17.281549669382176,-18.825333120255898
20.113844242327932,17.298617856832948,-18.845286057475693
20.13651721962851,17.315682737790954,-18.86523889448467
20.159193006714403,17.332744311846398,-18.885191631176724
20.181871603465034,17.349802578589497,-18.90514426744576
20.204553009759806,17.366857537610493,-18.925096803185678
20.227237225478113,17.38390918849964,-18.945049238290377
20.249924250499326,17.400957530847215,-18.96500157265376
20.272614084702806,17.418002564243505,-18.984953806169734
20.2953067279679,17.43504428827882,-19.004905938732193
20.318002180173945,17.452082702543493,-19.024857970235047
20.340700441200248,17.46911780662786,-19.044809900572197
20.36340151092611,17.486149600122285,-19.06476172963755
20.38610538923082,17.50317808261715,-19.084713457325005
20.408812075993648,17.52020325370285,-19.104665083528477
20.43152157109385,17.537225112969796,-19.124616608141867
20.454233874410665,17.554243660008424,-19.14456803105908
20.476948985823324,17.571258894409187,-19.16451935217403
20.499666905211033,17.58827081576255,-19.184470571380615
20.52238763245299,17.605279423658992,-19.204421688572747
20.545111167428377,17.622284717689023,-19.22437270364434
20.56783751001636,17.63928669744316,-19.2443236164893
20.59056666009609,17.656285362511944,-19.264274427001535
20.613298617546707,17.673280712485926,-19.28422513507496
20.636033382247327,17.690272746955678,-19.30417574060348
20.65877095407706,17.70726146551179,-19.32412624348101
20.681511332914997,17.724246867744878,-19.344076643601465
20.704254518640216,17.741228953245564,-19.364026940858754
20.727000511131777,17.758207721604492,-19.38397713514679
20.74974931026873,17.775183172412323,-19.40392722635949
20.7725009159301,17.792155305259737,-19.423877214390764
20.79525532799491,17.809124119737426,-19.443827099134527
20.81801254634216,17.826089615436107,-19.463776880484698
20.84077257085084,17.84305179194651,-19.483726558335192
20.863535401399922,17.86001064885939,-19.503676132579923
20.88630103786836,17.87696618576551,-19.523625603112812
20.909069480135102,17.893918402255657,-19.543574969827773
20.93184072807907,17.910867297920632,-19.563524232618725
20.95461478157918,17.927812872351254,-19.583473391379588
20.977391640514327,17.944755125138364,-19.60342244600428
21.0001713047634,17.961694055872815,-19.623371396386723
21.022953774205256,17.97862966414548,-19.643320242420835
21.045739048718758,17.995561949547252,-19.66326898400054
21.06852712818274,18.012490911669037,-19.68321762101975
21.091318012476027,18.02941655010176,-19.703166153372397
21.114111701477423,18.046338864436372,-19.7231145809524
21.136908195065725,18.063257854263824,-19.74306290365369
21.159707493119708,18.0801735191751,-19.76301112137018
21.18250959551814,18.0970858587612,-19.782959233995797
21.205314502139768,18.113994872613137,-19.802907241424467
21.228122212863326,18.13090056032194,-19.822855143550115
21.25093272756753,18.147802921478657,-19.84280294026667
21.273746046131087,18.16470195567436,-19.862750631468053
21.296562168432686,18.181597662500135,-19.882698217048198
21.319381094350998,18.198490041547085,-19.902645696901025
21.342202823764687,18.215379092406327,-19.922593070920467
21.365027356552396,18.232264814669005,-19.942540339000452
21.38785469259275,18.24914720792627,-19.962487501034907