
-1.50817054450772,-1.728230561350141,-1.6426507476102012
-1.5284181528234653,-1.7080091285351537,-1.622651333524498
-1.5486628361494381,-1.687784742959163,-1.6026519108102595
-1.5689045943779865,-1.6675574050487667,-1.5826524795738333
-1.5891434274014735,-1.647327115230578,-1.5626530399215677
-1.609379335112278,-1.6270938739312255,-1.5426535919598106
-1.6296123174027948,-1.606857681577354,-1.5226541357949102
-1.6498423741654336,-1.586618538595624,-1.502654671533215
-1.6700695052926202,-1.566376445412711,-1.4826551992810728
-1.6902937106767957,-1.5461314024553068,-1.4626557191448322
-1.7105149902104166,-1.5258834101501186,-1.442656231230841
-1.7307333437859553,-1.5056324689238696,-1.4226567356454483
-1.7509487712958998,-1.4853785792032983,-1.402657232495002
-1.7711612726327532,-1.4651217414151592,-1.3826577218858505
-1.7913708476890347,-1.4448619559862221,-1.3626582039243424
-1.8115774963572786,-1.4245992233432732,-1.3426586787168264
-1.831781218530035,-1.4043335439131135,-1.3226591463696507
-1.8519820140998697,-1.3840649181225602,-1.302659606989164
-1.8721798829593639,-1.363793346398446,-1.282660060681715
-1.892374825001114,-1.3435188291676192,-1.2626605075536521
-1.9125668401177327,-1.323241366856944,-1.2426609477113244
-1.9327559282018476,-1.3029609598933,-1.2226613812610803
-1.9529420891461022,-1.2826776087035827,-1.2026618083092686
-1.9731253228431556,-1.2623913137147031,-1.1826622289622386
-1.9933056291856823,-1.2421020753535879,-1.1626626433263385
-2.0134830080663724,-1.221809894047179,-1.1426630515079177
-2.0336574593779315,-1.201514770222435,-1.1226634536133246
-2.0538289830130814,-1.181216704306329,-1.1026638497489083
-2.0739975788645584,-1.1609156967258507,-1.0826642400210178
-2.094163246825115,-1.140611747908005,-1.0626646245360023
-2.1143259867875193,-1.120304858279812,-1.0426650034002105
-2.1344857986445547,-1.0999950282683084,-1.0226653767199918
-2.1546426822890203,-1.0796822583005456,-1.0026657446016949
-2.1747966376137313,-1.0593665488035915,-0.9826661071516691
-2.1949476645115173,-1.039047900204529,-0.9626664644762637
-2.2150957628752246,-1.018726312930457,-0.9426668166818276
-2.2352409325977143,-0.9984017874084893,-0.9226671638747102
-2.2553831735718632,-0.9780743240657563,-0.9026675061612606
-2.2755224856905643,-0.9577439233294036,-0.8826678436478281
-2.2956588688467257,-0.9374105856265923,-0.8626681764407621
-2.315792322933271,-0.9170743113844994,-0.8426685046464117
-2.3359228478431393,-0.8967351010303171,-0.8226688283711264
-2.356050443469286,-0.8763929549912535,-0.8026691477212554
-2.376175109704681,-0.8560478736945325,-0.7826694628031482
-2.39629684644231,-0.8356998575673932,-0.7626697737231541
-2.4164156535751755,-0.8153489070370904,-0.7426700805876226
-2.436531530996294,-0.7949950225308948,-0.7226703835029031
-2.4566444785986983,-0.7746382044760924,-0.702670682575345
-2.476754496275437,-0.754278453299985,-0.6826709779112979
-2.4968615839195736,-0.7339157694298897,-0.6626712696171113
-2.516965741424188,-0.7135501532931395,-0.6426715577991347
-2.537066968682375,-0.6931816053170828,-0.6226718425637175
-2.5571652655872454,-0.6728101259290837,-0.6026721240172094
-2.5772606320319253,-0.6524357155565219,-0.58267240226596
-2.597353067909557,-0.6320583746267925,-0.5626726774163187
-2.6174425731132973,-0.6116781035673065,-0.5426729495746352
-2.6375291475363194,-0.5912949028054901,-0.5226732188472593
-2.657612791071812,-0.5709087727687855,-0.5026734853405406
-2.6776935036129785,-0.5505197138846502,-0.48267374916082856
-2.6977712850530398,-0.5301277265805573,-0.462674010414473
-2.7178461352852303,-0.5097328112839955,-0.4426742692078236
-2.7379180542028014,-0.48933496842246904,-0.42267452564722996
-2.7579870416990198,-0.4689341984234978,-0.4026747798390419
-2.7780530976671667,-0.4485305017146172,-0.38267503188960905
-2.7981162220005404,-0.42812387872337826,-0.3626752819052812
-2.818176414592454,-0.4077143298773474,-0.34267552999240813
-2.8382336753362365,-0.3873018556041068,-0.3226757762573395
-2.858288004125232,-0.36688645633125405,-0.30267602080642514
-2.878339400852801,-0.3464681324864024,-0.28267626374601484
-2.8983878654123187,-0.32604688449718056,-0.2626765051824583
-2.918433397697177,-0.3056227127912328,-0.24267674522210536
-2.9384759976007815,-0.28519561779621905,-0.2226769839713058
-2.958515665016556,-0.2647655999398147,-0.20267722153640944
-2.9785523998379375,-0.2443326596497106,-0.18267745802376606
-2.9985862019583798,-0.22389679735361326,-0.1626776935397255
-3.0186170712713523,-0.20345801347924472,-0.1426779281906376
-3.0386450076703393,-0.18301630845434252,-0.12267816208285215
-3.0586700110488416,-0.16257168270665973,-0.10267839532271898
-3.078692081300375,-0.14212413666396498,-0.08267862801658794
-3.0987112183184715,-0.1216736707540424,-0.06267886027080886
-3.118727421996678,-0.10122028540469165,-0.042679092191731584
-3.1387406922285566,-0.08076398104372795,-0.022679323885705944
-3.1587510289076866,-0.06030475809898199,-0.0026795554590817797
-3.1787584319276614,-0.03984261699830001,0.017320212981791063
-3.198762901182091,-0.019377558169543764,0.03731998133056274
-3.2187644365646007,0.0010904179594094753,0.05731974948088342
-3.238763037968831,0.021561310960666935,0.07731951732640324
-3.2587587052884373,0.04203512040632033,0.0973192847607724
-3.2787514384170926,0.06251184586844585,0.11731905167764103
-3.2987412372484846,0.08299148691910418,0.1373188179706593
-3.318728101676316,0.10347404313034055,0.15731858353347744
-3.3387120315943055,0.12395951407418461,0.17731834825974552
-3.358693026896188,0.14444789932265056,0.19731811204311378
-3.3786710874757135,0.1649391984477371,0.2173178747772324
-3.3986462132266473,0.18543341102142744,0.2373176363557516
-3.4186184040427703,0.20593053661568927,0.25731739667232145
-3.43858765981788,0.2264305748024748,0.2773171556205923
-3.458553980445788,0.2469335251537208,0.29731691309421426
-3.4785173658203226,0.26743938724134847,0.3173166689868376
-3.4984778158353276,0.28794816063726353,0.3373164231921125
-3.518435330384662,0.3084598449133563,0.3573161756036893
-3.538389909362201,0.32897443964150164,0.37731592611521814
-3.558341552661835,0.3494919443935588,0.3973156746203493
-3.5782902601774698,0.37001235874137167,0.417315421012733
-3.5982360318030273,0.3905356822567686,0.4373151651860196
-3.618178867432445,0.4110619145115625,0.45731490703385935
-3.6381187669596753,0.4315910550775508,0.4773146464499025
-3.658055730278687,0.4521231035265155,0.4973143833277995
-3.677989757283464,0.4726580594302231,0.5173141175612005
-3.6979208478680063,0.49319592236042464,0.537313849043756
-3.7178490019263295,0.5137366918888557,0.5573135776691163
-3.737774219352464,0.5342803675872365,0.5773133033309317
-3.7576965000404567,0.5548269490272717,0.5973130259228525
-3.77761584388437,0.5753764357806505,0.6173127453385294
-3.797532250778281,0.5959288274190465,0.6373124614716126
-3.817445720616284,0.6164841235141183,0.6573121742157526
-3.8373562532924876,0.6370423236375087,0.6773118834645999
-3.8572638487010162,0.6576034273608451,0.6973115891118049
-3.8771685067360107,0.6781674342557397,0.7173112910510181
-3.897070227291626,0.6987343438937887,0.73731098917589
-3.916969010262035,0.7193041558465737,0.7573106833800712
-3.9368648555414247,0.7398768696856601,0.7773103735572122
-3.956757763023997,0.7604524849825983,0.7973100596009636
-3.9766477326039706,0.7810310013089231,0.817309741404976
-3.9965347641755797,0.8016124182361539,0.8373094188629
-4.016418857633074,0.8221967353357946,0.8573090918683862
-4.0363000128707185,0.842783952179334,0.8773087603150854
-4.056178229782794,0.863374068338245,0.8973084240966481
-4.076053508263597,0.8839670833839856,0.9173080831067252
-4.0959258482074405,0.9045629968879978,0.9373077372389673
-4.1157952495086505,0.9251618084217088,0.9573073863870252
-4.135661712061572,0.94576351755653,0.9773070304445497
-4.155525235760565,0.9663681238638574,0.9973066693051917
-4.175385820500001,0.9869756269150718,1.0173063028626022
-4.195243466174272,1.0075860262815384,1.0373059310104316
-4.215098172677784,1.028199321534607,1.057305553642331
-4.2349499399049595,1.0488155122456124,1.0773051706519516
-4.254798767750234,1.0694345979858735,1.097304781932944
-4.274644656108061,1.0900565783266936,1.1173043873789594
-4.294487604872908,1.1106814528393614,1.137303986883649
-4.314327613939261,1.1313092210951496,1.1573035803406633
-4.334164683201617,1.1519398826653162,1.1773031676436538
-4.353998812554495,1.172573437121103,1.1973027486862717
-4.373830001892422,1.1932098840337364,1.2173023233621678
-4.3936582511099465,1.2138492229744282,1.2373018915649936
-4.413483560101631,1.2344914535143745,1.2573014531884001
-4.433305928762053,1.2551365752247556,1.2773010081260388
-4.453125356985806,1.2757845876767369,1.2973005562715607
-4.472941844667499,1.296435490441468,1.3173000975186175
-4.492755391701756,1.317089283090084,1.3372996317608603
-4.512565997983219,1.3377459651937034,1.3572991588919405
-4.532373663406544,1.35840553632343,1.3772986788055095
-4.552178387866402,1.3790679960503527,1.397298191395219
-4.571980171257479,1.3997333439455442,1.4172976965547204
-4.59177901347448,1.4204015795800622,1.437297194177665
-4.611574914412123,1.441072702524949,1.457296684157705
-4.631367873965142,1.4617467123512318,1.4772961663884916
-4.651157892028286,1.482423608629922,1.4972956407636766
-4.670944968496323,1.503103390932016,1.5172951071769116
-4.690729103264031,1.5237860588284944,1.5372945655218486
-4.710510296226209,1.5444716118903232,1.557294015692139
-4.730288547277669,1.5651600496884526,1.5772934575814352
-4.750063856313239,1.5858513717938172,1.5972928910833888
-4.769836223227762,1.606545577777337,1.6172923160916517
-4.789605647916099,1.6272426672099158,1.637291732499876
-4.809372130273124,1.6479426396624428,1.6572911402017136
-4.829135670193727,1.6686454947057916,1.6772905390908168
-4.848896267572815,1.6893512319108202,1.6972899290608374
-4.8686539223053105,1.7100598508483715,1.7172893100054278
-4.88840863428615,1.7307713510892733,1.7372886818182403
-4.908160403410288,1.7514857322043376,1.757288044392927
-4.927909229572693,1.7722029937643617,1.7772873976231403
-4.947655112668349,1.7929231353401271,1.7972867414025324
-4.967398052592256,1.8136461565024,1.817286075624756
-4.987138049239432,1.8343720568219315,1.8372854001834633
-5.006875102504906,1.8551008358694572,1.8572847149723068
-5.026609212283726,1.8758324932156976,1.8772840198849392
-5.046340378470956,1.8965670284313578,1.8972833148150132
-5.066068600961672,1.9173044410871274,1.9172825996561813
-5.08579387965097,1.938044730753681,1.9372818743020963
-5.105516214433958,1.9587878970016779,1.957281138646411
-5.125235605205765,1.9795339394017617,1.9772803925827784
-5.144952051861528,2.000282857524561,1.9972796360048513
-5.164665554296406,2.0210346509406896,2.017278868806282
-5.184376112405572,2.041789319220745,2.037278090880725
-5.204083726084212,2.06254686193531,2.0572773021218316
-5.223788395227531,2.083307278654952,2.0772765024232562
-5.243490119730747,2.1040705689502235,2.0972756916786515
-5.263188899489096,2.124836732391661,2.117274869781671
-5.28288473439783,2.145605768549786,2.1372740366259677
-5.302577624352214,2.1663776769951046,2.1572731921051953
-5.322267569247529,2.1871524572981085,2.1772723361130066
-5.341954568979074,2.207930109029274,2.197271468543055
-5.361638623442163,2.22871063175906,2.217270589288995
-5.381319732532123,2.249494025057913,2.2372696982444795
-5.400997896144301,2.2702802884962625,2.2572687953031623
-5.420673114174056,2.2910694216445235,2.277267880358697
-5.440345386516763,2.311861424073095,2.2972669533047383
-5.460014713067815,2.3326562953523613,2.317266014034939
-5.479681093722618,2.3534540350526916,2.3372650624429534
-5.4993445283765965,2.374254642744439,2.3572640984224353
-5.519005016925188,2.395058117997943,2.3772631218670393
-5.538662559263848,2.415864460383526,2.3972621326704187
-5.558317155288046,2.436673669471496,2.417261130726228
-5.577968804893267,2.457485744832146,2.4372601159281215
-5.597617507975013,2.478300686035753,2.457259088169754
-5.617263264428801,2.49911849265258,2.477258047344779
-5.636906074150163,2.5199391642528726,2.497256993346852
-5.656545937034648,2.5407627004068636,2.517255926069627
-5.676182852977818,2.561589100684769,2.5372548454067583
-5.695816821875255,2.5824183646567906,2.557253751251901
-5.715447843622553,2.6032504918931143,2.5772526434987095
-5.735075918115324,2.6240854819639106,2.597251522040839
-5.754701045249195,2.6449233344393357,2.6172503867719437
-5.774323224919807,2.6657640488895296,2.6372492375856793
-5.793942457022819,2.6866076248846174,2.6572480743757003
-5.813558741453904,2.7074540619947087,2.6772468970356624
-5.833172078108752,2.728303359789899,2.6972457054592205
-5.852782466883067,2.7491555178402676,2.71724449954003
-5.87238990767257,2.770010535715879,2.7372432791717456
-5.891994400372997,2.790868412986782,2.7572420442480237
-5.911595944880102,2.81172914922301,2.777240794662519
-5.931194541089651,2.8325927439945824,2.7972395303088873
-5.950790188897428,2.853459196871502,2.8172382510807843
-5.970382888199232,2.8743285074237583,2.837236956871866
-5.989972638890878,2.8952006752213237,2.857235647575788
-6.009559440868196,2.916075699834156,2.877234323086206
-6.029143294027032,2.9369535808321983,2.897232983296776
-6.0487241982632485,2.957834317785377,2.9172316281011543
-6.068302153472723,2.9787179102636063,2.937230257392997
-6.087877159551348,2.9996043578367817,2.9572288710659604
-6.1074492163950325,3.020493660074786,2.9772274690137004
-6.127018323899701,3.0413858165474856,2.997226051129874
-6.146584481961295,3.0622808268247326,3.017224617308137
-6.166147690475769,3.083178690476363,3.0372231674421464
-6.185707949339094,3.1040794070721986,3.0572217014255583
-6.205265258447259,3.124982976182045,3.07722021915203
-6.224819617696266,3.145889397375693,3.097218720515218
-6.244371026982133,3.166798670222919,3.1172172054087794
-6.263919486200895,3.187710794293483,3.137215673726371
-6.283464995248603,3.208625769157131,3.15721412536165
-6.303007554021322,3.229543594383593,3.1772125602082735
-6.322547162415133,3.2504642695425843,3.197210978159899
-6.342083820326133,3.2713877942038043,3.2172093791101832
-6.361617527650436,3.292314167936938,3.2372077629527842
-6.381148284284169,3.3132433903116554,3.257206129581359
-6.400676090123477,3.334175460897611,3.2772044788895656
-6.420200945064519,3.3551103792644437,3.2972028107710614
-6.439722849003472,3.376048144981778,3.317201125119505
-6.459241801836526,3.3969887576192237,3.337199421828553
-6.478757803459887,3.4179322167463737,3.357197700791864
-6.498270853769779,3.438878521932807,3.3771959619030962
-6.517780952662441,3.4598276727480877,3.3971942050559076
-6.537288100034126,3.4807796687617643,3.4171924301439565
-6.556792295781104,3.5017345095433696,3.4371906370609016
-6.576293539799661,3.522692194662423,3.457188825700401
-6.595791831986096,3.5436527236884268,3.4771869959561132
-6.615287172236728,3.564616096190869,3.4971851477216975
-6.634779560447889,3.585582311739223,3.5171832808908117
-6.654268996515927,3.606551369902946,3.5371813953571154
-6.673755480337205,3.6275232702514817,3.557179491014267
-6.693239011808102,3.6484980123542567,3.577177567755926
-6.712719590825016,3.6694755957806837,3.5971756254757516
-6.732197217284357,3.6904560201001604,3.617173664067403
-6.75167189108255,3.711439284882069,3.637171683424539
-6.771143612116039,3.732425389695776,3.6571696834408196
-6.7906123802812814,3.753414334110634,3.6771676640099042
-6.810078195474752,3.7744061176959804,3.6971656250254523
-6.829541057592939,3.7954007400211367,3.717163566381124
-6.849000966532349,3.816398200655409,3.737161487970579
-6.868457922189501,3.8373984991680894,3.757159389687477
-6.887911924460933,3.8584016351284545,3.777157271425479
-6.907362973243196,3.879407608105766,3.7971551330782436
-6.92681106843286,3.9004164176692697,3.817152974539433
-6.946256209926507,3.9214280633881975,3.8371507957027062
-6.965698397620738,3.9424425448317653,3.857148596461724
-6.985137631412166,3.963459861569174,3.8771463767101473
-7.004573911197424,3.9844800131696108,3.897144136341637
-7.024007236873157,4.005502999202245,3.9171418752498535
-7.043437608336027,4.026528819236234,3.9371395933284576
-7.062865025482713,4.047557472840719,3.957137290471111
-7.082289488209908,4.068588959584824,3.977134966571475
-7.101710996414322,4.089623279037661,3.99713262152321
-7.1211295499926806,4.110660430768325,4.0171302552199775
-7.140545148841723,4.131700414345897,4.03712786755544
-7.159957792858207,4.152743229339442,4.057125458423258
-7.179367481938904,4.17378887531801,4.077123027717094
-7.1987742159806025,4.194837351850638,4.097120575330609
-7.218177994880106,4.215888658506346,4.117118101157467
-7.237578818534234,4.236942794854139,4.137115605091328
-7.256976686839821,4.257999760463007,4.157113087025855
-7.276371599693719,4.2790595549019255,4.17711054685471
-7.295763556992793,4.300122177739855,4.197107984471555
-7.315152558633926,4.32118762854574,4.217105399770054
-7.334538604514016,4.342255906888512,4.237102792643867
-7.353921694529977,4.363327012337084,4.25710016298666
-7.373301828578739,4.384400944460358,4.277097510692094
-7.392679006557245,4.405477702827218,4.297094835653834
-7.412053228362456,4.426557287006534,4.31709213776554
-7.431424493891351,4.447639696567161,4.337089416920877
-7.450792803040919,4.468724931077939,4.35708667301351
-7.47015815570817,4.489812990107693,4.3770839059370985
-7.489520551790128,4.510903873225233,4.39708111558531
-7.508879991183831,4.531997579999354,4.417078301851807
-7.528236473786335,4.553094109998835,4.437075464630253
-7.547589999494711,4.574193462792441,4.457072603814312
-7.5669405682060455,4.595295637948922,4.477069719297648
-7.586288179817441,4.616400635037014,4.497066810973926
-7.6056328342260135,4.637508453625435,4.517063878736809
-7.624974531328899,4.658619093282892,4.537060922479963
-7.644313271023247,4.679732553578073,4.557057942097051
-7.663649053206222,4.700848834079653,4.577054937481741
-7.6829818777750045,4.721967934356292,4.597051908527694
-7.702311744626792,4.7430898539766355,4.617048855128578
-7.721638653658797,4.764214592509314,4.637045777178057
-7.740962604768248,4.78534214952294,4.657042674569795
-7.7602835978523865,4.806472524586114,4.6770395471974595
-7.779601632808475,4.8276057172674225,4.697036394954716
-7.7989167095337875,4.848741727135435,4.717033217735229
-7.818228827925615,4.869880553758705,4.737030015432665
-7.837537987881263,4.891022196705773,4.757026787940689
-7.856844189298056,4.912166655545164,4.777023535152969
-7.876147432073331,4.933313929845389,4.797020256963169
-7.895447716104443,4.954464019174942,4.8170169532649565
-7.9147450412887626,4.9756169231023035,4.837013623951998
-7.934039407523673,4.996772641195938,4.857010268917961
-7.953330814706576,5.017931173024296,4.87700688805651
-7.97261926273489,5.039092518155813,4.897003481261313
-7.991904751506045,5.060256676158908,4.917000048426038
-8.011187280917492,5.081423646601987,4.936996589444352
-8.030466850866693,5.102593429053441,4.9569931042099205
-8.04974346125113,5.123766023081645,4.976989592616413
-8.069017111968295,5.144941428254958,4.996986054557497
-8.088287802915703,5.166119644141727,5.016982489926839
-8.10755553399088,5.1873006703102815,5.036978898618108
-8.126820305091368,5.208484506328938,5.056975280524971
-8.146082116114725,5.229671151765997,5.0769716355410965
-8.165340966958528,5.250860606189743,5.096967963560153
-8.184596857520365,5.272052869168448,5.1169642644758095
-8.203849787697843,5.2932479402703665,5.136960538181734
-8.223099757388582,5.31444581906374,5.1569567845715945
-8.24234676649022,5.335646505116793,5.176953003539061
-8.26159081490041,5.35684999799774,5.196949194977802
-8.28083190251682,5.3780562972747745,5.216945358781487
-8.300070029237135,5.399265402516078,5.236941494843785
-8.319305194959057,5.420477313289817,5.2569376030583665
-8.3385373995803,5.441692029164143,5.2769336833189
-8.357766642998596,5.462909549707192,5.296929735519054
-8.376992925111693,5.484129874487086,5.3169257595525
-8.396216245817353,5.505353003071931,5.336921755312909
-8.415436605013355,5.526578935029819,5.356917722693951
-8.434654002597496,5.547807669928826,5.3769136615892945
-8.453868438467584,5.569039207337014,5.3969095718926114
-8.473079912521447,5.590273546822431,5.416905453497572
-8.492288424656925,5.611510687953109,5.436901306297847
-8.511493974771877,5.632750630297064,5.456897130187108
-8.530696562764177,5.653993373422299,5.476892925059025
-8.549896188531713,5.675238916896801,5.496888690807271
-8.569092851972389,5.696487260288543,5.516884427325516
-8.588286552984128,5.717738403165482,5.536880134507433
-8.607477291464866,5.738992345095561,5.556875812246693
-8.626665067312555,5.7602490856467075,5.5768714604369665
-8.645849880425162,5.781508624386834,5.596867078971927
-8.665031730700672,5.80277096088384,5.616862667745247
-8.684210618037083,5.824036094705607,5.636858226650599
-8.703386542332412,5.845304025420004,5.656853755581654
-8.722559503484689,5.866574752594886,5.676849254432086
-8.74172950139196,5.887848275798089,5.696844723095567
-8.76089653595229,5.909124594597438,5.716840161465771
-8.780060607063755,5.930403708560742,5.736835569436371
-8.79922171462445,5.9516856172557935,5.75683094690104
-8.818379858532484,5.972970320250373,5.776826293753452
-8.837535038685985,5.994257817112245,5.79682160988728
-8.85668725498309,6.015548107409157,5.816816895196197
-8.87583650732196,6.036841190708845,5.836812149573879
-8.894982795600766,6.058137066579029,5.856807372913999
-8.914126119717698,6.079435734587412,5.876802565110232
-8.933266479570959,6.100737194301687,5.896797726056252
-8.952403875058769,6.122041445289526,5.916792855645734
-8.971538306079363,6.143348487118591,5.9367879537723525
-8.990669772530994,6.164658319356527,5.956783020329783
-9.00979827431193,6.185970941570965,5.9767780552117
-9.028923811320453,6.207286353329521,5.996773058311778
-9.048046383454864,6.228604554199794,6.0167680295236945
-9.067165990613475,6.249925543749372,6.036762968741123
-9.086282632694617,6.271249321545826,6.056757875857742
-9.105396309596635,6.292575887156712,6.076752750767225
-9.124507021217894,6.313905240149571,6.09674759336325
-9.143614767456771,6.3352373800919315,6.116742403539492
-9.162719548211658,6.356572306551304,6.136737181189629
-9.181821363380966,6.377910019095188,6.156731926207336
-9.20092021286312,6.399250517291063,6.176726638486291
-9.220016096556558,6.420593800706397,6.19672131792017
-9.239109014359741,6.441939868908644,6.216715964402652
-9.258198966171138,6.463288721465242,6.236710577827413
-9.277285951889239,6.484640357943612,6.256705158088131
-9.296369971412547,6.505994777911165,6.276699705078483
-9.315451024639582,6.527351980935293,6.296694218692148
-9.33452911146888,6.548711966583374,6.316688698822803
-9.353604231798993,6.570074734422773,6.336683145364128
-9.372676385528486,6.591440284020839,6.3566775582098
-9.39174557255594,6.612808614944907,6.376671937253498
-9.410811792779958,6.634179726762295,6.3966662823889004
-9.429875046099152,6.655553619040309,6.416660593509687
-9.448935332412153,6.676930291346238,6.436654870509537
-9.467992651617607,6.698309743247358,6.456649113282129
-9.487047003614174,6.719691974310929,6.476643321721143
-9.506098388300533,6.741076984104197,6.496637495720259
-9.525146805575377,6.7624647721943925,6.516631635173157
-9.544192255337414,6.783855338148731,6.536625739973516
-9.563234737485372,6.805248681534415,6.556619810015017
-9.582274251917989,6.826644801918631,6.576613845191341
-9.601310798534021,6.848043698868549,6.596607845396168
-9.620344377232241,6.869445371951328,6.6166018105231785
-9.639374987911436,6.890849820734109,6.636595740466054
-9.65840263047041,6.91225704478402,6.6565896351184755
-9.677427304807983,6.933667043668175,6.676583494374124
-9.696449010822992,6.95507981695367,6.696577318126682
-9.715467748414284,6.976495364207588,6.71657110626983
-9.73448351748073,6.997913684996999,6.736564858697252
-9.753496317921208,7.019334778888956,6.756558575302629
-9.772506149634621,7.040758645450498,6.776552255979643
-9.79151301251988,7.062185284248649,6.796545900621977
-9.810516906475916,7.083614694850418,6.816539509123314
-9.829517831401677,7.105046876822801,6.836533081377335
-9.848515787196122,7.126481829732778,6.8565266172777255
-9.86751077375823,7.147919553147313,6.876520116718168
-9.886502790986993,7.169360046633357,6.896513579592345
-9.905491838781419,7.190803309757846,6.916507005793942
-9.924477917040536,7.212249342087701,6.936500395216642
-9.94346102566338,7.233698143189829,6.956493747754129
-9.962441164549011,7.2551497126311215,6.976487063300087
-9.9814183335965,7.276604049978454,6.9964803417482
-10.000392532704934,7.298061154798691,7.0164735829921545
-10.019363761773416,7.319521026658678,7.036466786925634
-10.038332020701066,7.340983665125249,7.056459953442324
-10.057297309387023,7.36244906976522,7.076453082435909
-10.076259627730433,7.383917240145397,7.096446173800075
-10.095218975630466,7.4053881758325675,7.116439227428508
-10.114175352986303,7.426861876393505,7.136432243214894
-10.133128759697144,7.448338341394969,7.156425221052918
-10.152079195662202,7.469817570403705,7.176418160836267
-10.171026660780708,7.491299562986441,7.196411062458628
-10.189971154951905,7.512784318709894,7.216403925813687
-10.208912678075059,7.534271837140762,7.23639675079513
-10.227851230049444,7.555762117845734,7.256389537296647
-10.246786810774354,7.577255160391479,7.2763822852119215
-10.2657194201491,7.598750964344653,7.296374994434643
-10.284649058073004,7.620249529271899,7.316367664858499
-10.303575724445407,7.6417508547398425,7.336360296377179
-10.322499419165668,7.663254940315097,7.356352888884368
-10.341420142133156,7.68476178556426,7.376345442273756
-10.360337893247262,7.706271390053914,7.396337956439032
-10.379252672407388,7.727783753350628,7.416330431273884
-10.398164479512953,7.749298875020956,7.4363228666720005
-10.417073314463394,7.7708167546314355,7.456315262527072
-10.435979177158162,7.792337391748592,7.476307618732787
-10.454882067496724,7.813860785938934,7.496299935182836
-10.473781985378563,7.835386936768958,7.516292211770907
-10.492678930703178,7.856915843805143,7.536284448390691
-10.511572903370084,7.878447506613956,7.556276644935878
-10.53046390327881,7.899981924761846,7.5762688013001585
-10.549351930328902,7.921519097815251,7.596260917377223
-10.56823698441992,7.943059025340593,7.616252993060763
-10.587119065451445,7.964601706904277,7.636245028244469
-10.60599817332307,7.9861471420726975,7.656237022822032
-10.624874307934403,8.007695330412231,7.676228976687144
-10.64374746918507,8.02924627148924,7.696220889733496
-10.662617656974714,8.050799964870077,7.7162127618547816
-10.681484871202986,8.07235641012107,7.736204592944691
-10.700349111769563,8.093915606808544,7.756196382896918
-10.719210378574134,8.115477554498801,7.776188131605155
-10.738068671516402,8.13704225275813,7.796179838963093
-10.756923990496087,8.158609701152807,7.816171504864427
-10.775776335412925,8.180179899249092,7.836163129202851
-10.794625706166665,8.201752846613232,7.8561547118720565
-10.813472102657078,8.22332854281146,7.8761462527657375
-10.832315524783947,8.24490698740999,7.896137751777588
-10.851155972447069,8.266488179975028,7.916129208801303
-10.86999344554626,8.288072120072757,7.936120623730576
-10.888827943981353,8.309658807269352,7.956111996459102
-10.90765946765219,8.331248241130972,7.976103326880575
-10.926488016458636,8.35284042122376,7.996094614888691
-10.945313590300568,8.374435347113845,8.016085860377146
-10.964136189077882,8.396033018367344,8.036077063239635
-10.982955812690488,8.417633434550355,8.05606822336985
-11.001772461038309,8.439236595228962,8.076059340661491
-11.020586134021288,8.460842499969239,8.096050415008254
-11.039396831539381,8.48245114833724,8.116041446303834
-11.058204553492564,8.504062539899008,8.136032434441928
-11.077009299780823,8.525676674220568,8.156023379316233
-11.095811070304164,8.547293550867934,8.176014280820446
-11.114609864962606,8.568913169407104,8.196005138848266
-11.13340568365619,8.590535529404061,8.215995953293387
-11.152198526284963,8.612160630424775,8.235986724049509
-11.170988392748995,8.633788472035198,8.25597745101033
-11.189775282948371,8.65541905380127,8.275968134069547
-11.20855919678319,8.677052375288916,8.295958773120862
-11.227340134153566,8.698688436064046,8.31594936805797
-11.246118094959632,8.720327235692558,8.33593991877457
-11.264893079101535,8.741968773740332,8.355930425164365
-11.283665086479436,8.763613049773236,8.37592088712105
-11.302434116993517,8.78526006335712,8.395911304538327
-11.321200170543971,8.806909814057821,8.415901677309895
-11.339963247031008,8.828562301441165,8.435892005329455
-11.358723346354857,8.85021752507296,8.455882288490704
-11.377480468415758,8.871875484518998,8.475872526687347
-11.39623461311397,8.89353617934506,8.495862719813083
-11.414985780349765,8.915199609116911,8.515852867761613
-11.433733970023434,8.9368657734003,8.535842970426637
-11.452479182035281,8.958534671760964,8.55583302770186
-11.47122141628563,8.980206303764623,8.575823039480982
-11.489960672674815,9.001880668976986,8.595813005657705
-11.508696951103193,9.023557766963743,8.615802926125731
-11.527430251471129,9.045237597290571,8.635792800778763
-11.54616057367901,9.066920159523136,8.655782629510503
-11.564887917627237,9.088605453227085,8.675772412214654
-11.583612283216224,9.110293477968053,8.69576214878492
-11.602333670346404,9.131984233311657,8.715751839115006
-11.621052078918225,9.153677718823504,8.735741483098613
-11.63976750883215,9.175373934069183,8.755731080629445
-11.65847995998866,9.197072878614273,8.775720631601208
-11.677189432288252,9.218774552024334,8.795710135907607
-11.695895925631435,9.240478953864912,8.815699593442345
-11.714599439918738,9.26218608370154,8.835689004099127
-11.733299975050704,9.283895941099736,8.855678367771658
-11.75199753092789,9.305608525625004,8.875667684353644
-11.770692107450872,9.327323836842831,8.895656953738792
-11.789383704520239,9.349041874318695,8.915646175820807
-11.8080723220366,9.370762637618054,8.935635350493396
-11.826757959900576,9.392486126306352,8.955624477650263
-11.845440618012804,9.414212339949021,8.975613557185117
-11.86412029627394,9.435941278111478,8.995602588991664
-11.882796994584654,9.457672940359124,9.015591572963611
-11.90147071284563,9.479407326257348,9.035580508994666
-11.92014145095757,9.501144435371524,9.05556939697854
-11.93880920882119,9.522884267267006,9.075558236808934
-11.957473986337225,9.544626821509143,9.095547028379562
-11.976135783406425,9.56637209766326,9.11553577158413
-11.994794599929554,9.588120095294675,9.135524466316346
-12.01345043580739,9.609870813968689,9.155513112469922
-12.032103290940734,9.631624253250587,9.175501709938567
-12.050753165230395,9.65338041270564,9.195490258615989
-12.069400058577203,9.675139291899107,9.215478758395896
-12.088043970882001,9.69690089039623,9.235467209172002
-12.10668490204565,9.718665207762239,9.255455610838016
-12.125322851969026,9.740432243562346,9.275443963287648
-12.14395782055302,9.762201997361748,9.29543226641461
-12.16258980769854,9.783974468725635,9.31542052011261
-12.18121881330651,9.805749657219174,9.335408724275363
-12.199844837277867,9.827527562407523,9.355396878796578
-12.218467879513568,9.849308183855822,9.375384983569969
-12.237087939914584,9.8710915211292,9.395373038489247
-12.255705018381901,9.892877573792768,9.415361043448124
-12.274319114816523,9.914666341411625,9.435348998340315
-12.292930229119467,9.936457823550855,9.45533690305953
-12.311538361191767,9.958252019775527,9.475324757499484
-12.330143510934475,9.980048929650694,9.495312561553892
-12.348745678248656,10.001848552741402,9.515300315116466
-12.367344863035393,10.023650888612671,9.535288018080921
-12.385941065195784,10.045455936829518,9.55527567034097
-12.404534284630941,10.067263696956935,9.575263271790329
-12.423124521241995,10.08907416855991,9.59525082232271
-12.441711774930091,10.110887351203408,9.615238321831828
-12.46029604559639,10.132703244452383,9.635225770211402
-12.478877333142071,10.154521847871777,9.655213167355146
-12.497455637468324,10.176343161026512,9.675200513156778
-12.516030958476358,10.198167183481502,9.69518780751001
-12.5346032960674,10.219993914801641,9.715175050308561
-12.55317265014269,10.241823354551814,9.735162241446147
-12.571739020603484,10.263655502296885,9.755149380816485
-12.590302407351055,10.28549035760171,9.775136468313296
-12.608862810286691,10.307327920031124,9.795123503830293
-12.627420229311696,10.329168189149955,9.815110487261196
-12.645974664327387,10.351011164523012,9.835097418499721
-12.664526115235102,10.37285684571509,9.855084297439587
-12.683074581936195,10.39470523229097,9.875071123974514
-12.70162006433203,10.41655632381542,9.895057897998221
-12.720162562323992,10.438410119853192,9.915044619404426
-12.73870207581348,10.460266619969023,9.93503128808685
-12.75723860470191,10.482125823727637,9.955017903939213
-12.775772148890713,10.503987730693744,9.975004466855232
-12.794302708281336,10.52585234043204,9.994990976728632
-12.812830282775241,10.547719652507203,10.014977433453131
-12.831354872273906,10.5695896664839,10.034963836922449
-12.849876476678824,10.591462381926783,10.054950187030308
-12.86839509589151,10.613337798400492,10.074936483670431
-12.886910729813486,10.635215915469647,10.094922726736538
-12.905423378346297,10.657096732698857,10.114908916122353
-12.9239330413915,10.678980249652717,10.134895051721596
-12.942439718850668,10.700866465895807,10.154881133427992
-12.960943410625392,10.722755380992693,10.17486716113526
-12.979444116617278,10.744646994507924,10.194853134737128
-12.997941836727946,10.76654130600604,10.214839054127319
-13.016436570859035,10.788438315051563,10.234824919199555
-13.034928318912195,10.810338021208999,10.25481072984756
-13.053417080789098,10.832240424042844,10.274796485965059
-13.071902856391429,10.854145523117577,10.294782187445776
-13.090385645620888,10.876053317997664,10.314767834183435
-13.108865448379191,10.897963808247555,10.334753426071764
-13.127342264568073,10.919876993431686,10.354738963004486
-13.145816094089282,10.941792873114482,10.37472444487533
-13.164286936844581,10.963711446860348,10.39470987157802
-13.182754792735752,10.985632714233677,10.41469524300628
-13.20121966166459,11.00755667479885,10.434680559053842
-13.219681543532907,11.029483328120232,10.45466581961443
-13.238140438242532,11.051412673762176,10.474651024581771
-13.256596345695307,11.073344711289014,10.494636173849594
-13.275049265793092,11.09527944026507,10.514621267311625
-13.293499198437765,11.11721686025465,10.534606304861594
-13.311946143531216,11.13915697082205,10.55459128639323
-13.330390100975352,11.161099771531548,10.57457621180026
-13.348831070672096,11.183045261947408,10.594561080976414
-13.367269052523389,11.204993441633881,10.61454589381542
-13.385704046431183,11.226944310155204,10.634530650211007
-13.404136052297451,11.248897867075598,10.654515350056908
-13.422565070024179,11.270854111959272,10.674499993246853
-13.440991099513372,11.292813044370417,10.69448457967457
-13.459414140667045,11.314774663873212,10.714469109233793
-13.477834193387235,11.336738970031824,10.73445358181825
-13.496251257575992,11.3587059624104,10.754437997321677
-13.514665333135381,11.380675640573081,10.774422355637801
-13.533076419967486,11.402648004083984,10.794406656660357
-13.551484517974403,11.424623052507219,10.814390900283076
-13.569889627058249,11.44660078540688,10.83437508639969
-13.58829174712115,11.468581202347043,10.854359214903935
-13.606690878065256,11.490564302891775,10.874343285689543
-13.625087019792726,11.512550086605126,10.894327298650245
-13.643480172205738,11.534538553051133,10.914311253679779
-13.661870335206485,11.556529701793817,10.934295150671877
-13.680257508697176,11.578523532397186,10.954278989520274
-13.698641692580036,11.600520044425233,10.974262770118704
-13.717022886757308,11.622519237441937,10.994246492360904
-13.735401091131248,11.644521111011262,11.014230156140608
-13.753776305604129,11.66652566469716,11.03421376135155
-13.77214853007824,11.688532898063567,11.05419730788747
-13.790517764455887,11.710542810674406,11.074180795642103
-13.808884008639387,11.732555402093585,11.094164224509186
-13.827247262531078,11.754570671884997,11.114147594382455
-13.845607526033312,11.77658861961252,11.134130905155647
-13.863964799048459,11.798609244840021,11.154114156722502
-13.882319081478903,11.820632547131352,11.174097348976757
-13.900670373227044,11.842658526050347,11.194080481812149
-13.919018674195296,11.86468718116083,11.214063555122417
-13.937363984286094,11.886718512026608,11.2340465688013
-13.955706303401884,11.908752518211477,11.254029522742538
-13.974045631445131,11.930789199279214,11.27401241683987
-13.992381968318313,11.952828554793587,11.293995250987036
-14.010715313923924,11.974870584318346,11.313978025077777
-14.02904566816448,11.99691528741723,11.333960739005834
-14.047373030942506,12.018962663653959,11.353943392664945
-14.065697402160545,12.041012712592243,11.373925985948853
-14.084018781721156,12.063065433795778,11.393908518751301
-14.102337169526914,12.085120826828243,11.41389099096603
-14.12065256548041,12.107178891253303,11.433873402486778
-14.138964969484254,12.129239626634611,11.453855753207293
-14.157274381441066,12.151303032535804,11.473838043021315
-14.175580801253485,12.173369108520506,11.493820271822589
-14.193884228824164,12.195437854152326,11.513802439504856
-14.212184664055776,12.217509268994858,11.53378454596186
-14.230482106851007,12.239583352611685,11.553766591087346
-14.24877655711256,12.261660104566372,11.573748574775058
-14.267068014743153,12.283739524422474,11.593730496918742
-14.285356479645516,12.305821611743525,11.613712357412142
-14.303641951722405,12.327906366093053,11.633694156149003
-14.321924430876582,12.349993787034567,11.653675893023072
-14.34020391701083,12.37208387413156,11.673657567928094
-14.35848041002795,12.394176626947516,11.693639180757815
-14.376753909830752,12.416272045045902,11.713620731405982
-14.395024416322068,12.43837012799017,11.733602219766343
-14.41329192940474,12.460470875343761,11.753583645732645
-14.431556448981635,12.4825742866701,11.773565009198634
-14.449817974955627,12.504680361532596,11.793546310058062
-14.46807650722961,12.526789099494646,11.813527548204673
-14.486332045706492,12.548900500119634,11.83350872353222
-14.504584590289198,12.571014562970927,11.853489835934447
-14.522834140880672,12.593131287611877,11.873470885305107
-14.541080697383869,12.615250673605829,11.893451871537948
-14.559324259701762,12.637372720516105,11.91343279452672
-14.57756482773734,12.659497427906016,11.933413654165175
-14.59580240139361,12.681624795338863,11.953394450347062
-14.61403698057359,12.703754822377924,11.973375182966132
-14.632268565180318,12.725887508586473,11.993355851916139
-14.650497155116845,12.748022853527763,12.013336457090832
-14.668722750286241,12.770160856765036,12.033316998383963
-14.68694535059159,12.79230151786152,12.053297475689286
-14.70516495593599,12.81444483638042,12.073277888900552
-14.72338156622256,12.836590811884944,12.093258237911517
-14.741595181354432,12.858739443938273,12.113238522615932
-14.759805801234755,12.880890732103573,12.133218742907552
-14.778013425766693,12.903044675944006,12.15319889868013
-14.796218054853423,12.925201275022712,12.173178989827418
-14.814419688398143,12.947360528902818,12.193159016243175
-14.832618326304063,12.96952243714744,12.213138977821156
-14.850813968474414,12.991686999319674,12.233118874455116
-14.869006614812436,13.01385421498261,12.25309870603881
-14.887196265221393,13.036024083699315,12.273078472465993
-14.905382919604557,13.05819660503285,12.293058173630424
-14.923566577865222,13.080371778546255,12.313037809425857
-14.941747239906693,13.10254960380256,12.333017379746051
-14.959924905632295,13.124730080364781,12.352996884484766
-14.978099574945368,13.14691320779592,12.372976323535756
-14.996271247749265,13.169098985658962,12.39295569679278
-15.014439923947357,13.19128741351688,12.412935004149597
-15.032605603443034,13.213478490932633,12.432914245499967
-15.050768286139697,13.235672217469165,12.452893420737647
-15.068927971940765,13.257868592689409,12.472872529756398
-15.087084660749673,13.280067616156277,12.49285157244998
-15.105238352469872,13.302269287432674,12.512830548712154
-15.12338904700483,13.324473606081488,12.532809458436681
-15.141536744258028,13.346680571665592,12.552788301517321
-15.159681444132966,13.368890183747848,12.572767077847836
-15.177823146533157,13.3911024418911,12.592745787321988
-15.195961851362132,13.413317345658179,12.612724429833538
-15.214097558523436,13.435534894611905,12.632703005276248
-15.232230267920635,13.457755088315082,12.652681513543884
-15.250359979457304,13.4799779263305,12.672659954530207
-15.268486693037039,13.502203408220932,12.69263832812898
-15.28661040856345,13.524431533549143,12.712616634233969
-15.304731125940163,13.546662301877877,12.732594872738936
-15.322848845070821,13.568895712769871,12.752573043537646
-15.34096356585908,13.591131765787841,12.772551146523865
-15.359075288208619,13.613370460494494,12.792529181591359
-15.377184012023122,13.63561179645252,12.812507148633893
-15.395289737206298,13.6578557732246,12.832485047545232
-15.413392463661866,13.680102390373396,12.852462878219145
-15.431492191293566,13.702351647461553,12.872440640549396
-15.449588920005153,13.72460354405171,12.892418334429752
-15.467682649700395,13.746858079706488,12.912395959753983
-15.485773380283076,13.769115253988494,12.932373516415856
-15.503861111657,13.79137506646032,12.952351004309138
-15.521945843725986,13.813637516684546,12.972328423327598
-15.540027576393863,13.835902604223737,12.992305773365008
-15.558106309564481,13.858170328640442,13.012283054315134
-15.576182043141708,13.8804406894972,13.032260266071747
-15.594254777029425,13.902713686356535,13.052237408528617
-15.61232451113153,13.924989318780954,13.072214481579515
-15.630391245351932,13.94726758633295,13.09219148511821
-15.648454979594565,13.96954848857501,13.112168419038474
-15.66651571376337,13.991832025069593,13.13214528323408
-15.684573447762313,14.014118195379158,13.152122077598797
-15.702628181495369,14.036406999066141,13.172098802026401
-15.720679914866528,14.05869843569297,13.192075456410663
-15.738728647779801,14.080992504822051,13.212052040645357
-15.756774380139214,14.103289206015784,13.232028554624256
-15.774817111848808,14.125588538836551,13.25200499824113
-15.792856842812638,14.147890502846721,13.271981371389757
-15.810893572934777,14.17019509760865,13.291957673963912
-15.828927302119315,14.192502322684678,13.31193390585737
-15.846958030270354,14.214812177637132,13.331910066963903
-15.864985757292018,14.237124662028323,13.35188615717729
-15.883010483088443,14.259439775420555,13.371862176391305
-15.90103220756378,14.281757517376107,13.391838124499728
-15.919050930622198,14.304077887457254,13.411814001396332
-15.937066652167882,14.326400885226251,13.431789806974896
-15.955079372105033,14.348726510245342,13.451765541129197
-15.973089090337867,14.371054762076756,13.471741203753012
-15.991095806770614,14.393385640282709,13.491716794740123
-16.009099521307526,14.4157191444254,13.511692313984305
-16.027100233852867,14.438055274067018,13.531667761379339
-16.04509794431091,14.460394028769736,13.551643136819003
-16.06309265258596,14.482735408095712,13.571618440197076
-16.081084358582327,14.505079411607092,13.59159367140734
-16.099073062204337,14.527426038866006,13.611568830343577
-16.117058763356336,14.549775289434574,13.631543916899565
-16.135041461942684,14.5721271628749,13.651518930969086
-16.15302115786776,14.59448165874907,13.671493872445923
-16.170997851035946,14.61683877661916,13.69146874122386
-16.188971541351656,14.639198516047234,13.711443537196676
-16.206942228719317,14.66156087659534,13.731418260258156
-16.224909913043366,14.68392585782551,13.751392910302084
-16.242874594228258,14.706293459299763,13.771367487222241
-16.26083627217847,14.728663680580107,13.791341990912413
-16.27879494679848,14.751036521228531,13.811316421266383
-16.296750617992803,14.773411980807017,13.831290778177937
-16.31470328566595,14.795790058877527,13.851265061540861
-16.33265294972246,14.81817075500201,13.87123927124894
-16.350599610066887,14.840554068742403,13.891213407195961
-16.368543266603794,14.862939999660629,13.911187469275708
-16.38648391923777,14.885328547318597,13.93116145738197
-16.40442156787341,14.9077197112782,13.951135371408533
-16.42235621241533,14.930113491101318,13.971109211249185
-16.440287852768165,14.95250988634982,13.991082976797715
-16.458216488836563,14.974908896585555,14.01105666794791
-16.476142120525182,14.997310521370368,14.03103028459356
-16.494064747738705,15.01971476026608,14.051003826628454
-16.511984370381825,15.0421216128345,14.070977293946381
-16.529900988359255,15.064531078637428,14.090950686441131
-16.547814601575723,15.086943157236647,14.110924004006495
-16.565725209935973,15.109357848193925,14.130897246536264
-16.583632813344764,15.13177515107102,14.15087041392423
-16.60153741170687,15.154195065429672,14.17084350606418
-16.619439004927084,15.176617590831608,14.190816522849913
-16.63733759291021,15.199042726838544,14.210789464175216
-16.65523317556108,15.221470473012177,14.230762329933883
-16.67312575278452,15.243900828914194,14.250735120019709
-16.6910153244854,15.266333794106268,14.270707834326485
-16.70890189056858,15.288769368150056,14.290680472748008
-16.726785450938948,15.311207550607206,14.31065303517807
-16.74466600550141,15.333648341039344,14.330625521510468
-16.76254355416089,15.35609173900809,14.350597931638994
-16.780418096822316,15.378537744075045,14.370570265457447
-16.79828963339064,15.400986355801798,14.39054252285962
-16.816158163770833,15.423437573749924,14.410514703739313
-16.834023687867877,15.445891397480985,14.430486807990322
-16.85188620558677,15.468347826556528,14.450458835506442
-16.869745716832526,15.490806860538086,14.47043078618147
-16.887602221510175,15.51326849898718,14.490402659909208
-16.905455719524767,15.535732741465315,14.510374456583452
-16.923306210781362,15.558199587533982,14.530346176098002
-16.941153695185047,15.580669036754662,14.550317818346656
-16.95899817264091,15.603141088688815,14.570289383223214
-16.976839643054063,15.625615742897896,14.590260870621478
-16.994678106329633,15.648092998943339,14.610232280435246
-17.012513562372764,15.670572856386565,14.63020361255832
-17.03034601108861,15.693055314788987,14.650174866884502
-17.048175452382356,15.715540373711999,14.670146043307591
-17.066001886159185,15.738028032716981,14.690117141721393
-17.083825312324308,15.760518291365301,14.710088162019709
-17.101645730782945,15.783011149218312,14.730059104096341
-17.119463141440338,15.805506605837355,14.750029967845094
-17.13727754420174,15.828004660783753,14.770000753159772
-17.155088938972423,15.850505313618822,14.789971459934177
-17.172897325657672,15.87300856390386,14.809942088062117
-17.190702704162792,15.895514411200148,14.829912637437396
-17.208505074393102,15.91802285506896,14.849883107953817
-17.226304436253933,15.940533895071553,14.869853499505188
-17.24410078965064,15.963047530769169,14.889823811985316
-17.26189413448859,15.985563761723038,14.909794045288008
-17.27968447067316,16.008082587494375,14.929764199307069
-17.297471798109758,16.03060400764438,14.949734273936308
-17.315256116703793,16.053128021734246,14.969704269069535
-17.3330374263607,16.07565462932514,14.989674184600554
-17.350815726985925,16.098183829978225,15.009644020423178
-17.368591018484928,16.12071562325465,15.029613776431212
-17.38636330076319,16.143250008715547,15.049583452518469
-17.404132573726205,16.165786985922033,15.06955304857876
-17.421898837279485,16.188326554435218,15.089522564505893
-17.439662091328557,16.210868713816186,15.109492000193681
-17.45742233577896,16.233413463626018,15.129461355535934
-17.47517957053626,16.255960803425783,15.149430630426465
-17.492933795506026,16.278510732776525,15.169399824759086
-17.51068501059385,16.30106325123928,15.18936893842761
-17.52843321570534,16.323618358375075,15.209337971325848
-17.546178410746123,16.346176053744916,15.229306923347616
-17.563920595621834,16.368736336909798,15.24927579438673
-17.581659770238126,16.391299207430702,15.269244584336999
-17.59939593450067,16.413864664868594,15.289213293092242
-17.617129088315156,16.436432708784434,15.309181920546273
-17.634859231587285,16.459003338739155,15.329150466592909
-17.652586364222778,16.48157655429369,15.349118931125963
-17.67031048612737,16.504152355008944,15.369087314039255
-17.68803159720681,16.52673074044582,15.389055615226601
-17.70574969736687,16.549311710165203,15.409023834581818
-17.723464786513325,16.571895263727964,15.428991971998725
-17.741176864551978,16.594481400694956,15.448960027371138
-17.758885931388644,16.61707012062703,15.468928000592877
-17.77659198692916,16.639661423085013,15.488895891557762
-17.79429503107936,16.66225530762972,15.508863700159612
-17.811995063745123,16.684851773821958,15.528831426292246
-17.829692084832317,16.70745082122251,15.548799069849489
-17.847386094246836,16.730052449392154,15.568766630725156
-17.865077091894598,16.752656657891652,15.588734108813073
-17.882765077681526,16.775263446281752,15.60870150400706
-17.900450051513566,16.79787281412319,15.628668816200939
-17.918132013296674,16.820484760976676,15.648636045288534
-17.935810962936827,16.843099286402925,15.668603191163665
-17.953486900340017,16.865716389962632,15.688570253720158
-17.97115982541225,16.88833607121647,15.708537232851837
-17.98882973805955,16.91095832972511,15.728504128452526
-18.006496638187954,16.933583165049196,15.74847094041605
-18.024160525703522,16.956210576749374,15.768437668636237
-18.041821400512323,16.978840564386264,15.78840431300691
-18.05947926252044,17.001473127520477,15.808370873421895
-18.07713411163398,17.024108265712613,15.82833734977502
-18.094785947759068,17.04674597852325,15.848303741960114
-18.11243477080183,17.069386265512964,15.868270049871002
-18.130080580668423,17.092029126242306,15.888236273401514
-18.14772337726501,17.114674560271816,15.908202412445476
-18.16536316049778,17.137322567162027,15.928168466896718
-18.18299993027293,17.159973146473455,15.94813443664907
-18.200633686496676,17.182626297766596,15.968100321596362
-18.218264429075248,17.205282020601942,15.988066121632423
-18.235892157914893,17.227940314539968,16.008031836651085
-18.253516872921878,17.25060117914113,16.02799746654618
-18.271138574002478,17.27326461396587,16.047963011211536
-18.288757261062994,17.29593061857463,16.067928470540988
-18.306372934009737,17.318599192527824,16.08789384442837
-18.323985592749032,17.34127033538586,16.107859132767512
-18.34159523718722,17.36394404670913,16.12782433545225
-18.359201867230666,17.386620326058008,16.147789452376415
-18.376805482785745,17.409299172992863,16.167754483433846
-18.394406083758845,17.431980587074044,16.187719428518374
-18.41200367005638,17.454664567861887,16.207684287523833
-18.42959824158477,17.47735111491671,16.227649060344064
-18.447189798250456,17.500040227798834,16.2476137468729
-18.464778339959892,17.522731906068554,16.26757834700418
-18.482363866619554,17.545426149286147,16.287542860631735
-18.499946378135927,17.56812295701188,16.30750728764941
-18.51752587441552,17.590822328806016,16.32747162795104
-18.53510235536484,17.613524264228793,16.347435881430467
-18.55267582089044,17.63622876284044,16.367400047981523
-18.57024627089886,17.658935824201166,16.387364127498053
-18.58781370529667,17.681645447871176,16.407328119873892
-18.60537812399046,17.70435763341066,16.427292025002885
-18.622939526886825,17.727072380379788,16.44725584277887
-18.640497913892382,17.74978968833872,16.46721957309569
-18.658053284913766,17.772509556847602,16.487183215847185
-18.675605639857626,17.79523198546657,16.507146770927204
-18.69315497863062,17.81795697375574,16.52711023822958
-18.710701301139434,17.840684521275218,16.54707361764816
-18.728244607290765,17.863414627585097,16.56703690907679
-18.745784896991324,17.886147292245454,16.587000112409314
-18.763322170147838,17.90888251481635,16.606963227539573
-18.780856426667054,17.931620294857844,16.626926254361415
-18.798387666455728,17.95436063192997,16.646889192768686
-18.815915889420644,17.97710352559275,16.666852042655233
-18.83344109546859,17.999848975406195,16.686814803914896
-18.850963284506374,18.0225969809303,16.706777476441527
-18.868482456440823,18.04534754172505,16.72674006012897
-18.885998611178778,18.068100657350413,16.746702554871078
-18.903511748627093,18.09085632736635,16.766664960561698
-18.921021868692645,18.113614551332795,16.786627277094674
-18.93852897128232,18.136375328809685,16.80658950436386
-18.956033056303028,18.159138659356927,16.826551642263105
-18.973534123661683,18.18190454253443,16.846513690686262
-18.991032173265225,18.204672977902078,16.866475649527175
-19.00852720502061,18.22744396501975,16.8864375186797
-19.026019218834804,18.250217503447296,16.906399298037687
-19.043508214614796,18.272993592744573,16.926360987494988
-19.060994192267582,18.295772232471414,16.946322586945456
-19.07847715170018,18.318553422187637,16.966284096282944
-19.095957092819628,18.341337161453048,16.986245515401308
-19.11343401553297,18.364123449827442,17.0062068441944
-19.130907919747276,18.386912286870594,17.026168082556076
-19.148378805369624,18.409703672142275,17.04612923038019
-19.165846672307115,18.432497605202236,17.06609028756059
-19.18331152046686,18.455294085610216,17.086051253991144
-19.200773349755988,18.47809311292594,17.106012129565702
-19.21823216008165,18.50089468670912,17.125972914178128
-19.235687951351007,18.52369880651945,17.14593360772227
-19.253140723471233,18.54650547191662,17.165894210091995
-19.270590476349522,18.569314682460302,17.18585472118115
-19.288037209893087,18.59212643771015,17.205815140883608
-19.305480924009153,18.614940737225808,17.225775469093218
-19.322921618604962,18.63775758056691,17.245735705703844
-19.34035929358777,18.660576967293068,17.265695850609344
-19.357793948864852,18.683398896963887,17.285655903703578
-19.3752255843435,18.706223369138957,17.30561586488041
-19.39265419993102,18.729050383377857,17.3255757340337
-19.41007979553473,18.751879939240148,17.34553551105731
-19.427502371061976,18.77471203628538,17.365495195845106
-19.444921926420108,18.797546674073086,17.385454788290954
-19.4623384615165,18.82038385216279,17.40541428828871
-19.47975197625853,18.843223570114006,17.425373695732244
-19.49716247055361,18.86606582748622,17.445333010515416
-19.514569944309155,18.888910623838925,17.465292232532097
-19.5319743974326,18.91175795873158,17.485251361676145
-19.549375829831398,18.934607831723646,17.505210397841434
-19.566774241413015,18.95746024237456,17.525169340921828
-19.58416963208493,18.98031519024375,17.54512819081119
-19.601562001754647,19.003172674890635,17.565086947403397
-19.61895135032968,19.02603269587461,17.58504561059231
-19.63633767771756,19.048895252755063,17.6050041802718
-19.653720983825835,19.07176034509137,17.624962656335732
-19.67110126856207,19.094627972442893,17.644921038677985
-19.688478531833837,19.11749813436898,17.664879327192423
-19.705852773548738,19.14037083042896,17.684837521772916
-19.723223993614383,19.163246060182153,17.704795622313334
-19.7405921919384,19.186123823187867,17.724753628707553
-19.757957368428432,19.209004119005396,17.744711540849448
-19.775319522992135,19.23188694719402,17.764669358632883
-19.79267865553719,19.254772307313004,17.784627081951736
-19.810034765971288,19.277660198921602,17.80458471069988
-19.827387854202136,19.30055062157905,17.82454224477119
-19.844737920137458,19.323443574844575,17.844499684059542
-19.862084963684996,19.346339058277387,17.86445702845881
-19.879428984752504,19.369237071436693,17.884414277862867
-19.896769983247754,19.392137613881673,17.90437143216559
-19.914107959078535,19.415040685171494,17.92432849126086
-19.931442912152654,19.437946284865323,17.94428545504255
-19.94877484237793,19.460854412522302,17.96424232340454
-19.966103749662196,19.483765067701558,17.984199096240708
-19.983429633913307,19.506678249962217,18.004155773444932
-20.000752495039134,19.52959395886338,18.02411235491109
-20.018072332947558,19.552512193964137,18.044068840533065
-20.03538914754648,19.57543295482357,18.064025230204738
-20.05270293874382,19.598356241000737,18.08398152381999
-20.07001370644751,19.621282052054692,18.103937721272697
-20.0873214505655,19.644210387544472,18.123893822456743
-20.10462617100575,19.667141247029104,18.143849827266013
-20.12192786767625,19.690074630067596,18.163805735594387
-20.139226540484987,19.71301053621895,18.18376154733575
-20.15652218933998,19.73594896504214,18.203717262383982
-20.17381481414926,19.758889916096145,18.22367288063297
-20.19110441482087,19.78183338893992,18.243628401976604
-20.208390991262874,19.80477938313241,18.263583826308764
-20.225674543383345,19.82772789823254,18.28353915352334
-20.242955071090382,19.85067893379923,18.303494383514213