
-0.9659840947650875,-0.6704225742332827,-0.32656139079507845
-0.9860767436705666,-0.6502802268797184,-0.3065604840438677
-1.0061664704702027,-0.6301349493647039,-0.2865595756625052
-1.0262532750571676,-0.6099867421144162,-0.2665586657573467
-1.046337157324649,-0.5898356055550475,-0.24655775443474826
-1.066418117165849,-0.5696815401128059,-0.22655684180106572
-1.086496154473987,-0.5495245462139149,-0.206555927962655
-1.1065712691422964,-0.5293646242846136,-0.18655501302587207
-1.1266434610640268,-0.5092017747511568,-0.16655409709707286
-1.1467127301324431,-0.4890359980398146,-0.14655318028261327
-1.166779076240826,-0.4688672945768729,-0.12655226268884928
-1.1868424992824718,-0.448695664788633,-0.10655134442213687
-1.2069029991506919,-0.4285211091014119,-0.08655042558883197
-1.2269605757388136,-0.4083436279415421,-0.06654950629529052
-1.2470152289401797,-0.38816322173537166,-0.04654858664786852
-1.2670669586481484,-0.3679798909092642,-0.026547666752921913
-1.2871157647560938,-0.34779363588959883,-0.006546746716806662
-1.307161647157405,-0.3276044571027703,0.013454173354121267
-1.3272046057454872,-0.3074123549751889,0.03345509335350591
-1.3472446404137608,-0.28721732993328036,0.053456013174991296
-1.3672817510556616,-0.2670193824034861,0.07345693271222146
-1.3873159375646416,-0.24681851281226302,0.09345785185884045
-1.4073471998341676,-0.2266147215860835,0.11345877050849229
-1.4273755377577224,-0.2064080091514355,0.13345968855482104
-1.4474009512288044,-0.18619837593482255,0.15346060589147073
-1.4674234401409272,-0.16598582236276363,0.17346152241208543
-1.4874430043876203,-0.14577034886179333,0.19346243801030918
-1.5074596438624284,-0.12555195585846174,0.21346335257978605
-1.527473358458912,-0.10533064377933445,0.23346426601416007
-1.5474841480706472,-0.08510641305099259,0.2534651782070753
-1.5674920125912255,-0.06487926410003284,0.2734660890521759
-1.587496951914254,-0.04464919735306733,0.29346699844310586
-1.6074989659333554,-0.024416213236723758,0.3134679062735093
-1.6274980545421678,-0.004180312177645324,0.33346881243703036
-1.647494217634345,0.016058505397509262,0.3534697168273131
-1.6674874551035563,0.03630023906206578,0.3734706193380017
-1.6874777668434868,0.056544888389334524,0.3934715198627402
-1.7074651527478368,0.07679245295261025,0.41347241829517284
-1.7274496127103223,0.09704293232517222,0.43347331452894367
-1.747431146624675,0.11729632608028422,0.4534742084576969
-1.7674097543846419,0.13755263379119453,0.4734750999750767
-1.7873854358839856,0.1578118550311359,0.4934759889747273
-1.8073581910164844,0.17807398937332566,0.5134768753502927
-1.827328019675932,0.19833903639096556,0.5334777589954175
-1.847294921756138,0.21860699565724193,0.5534786398037456
-1.8672588971509272,0.23887786674532557,0.5734795176689212
-1.88721994575414,0.25915164922837186,0.5934803924845888
-1.9071780674596328,0.2794283426795206,0.6134812641443926
-1.927133262161277,0.2997079466718962,0.6334821325419768
-1.9470855297529597,0.31999046077860754,0.6534829975709859
-1.9670348701285836,0.34027588457274804,0.673483859125064
-1.9869812831820672,0.3605642176273957,0.6934847170978556
-2.006924768807344,0.380855459515613,0.7134855713830051
-2.0268653268983643,0.4011496098104469,0.7334864218741566
-2.0468029573490925,0.4214466680849289,0.7534872684649547
-2.066737660053509,0.44174663391207525,0.7734881110490439
-2.0866694349056103,0.46204950686488644,0.7934889495200685
-2.106598281799408,0.4823552865163476,0.8134897837716732
-2.1265242006289293,0.5026639724394286,0.8334906136975023
-2.1464471912882175,0.5229755642070836,0.8534914391912003
-2.1663672536713303,0.5432900613922513,0.8734922601464118
-2.1862843876723423,0.5636074635678553,0.8934930764567813
-2.2061985931853427,0.5839277703068033,0.9134938880159534
-2.2261098701044366,0.6042509811819878,0.9334946947175728
-2.246018218323745,0.6245770957662858,0.9534954964552841
-2.265923637737404,0.644906113632559,0.9734962931227319
-2.2858261282395658,0.6652380343536535,0.993497084613561
-2.305725689724398,0.6855728575023998,1.013497870821416
-2.3256223220860828,0.7059105826516134,1.0334986516399416
-2.345516025218819,0.7262512093740942,1.0534994269627829
-2.365406799016821,0.7465947372426263,1.0735001966835844
-2.3852946433743183,0.766941165829979,1.0935009606959911
-2.405179558185557,0.7872904947089056,1.1135017188936476
-2.425061543344797,0.8076427234521444,1.133502471170199
-2.444940598746315,0.8279978516324179,1.1535032174192903
-2.464816724284404,0.8483558788224337,1.1735039575345663
-2.4846899198533703,0.8687168045948834,1.193504691409672
-2.504560185347538,0.8890806285224437,1.2135054189382526
-2.5244275206612454,0.9094473501777756,1.2335061400139529
-2.544291925688847,0.9298169691335245,1.253506854530418
-2.5641534003247135,0.950189484962321,1.2735075623812933
-2.5840119444632297,0.9705648972367797,1.2935082634602237
-2.6038675579987967,0.9909432055295001,1.3135089576608547
-2.6237202408258313,1.0113244094130662,1.3335096448768313
-2.6435699928387657,1.0317085084600468,1.3535103250017988
-2.6634168139320478,1.052095502242995,1.3735109979294027
-2.683260704000141,1.0724853903344485,1.3935116635532878
-2.7031016629375246,1.0928781723069299,1.4135123217671002
-2.7229396906386936,1.1132738477329465,1.433512972464485
-2.7427747869981576,1.1336724161849896,1.4535136155390875
-2.762606951910443,1.1540738772355357,1.4735142508845536
-2.7824361852700905,1.1744782304570456,1.4935148783945282
-2.8022624869716575,1.1948854754219649,1.5135154979626577
-2.822085856909716,1.2152956117027238,1.533516109482587
-2.841906294978855,1.2357086388717373,1.5535167128479623
-2.8617238010736776,1.2561245565014043,1.5735173079524292
-2.8815383750888035,1.2765433641641093,1.5935178946896333
-2.9013500169188675,1.2969650614322208,1.6135184729532206
-2.9211587264585206,1.317389647878092,1.6335190426368367
-2.940964503602428,1.337817123074061,1.6535196036341278
-2.9607673482452723,1.3582474865924503,1.6735201558387396
-2.9805672602817506,1.3786807380055675,1.6935206991443184
-3.0003642396065757,1.399116876885704,1.7135212334445098
-3.0201582861144756,1.4195559028051365,1.73352175863296
-3.039949399700195,1.439997815336126,1.7535222746033154
-3.0597375802584934,1.4604426140509184,1.773522781249222
-3.079522827684146,1.4808902985217443,1.7935232784643262
-3.099305141871944,1.5013408683208185,1.813523766142274
-3.119084522716694,1.521794323020341,1.8335242441767121
-3.1388609701132175,1.5422506621924963,1.8535247124612866
-3.1586344839563525,1.5627098854094537,1.8735251708896439
-3.178405064140952,1.5831719922433665,1.8935256193554304
-3.1981727105618853,1.6036369822663736,1.913526057752293
-3.2179374231140367,1.6241048550505977,1.933526485973878
-3.2376992016923065,1.6445756101681466,1.9535269039138323
-3.25745804619161,1.665049247191113,1.9735273114658025
-3.2772139565068783,1.6855257656915736,1.9935277085234353
-3.296966932533059,1.7060051652415908,2.0135280949803778
-3.3167169741651144,1.7264874454132106,2.0335284707302765
-3.3364640812980224,1.7469726057784645,2.0535288356667785
-3.3562082538267766,1.767460645909368,2.073529189683531
-3.3759494916463866,1.7879515653779217,2.0935295326741805
-3.395687794651877,1.8084453637561109,2.1135298645323743
-3.4154231627382883,1.8289420406159054,2.1335301851517596
-3.4351555958006768,1.84944159552926,2.153530494425984
-3.4548850937341142,1.8699440280681139,2.1735307922486946
-3.4746116564336877,1.890449337804391,2.1935310785135385
-3.4943352837945008,1.91095752431,2.213531353114163
-3.514055975711671,1.9314685871568344,2.2335316159442153
-3.5337737320803333,1.9519825259167725,2.2535318668973443
-3.5534885527956375,1.9724993401616766,2.2735321058671962
-3.5732004377527486,1.9930190294633947,2.2935323327474193
-3.5929093868468476,2.013541593393759,2.3135325474316613
-3.612615399973131,2.0340670315245863,2.3335327498135694
-3.632318477026812,2.0545953434276782,2.3535329397867923
-3.6520186179031175,2.0751265286748213,2.3735331172449774
-3.671715822497291,2.0956605868377864,2.3935332820817727
-3.6914100907045917,2.116197517488329,2.4135334341908266
-3.711101422420294,2.1367373201981907,2.4335335734657866
-3.730789817539689,2.157279994539096,2.4535336998003014
-3.7504752759580815,2.177825540082755,2.4735338130880193
-3.7701577975707936,2.1983739564008626,2.4935339132225884
-3.789837382273163,2.2189252430650983,2.5135340000976574
-3.8095140299605412,2.2394793996471263,2.5335340736068743
-3.8291877405282975,2.2600364257185954,2.553534133643888
-3.8488585138718157,2.2805963208511395,2.573534180102347
-3.868526349886495,2.3011590846163767,2.5935342128758996
-3.888191248467751,2.3217247165859107,2.613534231858195
-3.907853209511015,2.342293216331329,2.633534236942882
-3.927512232911733,2.3628645834242046,2.653534228023609
-3.947168318565367,2.3834388174360943,2.673534204994026
-3.9668214663673944,2.4040159179385405,2.6935341677477806
-3.9864716762133092,2.424595884503071,2.7135341161785234
-4.00611894799862,2.4451787167011965,2.7335340501799026
-4.025763281618851,2.465764414104414,2.753533969645568
-4.045404676969543,2.4863529762842047,2.7735338744691687
-4.065043133946252,2.5069444028120342,2.7935337645443545
-4.084678652444548,2.5275386932593533,2.8135336397647746
-4.10431123236002,2.548135847197598,2.8335335000240787
-4.12394087358827,2.568735864198189,2.853533345215916
-4.143567576024917,2.58933874383253,2.873533175233937
-4.163191339565593,2.609944485672012,2.8935329899717908
-4.182812164105949,2.6305530892880093,2.9135327893231278
-4.20243004954165,2.6511645542518814,2.933532573181598
-4.2220449957683766,2.6717788801349722,2.9535323414408516
-4.241657002681826,2.6923960665086106,2.973532093994538
-4.261266070177711,2.713016112944111,2.993531830736308
-4.280872198151757,2.733639019012772,3.0135315515598124
-4.300475386499707,2.7542647842858763,3.033531256358701
-4.320075635117323,2.774893408334693,3.0535309450266244
-4.3396729439003785,2.7955248907304733,3.0735306174572328
-4.359267312744663,2.8161592310444568,3.0935302735441774
-4.378858741545983,2.8367964288478653,3.1135299131811087
-4.398447230200159,2.857436483711906,3.1335295362616775
-4.41803277860303,2.878079395207772,3.1535291426795355
-4.437615386650447,2.898725162906639,3.1735287323283328
-4.457195054238279,2.91937378637967,3.1935283051017205
-4.476771781262411,2.9400252651980106,3.2135278608933504
-4.496345567618741,2.960679598932793,3.233527399596874
-4.515916413203185,2.9813367871551333,3.2535269211059417
-4.535484317911676,3.0019968294361323,3.2735264253142056
-4.555049281640158,3.022659725346876,3.293525912115317
-4.574611304284594,3.043325474458435,3.3135253814029277
-4.594170385740962,3.0639940763418654,3.3335248330706895
-4.613726525905255,3.0846655305682074,3.3535242670122543
-4.633279724673484,3.105339836708486,3.373523683121274
-4.652829981941672,3.126016994333711,3.3935230812914
-4.67237729760586,3.1466970030148773,3.413522461416285
-4.691921671562104,3.167379862322965,3.4335218233895812
-4.7114631037064765,3.1880655718289383,3.453521167104941
-4.731001593935064,3.208754131103747,3.4735204924560166
-4.750537142143969,3.2294455397183253,3.493519799336461
-4.770069748229312,3.250139797243592,3.5135190876399265
-4.789599412087226,3.2708369032504514,3.5335183572600655
-4.809126133613861,3.2915368573097923,3.553517608090531
-4.828649912705383,3.3122396589924885,3.573516840024976
-4.848170749257973,3.332945307869398,3.593516052957053
-4.867688643167828,3.3536538035113646,3.613515246780416
-4.88720359433116,3.3743651454892163,3.633514421388718
-4.906715602644199,3.395079333373766,3.653513576675612
-4.9262246680031865,3.415796366735812,3.6735127125347513
-4.945730790304383,3.4365162451461377,3.6935118288597897
-4.965233969444064,3.4572389681755102,3.713510925544381
-4.98473420531852,3.477964535394682,3.733510002482179
-5.004231497824058,3.4986929463743905,3.753509059566837
-5.023725846856999,3.5194242006853584,3.773508096692009
-5.043217252313682,3.5401582978982926,3.7935071137513496
-5.06270571409046,3.560895237583886,3.813506110638513
-5.0821912320837015,3.581635019312814,3.8335050872471523
-5.101673806189791,3.6023776426557395,3.853504043470923
-5.12115343630513,3.62312310718331,3.8735029792034794
-5.140630122326134,3.6438714124661558,3.893501894338476
-5.160103864149235,3.664622558074894,3.913500788769567
-5.1795746616708795,3.685376543580126,3.9334996623904073
-5.199042514787531,3.7061333685524387,3.9534985150946524
-5.2185074233956685,3.7268930325624026,3.9734973467759573
-5.237969387391786,3.7476555351805745,3.993496157327977
-5.257428406672393,3.768420875977495,4.013494946644366
-5.276884481134014,3.7891890545236895,4.03349371461878
-5.296337610673193,3.80996007038967,4.0534924611448755
-5.315787795186486,3.8307339231459316,4.073491186116307
-5.335235034570465,3.8515106123629557,4.09348988942673
-5.354679328721718,3.872290137611207,4.113488570969802
-5.37412067753685,3.8930724984611365,4.133487230639178
-5.39355908091248,3.9138576944831796,4.153485868328513
-5.412994538745243,3.9346457252477567,4.173484483931464
-5.43242705093179,3.9554365903252733,4.193483077341688
-5.451856617368788,3.9762302892861197,4.2134816484528415
-5.471283237952919,3.9970268217006706,4.233480197158579
-5.490706912580881,4.017826187139287,4.2534787233525595
-5.5101276411493885,4.038628385172313,4.273477226928438
-5.529545423555168,4.059433415370079,4.293475707779872
-5.548960259694967,4.0802412773029,4.3134741658005185
-5.568372149465545,4.101051970541075,4.333472600884035
-5.587781092763678,4.12186549465489,4.353471012924079
-5.607187089486159,4.142681849214614,4.373469401814306
-5.626590139529795,4.163501033790501,4.393467767448376
-5.645990242791409,4.184323047952793,4.413466109719945
-5.66538739916784,4.205147891271712,4.4334644285226705
-5.684781608555943,4.225975563317469,4.453462723750212
-5.704172870852587,4.246806063660259,4.473460995296226
-5.72356118595466,4.26763939187026,4.493459243054371
-5.742946553759062,4.288475547517637,4.513457466918306
-5.76232897416271,4.309314530172539,4.5334556667816885
-5.781708447062537,4.330156339405102,4.553453842538177
-5.801084972355493,4.351000974785444,4.573451994081431
-5.820458549938542,4.3718484358836704,4.593450121305108
-5.839829179708664,4.392698722269869,4.613448224102869
-5.859196861562853,4.413551833514115,4.6334463023683705
-5.878561595398121,4.434407769186467,4.653444355995273
-5.897923381111497,4.45526652885697,4.673442384877235
-5.917282218600021,4.476128112095652,4.693440388907916
-5.936638107760752,4.496992518472529,4.713438367980977
-5.955991048490765,4.517859747557599,4.733436321990077
-5.975341040687149,4.538729798920846,4.7534342508288745
-5.994688084247009,4.55960267213224,4.77343215439103
-6.014032179067468,4.580478366761734,4.793430032570204
-6.033373325045661,4.601356882379268,4.813427885260057
-6.052711522078741,4.622238218554767,4.833425712354249
-6.072046770063875,4.643122374858138,4.85342351374644
-6.091379068898248,4.664009350859278,4.873421289330292
-6.110708418479058,4.684899146128063,4.893419038999465
-6.130034818703523,4.705791760234359,4.913416762647619
-6.149358269468871,4.726687192748015,4.933414460168415
-6.168678770672349,4.747585443238864,4.953412131455516
-6.18799632221122,4.768486511276727,4.9734097764025815
-6.207310923982762,4.789390396431408,4.993407394903274
-6.226622575884268,4.810297098272695,5.0134049868512545
-6.245931277813049,4.8312066163703635,5.033402552140186
-6.265237029666427,4.852118950294172,5.053400090663729
-6.2845398313417435,4.873034099613865,5.073397602315546
-6.303839682736356,4.893952063899172,5.0933950869892985
-6.323136583747636,4.914872842719808,5.11339254457865
-6.342430534272971,4.935796435645471,5.133389974977262
-6.361721534209764,4.956722842245846,5.153387378078797
-6.381009583455435,4.977652062090603,5.173384753776919
-6.400294681907417,4.998584094749397,5.193382101965289
-6.419576829463163,5.019518939791866,5.213379422537572
-6.4388560260201375,5.040456596787636,5.23337671538743
-6.458132271475823,5.061397065306316,5.253373980408527
-6.477405565727717,5.0823403449175,5.2733712174945255
-6.496675908673333,5.103286435190769,5.29336842653909
-6.515943300210198,5.124235335695688,5.313365607435884
-6.535207740235859,5.145187046001806,5.333362760078571
-6.554469228647875,5.166141565678658,5.353359884360816
-6.573727765343822,5.187098894295764,5.373356980176282
-6.592983350221292,5.20805903142263,5.393354047418634
-6.612235983177893,5.229021976628745,5.413351085981537
-6.631485664111247,5.249987729483585,5.433348095758655
-6.650732392918994,5.270956289556609,5.453345076643653
-6.669976169498787,5.291927656417264,5.473342028530195
-6.689216993748297,5.3129018296349795,5.493338951311948
-6.708454865565209,5.333878808779171,5.513335844882576
-6.727689784847227,5.354858593419239,5.533332709135745
-6.746921751492066,5.37584118312457,5.553329543965122
-6.766150765397461,5.396826577464534,5.573326349264369
-6.7853768264611585,5.417814776008487,5.593323124927155
-6.804599934580923,5.4388057783257695,5.613319870847144
-6.823820089654537,5.459799583985708,5.633316586918005
-6.843037291579793,5.480796192557613,5.653313273033402
-6.862251540254504,5.501795603610781,5.673309929087003
-6.881462835576498,5.522797816714494,5.693306554972474
-6.900671177443616,5.543802831438017,5.713303150583482
-6.919876565753719,5.564810647350603,5.733299715813694
-6.939079000404679,5.5858212640214875,5.753296250556777
-6.958278481294388,5.606834681019893,5.773292754706398
-6.977475008320751,5.6278508979150255,5.793289228156226
-6.99666858138169,5.6488699142760765,5.813285670799927
-7.015859200375141,5.669891729672225,5.83328208253117
-7.035046865199058,5.69091634367263,5.8532784632436226
-7.054231575751408,5.711943755846443,5.873274812830952
-7.073413331930177,5.732973965762793,5.893271131186829
-7.092592133633364,5.7540069729907986,5.91326741820492
-7.111767980758985,5.775042777099563,5.933263673778894
-7.130940873205071,5.796081377658174,5.953259897802421
-7.15011081086967,5.8171227742357035,5.973256090169168
-7.169277793650844,5.83816696640121,5.993252250772806
-7.188441821446672,5.859213953723737,6.0132483795070035
-7.207602894155247,5.880263735772312,6.0332444762654305
-7.226761011674681,5.901316312115949,6.053240540941755
-7.245916173903098,5.922371682323646,6.073236573429649
-7.265068380738641,5.943429845964387,6.093232573622782
-7.284217632079465,5.96449080260714,6.1132285414148235
-7.303363927823745,5.9855545518208615,6.133224476699445
-7.322507267869668,6.0066210931744894,6.153220379370316
-7.341647652115439,6.027690426236948,6.173216249321107
-7.360785080459277,6.048762550577146,6.19321208644549
-7.37991955279942,6.069837465763978,6.213207890637134
-7.399051069034116,6.0909151713663245,6.233203661789713
-7.418179629061635,6.111995666953051,6.253199399796897
-7.437305232780259,6.1330789520930065,6.273195104552357
-7.456427880088287,6.154165026355027,6.293190775949767
-7.475547570884033,6.175253889307934,6.3131864138827956
-7.494664305065826,6.19634554052053,6.333182018245117
-7.5137780825320135,6.2174399795616075,6.353177588930404
-7.532888903180955,6.238537205999942,6.373173125832327
-7.551996766911028,6.259637219404297,6.3931686288445615
-7.5711016736206265,6.2807400193434155,6.413164097860779
-7.5902036232081596,6.301845605386031,6.433159532774652
-7.609302615572051,6.322953977100861,6.453154933479853
-7.62839865061074,6.3440651340566045,6.473150299870057
-7.6474917282226835,6.365179075821951,6.493145631838937
-7.666581848306352,6.386295801965572,6.513140929280167
-7.6856690107602335,6.407415312056124,6.533136192087421
-7.70475321548283,6.428537605662251,6.553131420154373
-7.723834462372662,6.4496626823525816,6.573126613374697
-7.742912751328262,6.4707905416957265,6.593121771642068
-7.761988082248182,6.491921183260286,6.613116894850159
-7.781060455030986,6.513054606614842,6.633111982892647
-7.800129869575258,6.534190811327964,6.653107035663205
-7.819196325779593,6.555329796968206,6.67310205305551
-7.8382598235426055,6.576471563104106,6.693097034963237
-7.857320362762924,6.59761610930419,6.713091981280061
-7.876377943339193,6.618763435136967,6.733086891899659
-7.895432565170073,6.639913540170931,6.753081766715706
-7.91448422815424,6.661066423974563,6.7730766056218785
-7.933532932190386,6.682222086116327,6.793071408511853
-7.952578677177217,6.703380526164674,6.813066175279306
-7.9716214630134585,6.7245417436880395,6.833060905817913
-7.990661289597847,6.745705738254844,6.853055600021352
-8.009698156829138,6.766872509433495,6.873050257783301
-8.028732064606105,6.788042056792382,6.8930448789974355
-8.047763012827529,6.809214379899883,6.913039463557435
-8.066791001392215,6.83038947832436,6.933034011356975
-8.08581603019898,6.851567351634159,6.953028522289737
-8.104838099146658,6.872747999397612,6.973022996249395
-8.123857208134098,6.893931421183038,6.99301743312963
-8.142873357060164,6.915117616558739,7.0130118328241196
-8.161886545823739,6.936306585093002,7.033006195226542
-8.180896774323715,6.957498326354102,7.053000520230578
-8.199904042459009,6.978692839910297,7.072994807729904
-8.218908350128546,6.999890125329832,7.0929890576182
-8.237909697231268,7.0210901821809335,7.112983269789147
-8.256908083666138,7.042293010031817,7.132977444136424
-8.275903509332128,7.063498608450683,7.152971580553711
-8.29489597412823,7.084706977005715,7.172965678934688
-8.313885477953452,7.105918115265084,7.192959739173034
-8.332872020706814,7.127132022796944,7.2129537611624315
-8.351855602287356,7.148348699169439,7.23294774479656
-8.37083622259413,7.169568143950692,7.252941689969101
-8.389813881526207,7.190790356708815,7.272935596573736
-8.408788578982673,7.212015337011906,7.292929464504145
-8.427760314862626,7.233243084428044,7.312923293654011
-8.446729089065185,7.254473598525299,7.332917083917015
-8.465694901489481,7.275706878871721,7.352910835186838
-8.484657752034664,7.296942925035348,7.372904547357165
-8.503617640599899,7.318181736584204,7.392898220321675
-8.522574567084362,7.339423313086297,7.4128918539740525
-8.541528531387252,7.36066765410962,7.43288544820798
-8.560479533407777,7.381914759222153,7.45287900291714
-8.579427573045166,7.403164627991859,7.472872517995216
-8.59837265019866,7.424417259986687,7.492865993335892
-8.61731476476752,7.445672654774573,7.512859428832851
-8.636253916651022,7.466930811923438,7.532852824379777
-8.655190105748451,7.488191731001185,7.552846179870354
-8.674123331959116,7.509455411575706,7.5728394951982665
-8.693053595182338,7.530721853214877,7.592832770257198
-8.711980895317454,7.5519910554865595,7.612826004940834
-8.730905232263819,7.5732630179586,7.632819199142859
-8.7498266059208,7.594537740198829,7.65281235275696
-8.768745016187781,7.615815221775066,7.672805465676819
-8.787660462964162,7.637095462255113,7.692798537796124
-8.80657294614936,7.658378461206757,7.7127915690085596
-8.825482465642809,7.679664218197773,7.732784559207812
-8.844389021343954,7.700952732795918,7.7527775082875685
-8.86329261315226,7.722244004568937,7.7727704161415145
-8.882193240967203,7.743538033084558,7.792763282663337
-8.90109090468828,7.764834817910497,7.812756107746722
-8.919985604215002,7.786134358614453,7.832748891285358
-8.938877339446895,7.807436654764112,7.852741633172932
-8.957766110283503,7.828741705927145,7.87273433330313
-8.97665191662438,7.850049511671208,7.892726991569642
-8.995534758369104,7.871360071563942,7.912719607866155
-9.01441463541726,7.892673385172973,7.932712182086355
-9.033291547668458,7.9139894520659135,7.952704714123934
-9.052165495022315,7.935308271810362,7.9726972038725785
-9.071036477378469,7.9566298439739,7.9926896512259775
-9.089904494636572,7.977954168124096,8.012682056077821
-9.108769546696296,7.999281243828505,8.032674418321799
-9.127631633457321,8.020611070654663,8.052666737851599
-9.146490754819348,8.041943648170097,8.07265901456091
-9.165346910682095,8.063278975942316,8.092651248343426
-9.18420010094529,8.084617053538812,8.112643439092833
-9.20305032550868,8.10595788052707,8.132635586702825
-9.22189758427203,8.127301456474553,8.15262769106709
-9.240741877135118,8.148647780948714,8.172619752079319
-9.259583203997739,8.169996853516988,8.192611769633205
-9.278421564759702,8.191348673746798,8.212603743622436
-9.297256959320833,8.212703241205551,8.232595673940708
-9.316089387580975,8.234060555460639,8.252587560481711
-9.334918849439985,8.25542061607944,8.272579403139137
-9.353745344797737,8.27678342262932,8.292571201806677
-9.372568873554119,8.298148974677625,8.312562956378025
-9.391389435609037,8.319517271791693,8.332554666746875
-9.41020703086241,8.340888313538837,8.352546332806916
-9.429021659214174,8.362262099486369,8.372537954451847
-9.447833320564282,8.383638629201576,8.392529531575358
-9.466642014812704,8.405017902251734,8.412521064071141
-9.485447741859423,8.426399918204105,8.432512551832893
-9.504250501604437,8.447784676625936,8.452503994754306
-9.523050293947762,8.46917217708446,8.472495392729076
-9.541847118789429,8.490562419146894,8.492486745650899
-9.560640976029484,8.511955402380439,8.512478053413467
-9.579431865567992,8.533351126352285,8.532469315910475
-9.59821978730503,8.554749590629607,8.552460533035621
-9.617004741140693,8.576150794779563,8.5724517046826
-9.635786726975091,8.597554738369297,8.592442830745107
-9.65456574470835,8.618961420965942,8.612433911116838
-9.673341794240608,8.64037084213661,8.632424945691488
-9.692114875472027,8.661783001448406,8.652415934362756
-9.710884988302777,8.683197898468412,8.672406877024338
-9.72965213263305,8.704615532763704,8.692397773569931
-9.748416308363046,8.726035903901336,8.712388623893235
-9.76717751539299,8.747459011448353,8.732379427887944
-9.785935753623118,8.768884854971782,8.752370185447756
-9.80469102295368,8.790313434038639,8.772360896466369
-9.823443323284943,8.81174474821592,8.792351560837483
-9.842192654517193,8.833178797070612,8.812342178454797
-9.860939016550729,8.854615580169684,8.832332749212007
-9.879682409285865,8.87605509708009,8.852323273002815
-9.898422832622932,8.897497347368775,8.87231374972092
-9.917160286462279,8.918942330602663,8.89230417926002
-9.935894770704268,8.940390046348664,8.912294561513814
-9.954626285249274,8.96184049417368,8.932284896376006
-9.973354829997696,8.98329367364459,8.95227518374029
-9.992080404849942,9.004749584328263,8.972265423500373
-10.010803009706436,9.026208225791555,8.992255615549952
-10.02952264446762,9.047669597601303,9.01224575978273
-10.048239309033955,9.069133699324333,9.032235856092406
-10.06695300330591,9.090600530527455,9.052225904372685
-10.085663727183976,9.112070090777465,9.072215904517268
-10.104371480568657,9.133542379641144,9.092205856419856
-10.123076263360474,9.155017396685258,9.112195759974151
-10.141778075459962,9.17649514147656,9.132185615073857
-10.160476916767676,9.197975613581788,9.152175421612673
-10.17917278718418,9.219458812567664,9.172165179484308
-10.19786568661006,9.240944738000897,9.192154888582461
-10.216555614945916,9.262433389448182,9.212144548800838
-10.235242572092362,9.283924766476199,9.232134160033143
-10.25392655795003,9.305418868651612,9.252123722173078
-10.272607572419565,9.326915695541073,9.272113235114348
-10.29128561540163,9.348415246711218,9.292102698750659
-10.309960686796908,9.369917521728667,9.312092112975717
-10.328632786506088,9.39142252016003,9.332081477683225
-10.347301914429881,9.412930241571896,9.352070792766888
-10.365968070469016,9.434440685530847,9.372060058120413
-10.384631254524233,9.455953851603446,9.392049273637506
-10.40329146649629,9.477469739356243,9.412038439211873
-10.421948706285958,9.498988348355772,9.432027554737221
-10.440602973794029,9.520509678168551,9.452016620107258
-10.459254268921306,9.542033728361089,9.472005635215687
-10.47790259156861,9.563560498499879,9.49199459995622
-10.496547941636777,9.585089988151395,9.51198351422256
-10.515190319026662,9.6066221968821,9.531972377908419
-10.53382972363913,9.628157124258442,9.551961190907504
-10.552466155375066,9.649694769846857,9.571949953113522
-10.571099614135372,9.671235133213761,9.591938664420184
-10.589730099820962,9.69277821392556,9.611927324721197
-10.608357612332766,9.714324011548644,9.63191593391027
-10.626982151571733,9.73587252564939,9.651904491881114
-10.645603717438824,9.757423755794157,9.671892998527436
-10.664222309835019,9.778977701549296,9.69188145374295
-10.682837928661314,9.800534362481137,9.711869857421364
-10.701450573818718,9.822093738155997,9.73185820945639
-10.720060245208257,9.84365582814018,9.751846509741737
-10.738666942730974,9.865220631999977,9.771834758171117
-10.757270666287926,9.886788149301662,9.791822954638242
-10.77587141578019,9.908358379611494,9.811811099036824
-10.794469191108849,9.92993132249572,9.831799191260572
-10.813063992175014,9.951506977520575,9.851787231203202
-10.831655818879804,9.97308534425227,9.871775218758424
-10.850244671124356,9.99466642225701,9.891763153819952
-10.868830548809823,10.016250211100985,9.9117510362815
-10.887413451837373,10.037836710350367,9.931738866036778
-10.90599338010819,10.059425919571316,9.951726642979501
-10.924570333523478,10.081017838329977,9.971714367003385
-10.94314431198445,10.102612466192479,9.991702038002144
-10.961715315392336,10.124209802724941,10.011689655869489
-10.980283343648388,10.145809847493462,10.03167722049914
-10.998848396653866,10.167412600064132,10.051664731784806
-11.01741047431005,10.189018060003022,10.071652189620208
-11.035969576518236,10.21062622687619,10.091639593899057
-11.054525703179735,10.232237100249684,10.111626944515072
-11.073078854195874,10.25385067968953,10.13161424136197
-11.091629029467994,10.275466964761746,10.151601484333463
-11.110176228897455,10.29708595503233,10.171588673323273
-11.12872045238563,10.318707650067271,10.191575808225112
-11.147261699833912,10.340332049432542,10.211562888932702
-11.165799971143706,10.361959152694098,10.231549915339757
-11.184335266216431,10.383588959417885,10.251536887339997
-11.202867584953525,10.405221469169831,10.27152380482714
-11.221396927256444,10.42685668151585,10.291510667694904
-11.239923293026658,10.448494596021845,10.311497475837008
-11.258446682165648,10.4701352122537,10.33148422914717
-11.276967094574918,10.491778529777287,10.351470927519111
-11.295484530155983,10.513424548158461,10.37145757084655
-11.313998988810376,10.53507326696307,10.391444159023207
-11.332510470439646,10.556724685756938,10.411430691942803
-11.351018974945356,10.578378804105883,10.431417169499056
-11.369524502229087,10.600035621575701,10.45140359158569
-11.388027052192433,10.621695137732178,10.471389958096424
-11.406526624737007,10.643357352141088,10.49137626892498
-11.425023219764437,10.665022264368186,10.511362523965081
-11.443516837176368,10.686689873979216,10.531348723110446
-11.462007476874456,10.708360180539904,10.551334866254798
-11.480495138760379,10.730033183615964,10.571320953291863
-11.498979822735825,10.751708882773094,10.591306984115363
-11.517461528702501,10.773387277576981,10.611292958619018
-11.535940256562132,10.795068367593299,10.631278876696554
-11.554416006216453,10.8167521523877,10.651264738241695
-11.572888777567222,10.838438631525827,10.671250543148163
-11.591358570516208,10.860127804573308,10.691236291309684
-11.609825384965195,10.881819671095757,10.711221982619982
-11.628289220815986,10.903514230658772,10.731207616972782
-11.646750077970397,10.925211482827939,10.75119319426181
-11.665207956330264,10.946911427168828,10.771178714380794
-11.683662855797433,10.968614063246994,10.791164177223454
-11.702114776273772,10.990319390627981,10.811149582683521
-11.720563717661161,11.012027408877314,10.831134930654722
-11.739009679861498,11.033738117560508,10.85112022103078
-11.757452662776695,11.055451516243062,10.871105453705423
-11.775892666308676,11.07716760449046,10.891090628572382
-11.794329690359392,11.098886381868173,10.91107574552538
-11.8127637348308,11.120607847941656,10.931060804458149
-11.831194799624875,11.142332002276351,10.951045805264416
-11.84962288464361,11.164058844437687,10.97103074783791
-11.868047989789012,11.185788373991073,10.991015632072358
-11.886470114963107,11.207520590501913,11.01100045786149
-11.90488926006793,11.22925549353559,11.030985225099036
-11.923305425005541,11.250993082657471,11.050969933678727
-11.94171860967801,11.272733357432916,11.070954583494293
-11.96012881398742,11.294476317427264,11.090939174439464
-11.978536037835879,11.316221962205844,11.110923706407972
-11.996940281125502,11.337970291333969,11.130908179293545
-12.015341543758424,11.359721304376937,11.150892592989917
-12.033739825636797,11.381475000900034,11.170876947390822
-12.052135126662785,11.40323138046853,11.190861242389987
-12.07052744673857,11.42499044264768,11.210845477881147
-12.088916785766353,11.446752187002726,11.230829653758034
-12.107303143648343,11.468516613098897,11.250813769914382
-12.125686520286772,11.490283720501406,11.270797826243925
-12.144066915583887,11.51205350877545,11.290781822640396
-12.162444329441946,11.533825977486217,11.310765758997528
-12.180818761763229,11.555601126198873,11.330749635209056
-12.199190212450027,11.577378954478576,11.350733451168717
-12.21755868140465,11.59915946189047,11.370717206770243
-12.235924168529422,11.62094264799968,11.390700901907369
-12.254286673726684,11.642728512371322,11.410684536473834
-12.272646196898792,11.664517054570496,11.43066811036337
-12.291002737948121,11.686308274162283,11.450651623469717
-12.309356296777056,11.708102170711758,11.470635075686609
-12.327706873288001,11.729898743783975,11.490618466907783
-12.346054467383375,11.751697992943978,11.510601797026979
-12.364399078965617,11.773499917756794,11.53058506593793
-12.382740707937176,11.795304517787436,11.550568273534376
-12.40107935420052,11.817111792600906,11.570551419710057
-12.419415017658133,11.838921741762187,11.59053450435871
-12.437747698212513,11.860734364836253,11.610517527374071
-12.456077395766176,11.882549661388058,11.630500488649885
-12.47440411022165,11.904367630982547,11.650483388079888
-12.492727841481484,11.926188273184646,11.67046622555782
-12.511048589448242,11.948011587559272,11.690449000977424
-12.529366354024502,11.969837573671324,11.710431714232435
-12.547681135112857,11.99166623108569,11.7304143652166
-12.565992932615917,12.013497559367238,11.750396953823657
-12.584301746436308,12.035331558080829,11.770379479947348
-12.602607576476672,12.057168226791303,11.790361943481413
-12.620910422639668,12.079007565063492,11.810344344319596
-12.639210284827968,12.10084957246221,11.83032668235564
-12.657507162944261,12.122694248552257,11.850308957483287
-12.675801056891256,12.144541592898419,11.87029116959628
-12.694091966571671,12.166391605065469,11.890273318588363
-12.712379891888244,12.188244284618166,11.910255404353281
-12.730664832743729,12.210099631121253,11.930237426784775
-12.748946789040893,12.231957644139461,11.950219385776592
-12.767225760682521,12.253818323237505,11.970201281222476
-12.785501747571415,12.275681667980086,11.990183113016174
-12.803774749610389,12.297547677931892,12.01016488105143
-12.822044766702279,12.319416352657594,12.03014658522199
-12.84031179874993,12.341287691721854,12.0501282254216
-12.858575845656208,12.363161694689316,12.070109801544005
-12.876836907323991,12.38503836112461,12.090091313482954
-12.895094983656177,12.406917690592353,12.110072761132194
-12.913350074555677,12.428799682657145,12.130054144385474
-12.931602179925418,12.450684336883576,12.15003546313654
-12.949851299668344,12.472571652836221,12.17001671727914
-12.968097433687415,12.494461630079638,12.189997906707022
-12.986340581885603,12.516354268178373,12.209979031313937
-13.004580744165903,12.53824956669696,12.229960090993634
-13.022817920431319,12.56014752519991,12.249941085639861
-13.041052110584875,12.582048143251733,12.269922015146369
-13.05928331452961,12.603951420416914,12.289902879406908
-13.077511532168579,12.62585735625993,12.30988367831523
-13.095736763404851,12.64776595034524,12.329864411765085
-13.113959008141515,12.669677202237294,12.349845079650224
-13.13217826628167,12.691591111500522,12.3698256818644
-13.150394537728436,12.713507677699342,12.389806218301365
-13.168607822384947,12.735426900398158,12.40978668885487
-13.186818120154353,12.757348779161363,12.429767093418668
-13.205025430939818,12.77927331355333,12.449747431886514
-13.223229754644525,12.801200503138423,12.46972770415216
-13.241431091171671,12.823130347480987,12.48970791010936
-13.25962944042447,12.845062846145359,12.509688049651867
-13.277824802306153,12.866997998695856,12.529668122673437
-13.296017176719962,12.888935804696784,12.549648129067824
-13.31420656356916,12.910876263712435,12.569628068728784
-13.332392962757023,12.932819375307087,12.589607941550074
-13.350576374186845,12.954765139045001,12.609587747425449
-13.368756797761934,12.976713554490429,12.629567486248662
-13.386934233385613,12.998664621207602,12.649547157913473
-13.405108680961225,13.020618338760745,12.669526762313637
-13.423280140392125,13.04257470671406,12.689506299342915
-13.441448611581686,13.064533724631744,12.709485768895062
-13.459614094433295,13.086495392077973,12.729465170863836
-13.47777658885036,13.108459708616913,12.749444505142996
-13.495936094736296,13.130426673812712,12.769423771626302
-13.514092611994542,13.152396287229507,12.789402970207512
-13.532246140528548,13.174368548431422,12.809382100780384
-13.55039668024178,13.196343456982563,12.82936116323868
-13.568544231037725,13.218321012447026,12.84934015747616
-13.586688792819881,13.24030121438889,12.869319083386584
-13.604830365491765,13.262284062372219,12.889297940863715
-13.622968948956904,13.284269555961068,12.909276729801311
-13.64110454311885,13.306257694719474,12.929255450093136
-13.659237147881164,13.328248478211458,12.949234101632952
-13.677366763147425,13.350241906001035,12.969212684314519
-13.695493388821228,13.372237977652194,12.989191198031603
-13.713617024806183,13.39423669272892,13.009169642677966
-13.731737671005916,13.416238050795181,13.029148018147371
-13.74985532732407,13.43824205141493,13.049126324333583
-13.767969993664304,13.460248694152105,13.069104561130365
-13.786081669930292,13.482257978570633,13.089082728431483
-13.804190356025723,13.504269904234425,13.109060826130701
-13.822296051854305,13.526284470707376,13.129038854121786
-13.84039875731976,13.54830167755337,13.149016812298502
-13.858498472325824,13.57032152433628,13.168994700554617
-13.876595196776252,13.592344010619955,13.188972518783894
-13.894688930574814,13.61436913596824,13.208950266880102
-13.912779673625295,13.636396899944959,13.22892794473701
-13.930867425831497,13.658427302113928,13.248905552248383
-13.948952187097237,13.680460342038945,13.268883089307991
-13.96703395732635,13.702496019283794,13.288860555809599
-13.985112736422682,13.724534333412247,13.30883795164698
-14.0031885242901,13.746575283988061,13.3288152767139
-14.021261320832485,13.768618870574977,13.34879253090413
-14.039331125953733,13.790665092736726,13.36876971411144
-14.05739793955776,13.812713950037022,13.3887468262296
-14.07546176154849,13.834765442039565,13.40872386715238
-14.093522591829872,13.856819568308044,13.428700836773553
-14.111580430305864,13.87887632840613,13.448677734986887
-14.129635276880443,13.900935721897483,13.468654561686156
-14.147687131457602,13.922997748345745,13.488631316765131
-14.165735993941349,13.94506240731455,13.508608000117587
-14.183781864235707,13.967129698367513,13.528584611637294
-14.201824742244717,13.989199621068236,13.548561151218026
-14.219864627872434,14.01127217498031,13.568537618753558
-14.237901521022932,14.033347359667308,13.588514014137662
-14.255935421600299,14.055425174692791,13.608490337264115
-14.273966329508637,14.077505619620306,13.628466588026692
-14.291994244652066,14.099588694013388,13.648442766319164
-14.310019166934723,14.121674397435553,13.66841887203531
-14.328041096260757,14.143762729450309,13.688394905068908
-14.346060032534337,14.165853689621143,13.708370865313729
-14.364075975659647,14.187947277511533,13.728346752663553
-14.382088925540886,14.210043492684944,13.748322567012158
-14.400098882082268,14.232142334704823,13.768298308253318
-14.418105845188025,14.254243803134605,13.788273976280813
-14.436109814762403,14.276347897537713,13.808249570988423
-14.454110790709667,14.298454617477553,13.828225092269925
-14.472108772934092,14.320563962517516,13.848200540019096
-14.490103761339975,14.342675932220983,13.86817591412972
-14.50809575583163,14.36479052615132,13.888151214495576
-14.526084756313377,14.386907743871877,13.90812644101044
-14.544070762689564,14.409027584945992,13.928101593568096
-14.562053774864546,14.431150048936988,13.948076672062324
-14.5800337927427,14.453275135408175,13.968051676386908
-14.598010816228415,14.475402843922847,13.988026606435627
-14.615984845226098,14.497533174044285,14.008001462102264
-14.63395587964017,14.51966612533576,14.027976243280602
-14.65192391937507,14.541801697360524,14.047950949864422
-14.66988896433525,14.563939889681816,14.067925581747511
-14.687851014425183,14.58608070186286,14.08790013882365
-14.705810069549354,14.608224133466871,14.107874620986625
-14.723766129612263,14.630370184057046,14.12784902813022
-14.74171919451843,14.652518853196568,14.14782336014822
-14.759669264172388,14.674670140448608,14.16779761693441
-14.777616338478683,14.696824045376323,14.187771798382576
-14.795560417341886,14.718980567542852,14.207745904386504
-14.813501500666574,14.741139706511326,14.227719934839982
-14.831439588357346,14.76330146184486,14.247693889636794
-14.849374680318817,14.785465833106553,14.267667768670732
-14.867306776455614,14.80763281985949,14.28764157183558
-14.885235876672382,14.829802421666747,14.307615299025128
-14.903161980873783,14.85197463809138,14.327588950133164
-14.921085088964492,14.874149468696436,14.347562525053476
-14.939005200849206,14.896326913044945,14.367536023679856
-14.95692231643263,14.918506970699923,14.38750944590609
-14.97483643561949,14.940689641224376,14.407482791625974
-14.992747558314528,14.962874924181289,14.427456060733293
-15.0106556844225,14.98506281913364,14.447429253121841
-15.028560813848179,15.00725332564439,14.467402368685407
-15.046462946496352,15.029446443276488,14.487375407317787
-15.064362082271822,15.051642171592865,14.50734836891277
-15.082258221079414,15.073840510156442,14.527321253364148
-15.100151362823961,15.096041458530125,14.547294060565717
-15.118041507410318,15.118245016276807,14.56726679041127
-15.13592865474335,15.140451182959366,14.587239442794601
-15.153812804727941,15.162659958140663,14.607212017609504
-15.171693957268994,15.184871341383552,14.627184514749773
-15.189572112271422,15.20708533225087,14.647156934109203
-15.20744726964016,15.229301930305438,14.66712927558159
-15.225319429280153,15.251521135110064,14.68710153906073
-15.243188591096366,15.273742946227545,14.707073724440422
-15.261054754993781,15.29596736322066,14.72704583161446
-15.27891792087739,15.318194385652179,14.74701786047664
-15.296778088652205,15.340424013084853,14.766989810920762
-15.314635258223255,15.362656245081423,14.786961682840623
-15.332489429495585,15.384891081204614,14.806933476130023
-15.350340602374253,15.407128521017137,14.826905190682758
-15.368188776764335,15.429368564081692,14.84687682639263
-15.386033952570921,15.45161120996096,14.866848383153439
-15.40387612969912,15.473856458217616,14.886819860858983
-15.421715308054052,15.496104308414314,14.906791259403064
-15.43955148754086,15.518354760113695,14.926762578679483
-15.457384668064698,15.54060781287839,14.946733818582041
-15.475214849530737,15.562863466271011,14.96670497900454
-15.493042031844164,15.585121719854163,14.986676059840782
-15.51086621491018,15.607382573190431,15.00664706098457
-15.528687398634007,15.62964602584239,15.026617982329707
-15.54650558292088,15.6519120773726,15.046588823769998
-15.564320767676048,15.674180727343606,15.066559585199245
-15.582132952804777,15.69645197531794,15.086530266511254
-15.599942138212352,15.718725820858118,15.106500867599827
-15.617748323804072,15.741002263526648,15.126471388358773
-15.635551509485248,15.763281302886018,15.146441828681896
-15.653351695161215,15.785562938498707,15.166412188463001
-15.671148880737316,15.807847169927175,15.186382467595896
-15.688943066118917,15.830133996733874,15.206352665974388
-15.706734251211394,15.852423418481239,15.226322783492282
-15.724522435920141,15.87471543473169,15.246292820043388
-15.74230762015057,15.897010045047637,15.266262775521515
-15.760089803808107,15.919307248991473,15.28623264982047
-15.777868986798195,15.941607046125577,15.306202442834064
-15.79564516902629,15.963909436012317,15.326172154456104
-15.813418350397868,15.986214418214045,15.346141784580402
-15.831188530818418,16.0085219922931,15.366111333100767
-15.848955710193446,16.03083215781181,15.386080799911012
-15.866719888428475,16.053144914332478,15.406050184904945
-15.884481065429044,16.07546026141741,15.426019487976381
-15.902239241100707,16.097778198628884,15.44598870901913
-15.91999441534903,16.120098725529175,15.465957847927006
-15.937746588079603,16.142421841680534,15.485926904593821
-15.955495759198028,16.164747546645206,15.505895878913389
-15.97324192860992,16.187075839985418,15.525864770779524
-15.990985096220914,16.20940672126339,15.54583358008604
-16.00872526193666,16.23174019004132,15.56580230672675
-16.026462425662825,16.254076245881397,15.585770950595473
-16.044196587305088,16.27641488834579,15.605739511586021
-16.061927746769147,16.29875611699666,15.625707989592215
-16.079655903960717,16.321099931396155,15.645676384507867
-16.097381058785526,16.343446331106406,15.665644696226796
-16.115103211149325,16.365795315689535,15.685612924642818
-16.13282236095787,16.388146884707645,15.705581069649753
-16.15053850811694,16.410501037722828,15.725549131141417
-16.168251652532327,16.432857774297155,15.745517109011631
-16.18596179410984,16.455217093992697,15.765485003154213
-16.203668932755306,16.477578996371502,15.785452813462982
-16.221373068374564,16.499943480995604,15.805420539831758
-16.23907420087348,16.52231054742703,15.825388182154363
-16.256772330157915,16.54468019522778,15.845355740324617
-16.274467456133767,16.567052423959858,15.865323214236343
-16.292159578706936,16.58942723318524,15.88529060378336
-16.309848697783348,16.611804622465897,15.905257908859493
-16.327534813268937,16.63418459136378,15.925225129358564
-16.345217925069655,16.65656713944083,15.945192265174397
-16.362898033091472,16.678952266258978,15.965159316200813
-16.380575137240378,16.70133997138013,15.985126282331638
-16.398249237422366,16.72373025436619,16.005093163460696
-16.415920333543458,16.74612311477904,16.025059959481815
-16.433588425509686,16.768518552180552,16.045026670288816
-16.4512535132271,16.79091656613258,16.064993295775526
-16.468915596601768,16.813317156196977,16.084959835835775
-16.486574675539764,16.835720321935568,16.104926290363384
-16.504230749947187,16.85812606291017,16.124892659252186
-16.52188381973015,16.880534378682583,16.144858942396002
-16.539533884794782,16.9029452688146,16.16482513968867
-16.557180945047232,16.925358732868,16.184791251024013
-16.574825000393655,16.947774770404536,16.204757276295858
-16.59246605074023,16.970193380985965,16.224723215398036
-16.61010409599315,16.99261456417402,16.24468906822438
-16.627739136058622,17.01503831953042,16.264654834668715
-16.64537117084287,17.037464646616872,16.284620514624876
-16.663000200252142,17.05989354499507,16.304586107986697
-16.680626224192686,17.082325014226694,16.324551614648005
-16.69824924257078,17.10475905387341,16.344517034502633
-16.71586925529271,17.12719566349687,16.364482367444417
-16.73348626226478,17.149634842658713,16.384447613367186
-16.75110026339331,17.172076590920568,16.404412772164775
-16.76871125858464,17.19452090784404,16.42437784373102
-16.786319247745123,17.216967792990737,16.444342827959755
-16.803924230781124,17.239417245922233,16.464307724744813
-16.82152620759903,17.2618692662001,16.484272533980032
-16.839125178105245,17.2843238533859,16.50423725555925
-16.85672114220618,17.306781007041174,16.5242018893763
-16.874314099808267,17.329240726727452,16.54416643532502
-16.891904050817956,17.351703012006247,16.56413089329925
-16.909490995141716,17.374167862439062,16.584095263192822
-16.927074932686022,17.39663527758739,16.604059544899577
-16.944655863357372,17.419105257012703,16.624023738313355
-16.962233787062278,17.441577800276463,16.643987843327995
-16.97980870370727,17.46405290694012,16.66395185983734
-16.99738061319889,17.4865305765651,16.683915787735224
-17.0149495154437,17.509010808712834,16.70387962691549
-17.032515410348278,17.531493602944725,16.723843377271983
-17.050078297819212,17.553978958822164,16.743807038698538
-17.06763817776311,17.576466875906533,16.763770611089
-17.085195050086604,17.5989573537592,16.783734094337216
-17.102748914696328,17.62145039194151,16.803697488337026
-17.120299771498942,17.64394599001481,16.82366079298227
-17.137847620401118,17.666444147540425,16.8436240081668
-17.155392461309543,17.68894486407966,16.863587133784453
-17.17293429413092,17.711448139193813,16.883550169729077
-17.190473118771965,17.733953972444176,16.903513115894516
-17.208008935139425,17.756462363392014,16.923475972174618
-17.225541743140045,17.778973311598588,16.94343873846323
-17.243071542680596,17.80148681662514,16.963401414654193
-17.260598333667865,17.8240028780329,16.983364000641362
-17.27812211600865,17.846521495383087,17.003326496318582
-17.295642889609763,17.869042668236897,17.0232889015797
-17.31316065437804,17.891566396155525,17.043251216318566
-17.330675410220334,17.914092678700143,17.06321344042903
-17.348187157043505,17.936621515431916,17.083175573804944
-17.36569589475443,17.959152905911996,17.10313761634015
-17.38320162326001,17.98168684970151,17.123099567928506
-17.400704342467154,18.004223346361584,17.14306142846386
-17.418204052282793,18.02676239545332,17.16302319784007
-17.43570075261387,18.04930399653782,17.18298487595098
-17.453194443367344,18.071848149176162,17.202946462690445
-17.470685124450196,18.09439485292941,17.22290795795232
-17.488172795769415,18.11694410735862,17.242869361630458
-17.505657457232008,18.139495912024834,17.262830673618716
-17.523139108745006,18.162050266489075,17.282791893810945
-17.540617750215443,18.184607170312354,17.302753022100998
-17.55809338155038,18.207166623055677,17.322714058382733
-17.57556600265688,18.229728624280025,17.34267500255001
-17.593035613442044,18.25229317354637,17.36263585449668
-17.610502213812968,18.27486027041567,17.382596614116604
-17.627965803676776,18.29742991444887,17.402557281303636
-17.645426382940602,18.320002105206903,17.422517855951636
-17.6628839515116,18.34257684225069,17.442478337954462
-17.680338509296934,18.36515412514113,17.462438727205974
-17.697790056203797,18.387733953439117,17.482399023600035
-17.715238592139386,18.410316326705527,17.502359227030496
-17.732684117010916,18.432901244501224,17.522319337391227
-17.750126630725617,18.45548870638706,17.54227935457608
-17.767566133190744,18.47807871192387,17.562239278478927
-17.785002624313556,18.50067126067248,17.582199108993624
-17.802436104001337,18.523266352193698,17.60215884601403
-17.81986657216138,18.545863986048317,17.622118489434015
-17.837294028701,18.56846416179712,17.64207803914744
-17.854718473527523,18.59106687900088,17.662037495048164
-17.8721399065483,18.61367213722035,17.681996857030057
-17.889558327670684,18.636279936016276,17.701956124986985
-17.906973736802055,18.658890274949382,17.721915298812814
-17.924386133849804,18.681503153580387,17.741874378401405
-17.941795518721342,18.704118571469987,17.761833363646627
-17.959201891324096,18.726736528178872,17.78179225444235
-17.976605251565502,18.749357023267716,17.801751050682437
-17.99400559935302,18.771980056297185,17.82170975226076
-18.01140293459412,18.794605626827924,17.841668359071182
-18.028797257196292,18.81723373442057,17.861626871007577
-18.04618856706704,18.839864378635735,17.881585287963812
-18.063576864113884,18.862497559034033,17.90154360983376
-18.08096214824436,18.885133275176056,17.921501836511286
-18.098344419366025,18.907771526622383,17.941459967890264
-18.115723677386445,18.930412312933584,17.961418003864566
-18.133099922213205,18.953055633670207,17.981375944328065
-18.150473153753907,18.975701488392794,18.001333789174634
-18.16784337191617,18.998349876661877,18.021291538298144
-18.185210576607624,19.02100079803796,18.04124919159247
-18.202574767735914,19.04365425208155,18.061206748951488
-18.219935945208714,19.066310238353125,18.081164210269066
-18.2372941089337,19.088968756413163,18.101121575439084
-18.254649258818564,19.11162980582212,18.12107884435542
-18.272001394771028,19.134293386140442,18.141036016911944
-18.289350516698818,19.15695949692856,18.160993093002535
-18.30669662450968,19.179628137746896,18.180950072521075
-18.324039718111372,19.202299308155855,18.200906955361432
-18.341379797411673,19.224973007715825,18.220863741417492
-18.358716862318374,19.247649235987186,18.240820430583135
-18.376050912739288,19.2703279925303,18.260777022752237
-18.39338194858224,19.293009276905526,18.280733517818675
-18.410709969755064,19.315693088673193,18.300689915676333
-18.428034976165627,19.33837942739363,18.32064621621909
-18.4453569677218,19.361068292627145,18.340602419340826
-18.46267594433147,19.383759683934038,18.360558524935424
-18.47999190590254,19.406453600874592,18.38051453289677
-18.497304852342936,19.42915004300908,18.400470443118742
-18.514614783560596,19.451849009897757,18.420426255495226
-18.53192169946347,19.474550501100868,18.440381969920104
-18.54922559995953,19.497254516178643,18.460337586287263
-18.56652648495676,19.519961054691297,18.480293104490585
-18.583824354363163,19.542670116199034,18.50024852442396
-18.601119208086757,19.565381700262044,18.520203845981268
-18.618411046035575,19.58809580644051,18.5401590690564
-18.635699868117666,19.610812434294587,18.560114193543242
-18.652985674241098,19.63353158338443,18.58006921933568
-18.670268464313946,19.656253253270172,18.600024146327602
-18.687548238244315,19.67897744351194,18.6199789744129
-18.704824995940317,19.70170415366984,18.63993370348546
-18.722098737310084,19.72443338330397,18.659888333439174
-18.73936946226176,19.747165131974416,18.679842864167927
-18.756637170703506,19.769899399241243,18.699797295565613
-18.773901862543497,19.792636184664506,18.719751627526126
-18.791163537689933,19.81537548780425,18.739705859943356
-18.80842219605102,19.838117308220504,18.759659992711196
-18.825677837534986,19.860861645473285,18.779614025723536
-18.842930462050074,19.883608499122595,18.79956795887427
-18.86018006950454,19.906357868728424,18.819521792057294
-18.877426659806662,19.929109753850742,18.839475525166502
-18.894670232864726,19.95186415404952,18.85942915809579
-18.911910788587043,19.9746210688847,18.87938269073905
-18.929148326881933,19.997380497916225,18.899336122990178
-18.946382847657734,20.02014244070401,18.919289454743073
-18.963614350822798,20.042906896807967,18.93924268589163
-18.9808428362855,20.065673865787993,18.95919581632975
-18.998068303954227,20.088443347203967,18.97914884595133
-19.01529075373738,20.11121534061576,18.999101774650264
-19.032510185543373,20.13398984558323,19.019054602320455
-19.049726599280646,20.156766861666213,19.039007328855803
-19.066939994857652,20.179546388424544,19.058959954150207
-19.084150372182854,20.202328425418035,19.07891247809757
-19.101357731164736,20.22511297220649,19.098864900591796
-19.118562071711793,20.247900028349694,19.118817221526783
-19.135763393732546,20.270689593407425,19.13876944079643
-19.152961697135524,20.293481666939442,19.158721558294648
-19.170156981829273,20.3162762485055,19.178673573915333
-19.187349247722356,20.339073337665326,19.198625487552395
-19.20453849472335,20.36187293397865,19.218577299099735
-19.22172472274086,20.384675037005177,19.23852900845126
-19.23890793168349,20.407479646304605,19.258480615500872
-19.256088121459864,20.430286761436612,19.278432120142483
-19.273265291978632,20.45309638196087,19.298383522269997
-19.29043944314845,20.47590850743703,19.31833482177732
-19.307610574877994,20.49872313742474,19.33828601855836
-19.32477868707596,20.521540271483627,19.358237112507027
-19.341943779651046,20.544359909173302,19.37818810351723
-19.359105852511984,20.567182050053372,19.398138991482877
-19.37626490556751,20.590006693683424,19.418089776297883
-19.39342093872638,20.612833839623036,19.438040457856154
-19.41057395189737,20.635663487431767,19.457991036051602
-19.427723944989264,20.658495636669166,19.47794151077814
-19.444870917910865,20.68133028689477,19.49789188192968
-19.462014870570997,20.7041674376681,19.517842149400128
-19.47915580287849,20.727007088548667,19.537792313083408
-19.496293714742205,20.749849239095965,19.557742372873424
-19.513428606071002,20.77269388886948,19.5776923286641
-19.53056047677377,20.795541037428674,19.597642180349343
-19.547689326759407,20.818390684333007,19.617591927823074