
-0.8017959385479978,-0.13322093044506345,-0.25863668614670837
-0.8218147327717975,-0.11310253418948873,-0.23863652536636987
-0.8418306057632264,-0.09298121854359717,-0.21863636331706887
-0.8618435574158491,-0.07285698393343813,-0.19863620010515726
-0.8818535876232453,-0.05272983078507653,-0.178636035836987
-0.9018606962790108,-0.0325997595245928,-0.15863587061891005
-0.9218648832767568,-0.012466770578082896,-0.13863570455727833
-0.9418661485101099,0.0076691356283417125,-0.11863553775844381
-0.9618644918727123,0.027807958668554043,-0.09863537032875845
-0.9818599132582218,0.0479496981164116,-0.07863520237457423
-1.0018524125603114,0.06809435354575641,-0.05863503400224311
-1.0218419896726703,0.08824192453041493,-0.038634865318117044
-1.0418286444890026,0.10839241064419818,-0.018634696428548005
-1.0618123769030283,0.12854581146090163,0.0013654725601120292
-1.0817931868084827,0.1487021265543053,0.021365641541511094
-1.101771074099117,0.16886135549817363,0.04136581040929721
-1.1217460386686975,0.1890234978662557,0.06136597905711842
-1.1417180804110063,0.20918855323228494,0.08136614737862274
-1.1616871992198412,0.2293565211699794,0.1013663152674582
-1.1816533949890151,0.2495274012530416,0.12136648261727286
-1.2016166676123567,0.2697011930551586,0.14136664932171472
-1.2215770169837104,0.289877896150002,0.16136681527443184
-1.2415344429969355,0.31005751011122773,0.18136698036907228
-1.2614889455459077,0.3302400345124766,0.20136714449928406
-1.281440524524518,0.3504254689273736,0.22136730755871525
-1.3013891798266726,0.3706138129295284,0.2413674694410139
-1.3213349113462933,0.3908050660925352,0.26136763003982805
-1.341277718977318,0.4109992279899727,0.28136778924880584
-1.3612176026136995,0.4311962981954041,0.30136794696159536
-1.3811545621494064,0.4513962762823773,0.3213681030718446
-1.4010885974784228,0.47159916182442446,0.3413682574732017
-1.4210197084947487,0.49180495439506255,0.3613684100593148
-1.4409478950923988,0.5120136535677929,0.381368560723832
-1.4608731571654043,0.5322252589161015,0.4013687093604014
-1.4807954946078117,0.5524397700134588,0.42136885586267114
-1.5007149073136827,0.5726571864333199,0.44136900012428937
-1.5206313951770947,0.5928775077491243,0.4613691420389043
-1.5405449580921406,0.6131007335342961,0.48136928150016406
-1.5604555959529294,0.633326863362244,0.5013694184017169
-1.5803633086535847,0.6535558968063613,0.5213695526372109
-1.6002680960882465,0.6737878334400259,0.5413696841002943
-1.6201699581510698,0.6940226728366,0.5613698126846154
-1.6400688947362256,0.7142604145694307,0.5813699382838224
-1.6599649057379002,0.7345010582118494,0.6013700607915636
-1.6798579910502953,0.7547446033371722,0.6213701801014873
-1.6997481505676284,0.7749910495186998,0.6413702961072416
-1.7196353841841328,0.7952403963297173,0.661370408702475
-1.7395196917940567,0.8154926433434946,0.6813705177808358
-1.7594010732916645,0.8357477901332859,0.7013706232359722
-1.7792795285712357,0.8560058362723304,0.7213707249615328
-1.7991550575270656,0.8762667813338515,0.7413708228511657
-1.8190276600534652,0.8965306248910573,0.7613709167985195
-1.8388973360447605,0.9167973665171405,0.7813710066972427
-1.8587640853952936,0.9370670057852785,0.8013710924409836
-1.8786279079994221,0.957339542268633,0.8213711739233908
-1.898488803751519,0.9776149755403507,0.8413712510381126
-1.9183467725459729,0.9978933051735626,0.8613713236787978
-1.938201814277188,1.0181745307413843,0.8813713917390946
-1.958053928839584,1.038458651816916,0.9013714551126519
-1.9779031161275962,1.058745667973243,0.9213715136931181
-1.9977493760356757,1.0790355787834345,0.9413715673741418
-2.0175927084582885,1.0993283838205445,0.9613716160493717
-2.037433113289917,1.1196240826576118,0.9813716596124564
-2.0572705904250586,1.1399226748676596,1.0013716979570448
-2.0771051397582267,1.160224160023696,1.0213717309767854
-2.09693676118395,1.1805285376987134,1.0413717585653268
-2.1167654545967727,1.200835807465689,1.061371780616318
-2.1365912198912547,1.2211459688975848,1.0813717970234082
-2.156414056961971,1.2414590215673469,1.1013718076802457
-2.176233965703513,1.2617749650479064,1.1213718124804795
-2.196050946010487,1.2820937989121792,1.1413718113177584
-2.2158649977775156,1.3024155227330654,1.1613718040857315
-2.235676120899236,1.3227401360834496,1.1813717906780479
-2.255484315270302,1.343067638536202,1.2013717709883562
-2.2752895807853823,1.3633980296641763,1.2213717449103059
-2.2950919173391613,1.3837313090402117,1.2413717123375458
-2.3148913248263385,1.4040674762371312,1.261371673163725
-2.3346878031416303,1.4244065308277434,1.2813716272824924
-2.3544813521797674,1.444748472384841,1.3013715745874976
-2.3742719718354968,1.4650933004812012,1.3213715149723897
-2.3940596620035803,1.4854410146895862,1.3413714483308177
-2.4138444225787965,1.5057916145827428,1.361371374556431
-2.4336262534559383,1.5261450997334023,1.3813712935428792
-2.4534051545298157,1.5465014697142805,1.4013712051838114
-2.4731811256952523,1.5668607240980785,1.4213711093728771
-2.4929541668470883,1.5872228624574813,1.4413710060037255
-2.51272427788018,1.607587884365159,1.4613708949700064
-2.532491458689399,1.6279557893937664,1.481370776165369
-2.5522557091696316,1.6483265771159428,1.501370649483463
-2.5720170292157807,1.6687002471043122,1.5213705148179382
-2.591775418722764,1.6890767989314834,1.541370372062444
-2.611530877585516,1.7094562321700497,1.5613702211106302
-2.6312834056989853,1.729838546392589,1.5813700618561464
-2.6510330029581373,1.7502237411716641,1.6013698941926424
-2.6707796692579517,1.7706118160798228,1.6213697180137683
-2.690523404493425,1.7910027706895968,1.6413695332131737
-2.7102642085595687,1.811396604573503,1.6613693396845086
-2.7300020813514108,1.8317933173040428,1.681369137321423
-2.7497370227639926,1.8521929084537025,1.7013689260175666
-2.7694690326923737,1.8725953775949529,1.7213687056665896
-2.7891981110316277,1.8930007243002496,1.7413684761621424
-2.808924257676844,1.9134089481420327,1.7613682373978747
-2.8286474725231283,1.9338200486927273,1.781367989267437
-2.848367755465601,1.954234025524743,1.8013677316644794
-2.868085106399398,1.9746508782104741,1.821367464482652
-2.887799525219672,1.9950706063222998,1.8413671876156057
-2.9075110118215903,2.015493209432584,1.8613669009569904
-2.9272195661003355,2.0359186871136745,1.8813666044004569
-2.946925187951107,2.056347038937905,1.9013662978396555
-2.9666278772691186,2.076778264477594,1.9213659811682366
-2.9863276339496005,2.0972123633050437,1.9413656542798512
-3.006024457887798,2.117649334992541,1.9613653170681498
-3.025718348978972,2.138089179112358,1.9813649694267832
-3.0454093071183994,2.1585318952367527,2.001364611249402
-3.0650973322013724,2.1789774829379653,2.021364242429657
-3.0847824241231994,2.1994259417882227,2.0413638628611994
-3.1044645827792032,2.219877271359736,2.06136347243768
-3.1241438080647232,2.2403314712247,2.0813630710527495
-3.143820099875114,2.2607885409552964,2.1013626586000593
-3.1634934581057457,2.2812484801236894,2.121362234973261
-3.1831638826520043,2.30171128830203,2.1413618000660044
-3.2028313734092917,2.322176965062452,2.161361353771942
-3.2224959302730243,2.3426455099770753,2.1813608959847244
-3.2421575531386346,2.3631169226180044,2.2013604265980034
-3.2618162419015717,2.3835912025573274,2.22135994550543
-3.2814719964572987,2.4040683493671184,2.241359452600656
-3.3011248167012957,2.4245483626194364,2.261358947777333
-3.3207747025290573,2.4450312418863236,2.2813584309291124
-3.3404216538360942,2.465516986739809,2.301357901949646
-3.360065670517933,2.486005596751905,2.3213573607325855
-3.3797067524701148,2.5064970714946084,2.3413568071715827
-3.399344899588198,2.5269914105399023,2.3613562411602893
-3.4189801117677554,2.5474886134597536,2.3813556625923575
-3.438612388904376,2.5679886798261133,2.401355071361439
-3.4582417308936635,2.588491609210919,2.421354467361186
-3.477868137631238,2.6089974011860915,2.4413538504852514
-3.497491609012735,2.629506055323537,2.461353220627286
-3.5171121449338063,2.650017571195147,2.4813525776809433
-3.5367297452901183,2.670531948372796,2.501351921539875
-3.556344409977353,2.6910491864283452,2.5213512520977335
-3.575956138891209,2.71156928493364,2.5413505692481713
-3.595564931927399,2.7320922434605106,2.5613498728848416
-3.6151707889816524,2.752618061580771,2.5813491629013963
-3.6347737099497146,2.773146738866222,2.6013484391914883
-3.6543736947273455,2.7936782748886473,2.6213477016487703
-3.6739707432103215,2.8142126692198164,2.6413469501668954
-3.693564855294434,2.834749921431483,2.6613461846395166
-3.71315603087549,2.8552900310953864,2.6813454049602865
-3.732744269849313,2.8758329977832497,2.7013446110228583
-3.752329572111741,2.8963788210667816,2.7213438027208854
-3.7719119375586287,2.916927500517675,2.7413429799480205
-3.791491366085845,2.937479035707609,2.7613421425979174
-3.8110678575892756,2.9580334262082455,2.7813412905642294
-3.8306414119648213,2.978590671591233,2.8013404237406094
-3.850212029108399,2.9991507714282037,2.821339542020712
-3.8697797089159414,3.0197137252907744,2.84133864529819
-3.889344451283395,3.040279532750548,2.8613377334666974
-3.908906256106724,3.0608481933791114,2.881336806419888
-3.928465123281907,3.081419706748036,2.9013358640514153
-3.9480210527049393,3.1019940724288784,2.9213349062549336
-3.9675740442718306,3.122571289993181,2.941333932924097
-3.987124097878607,3.143151359012469,2.961332943952559
-4.006671213421311,3.163734279058254,2.9813319392339745
-4.026215390795998,3.1843200497020323,3.0013309186619974
-4.045756629898742,3.2049086705152847,3.021329882130282
-4.065294930625631,3.2255001410694764,3.0413288295324827
-4.08483029287277,3.2460944609360585,3.0613277607622544
-4.1043627165362775,3.2666916296864663,3.0813266757132514
-4.123892201512289,3.2872916468921196,3.101325574279129
-4.143418747696956,3.307894512124424,3.121324456353541
-4.162942354986444,3.3285002249547686,3.141323321830143
-4.182463023276935,3.349108784954529,3.1613221706025896
-4.201980752464629,3.3697201916950648,3.1813210025645358
-4.221495542445738,3.39033444474772,3.201319817609637
-4.241007393116491,3.4109515436838245,3.2213186156315485
-4.260516304373132,3.431571488074692,3.2413173965239253
-4.280022276111922,3.4521942774916226,3.2613161601804226
-4.299525308229138,3.472819911505899,3.2813149064946967
-4.3190254006210695,3.493448389688791,3.3013136353604025
-4.338522553184025,3.514079711611552,3.321312346671196
-4.358016765814328,3.534713876845421,3.3413110403207327
-4.377508038408315,3.555350884961621,3.361309716202669
-4.396996370862342,3.5759907355313607,3.3813083742106604
-4.4164817630727775,3.596633428125833,3.4013070142383635
-4.435964214936008,3.617278962316217,3.421305636179434
-4.455443726348433,3.6379273376736747,3.4413042399275278
-4.47492029720647,3.6585785537693543,3.461302825376302
-4.494393927406551,3.6792326101743886,3.4813013924194127
-4.513864616845125,3.699889506459896,3.5012999409505166
-4.533332365418655,3.7205492421969786,3.52129847086327
-4.552797173023619,3.7412118169567234,3.54129698205133
-4.5722590395565135,3.7618772303102035,3.561295474408353
-4.591717964913848,3.782545481828476,3.5812939478279966
-4.61117394899215,3.803216571082584,3.601292402203917
-4.63062699168796,3.8238904976435535,3.6212908374297728
-4.650077092897835,3.8445672610823967,3.6412892533992194
-4.6695242525183485,3.865246860970111,3.6612876500059155
-4.68896847044609,3.8859292968776784,3.681286027143518
-4.708409746577663,3.906614568376065,3.701284384705685
-4.727848080809688,3.9273026750362234,3.721282722586073
-4.7472834730388,3.94799361642909,3.741281040678341
-4.76671592316165,3.968687392125586,3.7612793388761463
-4.786145431074906,3.989384001696618,3.7812776170731466
-4.8055719966752495,4.010083444713078,3.8012758751630003
-4.824995619859379,4.0307857207458415,3.8212741130393657
-4.844416300524009,4.051490829365771,3.8412723305959013
-4.8638340385658685,4.072198770143712,3.8612705277262647
-4.883248833881702,4.092909542650495,3.881268704324115
-4.902660686368272,4.113623146456937,3.9012668602831106
-4.922069595922353,4.134339581133839,3.9212649954969105
-4.941475562440738,4.155058846251987,3.9412631098591735
-4.960878585820235,4.175780941382152,3.9612612032635584
-4.980278665957667,4.19650586609509,3.9812592756037244
-4.999675802749873,4.217233619961542,4.001257326773331
-5.019069996093707,4.2379642025522335,4.021255356666036
-5.03846124588604,4.258697613437876,4.041253365175501
-5.057849552023759,4.279433852189165,4.0612513521953835
-5.077234914403764,4.30017291837678,4.081249317619345
-5.096617332922974,4.320914811571388,4.101247261341044
-5.115996807478321,4.341659531343639,4.121245183254141
-5.135373337966753,4.3624070772641685,4.141243083252295
-5.154746924285234,4.3831574489035985,4.161240961229168
-5.174117566330747,4.403910645832533,4.181238817078418
-5.193485264000284,4.424666667621564,4.201236650693706
-5.212850017190857,4.445425513841264,4.221234461968693
-5.232211825799494,4.466187184062196,4.241232250797038
-5.251570689723238,4.486951677854906,4.261230017072404
-5.2709266088591455,4.507718994789923,4.281227760688451
-5.29027958310429,4.528489134437764,4.3012254815388395
-5.309629612355764,4.549262096368927,4.321223179517231
-5.328976696510669,4.570037880153899,4.341220854517287
-5.348320835466128,4.590816485363152,4.361218506432667
-5.367662029119277,4.611597911567138,4.381216135157035
-5.387000277367268,4.632382158336299,4.40121374058405
-5.40633558010727,4.653169225241062,4.421211322607375
-5.425667937236465,4.673959111851836,4.441208881120672
-5.444997348652053,4.694751817739016,4.461206416017602
-5.464323814251248,4.715547342472983,4.481203927191828
-5.483647333931282,4.736345685624103,4.501201414537011
-5.5029679075894,4.757146846762726,4.521198877946815
-5.522285535122864,4.777950825459187,4.541196317314901
-5.541600216428951,4.798757621283807,4.561193732534931
-5.560911951404955,4.8195672338068904,4.581191123500569
-5.580220739948184,4.840379662598729,4.6011884901054785
-5.5995265819559625,4.861194907229599,4.621185832243321
-5.618829477325631,4.882012967269761,4.641183149807759
-5.6381294259545465,4.902833842289459,4.661180442692458
-5.657426427740079,4.9236575318589235,4.681177710791079
-5.676720482579616,4.944484035548372,4.7011749539972865
-5.696011590370561,4.965313352928004,4.721172172204744
-5.715299751010331,4.986145483568006,4.741169365307115
-5.734584964396362,5.006980427038548,4.761166533198064
-5.753867230426102,5.027818182909787,4.781163675771254
-5.773146548997017,5.048658750751862,4.80116079292035
-5.792422920006589,5.069502130134901,4.821157884539016
-5.811696343352314,5.0903483206290145,4.841154950520917
-5.830966818931706,5.111197321804298,4.861151990759716
-5.850234346642291,5.132049133230833,4.881149005149078
-5.869498926381615,5.152903754478685,4.901145993582669
-5.888760558047236,5.173761185117906,4.921142955954153
-5.9080192415367305,5.194621424718531,4.941139892157195
-5.927274976747689,5.215484472850583,4.961136802085461
-5.946527763577717,5.236350329084067,4.981133685632616
-5.965777601924438,5.257218992988976,5.001130542692326
-5.98502449168549,5.278090464135286,5.021127373158254
-6.004268432758526,5.298964742092958,5.04112417692407
-6.023509425041215,5.319841826431939,5.061120953883436
-6.042747468431243,5.340721716722161,5.081117703930021
-6.06198256282631,5.36160441253354,5.101114426957489
-6.081214708124133,5.382489913435978,5.121111122859508
-6.100443904222443,5.4033782189993635,5.141107791529744
-6.119670151018989,5.424269328793567,5.161104432861864
-6.138893448411532,5.445163242388446,5.181101046749533
-6.1581137962978545,5.466059959353844,5.20109763308642
-6.177331194575749,5.486959479259587,5.22109419176619
-6.196545643143026,5.507861801675488,5.241090722682514
-6.215757141897513,5.528766926171344,5.261087225729055
-6.234965690737051,5.549674852316938,5.281083700799483
-6.2541712895594985,5.570585579682039,5.301080147787466
-6.273373938262727,5.591499107836397,5.32107656658667
-6.292573636744627,5.612415436349753,5.341072957090764
-6.311770384903101,5.633334564791829,5.361069319193415
-6.33096418263607,5.654256492732332,5.381065652788293
-6.35015502984147,5.675181219740957,5.401061957769066
-6.369342926417254,5.696108745387382,5.4210582340294025
-6.388527872261387,5.717039069241269,5.44105448146297
-6.407709867271855,5.73797219087227,5.461050699963439
-6.426888911346655,5.758908109850016,5.481046889424478
-6.446065004383801,5.7798468257441264,5.501043049739756
-6.465238146281323,5.800788338124205,5.521039180802943
-6.4844083369372685,5.821732646559841,5.541035282507708
-6.503575576249697,5.84267975062061,5.56103135474772
-6.522739864116687,5.86362964987607,5.5810273974166495
-6.541901200436332,5.884582343895766,5.601023410408167
-6.5610595851067375,5.9055378322492285,5.621019393615941
-6.58021501802603,5.926496114505972,5.641015346933643
-6.59936749909235,5.947457190235496,5.661011270254943
-6.618517028203852,5.9684210590072855,5.681007163473512
-6.637663605258708,5.989387720390811,5.701003026483021
-6.6568072301551044,6.010357173955528,5.720998859177141
-6.675947902791244,6.031329419270877,5.740994661449542
-6.695085623065346,6.052304455906284,5.760990433193896
-6.714220390875644,6.073282283431159,5.780986174303875
-6.733352206120387,6.0942629014149,5.800981884673149
-6.752481068697843,6.115246309426886,5.820977564195391
-6.771606978506291,6.136232507036485,5.840973212764272
-6.79072993544403,6.157221493813049,5.860968830273466
-6.80984993940937,6.178213269325912,5.880964416616643
-6.828966990300641,6.199207833144399,5.9009599716874765
-6.848081088016187,6.220205184837815,5.920955495379639
-6.867192232454367,6.2412053239754535,5.940950987586802
-6.886300423513557,6.262208250126591,5.960946448202639
-6.905405661092148,6.28321396286049,5.9809418771208245
-6.924507945088548,6.304222461746399,6.00093727423503
-6.9436072754011775,6.32523374635355,6.02093263943893
-6.962703651928476,6.346247816251163,6.040927972626198
-6.981797074568897,6.3672646710084395,6.060923273690507
-7.000887543220911,6.388284310194568,6.0809185425255325
-7.019975057783003,6.409306733378723,6.100913779024947
-7.039059618153674,6.430331940130063,6.120908983082425
-7.058141224231441,6.451359930017733,6.140904154591641
-7.077219875914837,6.472390702610862,6.160899293446269
-7.096295573102409,6.493424257478564,6.1808943995399845
-7.115368315692722,6.514460594189939,6.2008894727664625
-7.134438103584356,6.5354997123140715,6.220884513019378
-7.153504936675905,6.556541611420032,6.240879520192407
-7.172568814865981,6.577586291076876,6.260874494179224
-7.19162973805321,6.598633750853644,6.280869434873505
-7.210687706136236,6.619683990319362,6.300864342168927
-7.229742719013715,6.640737009043041,6.320859215959163
-7.248794776584323,6.6617928065936765,6.340854056137892
-7.267843878746749,6.6828513825402505,6.360848862598789
-7.286890025399699,6.70391273645173,6.38084363523553
-7.305933216441892,6.724976867897065,6.400838373941794
-7.324973451772068,6.7460437764451955,6.420833078611257
-7.344010731288977,6.7671134616650415,6.440827749137594
-7.363045054891388,6.788185923125512,6.460822385414485
-7.382076422478084,6.8092611603955,6.480816987335605
-7.401104833947867,6.830339173043882,6.500811554794634
-7.420130289199551,6.8514199606395225,6.520806087685249
-7.439152788131967,6.87250352275127,6.540800585901127
-7.458172330643961,6.893589858947958,6.5607950493359475
-7.477188916634398,6.914678968798405,6.580789477883388
-7.496202546002154,6.935770851871418,6.6007838714371285
-7.5152132186461245,6.956865507735783,6.6207782298908455
-7.534220934465218,6.977962935960276,6.640772553138219
-7.55322569335836,6.9990631361136595,6.660766841072928
-7.572227495224493,7.020166107764676,6.680761093588653
-7.591226339962573,7.041271850482056,6.700755310579073
-7.6102222274715725,7.062380363834518,6.720749491937866
-7.6292151576504805,7.08349164739076,6.7407436375587135
-7.648205130398301,7.10460570071947,6.760737747335295
-7.667192145614053,7.125722523389321,6.78073182116129
-7.686176203196773,7.146842114968967,6.800725858930381
-7.705157303045511,7.167964475027052,6.820719860536247
-7.724135445059335,7.189089603132204,6.840713825872569
-7.743110629137328,7.210217498853034,6.860707754833028
-7.762082855178587,7.231348161758141,6.880701647311305
-7.781052123082227,7.2524815914161085,6.900695503201082
-7.800018432747378,7.273617787395504,6.920689322396042
-7.818981784073186,7.2947567492648835,6.940683104789864
-7.837942176958812,7.315898476592785,6.960676850276231
-7.856899611303433,7.337042968947732,6.980670558748826
-7.875854087006243,7.358190225898237,7.00066423010133
-7.894805603966448,7.3793402470127925,7.020657864227427
-7.913754162083274,7.40049303185988,7.0406514610208
-7.93269976125596,7.4216485800079655,7.06064502037513
-7.951642401383763,7.4428068910255,7.0806385421841025
-7.970582082365954,7.463967964480919,7.1006320263413985
-7.98951880410182,7.485131799942645,7.120625472740703
-8.008452566490664,7.506298396979084,7.140618881275699
-8.027383369431805,7.52746775515863,7.160612251840073
-8.046311212824577,7.548639874049659,7.180605584327505
-8.065236096568333,7.569814753220534,7.200598878631682
-8.084158020562434,7.590992392239603,7.220592134646289
-8.103076984706265,7.612172790675201,7.240585352265009
-8.12199298889922,7.633355948095646,7.26057853138153
-8.140906033040718,7.654541864069242,7.2805716718895335
-8.159816117030182,7.675730538164279,7.300564773682706
-8.178723240767061,7.696921969949032,7.320557836654734
-8.197627404150813,7.7181161589917595,7.340550860699303
-8.216528607080916,7.739313104860709,7.3605438457101
-8.235426849456859,7.76051280712411,7.38053679158081
-8.254322131178151,7.78171526535018,7.400529698205119
-8.273214452144314,7.8029204791071205,7.420522565476714
-8.29210381225489,7.824128447963118,7.4405153932892825
-8.31099021140943,7.845339171486345,7.460508181536511
-8.329873649507508,7.866552649244959,7.480500930112087
-8.348754126448709,7.887768880807101,7.500493638909698
-8.367631642132636,7.908987865740903,7.520486307823032
-8.386506196458907,7.930209603614476,7.540478936745776
-8.405377789327153,7.951434093995921,7.56047152557162
-8.424246420637024,7.972661336453321,7.58046407419425
-8.443112090288187,7.993891330554746,7.600456582507356
-8.461974798180321,8.015124075868252,7.620449050404626
-8.480834544213122,8.036359571961878,7.640441477779749
-8.499691328286305,8.05759781840365,7.660433864526415
-8.518545150299596,8.07883881476158,7.680426210538313
-8.53739601015274,8.100082560603665,7.700418515709132
-8.556243907745495,8.121329055497887,7.720410779932563
-8.575088842977637,8.142578299012213,7.740403003102296
-8.593930815748958,8.163830290714595,7.76039518511202
-8.612769825959262,8.185085030172973,7.780387325855427
-8.631605873508375,8.206342516955269,7.8003794252262075
-8.650438958296133,8.227602750629393,7.820371483118051
-8.66926908022239,8.248865730763237,7.84036349942465
-8.688096239187018,8.270131456924684,7.860355474039696
-8.7069204350899,8.291399928681598,7.880347406856879
-8.72574166783094,8.31267114560183,7.900339297769892
-8.744559937310052,8.333945107253212,7.920331146672427
-8.763375243427172,8.35522181320357,7.9403229534581765
-8.782187586082246,8.37650126302071,7.9603147180208325
-8.80099696517524,8.397783456272423,7.980306440254088
-8.819803380606134,8.419068392526487,8.000298120051635
-8.838606832274923,8.440356071350665,8.020289757307168
-8.85740732008162,8.461646492312706,8.04028135191438
-8.87620484392625,8.482939654980342,8.060272903766965
-8.894999403708857,8.504235558921293,8.080264412758616
-8.913790999329501,8.525534203703264,8.100255878783027
-8.932579630688258,8.546835588893947,8.120247301733894
-8.951365297685214,8.568139714061015,8.14023868150491
-8.97014800022048,8.58944657877213,8.16023001798977
-8.988927738194175,8.610756182594937,8.18022131108217
-9.007704511506438,8.63206852509707,8.200212560675801
-9.026478320057421,8.653383605846146,8.220203766664365
-9.045249163747297,8.674701424409767,8.240194928941554
-9.064017042476246,8.69602198035552,8.260186047401064
-9.082781956144471,8.717345273250979,8.28017712193659
-9.101543904652189,8.738671302663704,8.300168152441833
-9.120302887899634,8.76000006816124,8.320159138810483
-9.139058905787051,8.781331569311115,8.340150080936242
-9.157811958214705,8.802665805680846,8.360140978712806
-9.176562045082875,8.824002776837933,8.380131832033872
-9.195309166291857,8.845342482349864,8.400122640793137
-9.214053321741963,8.866684921784108,8.4201134048843
-9.232794511333518,8.888030094708123,8.440104124201058
-9.251532734966867,8.909378000689355,8.460094798637108
-9.270267992542369,8.930728639295229,8.480085428086152
-9.289000283960394,8.952082010093157,8.500076012441886
-9.307729609121335,8.973438112650541,8.520066551598008
-9.326455967925599,8.994796946534764,8.54005704544822
-9.345179360273605,9.016158511313197,8.560047493886222
-9.363899786065792,9.037522806553195,8.580037896805711
-9.382617245202614,9.0588898318221,8.600028254100389
-9.401331737584536,9.080259586687236,8.620018565663955
-9.420043263112046,9.101632070715917,8.640008831390109
-9.438751821685642,9.12300728347544,8.659999051172553
-9.457457413205844,9.144385224533089,8.67998922490499
-9.476160037573182,9.16576589345613,8.699979352481115
-9.494859694688202,9.187149289811819,8.719969433794635
-9.513556384451471,9.208535413167395,8.739959468739249
-9.532250106763566,9.229924263090084,8.75994945720866
-9.550940861525083,9.251315839147093,8.779939399096568
-9.569628648636632,9.27271014090562,8.799929294296678
-9.58831346799884,9.294107167932847,8.819919142702693
-9.606995319512352,9.31550691979594,8.839908944208315
-9.625674203077823,9.336909396062051,8.859898698707246
-9.644350118595927,9.358314596298321,8.87988840609319
-9.663023065967355,9.379722520071871,8.899878066259852
-9.681693045092812,9.40113316694981,8.919867679100935
-9.700360055873022,9.422546536499233,8.939857244510144
-9.719024098208719,9.443962628287219,8.959846762381181
-9.737685172000656,9.465381441880835,8.979836232607752
-9.756343277149606,9.48680297684713,8.999825655083562
-9.774998413556348,9.508227232753145,9.019815029702317
-9.793650581121685,9.529654209165898,9.03980435635772
-9.812299779746434,9.551083905652398,9.05979363494348
-9.830946009331424,9.572516321779638,9.079782865353302
-9.849589269777505,9.593951457114597,9.09977204748089
-9.868229560985538,9.61538931122424,9.119761181219953
-9.886866882856406,9.636829883675516,9.139750266464196
-9.905501235291002,9.65827317403536,9.159739303107326
-9.924132618190237,9.679719181870693,9.179728291043052
-9.942761031455035,9.701167906748422,9.19971723016508
-9.961386474986341,9.722619348235439,9.219706120367118
-9.980008948685114,9.744073505898623,9.239694961542874
-9.998628452452326,9.765530379304835,9.259683753586057
-10.017244986188969,9.786989968020922,9.279672496390374
-10.035858549796046,9.808452271613723,9.299661189849534
-10.054469143174583,9.829917289650055,9.319649833857248
-10.073076766225613,9.851385021696725,9.339638428307225
-10.09168141885019,9.872855467320521,9.359626973093173
-10.110283100949381,9.894328626088223,9.3796154681088
-10.128881812424273,9.91580449756659,9.399603913247821
-10.147477553175966,9.937283081322372,9.419592308403944
-10.166070323105574,9.958764376922302,9.439580653470879
-10.184660122114233,9.980248383933098,9.459568948342335
-10.203246950103088,10.001735101921465,9.479557192912027
-10.221830806973303,10.023224530454092,9.499545387073667
-10.240411692626058,10.044716669097655,9.519533530720965
-10.258989606962547,10.066211517418816,9.53952162374763
-10.277564549883982,10.08770907498422,9.559509666047378
-10.296136521291588,10.109209341360502,9.57949765751392
-10.31470552108661,10.130712316114279,9.599485598040971
-10.333271549170306,10.152217998812153,9.61947348752224
-10.351834605443946,10.173726389020715,9.639461325851444
-10.370394689808826,10.195237486306539,9.659449112922296
-10.388951802166249,10.216751290236186,9.679436848628507
-10.407505942417535,10.238267800376201,9.699424532863794
-10.426057110464022,10.259787016293116,9.719412165521874
-10.444605306207066,10.281308937553447,9.739399746496455
-10.463150529548033,10.302833563723699,9.759387275681256
-10.48169278038831,10.32436089437036,9.779374752969991
-10.500232058629294,10.345890929059902,9.799362178256377
-10.518768364172406,10.367423667358786,9.81934955143413
-10.537301696919075,10.388959108833456,9.839336872396963
-10.55583205677075,10.410497253050346,9.859324141038595
-10.574359443628897,10.432038099575871,9.879311357252742
-10.592883857394991,10.453581647976433,9.899298520933122
-10.611405297970531,10.47512789781842,9.91928563197345
-10.629923765257027,10.496676848668203,9.939272690267444
-10.648439259156007,10.518228500092146,9.959259695708823
-10.666951779569011,10.539782851656591,9.979246648191305
-10.6854613263976,10.56133990292787,9.999233547608608
-10.703967899543349,10.582899653472294,10.019220393854448
-10.722471498907845,10.60446210285617,10.039207186822546
-10.740972124392698,10.626027250645782,10.059193926406621
-10.759469775899529,10.647595096407406,10.079180612500393
-10.777964453329975,10.669165639707298,10.099167244997581
-10.796456156585691,10.690738880111704,10.119153823791905
-10.814944885568345,10.712314817186853,10.139140348777087
-10.833430640179621,10.73389345049896,10.159126819846845
-10.851913420321223,10.755474779614227,10.179113236894901
-10.870393225894865,10.777058804098841,10.199099599814978
-10.888870056802283,10.798645523518974,10.219085908500796
-10.90734391294522,10.820234937440786,10.239072162846076
-10.925814794225445,10.841827045430419,10.25905836274454
-10.944282700544738,10.863421847054004,10.27904450808991
-10.962747631804891,10.885019341877655,10.29903059877591
-10.98120958790772,10.906619529467472,10.319016634696263
-10.999668568755052,10.928222409389543,10.339002615744691
-11.018124574248727,10.94982798120994,10.358988541814918
-11.036577604290608,10.971436244494722,10.378974412800668
-11.055027658782569,10.993047198809933,10.398960228595664
-11.0734747376265,11.0146608437216,10.418945989093631
-11.091918840724308,11.03627717879574,10.438931694188295
-11.110359967977915,11.057896203598352,10.45891734377338
-11.128798119289263,11.079517917695425,10.478902937742609
-11.1472332945603,11.10114232065293,10.498888475989709
-11.165665493693,11.122769412036824,10.518873958408406
-11.184094716589348,11.14439919141305,10.538859384892428
-11.202520963151345,11.166031658347542,10.558844755335498
-11.220944233281008,11.18766681240621,10.578830069631346
-11.239364526880372,11.209304653154957,10.598815327673696
-11.257781843851486,11.230945180159669,10.618800529356278
-11.276196184096413,11.252588392986215,10.63878567457282
-11.294607547517236,11.274234291200457,10.658770763217046
-11.313015934016049,11.295882874368237,10.678755795182688
-11.331421343494966,11.317534142055385,10.698740770363473
-11.349823775856116,11.339188093827714,10.71872568865313
-11.368223231001643,11.360844729251026,10.738710549945388
-11.386619708833706,11.382504047891109,10.758695354133978
-11.40501320925448,11.404166049313734,10.778680101112627
-11.423403732166157,11.425830733084656,10.798664790775067
-11.441791277470946,11.447498098769621,10.818649423015028
-11.460175845071069,11.469168145934361,10.83863399772624
-11.478557434868764,11.490840874144588,10.858618514802433
-11.496936046766287,11.512516282966004,10.87860297413734
-11.51531168066591,11.534194371964295,10.898587375624693
-11.533684336469918,11.555875140705135,10.918571719158223
-11.552054014080614,11.57755858875418,10.93855600463166
-11.570420713400317,11.599244715677074,10.958540231938741
-11.588784434331359,11.620933521039447,10.978524400973196
-11.607145176776092,11.642625004406916,10.998508511628758
-11.62550294063688,11.66431916534508,11.018492563799162
-11.643857725816105,11.686016003419528,11.03847655737814
-11.662209532216165,11.707715518195831,11.058460492259425
-11.680558359739473,11.729417709239549,11.078444368336754
-11.69890420828846,11.751122576116224,11.09842818550386
-11.717247077765567,11.772830118391388,11.118411943654479
-11.735586968073259,11.794540335630556,11.138395642682346
-11.75392387911401,11.81625322739923,11.158379282481198
-11.772257810790315,11.837968793262895,11.17836286294477
-11.79058876300468,11.85968703278703,11.198346383966795
-11.808916735659627,11.881407945537086,11.218329845441014
-11.827241728657702,11.903131531078513,11.238313247261162
-11.845563741901456,11.92485778897674,11.258296589320976
-11.863882775293463,11.946586718797182,11.278279871514194
-11.88219882873631,11.968318320105244,11.298263093734553
-11.9005119021326,11.99005259246631,11.318246255875792
-11.918821995384953,12.011789535445756,11.33822935783165
-11.937129108396004,12.033529148608942,11.358212399495866
-11.955433241068402,12.055271431521211,11.378195380762177
-11.973734393304815,12.077016383747896,11.398178301524323
-11.992032565007927,12.098764004854312,11.418161161676046
-12.010327756080436,12.120514294405764,11.438143961111084
-12.028619966425056,12.142267251967539,11.458126699723179
-12.046909195944517,12.16402287710491,11.47810937740607
-12.065195444541564,12.18578116938314,11.498091994053498
-12.08347871211896,12.207542128367475,11.518074549559206
-12.101758998579484,12.229305753623143,11.538057043816933
-12.120036303825929,12.251072044715363,11.558039476720422
-12.138310627761102,12.27284100120934,11.578021848163417
-12.156581970287831,12.294612622670261,11.598004158039661
-12.174850331308956,12.316386908663304,11.617986406242895
-12.193115710727335,12.33816385875363,11.637968592666862
-12.211378108445839,12.359943472506382,11.657950717205306
-12.229637524367357,12.381725749486694,11.677932779751973
-12.247893958394796,12.403510689259685,11.697914780200605
-12.266147410431074,12.425298291390458,11.717896718444948
-12.284397880379128,12.447088555444104,11.737878594378747
-12.302645368141912,12.468881480985699,11.757860407895748
-12.32088987362239,12.490677067580306,11.777842158889694
-12.33913139672355,12.512475314792969,11.797823847254334
-12.35736993734839,12.534276222188725,11.81780547288341
-12.375605495399924,12.55607978933259,11.837787035670674
-12.393838070781186,12.577886015789572,11.85776853550987
-12.412067663395222,12.599694901124662,11.877749972294746
-12.430294273145094,12.621506444902835,11.897731345919048
-12.448517899933883,12.643320646689054,11.917712656276526
-12.466738543664684,12.66513750604827,11.937693903260927
-12.484956204240609,12.686957022545414,11.957675086766
-12.503170881564781,12.708779195745407,11.977656206685495
-12.521382575540343,12.730604025213157,11.99763726291316
-12.539591286070456,12.752431510513555,12.017618255342747
-12.557797013058291,12.774261651211479,12.037599183868004
-12.575999756407041,12.796094446871793,12.05758004838268
-12.594199516019911,12.817929897059347,12.077560848780529
-12.612396291800122,12.839768001338978,12.097541584955298
-12.630590083650914,12.861608759275505,12.117522256800742
-12.648780891475536,12.883452170433737,12.13750286421061
-12.66696871517726,12.905298234378465,12.157483407078656
-12.685153554659372,12.92714695067447,12.17746388529863
-12.703335409825174,12.948998318886517,12.197444298764289
-12.72151428057798,12.970852338579355,12.217424647369382
-12.739690166821124,12.992709009317723,12.237404931007665
-12.757863068457954,13.014568330666343,12.25738514957289
-12.776032985391838,13.036430302189926,12.277365302958811
-12.794199917526154,13.058294923453163,12.297345391059185
-12.812363864764299,13.080162194020737,12.317325413767765
-12.830524827009684,13.102032113457314,12.337305370978306
-12.848682804165739,13.123904681327545,12.357285262584563
-12.866837796135906,13.145779897196068,12.377265088480293
-12.884989802823645,13.16765776062751,12.397244848559252
-12.903138824132434,13.189538271186477,12.417224542715196
-12.92128485996576,13.211421428437566,12.437204170841882
-12.939427910227137,13.233307231945362,12.45718373283307
-12.957567974820085,13.255195681274431,12.477163228582514
-12.975705053648143,13.277086775989327,12.497142657983973
-12.993839146614865,13.29898051565459,12.517122020931206
-13.011970253623824,13.320876899834742,12.537101317317969
-13.030098374578607,13.3427759280943,12.557080547038025
-13.048223509382815,13.364677599997759,12.57705970998513
-13.066345657940067,13.386581915109602,12.597038806053046
-13.084464820153999,13.4084888729943,12.617017835135533
-13.102580995928259,13.430398473216306,12.63699679712635
-13.120694185166515,13.452310715340063,12.656975691919259
-13.138804387772451,13.474225598929998,12.67695451940802
-13.156911603649762,13.496143123550524,12.696933279486398
-13.175015832702163,13.518063288766042,12.71691197204815
-13.193117074833383,13.539986094140934,12.73689059698704
-13.21121532994717,13.561911539239572,12.756869154196831
-13.229310597947281,13.583839623626314,12.776847643571287
-13.247402878737498,13.605770346865505,12.79682606500417
-13.265492172221613,13.62770370852147,12.816804418389243
-13.283578478303433,13.649639708158524,12.83678270362027
-13.301661796886785,13.67157834534097,12.856760920591018
-13.319742127875509,13.693519619633095,12.87673906919525
-13.337819471173464,13.715463530599171,12.896717149326731
-13.355893826684522,13.737410077803457,12.916695160879227
-13.37396519431257,13.759359260810198,12.936673103746504
-13.392033573961514,13.781311079183626,12.956650977822326
-13.410098965535274,13.803265532487954,12.976628783000463
-13.428161368937788,13.82522262028739,12.996606519174678
-13.446220784073004,13.847182342146118,13.016584186238743
-13.464277210844894,13.869144697628316,13.036561784086423
-13.482330649157442,13.891109686298146,13.056539312611486
-13.500381098914644,13.91307730771975,13.0765167717077
-13.51842856002052,13.935047561457264,13.096494161268835
-13.5364730323791,13.957020447074804,13.11647148118866
-13.554514515894429,13.978995964136478,13.136448731360943
-13.572553010470573,14.000974112206375,13.156425911679456
-13.590588516011612,14.022954890848574,13.176403022037968
-13.608621032421642,14.044938299627136,13.196380062330249
-13.626650559604771,14.066924338106109,13.216357032450073
-13.644677097465127,14.088913005849529,13.236333932291208
-13.662700645906856,14.110904302421417,13.256310761747429
-13.680721204834112,14.13289822738578,13.276287520712504
-13.698738774151074,14.15489478030661,13.29626420908021
-13.71675335376193,14.176893960747886,13.316240826744318
-13.73476494357089,14.198895768273575,13.336217373598599
-13.75277354348217,14.220900202447625,13.35619384953683
-13.770779153400014,14.242907262833976,13.376170254452783
-13.788781773228672,14.264916948996548,13.396146588240233
-13.806781402872417,14.286929260499253,13.416122850792954
-13.824778042235534,14.308944196905985,13.436099042004722
-13.842771691222326,14.330961757780624,13.456075161769313
-13.86076234973711,14.35298194268704,13.476051209980504
-13.878750017684219,14.375004751189081,13.49602718653207
-13.896734694968004,14.397030182850592,13.516003091317785
-13.914716381492829,14.419058237235395,13.53597892423143
-13.932695077163077,14.441088913907304,13.55595468516678
-13.950670781883144,14.463122212430113,13.575930374017615
-13.968643495557444,14.485158132367609,13.59590599067771
-13.986613218090406,14.507196673283559,13.615881535040847
-14.004579949386477,14.529237834741721,13.635857007000803
-14.022543689350114,14.551281616305834,13.655832406451358
-14.040504437885795,14.573328017539627,13.675807733286291
-14.058462194898015,14.595377038006815,13.695782987399383
-14.076416960291281,14.617428677271096,13.715758168684413
-14.094368733970118,14.639482934896158,13.735733277035164
-14.112317515839065,14.661539810445671,13.755708312345417
-14.130263305802679,14.683599303483296,13.775683274508953
-14.148206103765533,14.705661413572676,13.795658163419555
-14.166145909632215,14.72772614027744,13.815632978971003
-14.18408272330733,14.749793483161206,13.835607721057082
-14.202016544695498,14.771863441787573,13.855582389571573
-14.219947373701354,14.793936015720135,13.875556984408265
-14.237875210229548,14.816011204522464,13.895531505460935
-14.255800054184752,14.83808900775812,13.915505952623372
-14.273721905471646,14.86016942499065,13.93548032578936
-14.291640763994932,14.882252455783588,13.955454624852683
-14.309556629659324,14.904338099700453,13.975428849707127
-14.327469502369555,14.92642635630475,13.99540300024648
-14.345379382030371,14.94851722515997,14.015377076364526
-14.363286268546535,14.970610705829591,14.035351077955053
-14.381190161822826,14.992706797877076,14.055325004911847
-14.39909106176404,15.014805500865876,14.075298857128697
-14.416988968274987,15.036906814359424,14.09527263449939
-14.434883881260495,15.059010737921145,14.115246336917712
-14.452775800625409,15.081117271114445,14.135219964277455
-14.470664726274585,15.103226413502718,14.155193516472409
-14.488550658112898,15.125338164649346,14.175166993396362
-14.506433596045238,15.147452524117693,14.195140394943103
-14.524313539976513,15.169569491471114,14.215113721006425
-14.542190489811643,15.191689066272945,14.235086971480117
-14.56006444545557,15.213811248086511,14.25506014625797
-14.577935406813245,15.235936036475124,14.275033245233775
-14.595803373789638,15.258063431002082,14.295006268301327
-14.613668346289739,15.280193431230666,14.314979215354414
-14.631530324218547,15.302326036724148,14.334952086286831
-14.64938930748108,15.32446124704578,14.354924880992371
-14.667245295982372,15.346599061758806,14.374897599364829
-14.685098289627474,15.368739480426452,14.394870241297998
-14.702948288321451,15.390882502611934,14.414842806685671
-14.720795291969386,15.413028127878452,14.434815295421645
-14.738639300476375,15.435176355789192,14.454787707399715
-14.756480313747533,15.457327185907326,14.474760042513674
-14.774318331687986,15.479480617796012,14.494732300657322
-14.792153354202883,15.501636651018394,14.514704481724452
-14.809985381197382,15.523795285137606,14.534676585608864
-14.827814412576663,15.545956519716762,14.554648612204351
-14.84564044824592,15.568120354318967,14.574620561404716
-14.863463488110359,15.59028678850731,14.594592433103752
-14.881283532075207,15.612455821844865,14.614564227195261
-14.899100580045703,15.634627453894694,14.634535943573042
-14.916914631927106,15.656801684219847,14.65450758213089
-14.93472568762469,15.678978512383356,14.674479142762609
-14.952533747043741,15.701157937948244,14.694450625361997
-14.970338810089565,15.723339960477515,14.714422029822856
-14.988140876667483,15.745524579534163,14.734393356038986
-15.00593994668283,15.767711794681166,14.754364603904188
-15.023736020040959,15.78990160548149,14.774335773312266
-15.041529096647238,15.812094011498084,14.794306864157022
-15.059319176407055,15.834289012293889,14.814277876332257
-15.077106259225806,15.856486607431826,14.834248809731774
-15.094890345008908,15.878686796474806,14.854219664249376
-15.112671433661793,15.900889578985725,14.87419043977887
-15.130449525089912,15.923094954527464,14.894161136214057
-15.148224619198727,15.945302922662894,14.914131753448745
-15.165996715893717,15.967513482954867,14.934102291376735
-15.18376581508038,15.989726634966228,14.954072749891836
-15.201531916664225,16.0119423782598,14.974043128887851
-15.219295020550783,16.034160712398396,14.99401342825859
-15.237055126645595,16.05638163694482,15.01398364789786
-15.254812234854223,16.078605151461854,15.033953787699465
-15.272566345082241,16.100831255512272,15.053923847557215
-15.290317457235242,16.12305994865883,15.073893827364916
-15.308065571218833,16.145291230464277,15.093863727016378
-15.325810686938636,16.16752510049134,15.11383354640541
-15.343552804300291,16.189761558302738,15.13380328542582
-15.361291923209455,16.212000603461174,15.15377294397142
-15.379028043571799,16.234242235529337,15.173742521936019
-15.396761165293007,16.256486454069897,15.193712019213429
-15.414491288278787,16.278733258645524,15.21368143569746
-15.432218412434855,16.300982648818863,15.233650771281923
-15.449942537666946,16.32323462415255,15.25362002586063
-15.467663663880812,16.345489184209207,15.273589199327397
-15.485381790982219,16.367746328551437,15.293558291576032
-15.50309691887695,16.390006056741832,15.31352730250035
-15.520809047470808,16.412268368342975,15.333496231994166
-15.538518176669601,16.43453326291743,15.353465079951294
-15.556224306379164,16.456800740027752,15.373433846265547
-15.573927436505343,16.479070799236474,15.393402530830741
-15.591627566954001,16.501343440106126,15.413371133540691
-15.609324697631015,16.523618662199215,15.433339654289213
-15.627018828442282,16.54589646507824,15.453308092970124
-15.644709959293708,16.568176848305686,15.473276449477238
-15.662398090091225,16.59045981144402,15.493244723704375
-15.680083220740773,16.612745354055697,15.513212915545354
-15.697765351148309,16.635033475703164,15.53318102489399
-15.71544448121981,16.657324175948844,15.553149051644104
-15.733120610861265,16.679617454355157,15.573116995689512
-15.750793739978679,16.701913310484496,15.593084856924035
-15.768463868478076,16.724211743899257,15.613052635241493
-15.786130996265493,16.74651275416181,15.633020330535706
-15.803795123246985,16.768816340834515,15.652987942700495
-15.821456249328621,16.79112250347972,15.672955471629681
-15.839114374416488,16.813431241659757,15.692922917217084
-15.856769498416687,16.835742554936942,15.712890279356527
-15.874421621235337,16.858056442873583,15.732857557941834
-15.892070742778571,16.88037290503197,15.752824752866827
-15.909716862952541,16.902691940974382,15.77279186402533
-15.927359981663411,16.925013550263085,15.792758891311165
-15.945000098817362,16.947337732460323,15.812725834618156
-15.962637214320592,16.969664487128338,15.83269269384013
-15.980271328079317,16.99199381382935,15.852659468870911
-15.997902439999764,17.014325712125572,15.872626159604327
-16.01553054998818,17.036660181579197,15.8925927659342
-16.03315565795083,17.058997221752406,15.912559287754359
-16.05077776379398,17.08133683220737,15.93252572495863
-16.068396867423935,17.103679012506245,15.95249207744084
-16.086012968747003,17.12602376221117,15.972458345094818
-16.103626067669502,17.14837108088427,15.992424527814391
-16.12123616409778,17.170720968087664,16.01239062549339
-16.138843257938195,17.193073423383446,16.03235663802564
-16.156447349097117,17.215428446333707,16.052322565304973
-16.174048437480938,17.23778603650052,16.072288407225223
-16.19164652299606,17.26014619344594,16.092254163680217
-16.209241605548907,17.28250891673202,16.112219834563785
-16.226833685045914,17.304874205920783,16.132185419769762
-16.244422761393537,17.327242060574253,16.152150919191975
-16.262008834498243,17.34961248025443,16.172116332724258
-16.279591904266518,17.371985464523306,16.19208166026045
-16.29717197060486,17.394361012942863,16.212046901694375
-16.31474903341979,17.416739125075058,16.23201205691987
-16.33232309261784,17.439119800481844,16.251977125830773
-16.34989414810556,17.46150303872516,16.271942108320914
-16.367462199789514,17.483888839366923,16.29190700428413
-16.385027247576282,17.506277201969045,16.311871813614257
-16.40258929137246,17.52866812609342,16.33183653620513
-16.420148331084665,17.551061611301936,16.351801171950587
-16.437704366619524,17.573457657156457,16.371765720744463
-16.45525739788368,17.595856263218835,16.391730182480597
-16.472807424783795,17.61825742905091,16.411694557052826
-16.490354447226544,17.640661154214516,16.43165884435499
-16.507898465118622,17.66306743827146,16.451623044280925
-16.52543947836674,17.68547628078355,16.471587156724475
-16.542977486877614,17.70788768131257,16.491551181579474
-16.560512490557993,17.73030163942029,16.511515118739766
-16.57804448931463,17.75271815466847,16.531478968099186
-16.595573483054306,17.775137226618856,16.551442729551585
-16.6130994716838,17.79755885483318,16.5714064029908
-16.63062245510992,17.81998303887316,16.591369988310667
-16.64814243323948,17.842409778300503,16.611333485405037
-16.66565940597933,17.8648390726769,16.63129689416775
-16.68317337323631,17.887270921564028,16.651260214492652
-16.700684334917298,17.90970532452355,16.671223446273583
-16.718192290929174,17.932142281117116,16.69118658940439
-16.73569724117884,17.954581790906367,16.711149643778914
-16.75319918557321,17.977023853452927,16.731112609291003
-16.770698124019216,17.9994684683184,16.7510754858345
-16.788194056423805,18.021915635064385,16.771038273303258
-16.80568698269395,18.044365353252466,16.79100097159112
-16.823176902736623,18.066817622444216,16.810963580591935
-16.84066381645882,18.08927244220118,16.830926100199548
-16.858147723767562,18.11172981208491,16.85088853030781
-16.87562862456987,18.134189731656928,16.870850870810568
-16.89310651877279,18.156652200478756,16.890813121601667
-16.91058140628338,18.17911721811189,16.910775282574967
-16.928053287008723,18.20158478411782,16.93073735362431
-16.94552216085591,18.224054898058018,16.950699334643545
-16.962988027732045,18.24652755949395,16.97066122552653
-16.980450887544254,18.269002767987054,16.990623026167114
-16.99791074019968,18.291480523098773,17.01058473645915
-17.015367585605475,18.31396082439052,17.030546356296487
-17.03282142366881,18.336443671423705,17.05050788557298
-17.05027225429688,18.35892906375972,17.070469324182483
-17.06772007739688,18.38141700095995,17.090430672018847
-17.085164892876044,18.40390748258575,17.110391928975933
-17.102606700641598,18.426400508198483,17.13035309494759
-17.120045500600796,18.448896077359482,17.150314169827674
-17.137481292660905,18.471394189630075,17.170275153510044
-17.15491407672921,18.49389484457157,17.190236045888554
-17.172343852713013,18.51639804174527,17.210196846857063
-17.189770620519628,18.538903780712456,17.230157556309425
-17.20719438005639,18.561412061034403,17.250118174139505
-17.224615131230646,18.58392288227237,17.270078700241154
-17.24203287394976,18.60643624398759,17.29003913450823
-17.25944760812111,18.628952145741312,17.309999476834598
-17.276859333652094,18.65147058709474,17.32995972711411
-17.29426805045013,18.67399156760908,17.349919885240638
-17.311673758422636,18.696515086845523,17.369879951108036
-17.32907645747706,18.719041144365246,17.389839924610165
-17.346476147520868,18.741569739729414,17.409799805640887
-17.363872828461528,18.764100872499178,17.42975959409406
-17.381266500206536,18.78663454223567,17.449719289863555
-17.3986571626634,18.809170748500016,17.46967889284323
-17.416044815739646,18.831709490853317,17.48963840292695
-17.43342945934281,18.854250768856677,17.50959782000858
-17.450811093380455,18.876794582071177,17.529557143981982
-17.468189717760147,18.899340930057885,17.549516374741028
-17.485565332389477,18.92188981237786,17.56947551217958
-17.50293793717605,18.94444122859214,17.589434556191502
-17.52030753202748,18.966995178261755,17.60939350667066
-17.53767411685141,18.98955166094772,17.629352363510925
-17.555037691555487,19.01211067621103,17.64931112660616
-17.572398256047386,19.03467222361268,17.66926979585024
-17.589755810234784,19.057236302713648,17.689228371137027
-17.607110354025387,19.07980291307489,17.709186852360393
-17.62446188732691,19.10237205425735,17.72914523941421
-17.641810410047082,19.124943725821968,17.749103532192343
-17.659155922093657,19.147517927329663,17.769061730588668
-17.676498423374394,19.17009465834134,17.789019834497054
-17.693837913797076,19.192673918417896,17.808977843811373
-17.711174393269502,19.21525570712021,17.828935758425498
-17.72850786169948,19.23784002400915,17.848893578233298
-17.74583831899484,19.260426868645567,17.86885130312865
-17.763165765063423,19.283016240590303,17.88880893300543
-17.780490199813094,19.305608139404185,17.908766467757506
-17.797811623151727,19.328202564648027,17.928723907278755
-17.815130034987213,19.350799515882624,17.948681251463054
-17.832445435227463,19.37339899266877,17.96863850020428
-17.8497578237804,19.396000994567228,17.988595653396303
-17.86706720055397,19.418605521138762,18.008552710933003
-17.88437356545612,19.44121257194412,18.028509672708257
-17.901676918394827,19.463822146544036,18.048466538615944
-17.918977259278083,19.486434244499225,18.068423308549942
-17.936274588013887,19.509048865370392,18.08837998240413
-17.953568904510263,19.531666008718233,18.10833656007239
-17.970860208675244,19.554285674103426,18.128293041448597
-17.988148500416887,19.576907861086635,18.148249426426634
-18.00543377964326,19.59953256922851,18.168205714900378
-18.02271604626244,19.622159798089697,18.188161906763714
-18.039995300182532,19.644789547230815,18.208118001910524
-18.057271541311657,19.667421816212475,18.22807400023469
-18.074544769557946,19.690056604595277,18.248029901630094
-18.091814984829547,19.71269391193981,18.267985705990622
-18.109082187034627,19.735333737806645,18.287941413210152
-18.12634637608136,19.757976081756336,18.307897023182576
-18.14360755187795,19.78062094334943,18.327852535801775
-18.1608657143326,19.803268322146458,18.347807950961634
-18.178120863353552,19.82591821770794,18.36776326855604
-18.19537299884904,19.848570629594377,18.38771848847888
-18.212622120727335,19.871225557366266,18.407673610624038
-18.229868228896706,19.893883000584083,18.427628634885405
-18.247111323265447,19.91654295880829,18.44758356115687
-18.264351403741866,19.939205431599337,18.46753838933232
-18.28158847023429,19.96187041851767,18.48749311930564
-18.298822522651058,19.984537919123703,18.507447750970726
-18.31605356090053,20.007207932977852,18.527402284221466
-18.333281584891083,20.029880459640516,18.54735671895175
-18.350506594531094,20.052555498672078,18.56731105505547
-18.367728589728976,20.07523304963291,18.587265292426515
-18.384947570393148,20.097913112083372,18.607219430958782
-18.40216353643205,20.120595685583805,18.62717347054616
-18.419376487754132,20.143280769694538,18.647127411082543
-18.436586424267865,20.165968363975892,18.667081252461827
-18.45379334588173,20.18865846798817,18.687034994577907
-18.470997252504237,20.211351081291664,18.706988637324674
-18.488198144043896,20.23404620344665,18.726942180596026
-18.505396020409243,20.256743834013392,18.74689562428586
-18.52259088150883,20.279443972552144,18.766848968288066
-18.539782727251215,20.30214661862314,18.786802212496546
-18.556971557544987,20.324851771786605,18.806755356805198
-18.57415737229874,20.34755943160275,18.82670840110792
-18.591340171421084,20.370269597631776,18.84666134529861
-18.608519954820654,20.392982269433865,18.866614189271168
-18.625696722406097,20.415697446569187,18.886566932919493
-18.642870474086067,20.4384151285979,18.906519576137484
-18.66004120976925,20.46113531508015,18.926472118819046
-18.677208929364337,20.483858005576064,18.946424560858077
-18.694373632780035,20.506583199645764,18.96637690214848
-18.71153531992507,20.529310896849353,18.98632914258415
-18.728693990708187,20.55204109674692,19.006281282059
-18.745849645038138,20.574773798898544,19.02623332046693
-18.763002282823706,20.597509002864292,19.04618525770184
-18.780151903973675,20.62024670820421,19.06613709365764
-18.79729850839685,20.64298691447834,19.086088828228235
-18.814442096002054,20.665729621246705,19.106040461307526
-18.83158266669813,20.688474828069314,19.125991992789427
-18.848720220393922,20.71122253450617,19.145943422567836
-18.865854756998306,20.733972740117252,19.165894750536662
-18.882986276420173,20.756725444462532,19.185845976589817
-18.90011477856842,20.779480647101973,19.205797100621208
-18.917240263351964,20.80223834759552,19.22574812252474
-18.93436273067974,20.8249985455031,19.245699042194328
-18.9514821804607,20.847761240384628,19.265649859523876
-18.968598612603813,20.870526431800016,19.285600574407297
-18.985712027018053,20.893294119309154,19.305551186738505
-19.00282242361243,20.91606430247192,19.325501696411408
-19.019929802295948,20.93883698084818,19.345452103319918
-19.037034162977644,20.961612153997784,19.36540240735795
-19.05413550556656,20.98438982148057,19.385352608419417
-19.071233829971764,21.007169982856364,19.405302706398228
-19.08832913610233,21.02995263768498,19.4252527011883
-19.105421423867355,21.05273778552621,19.44520259268355
-19.12251069317595,21.07552542593985,19.46515238077789
-19.139596943937242,21.098315558485666,19.48510206536524
-19.156680176060373,21.121108182723418,19.505051646339513
-19.173760389454504,21.14390329821285,19.52500112359463
-19.190837584028806,21.1667009045137,19.54495049702451
-19.20791175969247,21.18950100118568,19.564899766523062
-19.22498291635471,21.2123035877885,19.58484893198421
-19.242051053924744,21.235108663881856,19.604797993301872
-19.259116172311813,21.257916229025422,19.62474695036997
-19.276178271425174,21.28072628277887,19.644695803082424
-19.293237351174092,21.303538824701846,19.664644551333154
-19.310293411467857,21.326353854353993,19.68459319501608