
0.019996992503735714,-0.0037172089127145806,-0.020001016866199477
0.03999345334613173,-0.007295241028504507,-0.040002033626042474
0.05998940667690428,-0.010685650569906675,-0.06000305017317251
0.07998488410027023,-0.013834656909388211,-0.08000406640123311
0.09997992517517276,-0.016686954499370934,-0.1000050822038678
0.11997457737289444,-0.019189343988354562,-0.1200060974747201
0.13996889556577372,-0.021293531256156992,-0.14000711210743355
0.1599629411936226,-0.02295774818443653,-0.16000812599565167
0.17995678128956188,-0.02414705974070908,-0.18000913903301796
0.19995048754035044,-0.024832583873503185,-0.20001015111317602
0.21994413552161574,-0.024989873127665135,-0.22001116212976937
0.23993780416883653,-0.024597300074267026,-0.24001217197644156
0.2599315754812269,-0.0236344780264044,-0.26001318054683614
0.2799255343995477,-0.022081455184835376,-0.2800141877345967
0.2999197687558263,-0.019918534393959873,-0.3000151934333668
0.319914369209446,-0.017126640306849072,-0.32001619753679
0.33990942911111816,-0.013687941181303257,-0.34001719993850993
0.3599050442706071,-0.009586546969828235,-0.36001820053217015
0.3799013126351605,-0.004809035748194112,-0.38001919921141425
0.3998983339177301,0.0006553841596460075,-0.4000201958698859
0.4198962092023816,0.006814723500785019,-0.4200211904012287
0.4398950405637524,0.01367455541594411,-0.4400221826990862
0.4598949307226725,0.021238168027244313,-0.46002317265710224
0.4798959827443452,0.029506995498926027,-0.4800241601689203
0.499898299792441,0.038480953730676726,-0.5000251451281842
0.5199019849313158,0.04815876460689915,-0.5200261274285375
0.5399071409748227,0.05853827070926179,-0.540027106963624
0.5599138703751814,0.06961666992062579,-0.5600280836270873
0.5799222751492612,0.08139079389800394,-0.5800290573125714
0.5999324568393585,0.09385730262218792,-0.6000300279137197
0.619944516502486,0.10701288085472781,-0.6200309953241763
0.6399585547292885,0.1208544479463515,-0.6400319594375847
0.6599746716892453,0.13537930851757166,-0.6600329201475889
0.6799929671914504,0.15058521540124767,-0.6800338773478326
0.700013540762084,0.16647053558196395,-0.7000348309319597
0.7200364917424673,0.1830343665443309,-0.7200357807936141
0.7400619193960207,0.20027654199504982,-0.7400367268264394
0.7600899230203666,0.21819769671276995,-0.7600376689240798
0.7801206020651356,0.23679927989951513,-0.7800386069801791
0.8001540562545013,0.256083606679066,-0.8000395408883814
0.8201903792665183,0.275965448673396,-0.8200404705423304
0.8402296147794558,0.29584436829555116,-0.8400413958356702
0.8602717626867542,0.31572036512077095,-0.8600423166620448
0.8803168228818384,0.3355934387243105,-0.8800432329150982
0.9003647952581175,0.3554635886814405,-0.9000441444884746
0.9204156797089855,0.3753308145674471,-0.9200450512758178
0.9404694761278206,0.39519511595763207,-0.9400459531707722
0.9605261844079858,0.41505649242731263,-0.9600468500669819
0.9805858044428284,0.4349149435518217,-0.9800477418580908
1.0006483361256804,0.45477046890650763,-1.0000486284377434
1.020713779349858,0.47462306806673443,-1.0200495096995839
1.0407821340086623,0.4944727406078816,-1.0400503855372563
1.0608533999953786,0.5143194861053443,-1.0600512558444048
1.080927577203277,0.534163304134533,-1.080052120514674
1.101004665525612,0.554004194270874,-1.1000529794417082
1.1210846648556225,0.5738421560898092,-1.1200538325191516
1.1411675750865322,0.5936771891667957,-1.1400546796406485
1.161253396111549,0.6135092930773067,-1.1600555206998435
1.1813421278238656,0.6333384673968306,-1.1800563555903811
1.2014337701166589,0.6531647117008714,-1.2000571842059058
1.2215283228830904,0.6729880255649487,-1.2200580064400621
1.2416257860163067,0.692808408564598,-1.2400588221864943
1.2617261594094382,0.7126258602753701,-1.2600596313388472
1.2818294429556,0.7324403802728312,-1.2800604337907655
1.301935636547892,0.7522519681325635,-1.3000612294358938
1.3220447400793982,0.7720606234301645,-1.3200620181678766
1.3421567534431875,0.7918663457412474,-1.340062799880359
1.3622716765323133,0.811669134641441,-1.3600635744669853
1.3823895092398133,0.8314689897063897,-1.380064341821401
1.4025102514587098,0.8512659105117535,-1.4000651018372503
1.4226339030820097,0.8710598966332079,-1.4200658544081783
1.4427604640027045,0.8908509476464443,-1.4400665994278299
1.46288993411377,0.9106390631271695,-1.46006733678985
1.4830223133081666,0.9304242426511057,-1.4800680663878838
1.5031576014788395,0.9502064857939909,-1.500068788115576
1.5232957985187183,0.9699857921315791,-1.5200695018665722
1.5434369043207168,0.9897621612396392,-1.5400702075345172
1.5635809187777336,1.0095355926939562,-1.5600709050130563
1.5837278417826521,1.0293060860703307,-1.5800715941958348
1.6038776732283397,1.0490736409445787,-1.6000722749764977
1.6240304130076486,1.0688382568925319,-1.6200729472486906
1.6441860610134156,1.0885999334900378,-1.6400736109060585
1.6643446171384617,1.1083586703129595,-1.6600742658422472
1.6845060812755932,1.1281144669371754,-1.6800749119509018
1.7046704533176,1.1478673229385798,-1.7000755491256678
1.7248377331572573,1.167617237893083,-1.720076177260191
1.7450079206873244,1.1873642113766099,-1.7400767962481167
1.765181015800545,1.207108242965102,-1.7600774059830908
1.7853570183896479,1.2268493322345162,-1.7800780063587587
1.805535928347346,1.246587478760825,-1.8000785972687665
1.825717745566337,1.2663226821200166,-1.8200791786067598
1.8459024699393027,1.2860549418880944,-1.8400797502663844
1.86609010135891,1.305784257641078,-1.860080312141286
1.88628063971781,1.3255106289550027,-1.8800808641251112
1.9064740849086386,1.3452340554059192,-1.9000814061115052
1.9266704368240157,1.3649545365698936,-1.9200819379941145
1.9468696953565465,1.3846720720230083,-1.940082459666585
1.9670718603988202,1.404386661341361,-1.960082971022563
1.9872769318434105,1.4240983041010646,-1.9800834719556946
2.007484909582876,1.4438069998782488,-2.0000839623596263
2.0276957935097597,1.463512748249058,-2.020084442128004
2.047909583516589,1.4832155487896528,-2.0400849111544743
2.068126279495876,1.5029154010762091,-2.0600853693326835
2.0883458813401177,1.5226123046849187,-2.0800858165562786
2.108568388941795,1.5423062591919892,-2.100086252718906
2.1287938021933743,1.5619972641736435,-2.1200866777142116
2.149022120987305,1.5816853192061207,-2.1400870914358427
2.1692533452160223,1.6013704238656747,-2.1600874937774455
2.189487474771945,1.6210525777285765,-2.1800878846326674
2.209724509547478,1.6407317803711114,-2.2000882638951555
2.2299644494350095,1.660408031369581,-2.220088631458556
2.2502072943269122,1.6800813303003028,-2.240088987216516
2.2704530441155435,1.6997516767396097,-2.260089331062683
2.2907016986932462,1.7194190702638503,-2.2800896628907035
2.3109532579523466,1.739083510449389,-2.3000899825942245
2.3312077217851557,1.7587449968726054,-2.320090290066894
2.3514650900839698,1.7784035291098959,-2.3400905852023586
2.3717253627410693,1.7980591067376719,-2.3600908678942663
2.3919885396487186,1.8177117293323604,-2.380091138036264
2.412254620699167,1.8373613964704043,-2.4000913955219993
2.4325236057846498,1.8570081077282623,-2.42009164024512
2.4527954947973845,1.8766518626824087,-2.4400918720992735
2.4730702876295743,1.8962926609093336,-2.4600920909781077
2.493347984173407,1.9159305019855428,-2.48009229677527
2.5136285843210553,1.9355653854875579,-2.500092489384409
2.533912087964675,1.9551973109919158,-2.5200926686991716
2.5541984949964087,1.9748262780751697,-2.540092834613206
2.5744878053083817,1.9944522863138885,-2.5600929870201607
2.5947800187927044,2.0140753352846565,-2.5800931258136837
2.6150751353414723,2.0336954245640735,-2.600093250887423
2.6353731548467647,2.0533125537287558,-2.6200933621350266
2.655674077200646,2.072926722355335,-2.6400934594501435
2.675977902295165,2.092537930020458,-2.660093542726422
2.6962846300223546,2.1121461763007887,-2.68009361185751
2.716594260274233,2.131751460773006,-2.700093666737056
2.736906792942803,2.1513537830138034,-2.7200937072587097
2.757222227920051,2.1709531425998922,-2.7400937333161193
2.7775405650979486,2.1905495391079985,-2.7600937448029335
2.7978618043684524,2.210142972114864,-2.780093741612801
2.8181859456235028,2.2297334411972463,-2.8000937236393706
2.838512988755025,2.249320945931919,-2.8200936907762917
2.8588429336549295,2.268905485895671,-2.8400936429172132
2.87917578021511,2.2884870606653074,-2.8600935799557847
2.8995115283274457,2.3080656698176494,-2.8800935017856553
2.9198501778838004,2.327641312929533,-2.9000934083004744
2.940191728776022,2.34721398957781,-2.9200932993938906
2.9605361808959434,2.366783699339349,-2.9400931749595545
2.9808835341353817,2.3863504417910337,-2.960093034891115
3.0012337883861386,2.405914216509764,-2.9800928790822216
3.0215869435400005,2.4254750230724547,-3.000092707426525
3.0419429994887386,2.445032861056037,-3.020092519817674
3.062301956124109,2.4645877300374583,-3.0400923161493187
3.082663813337851,2.484139629593681,-3.0600920963151097
3.10302857102169,2.5036885593016835,-3.080091860208697
3.123396229067335,2.52323451873846,-3.1000916077237304
3.14376678736648,2.5427775074810213,-3.1200913387538605
3.1641402458108034,2.5623175251063928,-3.1400910531927373
3.1845166042919684,2.5818545711916157,-3.1600907509340117
3.204895862701622,2.601388645313748,-3.180090431871334
3.2252780209313974,2.6209197470498626,-3.200090095898355
3.2456630788729104,2.6404478759770496,-3.220089742908725
3.266051036417763,2.659973031672413,-3.240089372796095
3.286441893457541,2.679495213713074,-3.260088985454116
3.3068356498838147,2.699014421676169,-3.280088580776439
3.3272323055881396,2.71853065513885,-3.300088158656715
3.347631860462055,2.7380439136782857,-3.3200877189885953
3.368034314397085,2.7575541968716597,-3.340087261665731
3.388439667284739,2.777061504296172,-3.3600867865817734
3.40884791901651,2.796565835529038,-3.3800862936303737
3.4292590694838765,2.8160671901474896,-3.400085782705184
3.4496731185783007,2.8355655677287737,-3.420085253699856
3.47009006619123,2.8550609678501533,-3.440084706508041
3.490509912214096,2.8745533900889075,-3.4600841410233913
3.5109326565383157,2.894042834022331,-3.4800835571395585
3.5313582990552894,2.9135292992277346,-3.5000829547501944
3.5517868396564025,2.933012785282445,-3.5200823337489515
3.5722182782330254,2.952493291763804,-3.5400816940294817
3.592652614676513,2.9719708182491695,-3.560081035485438
3.6130898488782046,2.9914453643159167,-3.580080358010472
3.633529980729424,3.010916929541434,-3.600079661498237
3.65397301012148,3.030385513503128,-3.620078945842385
3.674418936945665,3.04985111577842,-3.6400782109365695
3.694867761093257,3.0693137359447475,-3.6600774566744425
3.7153194824555187,3.0887733735795635,-3.6800766829496574
3.7357741009236967,3.1082300282603375,-3.7000758896558668
3.756231616389022,3.127683699564554,-3.720075076686724
3.7766920287427115,3.147134387069714,-3.740074243935883
3.7971553378759655,3.166582090353334,-3.7600733912969964
3.817621543679969,3.1860268089929473,-3.780072518663718
3.838090646045892,3.205468542566102,-3.8000716259297005
3.858562644864889,3.224907290650362,-3.8200707129885987
3.8790375400280994,3.2443430528233077,-3.8400697797340655
3.899515331426646,3.263775828662536,-3.8600688260597558
3.9199960189516383,3.2832056177456574,-3.880067851859323
3.9404796024941677,3.3026324196503007,-3.900066857026421
3.9609660819453123,3.3220562339541098,-3.9200658414547043
3.9814554571961347,3.3414770602347437,-3.9400648050378275
4.001947728137681,3.360894898069878,-3.9600637476694445
4.0224428946609825,3.3803097470372045,-3.9800626692432095
4.042940956657055,3.39972160671443,-4.000061569652778
4.063441914016899,3.419130476679278,-4.020060448791805
4.0839457666314996,3.438536356509487,-4.040059306553944
4.104452514391826,3.4579392457828124,-4.060058142832852
4.1249621571888335,3.477339144077025,-4.080056957522182
4.14547469491346,3.496736050969912,-4.100055750515591
4.165990127456629,3.516129966039276,-4.1200545217067335
4.18650845470925,3.535520888862935,-4.140053270989265
4.207029676562214,3.5549088190187237,-4.160051998256841
4.227553792906399,3.5742937560844927,-4.180050703403118
4.248080803632666,3.5936756996381085,-4.20004938632175
4.268610708631863,3.613054649257453,-4.220048046906395
4.289143507794821,3.6324306045204247,-4.240046685050706
4.309679201012354,3.651803565004937,-4.260045300648343
4.330217788175265,3.6711735302889212,-4.280043893592961
4.350759269174337,3.690540499950322,-4.300042463778215
4.37130364390034,3.709904473567102,-4.3200410110977625
4.391850912244028,3.7292654507172385,-4.3400395354452606
4.41240107409614,3.748623430978726,-4.360038036714365
4.4329541293474,3.767978413929573,-4.380036514798734
4.453510077888515,3.7873303991478067,-4.400034969592024
4.474068919610178,3.806679386211467,-4.420033400987892
4.494630654403068,3.8260253746986126,-4.440031808879994
4.515195282157844,3.845368364187317,-4.46003019316199
4.535762802765154,3.8647083542556686,-4.480028553727536
4.556333216115629,3.8840453444817733,-4.500026890470289
4.576906522099884,3.9033793344437524,-4.5200252032839074
4.597482720608521,3.9227103237197434,-4.5400234920620495
4.618061811532123,3.942038311887899,-4.560021756698374
4.638643794761261,3.9613632985263894,-4.580019997086538
4.659228670186489,3.9806852832133983,-4.6000182131202
4.679816437698346,4.000004265527128,-4.620016404693018
4.7004070971873535,4.019320245045795,-4.640014571698652
4.721000648544022,4.038633221347632,-4.660012714030759
4.741597091658843,4.057943194010888,-4.680010831582998
4.762196426422293,4.077250162613828,-4.700008924249029
4.7827986527248365,4.096554126734735,-4.72000699192251
4.803403770456918,4.115855085951903,-4.7400050344971
4.82401177950897,4.135153039843646,-4.760003051866459
4.844622679771406,4.154447987988292,-4.780001043924247
4.865236471134628,4.173739929964188,-4.799999010564123
4.8858531534890215,4.193028865349693,-4.819996951679745
4.906472726724955,4.212314793723184,-4.839994867164777
4.927095190732784,4.231597714663056,-4.859992756912876
4.947720545402847,4.250877627747714,-4.879990620817702
4.968348790625467,4.270154532555587,-4.899988458772917
4.988979926290953,4.289428428665112,-4.91998627067218
5.009613952289597,4.308699315654748,-4.939984056409153
5.030250868511677,4.327967193102968,-4.959981815877494
5.050890674847456,4.34723206058826,-4.979979548970867
5.071533371187179,4.366493917689128,-4.999977255582931
5.092178957421079,4.385752763984095,-5.0199749356073475
5.112827433439371,4.405008599051696,-5.039972588937778
5.133478799132255,4.424261422470485,-5.059970215467884
5.154133054389917,4.443511233819029,-5.079967815091328
5.174790199102527,4.462758032675914,-5.099965387701769
5.19545023316024,4.482001818619742,-5.1199629331928715
5.216113156453194,4.501242591229129,-5.139960451458296
5.236778968871515,4.520480350082708,-5.1599579423917055
5.257447670305308,4.539715094759127,-5.179955405886761
5.278119260644669,4.558946824837053,-5.199952841837126
5.298793739779674,4.578175539895165,-5.2199502501364625
5.3194711076003856,4.597401239512161,-5.239947630678434
5.340151363996851,4.616623923266754,-5.259944983356703
5.360834508859103,4.635843590737674,-5.279942308064932
5.381520542077156,4.655060241503666,-5.299939604696784
5.402209463541012,4.67427387514349,-5.319936873145924
5.422901273140656,4.693484491235923,-5.339934113306013
5.44359597076606,4.71269208935976,-5.359931325070717
5.464293556307176,4.73189666909381,-5.379928508333697
5.484994029653945,4.751098230016897,-5.39992566298862
5.50569739069629,4.770296771707863,-5.419922788929148
5.526403639324122,4.789492293745567,-5.439919886048947
5.547112775427332,4.8086847957088805,-5.459916954241679
5.5678247988958,4.8278742771766945,-5.47991399340101
5.588539709619387,4.847060737727914,-5.499911003420604
5.609257507487943,4.8662441769414615,-5.519907984194126
5.629978192391297,4.885424594396273,-5.539904935615242
5.650701764219266,4.904601989671304,-5.559901857577616
5.671428222861653,4.9237763623455235,-5.579898749974913
5.692157568208243,4.942947711997919,-5.5998956127007995
5.712889800148807,4.962116038207491,-5.61989244564894
5.7336249185731,4.981281340553259,-5.6398892487130015
5.754362923370862,5.000443618614257,-5.65988602178665
5.775103814431818,5.019602871969535,-5.67988276476355
5.795847591645675,5.038759100198159,-5.69987947753737
5.816594254902129,5.057912302879212,-5.719876160001774
5.8373438040908585,5.077062479591793,-5.73987281205043
5.858096239101525,5.096209629915015,-5.759869433577004
5.878851559823778,5.1153537534280105,-5.779866024475163
5.899609766147249,5.1344948497099265,-5.799862584638575
5.920370857961555,5.153632918339925,-5.819859113960907
5.9411348351563,5.172767958897186,-5.839855612335825
5.961901697621068,5.191899970960903,-5.8598520796569975
5.982671445245431,5.211028954110289,-5.879848515818092
6.003444077918943,5.230154907924571,-5.899844920712778
6.0242195955311475,5.249277831982992,-5.919841294234721
6.044997997971567,5.268397725864812,-5.93983763627759
6.065779285129713,5.287514589149307,-5.9598339467350545
6.086563456895079,5.306628421415768,-5.979830225500782
6.107350513157145,5.325739222243502,-5.999826472468441
6.128140453805373,5.344846991211836,-6.019822687531701
6.148933278729213,5.363951727900108,-6.039818870584231
6.169728987818097,5.383053431887675,-6.059815021519699
6.190527580961443,5.4021521027539094,-6.079811140231777
6.211329058048653,5.4212477400782,-6.099807226614132
6.232133418969115,5.440340343439951,-6.119803280560436
6.2529406636122,5.459429912418584,-6.1397993019643575
6.273750791867264,5.478516446593535,-6.1597952907195666
6.294563803623649,5.497599945544259,-6.179791246719734
6.31537969877068,5.516680408850223,-6.1997871698585305
6.336198477197668,5.535757836090913,-6.219783060029625
6.357020138793907,5.554832226845831,-6.23977891712669
6.377844683448679,5.573903580694494,-6.259774741043397
6.398672111051245,5.592971897216437,-6.279770531673415
6.419502421490856,5.612037175991208,-6.299766288910416
6.440335614656745,5.631099416598375,-6.319762012648071
6.461171690438132,5.65015861861752,-6.339757702780053
6.482010648724218,5.669214781628241,-6.359753359200034
6.502852489404191,5.688267905210154,-6.379748981801685
6.5236972123672246,5.707317988942887,-6.399744570478678
6.544544817502475,5.72636503240609,-6.419740125124686
6.565395304699084,5.745409035179423,-6.439735645633381
6.586248673846178,5.7644499968425675,-6.459731131898438
6.6071049248328695,5.7834879169752185,-6.479726583813527
6.627964057548252,5.8025227951570875,-6.499722001272322
6.648826071881407,5.821554630967902,-6.519717384168497
6.669690967721399,5.840583423987406,-6.539712732395725
6.690558744957279,5.85960917379536,-6.55970804584768
6.711429403478081,5.878631879971541,-6.579703324418035
6.732302943172824,5.8976515420957405,-6.5996985680004645
6.753179363930512,5.916668159747767,-6.619693776488643
6.7740586656401325,5.935681732507446,-6.639688949776245
6.79494084819066,5.954692259954618,-6.659684087756944
6.815825911471053,5.973699741669141,-6.679679190324417
6.836713855370252,5.992704177230888,-6.699674257372337
6.857604679777185,6.011705566219749,-6.719669288794378
6.878498384580764,6.03070390821563,-6.73966428448422
6.899394969669886,6.049699202798452,-6.759659244335534
6.920294434933432,6.0686914495481545,-6.779654168241998
6.941196780260268,6.0876806480446914,-6.799649056097286
6.962102005539245,6.106666797868034,-6.819643907795077
6.983010110659198,6.125649898598168,-6.8396387232290445
7.0039210955089475,6.144629949815099,-6.8596335022928665
7.024834959977297,6.163606951098844,-6.8796282448802195
7.045751703953037,6.182580902029438,-6.89962295088478
7.066671327324942,6.201551802186935,-6.919617620200225
7.08759382998177,6.220519651151402,-6.939612252720233
7.108519211812264,6.239484448502923,-6.959606848338479
7.129447472705152,6.258446193821599,-6.979601406948643
7.150378612549148,6.277404886687545,-6.9995959284444025
7.171312631232949,6.296360526680897,-7.019590412719435
7.192249528645237,6.315313113381802,-7.039584859667419
7.213189304674679,6.334262646370426,-7.059579269182032
7.234131959209927,6.353209125226951,-7.079573641156953
7.255077492139618,6.372152549531574,-7.099567975485862
7.276025903352372,6.391092918864509,-7.1195622720624385
7.296977192736795,6.410030232805987,-7.13955653078036
7.3179313601814755,6.428964490936254,-7.159550751533307
7.338888405574991,6.447895692835573,-7.179544934214958
7.359848328805901,6.466823838084223,-7.199539078718994
7.3808111297627494,6.4857489262625005,-7.2195331849390945
7.401776808334065,6.504670956950716,-7.23952725276894
7.422745364408363,6.523589929729198,-7.259521282102211
7.443716797874141,6.54250584417829,-7.2795152728325885
7.464691108619883,6.561418699878352,-7.299509224853753
7.485668296534056,6.580328496409762,-7.3195031380593845
7.506648361505114,6.599235233352912,-7.339497012343166
7.527631303421493,6.618138910288212,-7.359490847598779
7.548617122171615,6.637039526796086,-7.379484643719904
7.569605817643888,6.655937082456978,-7.399478400600223
7.590597389726702,6.674831576851344,-7.419472118133419
7.611591838308435,6.693723009559658,-7.439465796213175
7.632589163277447,6.7126113801624125,-7.459459434733171
7.653589364522083,6.731496688240113,-7.479453033587092
7.674592441930675,6.750378933373283,-7.49944659266862
7.695598395391537,6.769258115142462,-7.519440111871439
7.716607224792968,6.788134233128205,-7.539433591089232
7.737618930023253,6.807007286911085,-7.559427030215682
7.758633510970662,6.82587727607169,-7.579420429144473
7.779650967523447,6.8447442001906245,-7.599413787769289
7.800671299569848,6.863608058848509,-7.619407105983815
7.821694506998088,6.882468851625982,-7.639400383681735
7.842720589696374,6.9013265781036965,-7.659393620756733
7.8637495475529,6.920181237862321,-7.679386817102494
7.884781380455843,6.939032830482543,-7.699379972612705
7.905816088293364,6.957881355545065,-7.719373087181049
7.926853670953611,6.976726812630605,-7.739366160701213
7.947894128324716,6.995569201319898,-7.7593591930668815
7.968937460294795,7.014408521193696,-7.779352184171742
7.9899836667519475,7.0332447718327655,-7.79934513390948
8.01103274758426,7.052077952817892,-7.819338042173781
8.032084702679802,7.070908063729876,-7.839330908858333
8.05313953192663,7.089735104149533,-7.859323733856822
8.074197235212784,7.108559073657696,-7.879316517062937
8.09525781242629,7.127379971835214,-7.899309258370362
8.116321263455152,7.146197798262955,-7.919301957672787
8.13738758818737,7.165012552521799,-7.939294614863899
8.158456786510918,7.1838242341926435,-7.959287229837385
8.17952885831376,7.202632842856405,-7.979279802486936
8.200603803483848,7.221438378094013,-7.999272332706236
8.221681621909111,7.2402408394864155,-8.019264820388978
8.242762313477469,7.259040226614577,-8.03925726542885
8.263845878076822,7.277836539059476,-8.059249667719538
8.284932315595057,7.29662977640211,-8.079242027154734
8.30602162592005,7.315419938223492,-8.099234343628128
8.327113808939652,7.33420702410465,-8.119226617033407
8.348208864541707,7.35299103362663,-8.139218847264264
8.369306792614042,7.371771966370494,-8.159211034214387
8.390407593044465,7.39054982191732,-8.179203177777469
8.411511265720772,7.409324599848202,-8.199195277847197
8.432617810530743,7.428096299744252,-8.219187334317267
8.453727227362144,7.446864921186596,-8.239179347081366
8.474839516102724,7.465630463756379,-8.25917131603319
8.495954676640217,7.48439292703476,-8.279163241066424
8.517072708862342,7.503152310602915,-8.299155122074763
8.538193612656803,7.5219086140420375,-8.319146958951901
8.559317387911289,7.540661836933337,-8.339138751591527
8.580444034513473,7.559411978858038,-8.359130499887337
8.601573552351011,7.578159039397383,-8.379122203733022
8.622705941311548,7.59690301813263,-8.399113863022274
8.643841201282708,7.615643914645053,-8.419105477648788
8.664979332152107,7.634381728515945,-8.439097047506257
8.68612033380734,7.653116459326612,-8.459088572488376
8.707264206135989,7.671848106658378,-8.479080052488838
8.728410949025621,7.690576670092584,-8.499071487401336
8.749560562363786,7.709302149210586,-8.519062877119566
8.770713046038022,7.728024543593757,-8.53905422153722
8.791868399935847,7.746743852823486,-8.559045520547997
8.813026623944767,7.7654600764811805,-8.57903677404559
8.834187717952272,7.784173214148261,-8.599027981923696
8.855351681845837,7.802883265406168,-8.619019144076008
8.876518515512922,7.821590229836354,-8.639010260396223
8.897688218840969,7.840294107020292,-8.659001330778038
8.918860791717409,7.858994896539471,-8.678992355115149
8.940036234029654,7.877692597975394,-8.698983333301252
8.961214545665104,7.896387210909581,-8.718974265230043
8.982395726511143,7.91507873492357,-8.738965150795222
9.003579776455137,7.933767169598916,-8.758955989890485
9.02476669538444,7.952452514517187,-8.778946782409529
9.045956483186389,7.9711347692599706,-8.798937528246052
9.067149139748304,7.989813933408868,-8.818928227293753
9.088344664957496,8.0084900065455,-8.83891887944633
9.109543058701254,8.027162988251503,-8.858909484597483
9.130744320866855,8.045832878108527,-8.87890004264091
9.15194845134156,8.064499675698244,-8.898890553470308
9.173155450012615,8.083163380602334,-8.918881016979379
9.194365316767252,8.101823992402505,-8.938871433061822
9.215578051492685,8.12048151068047,-8.958861801611334
9.236793654076113,8.139135935017967,-8.97885212252162
9.258012124404722,8.157787264996742,-8.998842395686378
9.279233462365683,8.176435500198567,-9.018832620999309
9.300457667846148,8.195080640205223,-9.038822798354113
9.321684740733257,8.213722684598512,-9.05881292764449
9.342914680914134,8.232361632960249,-9.078803008764146
9.36414748827589,8.250997484872268,-9.098793041606779
9.385383162705615,8.269630239916419,-9.118783026066092
9.406621704090389,8.288259897674568,-9.138772962035787
9.427863112317274,8.306886457728599,-9.158762849409566
9.449107387273317,8.325509919660409,-9.178752688081133
9.470354528845553,8.344130283051914,-9.198742477944188
9.491604536920997,8.362747547485046,-9.218732218892438
9.512857411386651,8.381361712541752,-9.238721910819585
9.534113152129503,8.399972777803999,-9.258711553619333
9.555371759036523,8.418580742853768,-9.278701147185386
9.57663323199467,8.437185607273058,-9.298690691411448
9.597897570890883,8.45578737064388,-9.318680186191223
9.619164775612086,8.474386032548269,-9.338669631418416
9.640434846045192,8.49298159256827,-9.358659026986732
9.661707782077094,8.511574050285947,-9.378648372789877
9.682983583594675,8.530163405283382,-9.398637668721555
9.704262250484797,8.54874965714267,-9.418626914675475
9.725543782634311,8.567332805445925,-9.43861611054534
9.746828179930052,8.585912849775276,-9.458605256224857
9.768115442258837,8.604489789712872,-9.478594351607732
9.789405569507473,8.623063624840874,-9.498583396587675
9.810698561562745,8.641634354741463,-9.518572391058392
9.831994418311428,8.660201978996831,-9.538561334913588
9.85329313964028,8.678766497189194,-9.558550228046972
9.874594725436046,8.69732790890078,-9.578539070352253
9.89589917558545,8.715886213713835,-9.59852786172314
9.917206489975207,8.73444141121062,-9.618516602053338
9.938516668492014,8.752993500973414,-9.638505291236559
9.95982971102255,8.771542482584513,-9.65849392916651
9.981145617453487,8.790088355626226,-9.678482515736903
10.002464387671472,8.808631119680884,-9.698471050841444
10.023786021563142,8.827170774330831,-9.718459534373846
10.04511051901512,8.845707319158427,-9.738447966227817
10.06643787991401,8.864240753746051,-9.758436346297069
10.087768104146406,8.882771077676095,-9.778424674475312
10.109101191598878,8.901298290530972,-9.798412950656259
10.130437142157989,8.91982239189311,-9.818401174733618
10.151775955710285,8.938343381344952,-9.838389346601101
10.173117632142295,8.956861258468955,-9.858377466152422
10.194462171340533,8.9753760228476,-9.878365533281293
10.215809573191498,8.99388767406338,-9.898353547881426
10.237159837581673,9.012396211698805,-9.918341509846531
10.25851296439753,9.0309016353364,-9.938329419070323
10.27986895352552,9.04940394455871,-9.958317275446515
10.301227804852084,9.067903138948294,-9.978305078868821
10.322589518263642,9.086399218087728,-9.998292829230955
10.343954093646605,9.104892181559606,-10.018280526426631
10.365321530887362,9.123382028946537,-10.03826817034956
10.386691829872294,9.141868759831148,-10.058255760893463
10.40806499048776,9.160352373796078,-10.07824329795205
10.42944101262011,9.17883287042399,-10.098230781419037
10.450819896155675,9.197310249297558,-10.11821821118814
10.472201640980773,9.215784509999477,-10.138205587153076
10.493586246981701,9.234255652112452,-10.158192909207559
10.51497371404475,9.25272367521921,-10.178180177245306
10.536364042056189,9.271188578902493,-10.198167391160034
10.557757230902272,9.289650362745059,-10.218154550845458
10.579153280469244,9.308109026329683,-10.2381416561953
10.600552190643327,9.32656456923916,-10.258128707103273
10.621953961310732,9.345016991056296,-10.278115703463097
10.643358592357654,9.363466291363917,-10.29810264516849
10.664766083670273,9.381912469744863,-10.318089532113166
10.686176435134753,9.400355525781995,-10.338076364190849
10.707589646637242,9.418795459058185,-10.358063141295256
10.729005718063876,9.437232269156326,-10.378049863320108
10.750424649300774,9.455665955659326,-10.398036530159121
10.77184644023404,9.474096518150109,-10.41802314170602
10.79327109074976,9.492523956211615,-10.43800969785452
10.814698600734008,9.510948269426803,-10.457996198498344
10.836128970072844,9.52936945737865,-10.477982643531213
10.85756219865231,9.547787519650145,-10.497969032846846
10.878998286358433,9.566202455824296,-10.517955366338967
10.900437233077225,9.584614265484127,-10.537941643901295
10.921879038694687,9.60302294821268,-10.557927865427553
10.943323703096798,9.62142850359301,-10.577914030811463
10.964771226169523,9.639830931208195,-10.597900139946749
10.986221607798816,9.658230230641323,-10.61788619272713
11.007674847870614,9.676626401475502,-10.637872189046334
11.029130946270836,9.695019443293857,-10.65785812879808
11.050589902885392,9.713409355679529,-10.677844011876095
11.072051717600168,9.731796138215675,-10.697829838174101
11.093516390301044,9.750179790485468,-10.717815607585822
11.114983920873877,9.7685603120721,-10.737801320004985
11.136454309204513,9.78693770255878,-10.757786975325313
11.157927555178784,9.805311961528727,-10.777772573440531
11.179403658682503,9.823683088565186,-10.797758114244365
11.20088261960147,9.842051083251414,-10.817743597630542
11.22236443782147,9.860415945170685,-10.837729023492788
11.243849113228272,9.878777673906287,-10.857714391724826
11.26533664570763,9.897136269041528,-10.877699702220387
11.286827035145283,9.915491730159735,-10.897684954873196
11.308320281426953,9.933844056844245,-10.91767014957698
11.329816384438352,9.952193248678418,-10.937655286225466
11.35131534406517,9.970539305245627,-10.957640364712384
11.372817160193089,9.988882226129261,-10.977625384931462
11.394321832707767,10.00722201091273,-10.997610346776428
11.415829361494856,10.025558659179458,-11.01759525014101
11.437339746439985,10.043892170512883,-11.03758009491894
11.458852987428775,10.062222544496464,-11.057564881003945
11.480369084346826,10.080549780713676,-11.077549608289754
11.501888037079725,10.098873878748009,-11.0975342766701
11.523409845513044,10.117194838182968,-11.117518886038713
11.54493450953234,10.13551265860208,-11.137503436289322
11.566462029023155,10.153827339588885,-11.15748792731566
11.587992403871015,10.17213888072694,-11.177472359011457
11.60952563396143,10.19044728159982,-11.197456731270444
11.631061719179897,10.208752541791116,-11.217441043986355
11.652600659411895,10.227054660884434,-11.237425297052921
11.674142454542892,10.2453536384634,-11.257409490363875
11.695687104458337,10.263649474111652,-11.27739362381295
11.717234609043665,10.281942167412852,-11.29737769729388
11.738784968184296,10.300231717950673,-11.317361710700398
11.760338181765635,10.318518125308804,-11.337345663926238
11.781894249673071,10.336801389070956,-11.357329556865134
11.80345317179198,10.35508150882085,-11.377313389410821
11.825014948007722,10.37335848414223,-11.397297161457034
11.846579578205638,10.391632314618853,-11.417280872897509
11.86814706227106,10.409902999834495,-11.437264523625977
11.8897174000893,10.428170539372944,-11.45724811353618
11.911290591545654,10.446434932818011,-11.47723164252185
11.932866636525409,10.464696179753522,-11.497215110476727
11.954445534913834,10.482954279763314,-11.517198517294545
11.97602728659618,10.501209232431249,-11.537181862869042
11.997611891457685,10.519461037341202,-11.557165147093956
12.019199349383573,10.537709694077066,-11.577148369863023
12.04078966025905,10.555955202222744,-11.597131531069982
12.062382823969308,10.574197561362167,-11.617114630608572
12.083978840399526,10.592436771079274,-11.637097668372533
12.105577709434865,10.610672830958027,-11.657080644255602
12.12717943096047,10.628905740582399,-11.677063558151518
12.148784004861477,10.64713549953638,-11.697046409954025
12.170391431023,10.665362107403984,-11.717029199556858
12.192001709330142,10.683585563769235,-11.73701192685376
12.213614839667988,10.701805868216177,-11.756994591738472
12.235230821921606,10.720023020328867,-11.776977194104735
12.256849655976056,10.73823701969138,-11.79695973384629
12.278471341716378,10.756447865887813,-11.816942210856878
12.300095879027594,10.774655558502271,-11.836924625030242
12.32172326779472,10.792860097118885,-11.856906976260124
12.343353507902748,10.811061481321792,-11.876889264440267
12.364986599236659,10.829259710695156,-11.896871489464415
12.386622541681415,10.847454784823155,-11.916853651226308
12.408261335121969,10.86564670328998,-11.936835749619693
12.429902979443254,10.883835465679844,-11.956817784538314
12.45154747453019,10.902021071576971,-11.976799755875916
12.473194820267683,10.920203520565607,-11.996781663526244
12.49484501654062,10.938382812230012,-12.01676350738304
12.516498063233874,10.95655894615446,-12.036745287340052
12.538153960232304,10.97473192192325,-12.056727003291025
12.559812707420756,10.992901739120693,-12.076708655129703
12.581474304684056,11.011068397331115,-12.096690242749837
12.603138751907018,11.02923189613886,-12.11667176604517
12.624806048974442,11.04739223512829,-12.136653224909454
12.64647619577111,11.065549413883783,-12.156634619236431
12.668149192181788,11.083703431989735,-12.176615948919853
12.68982503809123,11.101854289030557,-12.196597213853465
12.711503733384175,11.120001984590678,-12.216578413931018
12.733185277945344,11.138146518254542,-12.236559549046259
12.754869671659444,11.156287889606615,-12.25654061909294
12.776556914411167,11.174426098231372,-12.276521623964808
12.79824700608519,11.192561143713311,-12.296502563555613
12.819939946566175,11.210693025636944,-12.316483437759105
12.841635735738768,11.228821743586801,-12.336464246469037
12.8633343734876,11.246947297147429,-12.356444989579158
12.88503585969729,11.26506968590339,-12.37642566698322
12.906740194252437,11.283188909439263,-12.396406278574975
12.928447377037628,11.301304967339647,-12.416386824248175
12.950157407937432,11.319417859189153,-12.43636730389657
12.971870286836406,11.337527584572413,-12.456347717413916
12.993586013619092,11.355634143074075,-12.476328064693964
13.015304588170013,11.373737534278803,-12.496308345630469
13.037026010373681,11.391837757771277,-12.516288560117182
13.058750280114591,11.409934813136198,-12.53626870804786
13.080477397277223,11.428028699958277,-12.556248789316257
13.102207361746041,11.446119417822247,-12.576228803816127
13.123940173405495,11.464206966312858,-12.596208751441225
13.145675832140022,11.482291345014872,-12.616188632085308
13.167414337834037,11.500372553513072,-12.63616844564213
13.189155690371948,11.51845059139226,-12.65614819200545
13.210899889638142,11.536525458237247,-12.676127871069022
13.232646935516996,11.55459715363287,-12.696107482726605
13.254396827892865,11.572665677163975,-12.716087026871955
13.276149566650096,11.590731028415433,-12.73606650339883
13.297905151673016,11.608793206972125,-12.756045912200987
13.319663582845937,11.62685221241895,-12.776025253172188
13.341424860053161,11.644908044340825,-12.796004526206188
13.36318898317897,11.662960702322685,-12.815983731196747
13.384955952107632,11.68101018594948,-12.835962868037626
13.406725766723397,11.699056494806179,-12.855941936622584
13.428498426910508,11.717099628477767,-12.875920936845379
13.450273932553184,11.735139586549241,-12.895899868599775
13.472052283535634,11.753176368605626,-12.91587873177953
13.493833479742051,11.771209974231951,-12.935857526278408
13.51561752105661,11.789240403013272,-12.955836251990169
13.537404407363475,11.807267654534657,-12.975814908808577
13.559194138546793,11.825291728381192,-12.995793496627392
13.580986714490695,11.84331262413798,-13.015772015340378
13.6027821350793,11.861330341390142,-13.035750464841298
13.624580400196706,11.879344879722812,-13.055728845023916
13.646381509727002,11.897356238721143,-13.075707155781995
13.66818546355426,11.915364417970308,-13.0956853970093
13.689992261562535,11.933369417055493,-13.115663568599595
13.71180190363587,11.951371235561902,-13.135641670446647
13.733614389658289,11.969369873074758,-13.155619702444218
13.755429719513803,11.987365329179298,-13.175597664486077
13.77724789308641,12.005357603460775,-13.195575556465986
13.799068910260088,12.023346695504463,-13.215553378277717
13.820892770918803,12.04133260489565,-13.235531129815032
13.842719474946506,12.059315331219643,-13.2555088109717
13.864549022227132,12.077294874061764,-13.275486421641489
13.886381412644605,12.09527123300735,-13.295463961718166
13.908216646082824,12.113244407641762,-13.315441431095502
13.930054722425682,12.131214397550371,-13.335418829667262
13.951895641557053,12.149181202318568,-13.355396157327219
13.973739403360797,12.16714482153176,-13.37537341396914
13.995586007720762,12.18510525477537,-13.395350599486795
14.017435454520774,12.203062501634841,-13.415327713773955
14.039287743644646,12.221016561695633,-13.43530475672439
14.061142874976179,12.238967434543216,-13.45528172823187
14.083000848399159,12.256915119763088,-13.475258628190169
14.104861663797355,12.274859616940754,-13.495235456493056
14.126725321054517,12.292800925661739,-13.515212213034305
14.148591820054387,12.310739045511589,-13.535188897707688
14.170461160680688,12.328673976075862,-13.555165510406978
14.192333342817127,12.346605716940134,-13.575142051025948
14.2142083663474,12.364534267690003,-13.59511851945837
14.236086231155182,12.382459627911075,-13.615094915598021
14.257966937124142,12.400381797188981,-13.635071239338675
14.279850484137924,12.418300775109364,-13.655047490574105
14.301736872080161,12.436216561257885,-13.67502366919809
14.32362610083447,12.454129155220224,-13.694999775104401
14.345518170284459,12.472038556582078,-13.714975808186816
14.367413080313712,12.489944764929156,-13.734951768339112
14.389310830805801,12.50784777984719,-13.754927655455065
14.411211421644284,12.525747600921926,-13.774903469428454
14.433114852712704,12.54364422773913,-13.794879210153052
14.45502112389459,12.561537659884577,-13.814854877522642
14.476930235073452,12.579427896944068,-13.834830471430998
14.498842186132787,12.597314938503418,-13.8548059917719
14.520756976956077,12.615198784148456,-13.874781438439129
14.542674607426791,12.633079433465033,-13.894756811326465
14.56459507742838,12.650956886039014,-13.914732110327686
14.58651838684428,12.668831141456279,-13.934707335336572
14.608444535557911,12.68670219930273,-13.954682486246904
14.630373523452684,12.704570059164281,-13.974657562952464
14.652305350411988,12.72243472062687,-13.994632565347032
14.674240016319198,12.740296183276444,-14.014607493324391
14.696177521057676,12.75815444669897,-14.034582346778322
14.71811786451077,12.776009510480435,-14.054557125602608
14.74006104656181,12.793861374206838,-14.074531829691033
14.762007067094109,12.811710037464199,-14.09450645893738
14.783955925990972,12.829555499838554,-14.114481013235434
14.805907623135681,12.847397760915953,-14.134455492478976
14.82786215841151,12.86523682028247,-14.154429896561792
14.849819531701712,12.88307267752419,-14.17440422537767
14.871779742889531,12.900905332227214,-14.194378478820392
14.89374279185819,12.918734783977666,-14.214352656783745
14.9157086784909,12.93656103236168,-14.234326759161515
14.937677402670856,12.954384076965415,-14.254300785847489
14.959648964281238,12.972203917375039,-14.274274736735455
14.981623363205209,12.990020553176743,-14.294248611719198
15.003600599325923,13.007833983956733,-14.314222410692508
15.025580672526512,13.02564420930123,-14.334196133549172
15.047563582690097,13.043451228796478,-14.354169780182978
15.069549329699782,13.06125504202873,-14.374143350487717
15.091537913438659,13.079055648584262,-14.394116844357178
15.113529333789797,13.096853048049363,-14.41409026168515
15.13552359063626,13.114647240010344,-14.434063602365423
15.157520683861092,13.132438224053528,-14.454036866291789
15.179520613347322,13.15022599976526,-14.474010053358038
15.201523378977962,13.168010566731896,-14.493983163457962
15.223528980636015,13.185791924539814,-14.513956196485353
15.245537418204462,13.203570072775406,-14.533929152334004
15.267548691566272,13.221345011025084,-14.553902030897707
15.2895628006044,13.239116738875275,-14.573874832070254
15.311579745201785,13.256885255912424,-14.593847555745441
15.33359952524135,13.274650561722993,-14.613820201817061
15.355622140606004,13.292412655893461,-14.633792770178909
15.377647591178638,13.310171538010323,-14.653765260724777
15.399675876842135,13.327927207660093,-14.673737673348462
15.421706997479356,13.3456796644293,-14.69371000794376
15.443740952973151,13.363428907904492,-14.713682264404467
15.46577774320635,13.381174937672233,-14.733654442624378
15.487817368061775,13.398917753319104,-14.753626542497292
15.509859827422225,13.416657354431704,-14.773598563917005
15.531905121170492,13.434393740596649,-14.793570506777314
15.553953249189346,13.452126911400569,-14.81354237097202
15.576004211361546,13.469856866430115,-14.83351415639492
15.598058007569835,13.487583605271954,-14.853485862939811
15.62011463769694,13.505307127512772,-14.873457490500495
15.642174101625576,13.52302743273927,-14.893429038970773
15.664236399238439,13.54074452053816,-14.91340050824444
15.68630153041821,13.558458390496183,-14.9333718982153
15.708369495047558,13.57616904220009,-14.953343208777154
15.730440293009135,13.59387647523665,-14.973314439823804
15.75251392418558,13.61158068919265,-14.993285591249052
15.774590388459513,13.629281683654892,-15.013256662946697
15.796669685713544,13.646979458210199,-15.033227654810545
15.818751815830263,13.664674012445408,-15.0531985667344
15.840836778692246,13.682365345947375,-15.073169398612064
15.862924574182058,13.700053458302971,-15.09314015033734
15.885015202182243,13.717738349099086,-15.113110821804034
15.907108662575336,13.735420017922625,-15.13308141290595
15.929204955243852,13.753098464360512,-15.153051923536893
15.951304080070294,13.77077368799969,-15.173022353590671
15.973406036937146,13.788445688427114,-15.192992702961089
15.995510825726882,13.806114465229761,-15.21296297154195
16.017618446321958,13.823780017994622,-15.232933159227066
16.039728898604814,13.841442346308707,-15.252903265910243
16.061842182457877,13.859101449759041,-15.272873291485288
16.08395829776356,13.876757327932669,-15.29284323584601
16.10607724440426,13.89440998041665,-15.312813098886219
16.128199022262358,13.912059406798065,-15.332782880499721
16.150323631220218,13.929705606664006,-15.35275258058033
16.172451071160193,13.947348579601586,-15.372722199021851
16.194581341964618,13.964988325197934,-15.392691735718097
16.216714443515816,13.982624843040199,-15.41266119056288
16.238850375696092,14.00025813271554,-15.432630563450008
16.260989138387735,14.017888193811142,-15.452599854273297
16.283130731473022,14.035515025914203,-15.472569062926556
16.305275154834217,14.053138628611935,-15.4925381893036
16.327422408353563,14.070759001491572,-15.512507233298242
16.349572491913293,14.088376144140364,-15.532476194804294
16.371725405395622,14.105990056145576,-15.55244507371557
16.39388114868275,14.123600737094492,-15.572413869925885
16.41603972165686,14.141208186574413,-15.592382583329053
16.438201124200127,14.15881240417266,-15.612351213818892
16.460365356194703,14.176413389476567,-15.632319761289216
16.482532417522734,14.194011142073485,-15.65228822563384
16.504702308066335,14.211605661550786,-15.672256606746581
16.526875027707625,14.229196947495856,-15.692224904521257
16.549050576328696,14.246784999496098,-15.712193118851687
16.57122895381163,14.264369817138936,-15.732161249631686
16.59341016003849,14.281951400011808,-15.752129296755074
16.615594194891333,14.299529747702167,-15.772097260115668
16.637781058252187,14.317104859797487,-15.79206513960729
16.659970750003076,14.33467673588526,-15.812032935123757
16.682163270026003,14.352245375552991,-15.83200064655889
16.70435861820296,14.369810778388208,-15.851968273806513
16.72655679441592,14.38737294397845,-15.871935816760443
16.748757798546844,14.404931871911277,-15.891903275314503
16.77096163047768,14.422487561774265,-15.911870649362513
16.79316829009035,14.440040013155008,-15.9318379387983
16.81537777726677,14.457589225641117,-15.951805143515683
16.83759009188885,14.475135198820219,-15.971772263408486
16.859805233838465,14.492677932279957,-15.991739298370533
16.88202320299749,14.510217425607996,-16.01170624829565
16.90424399924778,14.527753678392017,-16.03167311307766
16.92646762247117,14.545286690219713,-16.051639892610385
16.948694072549486,14.562816460678802,-16.071606586787656
16.97092334936454,14.580342989357012,-16.091573195503297
16.993155452798124,14.597866275842094,-16.111539718651134
17.015390382732022,14.615386319721813,-16.131506156124992
17.037628139047996,14.632903120583949,-16.151472507818703
17.059868721627794,14.650416678016308,-16.17143877362609
17.082112130353153,14.667926991606704,-16.191404953440983
17.10435836510579,14.685434060942972,-16.211371047157215
17.12660742576741,14.702937885612965,-16.23133705466861
17.148859312219702,14.72043846520455,-16.251302975869
17.171114024344345,14.737935799305616,-16.271268810652213
17.193371562022993,14.755429887504064,-16.29123455891208
17.21563192513729,14.772920729387817,-16.311200220542435
17.237895113568868,14.790408324544813,-16.33116579543711
17.260161127199343,14.807892672563009,-16.351131283489934
17.282429965910314,14.825373773030375,-16.37109668459474
17.30470162958336,14.842851625534902,-16.39106199864536
17.326976118100053,14.860326229664597,-16.411027225535626
17.34925343134195,14.877797585007487,-16.430992365159376
17.37153356919059,14.89526569115161,-16.450957417410443
17.393816531527495,14.91273054768503,-16.470922382182664
17.416102318234174,14.93019215419582,-16.49088725936987
17.43839092919212,14.947650510272076,-16.5108520488659
17.460682364282814,14.965105615501907,-16.530816750564586
17.48297662338772,14.982557469473441,-16.550781364359768
17.505273706388287,15.000006071774827,-16.570745890145282
17.52757361316595,15.017451421994224,-16.590710327814964
17.549876343602122,15.034893519719814,-16.610674677262658
17.572181897578215,15.052332364539796,-16.630638938382194
17.594490274975612,15.069767956042382,-16.650603111067415
17.616801475675693,15.087200293815805,-16.67056719521216
17.639115499559814,15.104629377448314,-16.690531190710274
17.66143234650932,15.122055206528177,-16.710495097455592
17.68375201640554,15.139477780643677,-16.730458915341952
17.70607450912978,15.156897099383116,-16.7504226442632
17.72839982456335,15.174313162334812,-16.77038628411318
17.75072796258753,15.1917259690871,-16.79034983478573
17.773058923083585,15.209135519228337,-16.81031329617469
17.795392705932777,15.22654181234689,-16.830276668173912
17.81772931101634,15.243944848031147,-16.850239950677235
17.840068738215496,15.261344625869514,-16.870203143578504
17.862410987411458,15.278741145450413,-16.89016624677156
17.88475605848542,15.296134406362285,-16.910129260150253
17.907103951318554,15.313524408193587,-16.930092183608423
17.929454665792033,15.330911150532792,-16.950055017039922
17.951808201787,15.348294632968393,-16.970017760338592
17.97416455918459,15.365674855088901,-16.989980413398282
17.996523737865925,15.38305181648284,-17.00994297611284
18.018885737712107,15.400425516738755,-17.029905448376116
18.041250558604222,15.417795955445206,-17.049867830081954
18.06361820042335,15.435163132190771,-17.06983012112421
18.085988663050543,15.45252704656405,-17.089792321396725
18.10836194636685,15.469887698153652,-17.109754430793355
18.130738050253292,15.48724508654821,-17.129716449207944
18.153116974590894,15.504599211336371,-17.14967837653435
18.17549871926065,15.5219500721068,-17.16964021266642
18.19788328414354,15.539297668448178,-17.189601957498006
18.22027066912054,15.556641999949209,-17.20956361092296
18.2426608740726,15.573983066198608,-17.229525172835135
18.26505389888066,15.591320866785107,-17.24948664312839
18.28744974342564,15.608655401297463,-17.269448021696572
18.309848407588454,15.625986669324444,-17.28940930843354
18.33224989124999,15.643314670454837,-17.309370503233144
18.354654194291136,15.660639404277445,-17.329331605989243
18.377061316592748,15.67796087038109,-17.34929261659569
18.39947125803568,15.695279068354612,-17.369253534946342
18.42188401850076,15.712593997786866,-17.38921436093506
18.44429959786881,15.729905658266725,-17.409175094455698
18.466717996020634,15.747214049383082,-17.429135735402113
18.48913921283702,15.764519170724844,-17.449096283668162
18.511563248198748,15.781821021880939,-17.469056739147707
18.53399010198657,15.799119602440308,-17.489017101734603
18.556419774081235,15.816414911991913,-17.508977371322715
18.578852264363466,15.83370695012473,-17.5289375478059
18.601287572713982,15.850995716427757,-17.548897631078017
18.623725699013477,15.868281210490007,-17.568857621032933
18.646166643142642,15.885563431900508,-17.588817517564504
18.66861040498214,15.902842380248309,-17.608777320566595
18.69105698441263,15.920118055122474,-17.628737029933067
18.713506381314748,15.937390456112087,-17.648696645557784
18.735958595569116,15.954659582806247,-17.66865616733461
18.758413627056346,15.971925434794072,-17.688615595157408
18.780871475657033,15.989188011664694,-17.708574928920044
18.803332141251754,16.006447313007268,-17.728534168516383
18.825795623721078,16.02370333841096,-17.748493313840292
18.84826192294555,16.040956087464963,-17.768452364785635
18.870731038805705,16.058205559758477,-17.78841132124628
18.893202971182063,16.075451754880724,-17.80837018311609
18.915677719955127,16.092694672420947,-17.828328950288938
18.938155285005386,16.1099343119684,-17.84828762265869
18.960635666213314,16.127170673112357,-17.868246200119216
18.98311886345937,16.144403755442106,-17.888204682564382
19.005604876624005,16.16163355854696,-17.90816306988806
19.02809370558764,16.178860082016243,-17.92812136198412
19.050585350230694,16.1960833254393,-17.948079558746436
19.073079810433565,16.213303288405495,-17.968037660068873
19.095577086076638,16.2305199705042,-17.987995665845308
19.118077177040284,16.24773337132482,-18.00795357596961
19.140580083204853,16.264943490456762,-18.027911390335653
19.163085804450688,16.282150327489457,-18.04786910883731
19.185594340658113,16.29935388201236,-18.067826731368456
19.208105691707438,16.31655415361493,-18.087784257822964
19.230619857478956,16.333751141886655,-18.10774168809471
19.25313683785295,16.350944846417033,-18.127699022077564
19.275656632709683,16.368135266795584,-18.147656259665407
19.298179241929407,16.385322402611845,-18.167613400752117
19.320704665392352,16.402506253455364,-18.187570445231568
19.34323290297874,16.419686818915714,-18.207527392997633
19.365763954568777,16.436864098582486,-18.227484243944197
19.388297820042652,16.454038092045284,-18.247440997965136
19.41083449928054,16.47120879889373,-18.267397654954326
19.4333739921626,16.488376218717466,-18.287354214805653
19.45591629856898,16.505540351106152,-18.30731067741299
19.47846141837981,16.52270119564946,-18.327267042670222
19.5010093514752,16.539858751937086,-18.34722331047123
19.523560097735256,16.557013019558735,-18.36717948070989
19.546113657040056,16.57416399810414,-18.38713555328009
19.568670029269676,16.591311687163046,-18.407091528075707
19.591229214304175,16.608456086325212,-18.42704740499063
19.613791212023585,16.625597195180426,-18.44700318391874
19.636356022307936,16.642735013318482,-18.46695886475392
19.658923645037238,16.659869540329197,-18.486914447390056
19.681494080091483,16.6770007758024,-18.50686993172103
19.704067327350657,16.694128719327946,-18.526825317640736
19.72664338669472,16.7112533704957,-18.54678060504305
19.749222258003627,16.72837472889555,-18.566735793821866
19.771803941157312,16.745492794117396,-18.586690883871068
19.794388436035696,16.76260756575116,-18.606645875084542
19.816975742518686,16.77971904338678,-18.62660076735618
19.839565860486168,16.796827226614212,-18.646555560579866
19.862158789818025,16.81393211502343,-18.66651025464949
19.884754530394112,16.831033708204423,-18.68646484945895
19.907353082094275,16.8481320057472,-18.706419344902127
19.929954444798348,16.86522700724179,-18.726373740872916
19.952558618386146,16.882318712278227,-18.746328037265208
19.97516560273747,16.899407120446583,-18.766282233972895
19.997775397732106,16.916492231336925,-18.78623633088987
20.020388003249828,16.933574044539355,-18.806190327910027
20.043003419170386,16.950652559643988,-18.826144224927255
20.065621645373525,16.967727776240952,-18.846098021835452
20.088242681738972,16.984799693920397,-18.866051718528514
20.11086652814644,17.00186831227249,-18.886005314900334
20.13349318447562,17.018933630887407,-18.90595881084481
20.156122650606196,17.035995649355357,-18.92591220625583
20.178754926417838,17.053054367266558,-18.9458655010273
20.201390011790195,17.070109784211244,-18.965818695053112
20.224027906602903,17.087161899779666,-18.98577178822717
20.246668610735586,17.104210713562097,-19.005724780443362
20.26931212406785,17.121256225148827,-19.0256776715956
20.291958446479285,17.138298434130164,-19.04563046157777
20.314607577849472,17.15533734009643,-19.06558315028378
20.337259518057966,17.172372942637967,-19.085535737607525
20.35991426698432,17.18940524134513,-19.10548822344291
20.382571824508062,17.206434235808302,-19.125440607683842
20.405232190508713,17.223459925617874,-19.145392890224215
20.427895364865776,17.240482310364257,-19.165345070957933
20.450561347458738,17.25750138963788,-19.1852971497789
20.473230138167068,17.2745171630292,-19.205249126581023
20.495901736870227,17.291529630128665,-19.225201001258203
20.518576143447653,17.308538790526768,-19.245152773704344
20.54125335777878,17.325544643814005,-19.265104443813357
20.563933379743013,17.3425471895809,-19.285056011479142
20.586616209219752,17.359546427417975,-19.305007476595605
20.609301846088385,17.37654235691579,-19.324958839056656
20.631990290228277,17.393534977664917,-19.344910098756202
20.654681541518784,17.41052428925594,-19.36486125558815
20.677375599839237,17.42751029127946,-19.38481230944641
20.700072465068963,17.444492983326107,-19.40476326022489
20.722772137087272,17.461472364986523,-19.4247141078175
20.745474615773453,17.47844843585136,-19.44466485211815
20.768179901006786,17.495421195511298,-19.46461549302075
20.790887992666537,17.51239064355703,-19.484566030419217
20.81359889063195,17.529356779579263,-19.504516464207455
20.836312594782267,17.546319603168726,-19.52446679427938
20.859029104996697,17.563279113916167,-19.544417020528908
20.881748421154445,17.58023531141235,-19.56436714284995
20.904470543134703,17.59718819524805,-19.58431716113642
20.92719547081665,17.61413776501408,-19.60426707528223
20.949923204079436,17.63108402030124,-19.6242168851813
20.97265374280221,17.648026960700378,-19.644166590727544
20.995387086864095,17.664966585802336,-19.664116191814877
21.018123236144213,17.68190289519799,-19.68406568833722
21.04086219052166,17.698835888478225,-19.704015080188483
21.06360394987552,17.71576556523394,-19.723964367262592
21.086348514084865,17.732691925056066,-19.74391354945346
21.109095883028747,17.74961496753554,-19.76386262665501
21.131846056586202,17.766534692263313,-19.783811598761158
21.15459903463626,17.78345109883037,-19.803760465665828
21.177354817057928,17.800364186827696,-19.82370922726294
21.200113403730207,17.817273955846307,-19.84365788344641
21.22287479453207,17.83418040547723,-19.86360643411017
21.245638989342485,17.851083535311513,-19.88355487914814
21.268405988040403,17.867983344940217,-19.903503218454237
21.29117579050476,17.88487983395442,-19.92345145192239
21.31394839661447,17.901773001945227,-19.94339957944652
21.336723806248443,17.91866284850375,-19.96334760092055