
-1.011865446528552,-0.671339757145679,-0.3411992871643911
-1.0314802804028305,-0.654871836841526,-0.32276527965816726
-1.0515691572877544,-0.6370603649980228,-0.30324955962115074
-1.0716553542003375,-0.6178903498146369,-0.28324912727865864
-1.0917387003661578,-0.5977325917136449,-0.2632486934299741
-1.111819123864272,-0.5775719048079844,-0.24324825818145052
-1.1318966245879014,-0.557408289523914,-0.2232478216394413
-1.1519712024302826,-0.537241746287708,-0.20324738391029978
-1.1720428572846684,-0.5170722755256565,-0.18324694510037942
-1.1921115890443266,-0.4968998776640648,-0.16324650531603357
-1.2121773976025403,-0.4767245531292539,-0.14324606466361567
-1.232240282852609,-0.45654630234756044,-0.12324562324947914
-1.2523002446878466,-0.4363651257453366,-0.10324518117997741
-1.2723572830015837,-0.41618102374895005,-0.08324473856146389
-1.2924113976871656,-0.3959939967847841,-0.063244295500292
-1.312462588637954,-0.3758040452792375,-0.043243852102815165
-1.332510855747325,-0.3556111696587247,-0.023243408475386838
-1.3525561989086712,-0.3354153703496755,-0.0032429647243604337
-1.3725986180154002,-0.3152166477785355,0.016757479043910607
-1.3926381129609355,-0.29501500237176564,0.03675792272307285
-1.412674683638716,-0.2748104345558425,0.056758366206772874
-1.4327083299421963,-0.25460294475725814,0.07675880938865723
-1.4527390517648462,-0.2343925334025202,0.09675925216237251
-1.4727668490001513,-0.21417920091815185,0.11675969442156528
-1.4927917215416129,-0.19396294773069178,0.1367601360598821
-1.5128136692827474,-0.17374377426669424,0.15676057697096957
-1.532832692117087,-0.153521680952729,0.17676101704847424
-1.5528487899381798,-0.1332966682153813,0.19676145618604274
-1.5728619626395888,-0.11306873648125199,0.21676189427732162
-1.5928722101148929,-0.09283788617695736,0.23676233121595752
-1.6128795322576868,-0.0726041177291293,0.256762766895597
-1.6328839289615802,-0.05236743156441515,0.2767632012098867
-1.6528854001201987,-0.03212782810947781,0.2967636340524732
-1.6728839456271836,-0.01188530779099568,0.3167640653170032
-1.6928795653761914,0.008360128964337346,0.3367644948971233
-1.7128722592608945,0.028608481729811844,0.3567649226864801
-1.7328620271749804,0.0488597500787029,0.3767653485787203
-1.7528488690121526,0.06911393358427009,0.39676577246749056
-1.77283278466613,0.08937103181975749,0.41676619424643757
-1.792813774030647,0.10963104435839366,0.43676661380920795
-1.8127918369994536,0.12989397077339168,0.4567670310494484
-1.8327669734663155,0.15015981063794917,0.47676744586080566
-1.8527391833250137,0.17042856352524816,0.4967678581369264
-1.8727084664693452,0.1907002290084553,0.5167682677714575
-1.8926748227931216,0.21097480666072166,0.5367686746580455
-1.9126382521901715,0.2312522960551829,0.5567690786903373
-1.9325987545543377,0.25153269676495915,0.5767694797619798
-1.9525563297794795,0.27181600836315506,0.5967698777666196
-1.9725109777594714,0.2921022304228598,0.6167702725979035
-1.9924626983882034,0.31239136251714716,0.6367706641494784
-2.012411491559581,0.33268340421907533,0.6567710523149911
-2.032357357167526,0.35297835510168707,0.6767714369880885
-2.0523002951059746,0.37327621473800965,0.6967718180624175
-2.0722403052688794,0.39357698270105484,0.716772195431625
-2.092177387550208,0.4138806585638191,0.7367725689893578
-2.112111541843944,0.43418724189928326,0.7567729386292631
-2.132042768044087,0.4544967322804128,0.7767733042449876
-2.151971066044651,0.4748091292801577,0.7967736657301784
-2.171896435739667,0.4951244324714525,0.8167740229784825
-2.1918188770231795,0.5154426414272161,0.8367743758835469
-2.211738389789251,0.5357637557203523,0.8567747243390187
-2.231654973931958,0.5560877749237493,0.8767750682385449
-2.251568629345393,0.5764146986102796,0.8967754074757726
-2.271479355923664,0.5967445263528006,0.916775741944349
-2.291387153560895,0.6170772577241541,0.9367760715379212
-2.3112920221512248,0.6374128922971666,0.9567763961501364
-2.331193961588808,0.6577514296446489,0.9767767156746419
-2.3510929717678155,0.6780928693393967,0.9967770300050847
-2.3709890525824333,0.69843721095419,1.016777339035112
-2.390882203926863,0.7187844540617934,1.0367776426583715
-2.410772425695321,0.739134598234956,1.0567779407685103
-2.4306597177820404,0.7594876430464118,1.0767782332591755
-2.4505440800812694,0.7798435880688791,1.0967785200240148
-2.470425512487272,0.8002024328750609,1.1167788009566755
-2.490304014894327,0.8205641770376447,1.1367790759508047
-2.5101795871967303,0.8409288201293027,1.1567793449000505
-2.530052229288792,0.8612963617226915,1.1767796076980601
-2.549921941064838,0.8816668013904524,1.1967798642384808
-2.5697887224192106,0.9020401387052113,1.2167801144149604
-2.589652573246267,0.9224163732395786,1.2367803581211465
-2.60951349344038,0.9427955045661494,1.2567805952506867
-2.629371482895938,0.9631775322575034,1.2767808256972286
-2.649226541507345,0.9835624558862047,1.29678104935442
-2.669078669169021,1.0039502750248024,1.3167812661159086
-2.6889278657754008,1.02434098924583,1.3367814758753422
-2.708774131220936,1.0447345981218052,1.3567816785263687
-2.728617465400092,1.065131101225231,1.3767818739626356
-2.7484578682073515,1.0855304981285943,1.396782062077791
-2.768295339537212,1.1059327884043675,1.416782242765483
-2.7881298792841864,1.1263379716250068,1.4367824159193594
-2.8079614873428036,1.1467460473629534,1.4567825814330682
-2.827790163607608,1.167157015190633,1.4767827392002575
-2.8476159079731596,1.1875708746804559,1.4967828891145751
-2.867438720334034,1.207987625404817,1.5167830310696697
-2.887258600584822,1.2284072669360964,1.536783164959189
-2.9070755486201305,1.248829798846658,1.5567832906767813
-2.926889564334582,1.2692552207088506,1.5767834081160952
-2.9467006476228144,1.2896835320950077,1.5967835171707787
-2.9665087983794813,1.3101147325774476,1.6167836177344803
-2.9863140164992514,1.330548821728473,1.6367837097008482
-3.0061163018768093,1.3509857991203715,1.6567837929635307
-3.025915654406856,1.371425664325415,1.6767838674161766
-3.045712073984107,1.3918684169158602,1.6967839329524343
-3.0655055605032935,1.4123140564639485,1.7167839894659525
-3.0852961138591626,1.4327625825419057,1.7367840368503795
-3.1050837339464774,1.4532139947219427,1.7567840749993644
-3.124868420660016,1.4736682925762545,1.7767841038065557
-3.144650173894572,1.4941254756770213,1.7967841231656023
-3.164428993544955,1.5145855435964077,1.816784132970153
-3.1842048795059905,1.535048495906563,1.8367841331138564
-3.2039778316725185,1.555514332179621,1.8567841234903617
-3.2237478499393957,1.5759830519877003,1.876784103993318
-3.2435149342014937,1.5964546549029042,1.8967840745163738
-3.2632790843537,1.6169291404973207,1.9167840349531786
-3.283040300290918,1.6374065083430223,1.9367839851973816
-3.302798581908066,1.6578867580120664,1.9567839251426318
-3.3225539291000783,1.6783698890764949,1.9767838546825784
-3.342306341761905,1.6988559011083344,1.996783773710871
-3.362055819788512,1.7193447936795965,2.0167836821211584
-3.3818023630748795,1.7398365663622766,2.0367835798070906
-3.4015459715160046,1.760331218728356,2.056783466662317
-3.4212866450068997,1.7808287503497995,2.076783342580487
-3.4410243834425924,1.8013291607985575,2.0967832074552497
-3.4607591867181267,1.8218324496465648,2.116783061180256
-3.4804910547285615,1.8423386164657407,2.136782903649154
-3.500219987368971,1.8628476608279896,2.1567827347555943
-3.5199459845344463,1.8833595823052,2.176782554393227
-3.539669046120093,1.9038743804692457,2.1967823624557017
-3.5593891720210324,1.9243920548919844,2.2167821588366685
-3.579106362132402,1.9449126051452597,2.236781943429777
-3.5988206163493546,1.965436030800899,2.2567817161286774
-3.618531934567059,1.9859623314307144,2.27678147682702
-3.6382403166806982,2.0064915066065034,2.2967812254184548
-3.6579457625854728,2.0270235559000476,2.316780961796632
-3.6776482721765977,2.047558478883113,2.336780685855203
-3.697347845349303,2.068096275127452,2.356780397487817
-3.7170444819988364,2.0886369442048,2.3767800965881247
-3.736738182020459,2.109180485686877,2.396779783049777
-3.7564289453094495,2.1297268991453895,2.416779456766424
-3.7761167717611,2.1502761841520273,2.4367791176317164
-3.7958016612707204,2.1708283402784643,2.456778765539305
-3.815483613733635,2.1913833670963614,2.476778400382841
-3.835162629045184,2.211941264177362,2.496778022055975
-3.854838707100723,2.232502031093096,2.516777630452358
-3.874511847795623,2.2530656674151763,2.5367772254656407
-3.894182051025272,2.2736321727152022,2.5567768069894745
-3.913849316685072,2.2942015465647567,2.5767763749175105
-3.933513644670441,2.3147737885354074,2.5967759291433996
-3.9531750348768133,2.3353488981987076,2.6167754695607934
-3.9728334871996385,2.3559268751261944,2.6367749960633433
-3.992489001534381,2.376507718889391,2.656774508544701
-4.012141577776522,2.3970914290598033,2.6767740068985177
-4.031791215821559,2.4176780052089235,2.6967734910184453
-4.051437915565002,2.438267446908229,2.716772960798135
-4.071081676902381,2.45885975372918,2.7367724161312386
-4.090722499729237,2.479454925243223,2.7567718569114077
-4.1103603839411305,2.500052961021789,2.7767712830322946
-4.129995329433634,2.520653860636293,2.7967706943875514
-4.1496273361023395,2.541257623658136,2.81677009087083
-4.169256403842852,2.5618642496587034,2.836769472375783
-4.188882532550793,2.5824737382093645,2.8567688387960617
-4.208505722121799,2.6030860888814744,2.876768190025319
-4.228125972451523,2.6237013012463724,2.8967675259572068
-4.247743283435634,2.6443193748753826,2.9167668464853778
-4.267357654969815,2.6649403093398147,2.936766151503485
-4.286969086949766,2.685564104210962,2.9567654409051807
-4.3065775792712016,2.706190759060103,2.976764714584117
-4.326183131829853,2.7268202734585016,2.996763972433947
-4.345785744521467,2.7474526469774063,3.0167632143483245
-4.3653854172418045,2.76808787918805,3.0367624402209015
-4.384982149886644,2.7887259696616495,3.0567616499453316
-4.404575942351779,2.8093669179694087,3.076760843415267
-4.4241667945330185,2.8300107236825145,3.096760020524362
-4.443754706326186,2.850657386372139,3.1167591811662696
-4.463339677627124,2.8713069056094396,3.1367583252346427
-4.482921708331686,2.8919592809655574,3.1567574526231357
-4.502500798335744,2.9126145120116202,3.176756563225401
-4.522076947535186,2.9332725983187387,3.1967556569350934
-4.541650155825914,2.953933539458009,3.2167547336458657
-4.561220423103846,2.974597335000513,3.2367537932513724
-4.580787749264918,2.9952639845173157,3.256752835645267
-4.600352134205077,3.0159334875794688,3.276751860721203
-4.6199135778202916,3.0366058437580077,3.296750868372836
-4.6394720800065405,3.0572810526239524,3.3167498584938193
-4.65902764065982,3.0779591137483084,3.336748830977807
-4.678580259676144,3.098640026702066,3.3567477857184542
-4.698129936951539,3.1193237910561997,3.3767467226094148
-4.71767667238205,3.1400104063816694,3.396745641544343
-4.737220465863734,3.16069987224942,3.4167445424168945
-4.756761317292668,3.1813921882303804,3.4367434251207234
-4.776299226564941,3.202087353895465,3.456742289549485
-4.79583419357666,3.2227853688155736,3.476741135596834
-4.8153662182239465,3.243486232561589,3.496739963156425
-4.834895300402938,3.264189944704381,3.516738772121914
-4.854421440009787,3.284896504814803,3.536737562386956
-4.873944636940663,3.3056059124636934,3.5567363338452065
-4.8934648910917495,3.3263181672218756,3.5767350863903205
-4.912982202359247,3.347033268660158,3.5967338199159538
-4.932496570639372,3.3677512163493333,3.616732534315762
-4.952007995828354,3.3884720098601804,3.6367312294834013
-4.971516477822441,3.4091956487634616,3.656729905312527
-4.991022016517896,3.4299221326299247,3.676728561696795
-5.010524611810996,3.450651461030302,3.696727198529862
-5.030024263598036,3.471383633535311,3.7167258157053835
-5.049520971775325,3.4921186497156547,3.7367244131170163
-5.069014736239189,3.5128565091420194,3.7567229906584165
-5.088505556885967,3.5335972113850773,3.776721548223241
-5.107993433612018,3.554340756015486,3.7967200857051457
-5.127478366313713,3.5750871426038873,3.8167186029977875
-5.1469603548874385,3.5958363707209076,3.8367170999948232
-5.1664393992296,3.6165884399371584,3.85671557658991
-5.185915499236616,3.637343349823237,3.876714032676705
-5.2053886548049215,3.658101099949724,3.896712468148865
-5.224858865830966,3.678861689887186,3.9167108829000474
-5.244326132211217,3.6996251192061744,3.9367092768239096
-5.263790453842155,3.720391387477225,3.956707649814109
-5.283251830620278,3.74116049427086,3.9767060017643034
-5.302710262442099,3.761932439157584,3.99670433256815
-5.322165749204148,3.782707221707888,4.016702642119307
-5.341618290802967,3.803484841492248,4.036700930311432
-5.361067887135117,3.824265298081125,4.056699197038183
-5.380514538097174,3.8450485910449643,4.076697442193219
-5.399958243585729,3.8658347199541963,4.096695665670198
-5.41939900349739,3.8866236843792366,4.116693867362778
-5.438836817728779,3.9074154838904858,4.136692047164617
-5.458271686176534,3.9282101180583284,4.156690204969374
-5.47770360873731,3.949007586453135,4.176688340670708
-5.497132585307777,3.969807888645261,4.196686454162278
-5.516558615784619,3.990611024205046,4.216684545337743
-5.5359817000645375,4.011416992702815,4.2366826140907605
-5.555401838044249,4.032225793708878,4.256680660314991
-5.574819029620486,4.053037426793531,4.276678683904095
-5.594233274689998,4.073851891527052,4.29667668475173
-5.613644573149546,4.094669187479707,4.316674662751556
-5.633052924895913,4.115489314221746,4.336672617797232
-5.65245832982589,4.136312271323402,4.35667054978242
-5.67186078783629,4.157138058354896,4.376668458600778
-5.6912602988239405,4.177966674886432,4.396666344145967
-5.710656862685681,4.198798120488199,4.416664206311646
-5.730050479318371,4.219632394730372,4.436662044991476
-5.7494411486188834,4.240469497183111,4.456659860079119
-5.768828870484107,4.26130942741656,4.4766576514682335
-5.788213644810947,4.282152185000847,4.496655419052481
-5.807595471496323,4.302997769506088,4.516653162725523
-5.826974350437171,4.323846180502382,4.536650882381018
-5.846350281530444,4.3446974175598125,4.556648577912629
-5.865723264673108,4.365551480248449,4.576646249214017
-5.885093299762148,4.386408368138346,4.5966438961788425
-5.904460386694561,4.407268080799542,4.616641518700768
-5.923824525367362,4.428130617802062,4.636639116673454
-5.943185715677581,4.448995978715915,4.656636689990562
-5.962543957522264,4.469864163111094,4.6766342385457556
-5.981899250798474,4.4907351705575795,4.696631762232696
-6.001251595403287,4.511609000625335,4.716629260945044
-6.0206009912337946,4.53248565288431,4.736626734576464
-6.039947438187107,4.5533651269044375,4.756624183020616
-6.059290936160348,4.574247422255637,4.776621606171164
-6.078631485050657,4.595132538507814,4.796619003921771
-6.09796908475519,4.6160204752308545,4.816616376166099
-6.117303735171119,4.636911231994635,4.836613722797812
-6.13663543619563,4.657804808369013,4.85661104371057
-6.1559641877259255,4.6787012039238345,4.8766083387980395
-6.175289989659224,4.699600418228927,4.896605607953882
-6.194612841892761,4.720502450854106,4.916602851071762
-6.213932744323785,4.741407301369169,4.936600068045342
-6.23324969684956,4.762314969343902,4.956597258768287
-6.252563699367369,4.783225454348072,4.97659442313426
-6.271874751774508,4.804138755951435,4.996591561036925
-6.291182853968289,4.825054873723729,5.016588672369946
-6.310488005846042,4.845973807234678,5.036585757026988
-6.32979020730511,4.866895556053993,5.056582814901716
-6.349089458242851,4.887820119751366,5.0765798458877915
-6.368385758556641,4.908747497896478,5.096576849878883
-6.387679108143871,4.929677690058992,5.1165738267686525
-6.406969506901949,4.950610695808558,5.136570776450767
-6.426256954728295,4.97154651471481,5.15656769881889
-6.445541451520349,4.992485146347369,5.176564593766688
-6.464822997175562,5.013426590275838,5.196561461187827
-6.484101591591406,5.034370846069806,5.21655830097597
-6.503377234665365,5.055317913298849,5.236555113024785
-6.522649926294939,5.076267791532525,5.256551897227938
-6.5419196663776455,5.097220480340381,5.276548653479094
-6.561186454811017,5.118175979291945,5.296545381671919
-6.5804502914926,5.1391342879567325,5.31654208170008
-6.599711176319958,5.160095405904243,5.336538753457242
-6.618969109190671,5.181059332703962,5.356535396837074
-6.638224090002334,5.202026067925358,5.376532011733242
-6.657476118652557,5.222995611137887,5.396528598039412
-6.676725195038967,5.24396796191099,5.416525155649252
-6.695971319059206,5.264943119814091,5.436521684456429
-6.715214490610931,5.285921084416601,5.456518184354611
-6.734454709591816,5.306901855287914,5.476514655237464
-6.7536919758995495,5.327885431997412,5.496511096998656
-6.772926289431837,5.34887181411446,5.516507509531856
-6.792157650086398,5.369861001208409,5.536503892730731
-6.81138605776097,5.390852992848593,5.556500246488949
-6.830611512353304,5.411847788604334,5.57649657070018
-6.849834013761169,5.432845388044937,5.596492865258091
-6.869053561882346,5.453845790739694,5.616489130056351
-6.888270156614636,5.474848996257881,5.636485364988629
-6.9074837978558525,5.495855004168758,5.6564815699485935
-6.926694485503826,5.516863814041573,5.6764777448299135
-6.945902219456403,5.537875425445555,5.696473889526259
-6.965106999611446,5.558889837949922,5.716470003931298
-6.984308825866831,5.579907051123874,5.736466087938702
-7.003507698120453,5.6009270645366005,5.756462141442139
-7.02270361627022,5.62194987775727,5.77645816433528
-7.041896580214057,5.642975490355042,5.796454156511796
-7.061086589849904,5.664003901899056,5.816450117865355
-7.080273645075717,5.685035111958441,5.836446048289629
-7.0994577457894685,5.706069120102308,5.856441947678287
-7.1186388918891454,5.727105925899755,5.8764378159250015
-7.137817083272751,5.748145528919864,5.896433652923442
-7.156992319838305,5.769187928731704,5.91642945856728
-7.1761646014838405,5.790233124904326,5.936425232750188
-7.195333928107409,5.811281117006768,5.956420975365836
-7.214500299607078,5.832331904608053,5.976416686307895
-7.233663715880926,5.85338548727719,5.9964123654700385
-7.252824176827053,5.874441864583171,6.016408012745937
-7.271981682343571,5.895501036094975,6.036403628029264
-7.2911362323286095,5.916563001381566,6.056399211213691
-7.310287826680313,5.9376277600118925,6.07639476219289
-7.329436465296842,5.958695311554887,6.0963902808605335
-7.348582148076373,5.97976565557947,6.116385767110295
-7.367724874917097,6.0008387916545445,6.136381220835847
-7.386864645717221,6.021914719349001,6.156376641930862
-7.406001460374969,6.042993438231712,6.176372030289014
-7.4251353187885805,6.064074947871539,6.196367385803977
-7.44426622085631,6.085159247837326,6.216362708369424
-7.463394166476427,6.106246337697902,6.236357997879028
-7.482519155547219,6.1273362170220835,6.256353254226465
-7.501641187966985,6.14842888537867,6.276348477305407
-7.520760263634046,6.169524342336446,6.29634366700953
-7.539876382446734,6.190622587464183,6.316338823232507
-7.558989544303398,6.211723620330638,6.336333945868014
-7.578099749102402,6.23282744050455,6.3563290348097246
-7.597206996742128,6.253934047554646,6.376324089951315
-7.61631128712097,6.275043441049636,6.39631911118646
-7.635412620137342,6.296155620558218,6.416314098408835
-7.654510995689671,6.317270585649073,6.436309051512115
-7.6736064136764,6.338388335890868,6.456303970389977
-7.6926988739959885,6.359508870852255,6.476298854936097
-7.711788376546911,6.380632190101871,6.496293705044149
-7.730874921227658,6.4017582932083394,6.516288520607811
-7.749958507936736,6.422887179740266,6.5362833015207595
-7.769039136572666,6.444018849266244,6.55627804767667
-7.788116807033989,6.465153301354852,6.576272758969222
-7.807191519219254,6.486290535574653,6.59626743529209
-7.826263273027032,6.507430551494196,6.616262076538952
-7.845332068355909,6.5285733486820146,6.636256682603485
-7.864397905104486,6.5497189267066265,6.656251253379367
-7.883460783171378,6.5708672851365355,6.676245788760276
-7.902520702455217,6.592018423540233,6.696240288639891
-7.921577662854651,6.613172341486192,6.716234752911888
-7.940631664268344,6.634329038542872,6.736229181469946
-7.959682706594975,6.655488514278718,6.756223574207745
-7.978730789733239,6.676650768262162,6.776217931018962
-7.997775913581847,6.697815800061616,6.796212251797277
-8.016818078039526,6.718983609245483,6.8162065364363675
-8.035857283005019,6.740154195382148,6.8362007848299156
-8.05489352837708,6.761327558039983,6.856194996871599
-8.073926814054488,6.782503696787343,6.876189172455097
-8.09295713993603,6.80368261119257,6.896183311474091
-8.11198450592051,6.82486430082399,6.916177413822259
-8.131008911906752,6.8460487652499165,6.936171479393283
-8.150030357793591,6.867236004038646,6.9561655080808436
-8.169048843479878,6.888426016758461,6.97615949977862
-8.188064368864485,6.90961880297763,6.996153454380295
-8.207076933846292,6.930814362264405,7.016147371779548
-8.2260865383242,6.952012694187025,7.0361412518700615
-8.245093182197124,6.973213798313713,7.056135094545517
-8.264096865363996,6.994417674212678,7.076128899699594
-8.283097587723763,7.015624321452113,7.096122667225976
-8.302095349175387,7.036833739600198,7.116116397018346
-8.321090149617847,7.058045928225098,7.136110088970385
-8.340081988950136,7.0792608868949625,7.156103742975776
-8.359070867071264,7.100478615177927,7.176097358928201
-8.37805678388026,7.121699112642112,7.196090936721344
-8.397039739276162,7.142922378855623,7.216084476248886
-8.416019733158027,7.16414841338655,7.236077977404513
-8.434996765424929,7.18537721580297,7.256071440081906
-8.453970835975955,7.206608785672944,7.276064864174751
-8.472941944710211,7.227843122564519,7.29605824957673
-8.491910091526817,7.249080226045727,7.316051596181528
-8.510875276324908,7.270320095684586,7.336044903882829
-8.529837499003637,7.2915627310490985,7.356038172574318
-8.54879675946217,7.312808131707252,7.376031402149679
-8.567753057599692,7.334056297227019,7.396024592502598
-8.5867063933154,7.355307227176359,7.416017743526759
-8.605656766508508,7.376560921123216,7.436010855115848
-8.624604177078247,7.397817378635518,7.45600392716355
-8.643548624923865,7.419076599281182,7.475996959563552
-8.662490109944622,7.440338582628104,7.495989952209538
-8.681428632039797,7.461603328244172,7.5159829049951945
-8.700364191108681,7.482870835697255,7.53597581781421
-8.719296787050586,7.504141104555209,7.555968690560269
-8.738226419764835,7.5254141343858745,7.57596152312706
-8.75715308915077,7.546689924757079,7.595954315408269
-8.776076795107745,7.567968475236633,7.615947067297584
-8.794997537535135,7.589249785392333,7.635939778688691
-8.813915316332325,7.610533854791963,7.655932449475278
-8.832830131398724,7.63182068300329,7.6759250795510345
-8.851741982633746,7.653110269594066,7.695917668809647
-8.870650869936828,7.67440261413203,7.715910217144805
-8.889556793207422,7.695697716184906,7.735902724450197
-8.908459752344994,7.716995575320403,7.755895190619511
-8.927359747249026,7.738296191106214,7.775887615546436
-8.946256777819018,7.759599563110019,7.795879999124661
-8.965150843954483,7.780905690899483,7.815872341247876
-8.98404194555495,7.8022145740422575,7.835864641809771
-9.002930082519963,7.8235262121059765,7.855856900704034
-9.021815254749088,7.844840604658263,7.875849117824358
-9.040697462141898,7.866157751266721,7.89584129306443
-9.059576704597987,7.887477651498943,7.915833426317944
-9.078452982016964,7.908800304922508,7.935825517478588
-9.097326294298453,7.930125711104975,7.9558175664400546
-9.116196641342095,7.9514538696138946,7.9758095730960346
-9.135064023047544,7.972784780016799,7.99580153734022
-9.153928439314475,7.994118441881206,8.0157934590663
-9.172789890042573,8.015454854774621,8.035785338167969
-9.19164837513154,8.036794018264532,8.055777174538918
-9.2105038944811,8.058135931918414,8.07576896807284
-9.229356447990982,8.079480595303728,8.095760718663428
-9.248206035560939,8.100828007987918,8.115752426204372
-9.267052657090739,8.122178169538413,8.135744090589368
-9.285896312480162,8.143531079522633,8.155735711712108
-9.304737001629006,8.164886737507977,8.175727289466288
-9.323574724437083,8.186245143061834,8.1957188237456
-9.342409480804227,8.207606295751575,8.215710314443736
-9.361241270630279,8.228970195144559,8.235701761454392
-9.380070093815101,8.250336840808126,8.25569316467126
-9.39889595025857,8.271706232309606,8.275684523988039
-9.417718839860578,8.293078369216314,8.29567583929842
-9.436538762521035,8.31445325109555,8.3156671104961
-9.455355718139863,8.335830877514596,8.335658337474776
-9.474169706617005,8.357211248040723,8.35564952012814
-9.492980727852414,8.378594362241188,8.375640658349889
-9.511788781746061,8.39998021968323,8.39563175203372
-9.530593868197935,8.421368819934077,8.41562280107333
-9.549395987108037,8.44276016256094,8.435613805362411
-9.568195138376385,8.464154247131017,8.455604764794664
-9.586991321903017,8.48555107321149,8.475595679263787
-9.605784537587981,8.506950640369524,8.495586548663473
-9.624574785331344,8.528352948172277,8.515577372887423
-9.643362065033186,8.549757996186885,8.535568151829333
-9.662146376593606,8.571165783980474,8.5555588853829
-9.680927719912718,8.592576311120153,8.575549573441826
-9.69970609489065,8.613989577173017,8.595540215899806
-9.718481501427547,8.635405581706147,8.61553081265054
-9.737253939423573,8.656824324286609,8.635521363587728
-9.7560234087789,8.678245804481454,8.655511868605066
-9.774789909393721,8.69967002185772,8.675502327596258
-9.793553441168246,8.721096975982428,8.695492740454998
-9.8123140040027,8.742526666422586,8.71548310707499
-9.831071597797319,8.763959092745187,8.735473427349934
-9.84982622245236,8.785394254517211,8.755463701173529
-9.868577877868097,8.806832151305622,8.775453928439475
-9.887326563944814,8.82827278267737,8.795444109041474
-9.906072280582814,8.849716148199388,8.815434242873227
-9.924815027682415,8.871162247438598,8.835424329828436
-9.943554805143956,8.892611079961904,8.855414369800801
-9.962291612867782,8.914062645336202,8.875404362684026
-9.981025450754261,8.935516943128365,8.895394308371813
-9.999756318703776,8.956973972905256,8.915384206757862
-10.018484216616724,8.978433734233723,8.935374057735876
-10.037209144393517,8.999896226680601,8.955363861199562
-10.055931101934585,9.021361449812707,8.975353617042618
-10.074650089140372,9.042829403196846,8.99534332515875
-10.093366105911338,9.064300086399808,9.015332985441662
-10.112079152147963,9.085773498988367,9.035322597785056
-10.130789227750737,9.107249640529284,9.05531216208264
-10.149496332620169,9.128728510589307,9.075301678228115
-10.168200466656783,9.150210108735164,9.095291146115185
-10.18690162976112,9.171694434533578,9.115280565637558
-10.205599821833733,9.193181487551247,9.135269936688937
-10.224295042775195,9.214671267354861,9.155259259163028
-10.242987292486093,9.236163773511095,9.175248532953535
-10.26167657086703,9.257659005586605,9.195237757954168
-10.280362877818622,9.279156963148038,9.215226934058629
-10.299046213241507,9.300657645762024,9.235216061160628
-10.317726577036334,9.32216105299518,9.255205139153869
-10.33640396910377,9.343667184414103,9.27519416793206
-10.355078389344497,9.365176039585386,9.295183147388908
-10.373749837659211,9.386687618075596,9.315172077418122
-10.392418313948628,9.408201919451292,9.33516095791341
-10.411083818113475,9.429718943279017,9.355149788768477
-10.429746350054499,9.4512386891253,9.375138569877034
-10.44840590967246,9.47276115655666,9.395127301132788
-10.467062496868135,9.49428634513959,9.415115982429448
-10.485716111542317,9.515814254440581,9.435104613660725
-10.504366753595814,9.5373448840261,9.455093194720327
-10.523014422929451,9.558878233462604,9.475081725501962
-10.541659119444066,9.580414302316536,9.495070205899342
-10.560300843040517,9.601953090154325,9.515058635806179
-10.578939593619674,9.623494596542383,9.53504701511618
-10.597575371082426,9.645038821047107,9.555035343723057
-10.616208175329675,9.666585763234883,9.57502362152052
-10.63483800626234,9.688135422672081,9.595011848402283
-10.653464863781357,9.709687798925055,9.615000024262056
-10.672088747787676,9.731242891560147,9.634988148993548
-10.690709658182264,9.752800700143682,9.654976222490475
-10.709327594866103,9.774361224241975,9.674964244646548
-10.727942557740192,9.79592446342132,9.694952215355478
-10.746554546705543,9.817490417248,9.71494013451098
-10.765163561663186,9.839059085288287,9.734928002006768
-10.783769602514168,9.860630467108434,9.754915817736554
-10.80237266915955,9.88220456227468,9.774903581594051
-10.820972761500407,9.90378137035325,9.794891293472975
-10.839569879437835,9.925360890910358,9.814878953267039
-10.858164022872941,9.946943123512197,9.834866560869958
-10.876755191706852,9.96852806772495,9.854854116175446
-10.895343385840706,9.990115723114785,9.874841619077218
-10.91392860517566,10.011706089247856,9.894829069468988
-10.932510849612886,10.0332991656903,9.914816467244474
-10.951090119053571,10.054894952008242,9.934803812297394
-10.969666413398922,10.076493447767792,9.954791104521462
-10.988239732550156,10.098094652535048,9.974778343810392
-11.00681007640851,10.119698565876087,9.994765530057904
-11.025377444875232,10.14130518735698,10.014752663157715
-11.043941837851591,10.162914516543779,10.03473974300354
-11.06250325523887,10.184526553002518,10.054726769489099
-11.081061696938368,10.206141296299224,10.074713742508107
-11.099617162851398,10.227758745999905,10.094700661954287
-11.118169652879294,10.249378901670557,10.114687527721353
-11.136719166923397,10.271001762877159,10.134674339703025
-11.155265704885073,10.292627329185677,10.154661097793023
-11.173809266665698,10.314255600162063,10.174647801885065
-11.192349852166664,10.335886575372255,10.194634451872874
-11.210887461289383,10.357520254382177,10.214621047650166
-11.22942209393528,10.379156636757735,10.234607589110663
-11.247953750005795,10.400795722064824,10.254594076148084
-11.266482429402387,10.422437509869324,10.274580508656152
-11.285008132026526,10.4440819997371,10.294566886528585
-11.303530857779702,10.465729191234004,10.314553209659108
-11.322050606563419,10.487379083925873,10.33453947794144
-11.340567378279198,10.509031677378529,10.354525691269306
-11.359081172828574,10.53068697115778,10.374511849536423
-11.3775919901131,10.552344964829418,10.39449795263652
-11.396099830034345,10.574005657959223,10.414484000463315
-11.414604692493889,10.595669050112962,10.434469992910532
-11.433106577393334,10.617335140856383,10.454455929871896
-11.451605484634294,10.639003929755223,10.47444181124113
-11.470101414118401,10.660675416375202,10.494427636911958
-11.488594365747302,10.68234960028203,10.514413406778102
-11.507084339422658,10.7040264810414,10.53439912073329
-11.52557133504615,10.72570605821899,10.554384778671245
-11.54405535251947,10.747388331380463,10.574370380485693
-11.56253639174433,10.769073300091472,10.594355926070358
-11.581014452622455,10.790760963917652,10.614341415318968
-11.599489535055588,10.812451322424623,10.634326848125248
-11.617961638945486,10.834144375177994,10.654312224382926
-11.636430764193921,10.855840121743357,10.674297543985725
-11.654896910702686,10.877538561686292,10.694282806827376
-11.673360078373584,10.89923969457236,10.714268012801602
-11.691820267108437,10.920943519967114,10.734253161802135
-11.71027747680908,10.942650037436087,10.7542382537227
-11.728731707377369,10.9643592465448,10.774223288457026
-11.747182958715172,10.986071146858762,10.794208265898842
-11.765631230724372,11.007785737943466,10.814193185941877
-11.784076523306869,11.029503019364387,10.834178048479858
-11.80251883636458,11.051222990686991,10.854162853406516
-11.820958169799438,11.07294565147673,10.874147600615581
-11.839394523513388,11.094671001299034,10.894132290000783
-11.857827897408395,11.116399039719328,10.914116921455852
-11.87625829138644,11.138129766303017,10.934101494874518
-11.894685705349518,11.159863180615496,10.954086010150515
-11.91311013919964,11.18159928222214,10.97407046717757
-11.931531592838834,11.203338070688314,10.994054865849419
-11.949950066169139,11.225079545579371,11.01403920605979
-11.968365559092616,11.246823706460642,11.034023487702417
-11.986778071511342,11.26857055289745,11.054007710671032
-12.005187603327405,11.290320084455098,11.073991874859368
-12.023594154442913,11.312072300698885,11.093975980161158
-12.041997724759986,11.333827201194083,11.113960026470135
-12.060398314180762,11.35558478550596,11.133944013680035
-12.078795922607398,11.377345053199763,11.15392794168459
-12.097190549942061,11.39910800384073,11.173911810377534
-12.115582196086937,11.420873636994083,11.193895619652602
-12.133970860944228,11.442641952225026,11.21387936940353
-12.15235654441615,11.464412949098751,11.233863059524053
-12.17073924640494,11.486186627180437,11.253846689907906
-12.189118966812844,11.507962986035249,11.273830260448825
-12.207495705542126,11.529742025228337,11.293813771040547
-12.225869462495067,11.551523744324836,11.31379722157681
-12.244240237573965,11.573308142889868,11.333780611951347
-12.262608030681132,11.59509522048854,11.353763942057897
-12.280972841718896,11.616884976685943,11.3737472117902
-12.2993346705896,11.638677411047158,11.39373042104199
-12.317693517195604,11.660472523137248,11.41371356970701
-12.336049381439286,11.682270312521263,11.433696657678995
-12.354402263223037,11.70407077876424,11.453679684851684
-12.372752162449265,11.7258739214312,11.473662651118818
-12.391099079020393,11.747679740087149,11.493645556374133
-12.409443012838858,11.769488234297082,11.513628400511372
-12.42778396380712,11.79129940362598,11.533611183424274
-12.446121931827646,11.813113247638801,11.553593905006581
-12.464456916802924,11.834929765900503,11.573576565152033
-12.482788918635455,11.856748957976018,11.593559163754371
-12.501117937227761,11.87857082343027,11.613541700707334
-12.519443972482375,11.900395361828163,11.633524175904666
-12.537767024301846,11.922222572734595,11.65350658924011
-12.556087092588742,11.944052455714445,11.673488940607406
-12.574404177245643,11.965885010332576,11.6934712299003
-12.592718278175148,11.98772023615384,11.713453457012532
-12.611029395279873,12.009558132743075,11.733435621837847
-12.629337528462443,12.031398699665102,11.75341772426999
-12.647642677625509,12.05324193648473,11.773399764202704
-12.665944842671728,12.07508784276675,11.793381741529732
-12.68424402350378,12.096936418075948,11.813363656144821
-12.702540220024357,12.118787661977086,11.833345507941713
-12.720833432136168,12.140641574034916,11.853327296814157
-12.739123659741937,12.162498153814177,11.873309022655897
-12.757410902744406,12.18435740087959,11.893290685360679
-12.77569516104633,12.206219314795865,11.91327228482225
-12.793976434550485,12.228083895127698,11.933253820934356
-12.812254723159656,12.249951141439768,11.953235293590744
-12.830530026776648,12.271821053296742,11.973216702685162
-12.84880234530428,12.293693630263274,11.99319804811136
-12.86707167864539,12.315568871904,12.013179329763082
-12.88533802670283,12.337446777783546,12.033160547534079
-12.903601389379466,12.35932734746652,12.053141701318099
-12.921861766578182,12.381210580517518,12.073122791008892
-12.94011915820188,12.403096476501123,12.093103816500205
-12.958373564153472,12.4249850349819,12.113084777685792
-12.97662498433589,12.446876255524403,12.1330656744594
-12.994873418652082,12.468770137693173,12.153046506714782
-13.01311886700501,12.490666681052735,12.173027274345687
-13.031361329297653,12.512565885167596,12.193007977245864
-13.049600805433007,12.534467749602255,12.212988615309067
-13.067837295314082,12.556372273921195,12.232969188429049
-13.086070798843904,12.578279457688883,12.25294969649956
-13.104301315925515,12.600189300469772,12.272930139414354
-13.122528846461973,12.622101801828306,12.292910517067185
-13.140753390356354,12.644016961328907,12.312890829351803
-13.158974947511746,12.665934778535988,12.332871076161965
-13.177193517831256,12.687855253013947,12.352851257391423
-13.195409101218006,12.709778384327167,12.372831372933932
-13.213621697575133,12.731704172040018,12.392811422683245
-13.231831306805793,12.753632615716857,12.41279140653312
-13.250037928813152,12.77556371492202,12.432771324377311
-13.268241563500396,12.797497469219838,12.452751176109572
-13.286442210770728,12.819433878174623,12.472730961623663
-13.304639870527362,12.841372941350674,12.492710680813335
-13.322834542673533,12.863314658312275,12.51269033357235
-13.34102622711249,12.885259028623697,12.532669919794461
-13.359214923747498,12.907206051849196,12.552649439373429
-13.377400632481837,12.929155727553015,12.57262889220301
-13.395583353218804,12.951108055299382,12.592608278176963
-13.413763085861708,12.97306303465251,12.612587597189044
-13.431939830313882,12.9950206651766,12.632566849133015
-13.450113586478667,13.016980946435837,12.652546033902635
-13.468284354259426,13.038943877994393,12.67252515139166
-13.486452133559533,13.060909459416427,12.692504201493854
-13.50461692428238,13.082877690266082,12.712483184102975
-13.522778726331376,13.104848570107489,12.732462099112785
-13.540937539609944,13.12682209850476,12.752440946417046
-13.559093364021523,13.148798275022,12.772419725909517
-13.577246199469569,13.170777099223294,12.79239843748396
-13.595396045857552,13.192758570672714,12.812377081034139
-13.61354290308896,13.214742688934322,12.832355656453815
-13.631686771067299,13.236729453572162,12.852334163636751
-13.649827649696084,13.258718864150264,12.872312602476711
-13.66796553887885,13.280710920232647,12.892290972867459
-13.68610043851915,13.302705621383312,12.912269274702757
-13.704232348520549,13.32470296716625,12.932247507876372
-13.722361268786631,13.346702957145432,12.952225672282067
-13.740487199220993,13.36870559088482,12.972203767813605
-13.758610139727251,13.390710867948362,12.992181794364756
-13.776730090209035,13.41271878789999,13.012159751829282
-13.79484705056999,13.434729350303623,13.03213764010095
-13.812961020713779,13.456742554723165,13.052115459073528
-13.83107200054408,13.478758400722505,13.07209320864078
-13.849179989964584,13.500776887865522,13.092070888696476
-13.867284988879007,13.522798015716075,13.112048499134383
-13.88538699719107,13.544821783838016,13.132026039848268
-13.903486014804516,13.566848191795177,13.152003510731902
-13.921582041623102,13.588877239151378,13.17198091167905
-13.939675077550602,13.610908925470424,13.191958242583484
-13.957765122490805,13.63294325031611,13.211935503338971
-13.975852176347516,13.654980213252214,13.231912693839282
-13.993936239024556,13.677019813842497,13.251889813978188
-14.012017310425763,13.699062051650712,13.271866863649459
-14.030095390454989,13.721106926240594,13.291843842746866
-14.048170479016102,13.743154437175866,13.31182075116418
-14.06624257601299,13.765204584020232,13.331797588795174
-14.08431168134955,13.78725736633739,13.35177435553362
-14.102377794929701,13.809312783691018,13.371751051273288
-14.120440916657374,13.831370835644783,13.391727675907951
-14.138501046436518,13.853431521762337,13.411704229331384
-14.156558184171097,13.875494841607319,13.431680711437362
-14.174612329765091,13.89756079474335,13.451657122119657
-14.192663483122498,13.91962938073404,13.471633461272043
-14.210711644147327,13.941700599142987,13.491609728788296
-14.228756812743608,13.963774449533771,13.51158592456219
-14.246798988815385,13.985850931469962,13.531562048487501
-14.264838172266717,14.007930044515113,13.551538100458005
-14.282874363001682,14.030011788232763,13.571514080367477
-14.300907560924367,14.052096162186439,13.591489988109696
-14.318937765938882,14.074183165939653,13.611465823578438
-14.33696497794935,14.096272799055901,13.63144158666748
-14.354989196859911,14.11836506109867,13.651417277270598
-14.37301042257472,14.140459951631426,13.671392895281574
-14.391028654997948,14.162557470217628,13.691368440594186
-14.40904389403378,14.184657616420719,13.71134391310221
-14.427056139586423,14.206760389804124,13.731319312699428
-14.445065391560092,14.228865789931259,13.75129463927962
-14.463071649859026,14.250973816365525,13.771269892736562
-14.481074914387474,14.273084468670305,13.79124507296404
-14.499075185049701,14.295197746408974,13.811220179855832
-14.517072461749992,14.31731364914489,13.83119521330572
-14.535066744392644,14.339432176441397,13.851170173207485
-14.553058032881973,14.361553327861825,13.871145059454909
-14.571046327122309,14.383677102969491,13.891119871941775
-14.589031627017995,14.405803501327696,13.911094610561866
-14.607013932473397,14.42793252249973,13.931069275208966
-14.624993243392892,14.450064166048868,13.951043865776857
-14.642969559680871,14.472198431538368,13.971018382159324
-14.660942881241748,14.494335318531478,13.99099282425015
-14.67891320797995,14.51647482659143,14.010967191943122
-14.696880539799913,14.538616955281444,14.030941485132024
-14.7148448766061,14.560761704164726,14.050915703710642
-14.732806218302985,14.582909072804464,14.070889847572762
-14.750764564795054,14.605059060763836,14.09086391661217
-14.768719915986814,14.627211667606005,14.110837910722653
-14.786672271782788,14.64936689289412,14.130811829797999
-14.80462163208751,14.671524736191317,14.150785673731995
-14.822567996805537,14.693685197060717,14.17075944241843
-14.840511365841436,14.715848275065426,14.19073313575109
-14.858451739099793,14.73801396976854,14.210706753623766
-14.876389116485209,14.760182280733135,14.230680295930245
-14.8943234979023,14.78235320752228,14.25065376256432
-14.912254883255702,14.804526749699026,14.27062715341978
-14.93018327245006,14.826702906826409,14.290600468390412
-14.948108665390041,14.848881678467455,14.310573707370011
-14.966031061980324,14.871063064185172,14.330546870252366
-14.983950462125607,14.893247063542557,14.350519956931269
-15.001866865730603,14.915433676102591,14.370492967300512
-15.019780272700041,14.937622901428245,14.390465901253888
-15.037690682938663,14.959814739082471,14.41043875868519
-15.055598096351233,14.982009188628211,14.43041153948821
-15.073502512842525,15.00420624962839,14.450384243556742
-15.09140393231733,15.026405921645923,14.470356870784583
-15.10930235468046,15.048608204243706,14.490329421065523
-15.127197779836738,15.070813096984628,14.51030189429336
-15.145090207691002,15.093020599431556,14.530274290361886
-15.16297963814811,15.115230711147348,14.5502466091649
-15.180866071112934,15.137443431694848,14.570218850596197
-15.19874950649036,15.159658760636885,14.590191014549573
-15.216629944185295,15.181876697536277,14.610163100918825
-15.234507384102654,15.204097241955823,14.630135109597754
-15.252381826147378,15.226320393458312,14.650107040480153
-15.270253270224416,15.248546151606519,14.67007889345982
-15.288121716238734,15.270774515963199,14.690050668430557
-15.30598716409532,15.293005486091104,14.71002236528616
-15.32384961369917,15.315239061552964,14.729993983920432
-15.341709064955301,15.337475241911497,14.74996552422717
-15.359565517768745,15.359714026729408,14.769936986100175
-15.377418972044547,15.38195541556939,14.789908369433249
-15.395269427687772,15.404199407994119,14.809879674120191
-15.413116884603498,15.426446003566257,14.829850900054803
-15.430961342696824,15.448695201848453,14.849822047130887
-15.448802801872855,15.470947002403346,14.869793115242246
-15.466641262036724,15.493201404793552,14.889764104282682
-15.48447672309357,15.515458408581683,14.909735014146
-15.502309184948553,15.537718013330332,14.929705844726001
-15.52013864750685,15.559980218602078,14.949676595916491
-15.53796511067365,15.58224502395949,14.969647267611274
-15.555788574354159,15.60451242896512,14.989617859704154
-15.5736090384536,15.626782433181502,15.009588372088936
-15.591426502877214,15.649055036171164,15.029558804659427
-15.609240967530255,15.67133023749662,15.049529157309433
-15.62705243231799,15.693608036720365,15.069499429932758
-15.64486089714571,15.71588843340488,15.089469622423215
-15.662666361918717,15.738171427112636,15.109439734674606
-15.680468826542327,15.76045701740609,15.129409766580741
-15.698268290921877,15.782745203847682,15.149379718035426
-15.716064754962716,15.805035985999844,15.169349588932473
-15.73385821857021,15.827329363424987,15.18931937916569
-15.751648681649742,15.849625335685511,15.209289088628887
-15.76943614410671,15.871923902343806,15.229258717215872
-15.787220605846528,15.894225062962242,15.249228264820458
-15.805002066774627,15.916528817103178,15.269197731336453
-15.822780526796452,15.93883516432896,15.28916711665767
-15.840555985817465,15.961144104201923,15.30913642067792
-15.858328443743146,15.983455636284381,15.329105643291017
-15.876097900478987,16.005769760138637,15.349074784390773
-15.8938643559305,16.028086475326983,15.369043843871
-15.911627810003209,16.050405781411698,15.38901282162551
-15.929388262602657,16.07272767795504,15.40898171754812
-15.947145713634402,16.09505216451926,15.428950531532642
-15.964900163004017,16.117379240666594,15.448919263472893
-15.982651610617092,16.13970890595926,15.468887913262689
-16.00040005637923,16.16204115995947,15.488856480795842
-16.01814550019606,16.184376002229417,15.50882496596617
-16.03588794197321,16.20671343233128,15.52879336866749
-16.053627381616344,16.229053449827227,15.548761688793617
-16.071363819031124,16.251396054279407,15.56872992623837
-16.08909725412324,16.273741245249962,15.588698080895567
-16.106827686798386,16.296089022301015,15.608666152659024
-16.124555116962288,16.318439384994676,15.628634141422562
-16.142279544520676,16.340792332893045,15.64860204708
-16.160000969379297,16.363147865558208,15.668569869525157
-16.17771939144392,16.385505982552232,15.688537608651853
-16.195434810620323,16.407866683437174,15.708505264353908
-16.21314722681431,16.430229967775073,15.728472836525142
-16.230856639931687,16.452595835127966,15.74844032505938
-16.248563049878285,16.474964285057858,15.768407729850441
-16.266266456559954,16.497335317126755,15.78837505079215
-16.28396685988255,16.51970893089665,15.808342287778327
-16.301664259751952,16.542085125929507,15.828309440702794
-16.31935865607405,16.564463901787292,15.848276509459378
-16.33705004875476,16.58684525803195,15.868243493941902
-16.354738437700004,16.609229194225417,15.888210394044188
-16.37242382281572,16.63161570992961,15.908177209660064
-16.390106204007868,16.65400480470643,15.928143940683354
-16.407785581182416,16.676396478117777,15.948110587007882
-16.42546195424536,16.69879072972552,15.968077148527478
-16.4431353231027,16.72118755909153,15.988043625135967
-16.460805687660464,16.743586965777652,16.008010016727177
-16.478473047824682,16.765988949345726,16.027976323194935
-16.496137403501407,16.788393509357572,16.04794254443307
-16.51379875459671,16.810800645375007,16.067908680335407
-16.531457101016674,16.83321035695982,16.087874730795775
-16.5491124426674,16.855622643673794,16.10784069570801
-16.56676477945501,16.878037505078698,16.127806574965938
-16.58441411128563,16.900454940736285,16.14777236846339
-16.602060438065408,16.9228749502083,16.167738076094192
-16.619703759700514,16.945297533056465,16.187703697752184
-16.63734407609713,16.967722688842496,16.207669233331192
-16.654981387161445,16.990150417128092,16.22763468272505
-16.672615692799678,17.012580717474936,16.24760004582759
-16.690246992918055,17.035013589444706,16.267565322532644
-16.707875287422823,17.057449032599056,16.287530512734048
-16.72550057622024,17.079887046499636,16.30749561632563
-16.743122859216587,17.10232763070808,16.327460633201234
-16.76074213631815,17.124770784785994,16.34742556325469
-16.778358407431238,17.147216508294992,16.367390406379833
-16.79597167246218,17.169664800796664,16.3873551624705
-16.813581931317312,17.192115661852583,16.407319831420523
-16.831189183902996,17.214569091024316,16.427284413123743
-16.848793430125603,17.23702508787341,16.447248907474
-16.86639466989152,17.259483651961396,16.467213314365125
-16.88399290310715,17.281944782849806,16.487177633690962
-16.901588129678917,17.30440848010014,16.507141865345346
-16.919180349513255,17.326874743273894,16.52710600922212
-16.936769562516613,17.349343571932554,16.54707006521512
-16.954355768595466,17.371814965637583,16.56703403321819
-16.971938967656296,17.394288923950437,16.586997913125163
-16.989519159605603,17.41676544643256,16.60696170482989
-17.007096344349904,17.439244532645375,16.6269254082262
-17.02467052179573,17.461726182150294,16.646889023207944
-17.042241691849632,17.484210394508718,16.666852549668967
-17.059809854418173,17.50669716928203,16.686815987503106
-17.07737500940793,17.529186506031607,16.706779336604203
-17.094937156725504,17.551678404318807,16.726742596866107
-17.112496296277506,17.57417286370497,16.746705768182657
-17.130052427970565,17.59666988375143,16.766668850447704
-17.14760555171132,17.619169464019503,16.78663184355509
-17.165155667406435,17.641671604070496,16.806594747398655
-17.18270277496259,17.6641763034657,16.826557561872256
-17.200246874286474,17.686683561766387,16.846520286869733
-17.217787965284796,17.709193378533826,16.866482922284934
-17.235326047864277,17.731705753329262,16.886445468011708
-17.252861121931662,17.754220685713936,16.906407923943902
-17.270393187393704,17.776738175249065,16.926370289975367
-17.287922244157176,17.79925822149586,16.94633256599995
-17.305448292128872,17.82178082401552,16.966294751911498
-17.32297133121559,17.84430598236922,16.986256847603865
-17.34049136132415,17.86683369611813,17.0062188529709
-17.358008382361394,17.88936396482341,17.026180767906453
-17.375522394234167,17.911896788046192,17.046142592304374
-17.39303339684934,17.93443216534761,17.06610432605852
-17.410541390113796,17.956970096288774,17.08606596906274
-17.42804637393444,17.979510580430787,17.10602752121089
-17.445548348218182,18.002053617334735,17.12598898239682
-17.46304731287196,18.02459920656169,17.145950352514383
-17.480543267802723,18.047147347672713,17.165911631457437
-17.49803621291743,18.069698040228847,17.185872819119833
-17.51552614812306,18.092251283791125,17.20583391539543
-17.533013073326618,18.114807077920567,17.225794920178082
-17.55049698843511,18.137365422178178,17.245755833361645
-17.567977893355565,18.15992631612495,17.265716654839974
-17.58545578799503,18.182489759321857,17.28567738450693
-17.602930672260563,18.205055751329866,17.305638022256367
-17.620402546059243,18.22762429170993,17.325598567982148
-17.637871409298157,18.250195380022983,17.345559021578126
-17.65533726188442,18.27276901582995,17.365519382938167
-17.672800103725148,18.295345198691745,17.385479651956125
-17.69025993472749,18.31792392816926,17.40543982852586
-17.7077167547986,18.34050520382338,17.425399912541238
-17.725170563845644,18.363089025214975,17.445359903896115
-17.742621361775818,18.3856753919049,17.465319802484355
-17.760069148496324,18.408264303454,17.48527960819982
-17.77751392391438,18.4308557594231,17.505239320936376
-17.79495568793723,18.453449759373015,17.52519894058788
-17.81239444047212,18.47604630286455,17.545158467048203
-17.829830181426317,18.498645389458495,17.565117900211202
-17.847262910707112,18.521247018715624,17.585077239970744
-17.864692628221803,18.543851190196694,17.605036486220694
-17.882119333877704,18.56645790346246,17.62499563885492
-17.899543027582148,18.58906715807365,17.644954697767282
-17.916963709242484,18.61167895359099,17.664913662851653
-17.93438137876608,18.634293289575183,17.6848725340019
-17.951796036060312,18.656910165586925,17.70483131111189
-17.969207681032582,18.679529581186895,17.724789994075483
-17.986616313590297,18.702151535935762,17.744748582786556
-18.004021933640885,18.724776029394178,17.76470707713898
-18.021424541091797,18.74740306112278,17.784665477026618
-18.038824135850486,18.7700326306822,17.804623782343345
-18.056220717824438,18.792664737633046,17.824581992983028
-18.07361428692114,18.815299381535922,17.84454010883954
-18.0910048430481,18.83793656195141,17.86449812980675
-18.108392386112847,18.86057627844008,17.88445605577854
-18.125776916022915,18.8832185305625,17.904413886648772
-18.14315843268587,18.90586331787921,17.924371622311323
-18.160536936009276,18.92851063995074,17.944329262660066
-18.177912425900725,18.95116049633761,17.964286807588877
-18.195284902267822,18.973812886600328,17.984244256991627
-18.21265436501819,18.996467810299382,18.00420161076219
-18.23002081405946,19.01912526699525,18.024158868794448
-18.247384249299298,19.041785256248396,18.044116030982273
-18.26474467064536,19.06444777761927,18.064073097219545
-18.282102078005334,19.087112830668318,18.08403006740014
-18.299456471286923,19.109780414955953,18.103986941417933
-18.316807850397844,19.132450530042593,18.123943719166803
-18.33415621524583,19.15512317548863,18.143900400540634
-18.35150156573863,19.177798350854452,18.1638569854333
-18.36884390178401,19.20047605570043,18.183813473738677
-18.38618322328975,19.22315628958692,18.203769865350655
-18.403519530163646,19.245839052074263,18.22372616016311
-18.42085282231351,19.268524342722788,18.243682358069922
-18.438183099647176,19.291212161092815,18.263638458964977
-18.455510362072488,19.313902506744643,18.28359446274215
-18.47283460949731,19.336595379238567,18.30355036929533
-18.490155841829512,19.359290778134863,18.3235061785184
-18.507474058976992,19.381988702993787,18.343461890305242
-18.52478926084766,19.404689153375596,18.363417504549744
-18.542101447349438,19.427392128840523,18.38337302114579
-18.559410618390274,19.45009762894879,18.40332843998726
-18.57671677387812,19.472805653260604,18.42328376096804
-18.594019913720945,19.495516201336166,18.443238983982027
-18.61132003782675,19.518229272735653,18.463194108923098
-18.628617146103537,19.54094486701924,18.483149135685146
-18.645911238459323,19.563662983747076,18.503104064162056
-18.663202314802152,19.586383622479303,18.52305889424772
-18.680490375040073,19.609106782776056,18.54301362583602
-18.697775419081157,19.631832464197444,18.562968258820852
-18.715057446833487,19.654560666303574,18.582922793096103
-18.73233645820517,19.677291388654528,18.602877228555666
-18.749612453104323,19.700024630810383,18.62283156509343
-18.76688543143908,19.722760392331203,18.642785802603292
-18.784155393117587,19.74549867277704,18.66273994097914
-18.801422338048013,19.768239471707915,18.682693980114866
-18.818686266138542,19.79098278868386,18.702647919904365
-18.83594717729737,19.813728623264883,18.72260176024153
-18.85320507143271,19.836476975010978,18.742555501020256
-18.870459948452798,19.859227843482124,18.762509142134437
-18.887711808265873,19.88198122823829,18.782462683477966
-18.9049606507802,19.904737128839425,18.80241612494474
-18.92220647590406,19.927495544845478,18.822369466428665
-18.93944928354574,19.950256475816374,18.842322707823627
-18.95668907361356,19.973019921312027,18.862275849023526
-18.973925846015838,19.99578588089234,18.88222888992226
-18.99115960066092,20.018554354117196,18.90218183041373
-19.00839033745717,20.041325340546475,18.922134670391834
-19.025618056312954,20.06409883974003,18.942087409750474
-19.04284275713667,20.08687485125772,18.96204004838355
-19.06006443983672,20.109653374659366,18.98199258618496
-19.077283104321523,20.1324344095048,19.001945023048602
-19.094498750499525,20.15521795535382,19.021897358868383
-19.11171137827918,20.178004011766223,19.041849593538206
-19.128920987568957,20.200792578301794,19.061801726951973
-19.146127578277344,20.223583654520297,19.081753759003586
-19.163331150312843,20.246377239981488,19.10170568958695
-19.180531703583974,20.269173334245107,19.12165751859597
-19.19772923799927,20.29197193687088,19.14160924592455
-19.214923753467282,20.31477304741852,19.161560871466595
-19.232115249896584,20.33757666544773,19.181512395116012
-19.249303727195752,20.360382790518198,19.201463816766704
-19.26648918527339,20.383191422189594,19.221415136312586
-19.28367162403811,20.40600256002158,19.241366353647564
-19.300851043398545,20.428816203573806,19.26131746866554
-19.318027443263343,20.451632352405905,19.281268481260426
-19.335200823541165,20.474451006077498,19.301219391326136
-19.352371184140694,20.49727216414819,19.321170198756576
-19.369538524970622,20.520095826177574,19.341120903445656
-19.386702845939663,20.542921991725233,19.36107150528729
-19.403864146956547,20.565750660350737,19.381022004175385
-19.421022427930012,20.588581831613638,19.400972400003855
-19.43817768876882,20.611415505073477,19.420922692666615
-19.455329929381755,20.634251680289783,19.440872882057576
-19.472479149677596,20.657090356822067,19.46082296807065
-19.48962534956516,20.67993153422983,19.480772950599757
-19.506768528953266,20.702775212072563,19.50072282953881
-19.523908687750758,20.725621389909737,19.52067260478172
-19.541045825866494,20.74847006730081,19.540622276222408
-19.558179943209343,20.77132124380524,19.560571843754786
-19.575311039688195,20.794174918982453,19.58052130727278
-19.59243911521195,20.817031092391872,19.600470666670294