
-0.006441344271739882,0.006804796736030632,-0.010739176514603472
-0.012697273764418437,0.013530511346969979,-0.021547748037346912
-0.01876630304553374,0.020180901816397295,-0.032426327723340066
-0.024646751577704795,0.02675978454799494,-0.043375676546839326
-0.030336713195086837,0.033270999525755234,-0.054396749077610815
-0.035834062769643786,0.03971849229755159,-0.06549069729562258
-0.041136413282636876,0.04610628294565859,-0.07665886391531827
-0.04624111771877273,0.05243849751994771,-0.08790280527379357
-0.05114526380581344,0.05871936370805052,-0.0992242932381365
-0.055845605334567956,0.06495321889789629,-0.11062534572299619
-0.06033857930630505,0.07114454684672124,-0.12210822955159502
-0.06462026585824866,0.07729796094264403,-0.133675473807157
-0.06868633006835906,0.08341823323544273,-0.14532990130414675
-0.07253205817276076,0.08951028055038462,-0.15707463621764903
-0.07615227457339624,0.09557918493092067,-0.16891315367441645
-0.07954134062095965,0.10163020453849604,-0.18084927021610794
-0.08269306208233512,0.10766877882347844,-0.1928871924366585
-0.0856007291686636,0.11370052463235171,-0.2050315503608579
-0.08825705094168687,0.11973127141369207,-0.21728740507372055
-0.0906540990173068,0.1257670411021456,-0.22966032596807812
-0.09278331278110631,0.13181406852983937,-0.24215637834678394
-0.09463539159058144,0.1378788203998005,-0.2547822006703002
-0.096200340757917,0.14396796847850046,-0.26754503698158943
-0.09746735063805688,0.15008843955371787,-0.2804527607479338
-0.09842484427586273,0.15624740435190254,-0.2935139425717697
-0.0990603638816219,0.16245229792198795,-0.3067378845229177
-0.0993606518533387,0.1687108371558108,-0.32013466877592284
-0.09931151054505885,0.17503102399909806,-0.33371519575697384
-0.09889787803822389,0.18142119967932954,-0.34749122705918933
-0.09810379710004655,0.18789001024515065,-0.3614754588754776
-0.09691243516040669,0.1944464827311991,-0.37568150673968004
-0.0953061233539628,0.20110006222658847,-0.39012399135718706
-0.09326642035647852,0.207860592684109,-0.4048185490952779
-0.09077415570985367,0.21473843602001882,-0.419781857732244
-0.08780957327524286,0.22174445866672515,-0.43503167174325
-0.08435243033531442,0.2288901135105849,-0.4505868518641431
-0.08038219873076213,0.23618747988992908,-0.46646735936930667
-0.0758782297489884,0.2436493360447051,-0.4826943228287566
-0.07081996716617797,0.25128918486363694,-0.4992900428764001
-0.0651871936600443,0.2591213368853485,-0.5162780522913994
-0.05896021617761227,0.26716096185972044,-0.5336831560523677
-0.05212019864067274,0.27542410601475037,-0.5515315247973199
-0.04464926671542141,0.28392777992721413,-0.5698507806542223
-0.036530714141591855,0.2926899644000211,-0.5886701498287361
-0.027749061715423448,0.3017296525985409,-0.6080205923037685
-0.018290130089912454,0.31106695895374226,-0.6279349868521258
-0.00814084410843436,0.3207231107544308,-0.6479353136539803
0.002713972359994695,0.3307163730242008,-0.667935637010404
0.014290123738585566,0.34106510389492833,-0.6879359568150442
0.026603989408838288,0.351788549883409,-0.7079362729615479
0.039673133242422325,0.36290690298351597,-0.7279365853435625
0.05351686355311305,0.37444139582004904,-0.7479368938547354
0.0681569342026015,0.3864143442585386,-0.7679371983887137
0.0836180759560182,0.3988491555929008,-0.7879374988391447
0.09992861653617652,0.4117704158040984,-0.8079377950996758
0.11712088133131332,0.4252037821948058,-0.8279380870639543
0.13523164655364406,0.4391760724187178,-0.8479383746256276
0.1543024092857493,0.45371508261361465,-0.8679386576783431
0.17436793781339718,0.46884963332415075,-0.8879389361157483
0.1944357219685088,0.4846091814175559,-0.9079392098314905
0.21450585334056713,0.5009953420824783,-0.9279394787192172
0.2345784237194668,0.518009247934989,-0.947939742672576
0.25465352503139455,0.5356516348492458,-0.9679400015852143
0.2747312492875058,0.5539229316028632,-0.9879402553507798
0.2948116885506821,0.5728234181868388,-1.00794050386292
0.3148949349171718,0.592353271581915,-1.0279407470152824
0.3349810654298398,0.6123058816467586,-1.0479409847015149
0.3550701110235549,0.6322555620751581,-1.0679412168152649
0.3751620715914926,0.6522023124419767,-1.0879414432501802
0.39525694702681285,0.6721461323220933,-1.1079416638999084
0.41535473722266,0.6920870212904023,-1.1279418786580975
0.4354554420721629,0.7120249789218138,-1.1479420874183952
0.4555590614684351,0.7319600047912533,-1.1679422900744492
0.47566559530457453,0.7518920984736622,-1.1879424865199073
0.4957750434736635,0.7718212595439973,-1.2079426766484176
0.515887405868769,0.7917474875772308,-1.227942860353628
0.5360026823829426,0.8116707821483509,-1.2479430375291862
0.55612087290922,0.831591142832361,-1.2679432080687403
0.5762419773406218,0.8515085692042804,-1.2879433718659385
0.5963659955701529,0.8714230608391439,-1.3079435288144285
0.6164929274908028,0.8913346173120019,-1.327943678807859
0.6366227729955453,0.9112432381979204,-1.3479438217398774
0.656755531977339,0.931148923071981,-1.3679439575041323
0.6768912043291269,0.951051671509281,-1.387944085994272
0.6970297899438365,0.9709514830849333,-1.4079442071039443
0.7171712887143796,0.9908483573740661,-1.4279443207267979
0.7373157005336529,1.0107422939518236,-1.447944426756481
0.7574630252945374,1.0306332923933657,-1.4679445250866416
0.7776132628898984,1.0505213522738674,-1.4879446156109286
0.7977664132125861,1.07040647316852,-1.5079446982229903
0.8179224761554351,1.0902886546525299,-1.5279447728164752
0.8380814516112643,1.1101678963011192,-1.547944839285032
0.8582433394728776,1.1300441976895261,-1.5679448975223087
0.8784081396330626,1.149917558393004,-1.5879449474219545
0.8985758519845922,1.1697879779868217,-1.6079449888776178
0.9187464764202234,1.1896554560462642,-1.6279450217829474
0.938920012832698,1.209519992146632,-1.647945046031592
0.9590964611147418,1.2293815858632409,-1.6679450615172007
0.9792758211590658,1.2492402367714226,-1.6879450681334218
0.9994580928583648,1.2690959444465246,-1.7079450657739044
1.0196432761053187,1.2889487084639097,-1.7279450543322976
1.0398313707925917,1.3087985283989567,-1.7479450337022502
1.0600223768128327,1.3286454038270599,-1.7679450037774112
1.0802162940586748,1.3484893343236293,-1.7879449644514298
1.1004131224227358,1.3683303194640903,-1.8079449156179552
1.1206128617976177,1.3881683588238845,-1.8279448571706365
1.1408155120759076,1.4080034519784685,-1.8479447890031229
1.1610210731501767,1.427835598503315,-1.8679447110090637
1.1812295449129808,1.4476647979739128,-1.8879446230821084
1.2014409272568605,1.467491049965765,-1.9079445251159064
1.2216552200743405,1.4873143540543916,-1.927944417004107
1.2418724232579301,1.5071347098153278,-1.9479442986403595
1.2620925367001234,1.526952116824125,-1.9679441699183138
1.282315560293399,1.5467665746563495,-1.9879440307316194
1.3025414939302198,1.5665780828875837,-2.007943880973926
1.3227703375030333,1.5863866410934255,-2.027943720538883
1.3430020909042715,1.6061922488494889,-2.0479435493201406
1.3632367540263508,1.625994905731403,-2.0679433672113485
1.3834743267616725,1.645794611314813,-2.0879431741061567
1.4037148090026221,1.6655913651753795,-2.107942969898215
1.42395820064157,1.6853851668887794,-2.1279427544811735
1.4442045015708709,1.7051760160307046,-2.147942527748682
1.4644537116828635,1.724963912176863,-2.1679422895943916
1.484705830869872,1.7447488549029782,-2.187942039911951
1.5049608590242043,1.7645308437847893,-2.2079417785950115
1.5252187960381536,1.7843098783980516,-2.227941505537223
1.5454796418039969,1.8040859583185358,-2.2479412206322364
1.5657433962139964,1.823859083122028,-2.2679409237737014
1.5860100591603983,1.8436292523843307,-2.2879406148552692
1.6062796305354334,1.8633964656812616,-2.30794029377059
1.6265521102313174,1.8831607225886542,-2.3279399604133144
1.6468274981402504,1.9029220226823578,-2.347939614677093
1.6671057941544167,1.9226803655382374,-2.3679392564555766
1.6873869981659855,1.942435750732174,-2.3879388856424164
1.7076711100671103,1.9621881778400636,-2.4079385021312634
1.7279581297499291,1.981937646437819,-2.4279381058157683
1.7482480571065648,2.0016841561013674,-2.4479376965895816
1.7685408920291246,2.021427706406653,-2.467937274346355
1.7888366344097002,2.0411682969296345,-2.4879368389797394
1.809135284140368,2.060905927246288,-2.507936390383386
1.829436841113189,2.080640596932604,-2.5279359284509466
1.849741305220208,2.100372305564589,-2.5479354530760725
1.8700486763534558,2.1201010527182653,-2.5679349641524145
1.8903589544049462,2.1398268379696708,-2.587934461573625
1.9106721392666783,2.15954966089486,-2.6079339452333548
1.9309882308306359,2.179269521069902,-2.627933415025256
1.951307228988787,2.1989864180708825,-2.6479328708429803
1.9716291336330838,2.218700351473902,-2.6679323125801795
1.991953944655464,2.238411320855078,-2.6879317401305056
2.012281661947849,2.258119325790543,-2.7079311533876105
2.0326122854021453,2.277824365856446,-2.7279305522451462
2.052945814910244,2.29752644062895,-2.7479299365967647
2.0732822503640196,2.3172255496842356,-2.7679293063361188
2.093621591655333,2.3369216925984984,-2.78792866135686
2.113963838676028,2.35661486894795,-2.8079280015526407
2.134308991317934,2.3763050783088175,-2.8279273268171132
2.154657049472864,2.395992320257344,-2.847926637043931
2.175008013032617,2.4156765943697884,-2.8679259321267465
2.195361881888975,2.435357900222425,-2.8879252119592116
2.215718655933705,2.455036237391544,-2.9079244764349794
2.236078335058559,2.4747116054534524,-2.927923725447703
2.2564409191552737,2.4943840039844716,-2.947922958891035
2.27680640811557,2.5140534325609396,-2.967922176658629
2.2971748018311526,2.5337198907592096,-2.987921378644137
2.3175461001937117,2.553383378155651,-3.0079205647412133
2.3379203030949225,2.5730438943266494,-3.0279197348435103
2.3582974104264434,2.5927014388486054,-3.0479188888446815
2.3786774220799183,2.6123560112979356,-3.0679180266383805
2.3990603379469753,2.632007611251073,-3.087917148118261
2.4194461579192272,2.6516562382844655,-3.1079162531779763
2.4398348818882716,2.6713018919745775,-3.12791534171118
2.4602265097456897,2.6909445718978886,-3.1479144136115265
2.4806210413830483,2.7105842776308946,-3.167913468772669
2.501018476691898,2.7302210087501075,-3.187912507088262
2.521418815563775,2.7498547648320546,-3.207911528451959
2.541822057890199,2.7694855454532785,-3.2279105327574142
2.562228203562675,2.789113350190339,-3.2479095198982817
2.5826372524726917,2.808738178619811,-3.2679084897682165
2.6030492045117235,2.8283600303182848,-3.287907442260872
2.623464059571228,2.8479789048623667,-3.3079063772699038
2.6438818175426486,2.86759480182868,-3.3279052946889656
2.664302478317413,2.887207720793862,-3.3479041944117127
2.684726041786933,2.9068176613345673,-3.3679030763317996
2.705152507842605,2.9264246230274655,-3.387901940342881
2.72558187637581,2.9460286054492424,-3.4079007863386126
2.746014147277915,2.9656296081765996,-3.4278996142126488
2.7664493204402687,2.9852276307862544,-3.447898423858645
2.786887395754207,3.00482267285494,-3.467897215170256
2.8073283731110483,3.0244147339594054,-3.4878959880411378
2.827772252402098,3.044003813676416,-3.5078947423649454
2.8482190335186437,3.0635899115827523,-3.5278934780353346
2.868668716351959,3.083173027255211,-3.547892194945961
2.8891213007933016,3.102753160270604,-3.5678908929904805
2.9095767867339135,3.122330310205761,-3.587889572062548
2.9300351740650217,3.141904476637525,-3.6078882320558208
2.950496462677837,3.1614756591427566,-3.627886872863954
2.9709606524635563,3.1810438572983317,-3.647885494380605
2.99142774331336,3.2006090706811423,-3.667884096499429
3.011897735118413,3.220171298868096,-3.687882679114082
3.032370627769865,3.2397305414361166,-3.707881242118221
3.0528464211588506,3.259286797962143,-3.727879785405503
3.0733251151764884,3.278840068023131,-3.7478783088695837
3.093806709713882,3.2983903511960517,-3.767876812404121
3.11429120466212,3.3179376470578923,-3.7878752959027713
3.134778599912274,3.3374819551856554,-3.807873759259191
3.1552688953554013,3.3570232751563607,-3.827872202367038
3.1757620908825444,3.376561606547042,-3.847870625119969
3.196258186384729,3.396096948934751,-3.8678690274116416
3.216757181752966,3.4156293018965527,-3.8878674091357133
3.2372590768782508,3.4351586650095305,-3.907865770185841
3.2577638716515636,3.454685037850783,-3.927864110455683
3.2782715659638697,3.474208419997424,-3.9478624298388967
3.2987821597061178,3.493728811026584,-3.96786072822914
3.3192956527692417,3.513246210515409,-3.9878590055200713
3.3398120450441597,3.532760618041061,-4.0078572616053485
3.360331336421775,3.552272033180717,-4.0278554963786295
3.380853526792975,3.571780455511572,-4.047853709733572
3.401378616048632,3.591285884610835,-4.067851901563836
3.4219066040796022,3.610788320055732,-4.0878500717630795
3.4424374907767277,3.6302877614235043,-4.107848220224961
3.4629712760308338,3.649784208291409,-4.127846346843138
3.4835079597327314,3.66927766023672,-4.147844451511272
3.5040475417732155,3.6887681168367266,-4.16784253412302
3.524590022043066,3.708255577668734,-4.187840594572042
3.545135400433047,3.7277400423100633,-4.207838632751997
3.5656836768339066,3.7472215103380515,-4.227836648556544
3.5862348511363793,3.7666999813300515,-4.247834641879344
3.6067889232311825,3.7861754548634328,-4.267832612614054
3.627345893009019,3.8056479305155797,-4.287830560654336
3.6479057603605765,3.8251174078638934,-4.3078284858938485
3.668468525176526,3.8445838864857906,-4.327826388226252
3.6890341873475245,3.864047365958704,-4.347824267545207
3.7096027467642125,3.8835078458600827,-4.367822123744372
3.7301742033172163,3.902965325767391,-4.38781995671741
3.7507485568971455,3.922419805258109,-4.4078177663579785
3.7713258073945943,3.941871283909734,-4.427815552559741
3.791905954700143,3.961319761299778,-4.447813315216356
3.812488998704355,3.9807652370057696,-4.467811054221485
3.8330749392977794,4.000207710605253,-4.487808769468789
3.8536637763709494,4.01964718167579,-4.5078064608519295
3.874255509814382,4.039083649794955,-4.527804128264568
3.89485013951858,4.058517114540342,-4.547801771600364
3.915447665374031,4.077947575489557,-4.56779939075298
3.9360480872712054,4.097375032220226,-4.587796985616078
3.95665140510056,4.116799484309989,-4.607794556083318
3.9772576187525357,4.136220931336502,-4.627792102048365
3.997866728117557,4.155639372877437,-4.647789623404878
4.0184787330860345,4.175054808510484,-4.667787120046521
4.0390936335483625,4.194467237813344,-4.687784591866955
4.059711429394921,4.21387666036374,-4.707782038759843
4.080332120516072,4.233283075739406,-4.727779460618848
4.100955706802166,4.2526864835180955,-4.747776857337632
4.1215821881435355,4.272086883277576,-4.767774228809858
4.142211564430497,4.291484274595632,-4.78777157492919
4.162843835553352,4.310878657050064,-4.807768895589288
4.1834790014023895,4.330270030218687,-4.827766190683818
4.20411706186788,4.349658393679333,-4.847763460106441
4.224758016840079,4.369043747009852,-4.867760703750823
4.245401866209227,4.388426089788106,-4.887757921510625
4.2660486098655515,4.407805421591975,-4.907755113279513
4.28669824769926,4.427181741999358,-4.927752278951149
4.307350779600547,4.446555050588165,-4.947749418419199
4.328006205459593,4.4659253469363245,-4.967746531577325
4.348664525166559,4.48529263062178,-4.987743618319193
4.369325738611597,4.504656901222493,-5.007740678538467
4.389989845684836,4.524018158316439,-5.027737712128811
4.410656846276397,4.54337640148161,-5.04773471898389
4.43132674027638,4.562731630296015,-5.067731698997369
4.4519995275748725,4.582083844337678,-5.0877286520629115
4.472675208061945,4.601433043184639,-5.107725578074185
4.493353781627654,4.620779226414955,-5.127722476924855
4.51403524816204,4.640122393606697,-5.147719348508584
4.534719607555129,4.6594625443379565,-5.16771619271904
4.555406859696929,4.678799678186835,-5.187713009449888
4.576097004477437,4.698133794731454,-5.207709798594793
4.59679004178663,4.71746489354995,-5.227706560047422
4.617485971514473,4.736792974220476,-5.247703293701441
4.638184793550912,4.756118036321201,-5.2676999994505165
4.6588865077858825,4.775440079430309,-5.287696677188314
4.679591114109301,4.794759103126,-5.307693326808501
4.7002986124110695,4.814075106986493,-5.3276899482047435
4.7210090025810745,4.833388090590019,-5.3476865412707095
4.741722284509188,4.852698053514828,-5.367683105900065
4.762438458085266,4.872004995339185,-5.387679641986478
4.783157523199149,4.891308915641371,-5.407676149423615
4.8038794797406625,4.910609813999683,-5.427672628105145
4.824604327599616,4.929907689992433,-5.447669077924734
4.8453320666658035,4.949202543197952,-5.46766549877605
4.866062696829005,4.968494373194585,-5.487661890552761
4.886796217978983,4.987783179560694,-5.507658253148537
4.907532630005488,5.007068961874655,-5.527654586457044
4.928271932798252,5.026351719714862,-5.547650890371951
4.949014126246992,5.045631452659725,-5.567647164786927
4.969759210241412,5.06490816028767,-5.587643409595641
4.990507184671196,5.08418184217714,-5.60763962469176
5.011258049426018,5.10345249790659,-5.627635809968956
5.032011804395533,5.122720127054495,-5.647631965320896
5.052768449469382,5.141984729199347,-5.66762809064125
5.073527984537192,5.161246303919651,-5.687624185823688
5.09429040948857,5.180504850793929,-5.707620250761878
5.115055724213113,5.199760369400719,-5.727616285349492
5.1358239286004,5.219012859318577,-5.747612289480199
5.156595022539995,5.238262320126073,-5.767608263047669
5.177369005921446,5.257508751401794,-5.7876042059455735
5.1981458786342865,5.276752152724342,-5.807600118067582
5.218925640568035,5.295992523672336,-5.827595999307365
5.239708291612192,5.3152298638244115,-5.847591849558594
5.260493831656246,5.33446417275922,-5.867587668714939
5.28128226058967,5.353695450055428,-5.887583456670072
5.302073578301918,5.37292369529172,-5.907579213317664
5.322867784682433,5.392148908046796,-5.927574938551387
5.34366487962064,5.4113710878993695,-5.947570632264911
5.364464863005948,5.430590234428173,-5.9675662943519105
5.385267734727755,5.449806347211957,-5.987561924706055
5.406073494675438,5.469019425829482,-6.007557523221019
5.426882142738362,5.4882294698595295,-6.027553089790473
5.447693678805876,5.507436478880897,-6.04754862430809
5.468508102767314,5.526640452472395,-6.067544126667543
5.489325414511993,5.545841390212853,-6.087539596762504
5.510145613929216,5.565039291681117,-6.107535034486647
5.530968700908272,5.584234156456047,-6.127530439733644
5.551794675338432,5.6034259841165195,-6.14752581239717
5.572623537108953,5.622614774241429,-6.167521152370897
5.5934552861090765,5.641800526409682,-6.1875164595485
5.6142899222280285,5.660983240200207,-6.207511733823652
5.635127445355019,5.680162915191945,-6.227506975090027
5.655967855379244,5.699339550963853,-6.2475021832413
5.676811152189884,5.718513147094906,-6.267497358171146
5.6976573356761016,5.737683703164094,-6.287492499773237
5.718506405727048,5.7568512187504215,-6.30748760794125
5.739358362231857,5.776015693432913,-6.327482682568859
5.760213205079647,5.795177126790607,-6.34747772354974
5.781070934159521,5.814335518402558,-6.367472730777567
5.801931549360567,5.8334908678478365,-6.387467704146016
5.822795050571859,5.85264317470553,-6.407462643548763
5.843661437682452,5.871792438554742,-6.4274575488794845
5.864530710581389,5.890938658974592,-6.447452420031856
5.885402869157695,5.910081835544216,-6.467447256899552
5.906277913300384,5.929221967842765,-6.487442059376251
5.92715584289845,5.948359055449409,-6.507436827355628
5.948036657840873,5.96749309794333,-6.527431560731361
5.96892035801662,5.98662409490373,-6.547426259397127
5.989806943314639,6.0057520459098255,-6.567420923246602
6.010696413623865,6.024876950540849,-6.587415552173464
6.031588768833218,6.043998808376049,-6.607410146071391
6.0524840088316,6.063117618994691,-6.627404704834059
6.073382133507901,6.0822333819760575,-6.647399228355147
6.094283142750994,6.101346096899445,-6.667393716528333
6.115187036449735,6.120455763344169,-6.687388169247296
6.136093814492969,6.139562380889558,-6.707382586405713
6.157003476769522,6.158665949114959,-6.727376967897263
6.177916023168205,6.177766467599735,-6.747371313615625
6.1988314535778155,6.196863935923264,-6.767365623454479
6.2197497678871345,6.215958353664941,-6.787359897307502
6.240670965984926,6.235049720404177,-6.807354135068376
6.261595047759943,6.2541380357204,-6.827348336630778
6.28252201310092,6.273223299193053,-6.84734250188839
6.3034518618965745,6.292305510401597,-6.86733663073489
6.324384594035613,6.311384668925507,-6.887330723063959
6.345320209406724,6.330460774344276,-6.9073247787692775
6.366258707898581,6.349533826237413,-6.927318797744526
6.387200089399842,6.368603824184441,-6.947312779883386
6.408144353799152,6.387670767764902,-6.967306725079537
6.429091500985137,6.4067346565583545,-6.987300633226661
6.45004153084641,6.42579549014437,-7.0072945042184385
6.470994443271568,6.4448532681025394,-7.027288337948551
6.491950238149193,6.463907990012468,-7.047282134310682
6.512908915367851,6.482959655453779,-7.067275893198511
6.533870474816093,6.502008264006111,-7.087269614505722
6.554834916382457,6.521053815249118,-7.107263298125996
6.57580223995546,6.540096308762472,-7.127256943953017
6.59677244542361,6.559135744125859,-7.147250551880467
6.617745532675395,6.578172120918984,-7.167244121802029
6.6387215015992895,6.5972054387215655,-7.187237653611385
6.659700352083754,6.61623569711334,-7.2072311472022195
6.680682084017231,6.63526289567406,-7.227224602468215
6.701666697288149,6.654287033983495,-7.247218019303057
6.722654191784923,6.673308111621429,-7.267211397600428
6.7436445673959495,6.692326128167663,-7.2872047372540125
6.76463782400961,6.711341083202014,-7.307198038157495
6.785633961514273,6.730352976304317,-7.327191300204559
6.806632979798292,6.749361807054421,-7.347184523288891
6.8276348787500005,6.768367575032193,-7.367177707304174
6.848639658257722,6.787370279817515,-7.387170852144095
6.86964731820976,6.806369920990287,-7.4071639577023385
6.890657858494408,6.825366498130423,-7.42715702387259
6.91167127899994,6.844360010817854,-7.447150050548537
6.932687579614616,6.86335045863253,-7.467143037623862
6.953706760226681,6.8823378411544125,-7.487135984992255
6.974728820724364,6.901322157963484,-7.507128892547401
6.995753760995879,6.9203034086397395,-7.527121760182986
7.016781580929425,6.939281592763193,-7.547114587792697
7.037812280413186,6.958256709913873,-7.567107375270221
7.058845859335328,6.977228759671826,-7.587100122509246
7.079882317584007,6.996197741617113,-7.6070928294034585
7.100921655047358,7.015163655329813,-7.627085495846547
7.121963871613504,7.03412650039002,-7.6470781217322
7.143008967170553,7.053086276377845,-7.667070706954105
7.164056941606595,7.072042982873414,-7.687063251405949
7.185107794809706,7.090996619456873,-7.707055754981422
7.206161526667949,7.109947185708379,-7.727048217574213
7.227218137069368,7.128894681208111,-7.747040639078009
7.248277625901993,7.147839105536259,-7.767033019386502
7.269339993053841,7.166780458273033,-7.787025358393381
7.2904052384129105,7.185718738998657,-7.807017655992333
7.311473361867185,7.204653947293374,-7.8270099120770515
7.332544363304635,7.223586082737441,-7.847002126541224
7.353618242613214,7.242515144911133,-7.866994299278542
7.374694999680861,7.261441133394739,-7.886986430182696
7.395774634395498,7.280364047768567,-7.906978519147375
7.416857146645033,7.29928388761294,-7.926970566066274
7.43794253631736,7.318200652508196,-7.94696257083308
7.4590308033003545,7.337114342034693,-7.966954533341487
7.48012194748188,7.356024955772802,-7.986946453485185
7.501215968749783,7.374932493302912,-8.006938331157867
7.522312866991894,7.393836954205428,-8.026930166253226
7.54341264209603,7.4127383380607705,-8.046921958664951
7.564515293949992,7.431636644449378,-8.066913708286737
7.585620822441564,7.450531872951705,-8.086905415012279
7.606729227458518,7.469424023148221,-8.106897078735265
7.627840508888608,7.488313094619413,-8.126888699349394
7.648954666619574,7.507199086945785,-8.146880276748353
7.67007170053914,7.526081999707854,-8.16687181082584
7.691191610535014,7.544961832486158,-8.18686330147555
7.712314396494893,7.563838584861249,-8.206854748591173
7.733440058306453,7.582712256413695,-8.226846152066406
7.754568595857356,7.601582846724082,-8.246837511794944
7.775700009035252,7.62045035537301,-8.26682882767048
7.796834297727774,7.639314781941097,-8.286820099586711
7.8179714618225375,7.658176126008979,-8.30681132743733
7.839111501207145,7.677034387157305,-8.326802511116036
7.860254415769184,7.695889564966743,-8.346793650516522
7.881400205396225,7.7147416590179745,-8.366784745532486
7.902548869975825,7.733590668891701,-8.386775796057623
7.923700409395525,7.752436594168638,-8.406766801985631
7.944854823542849,7.771279434429519,-8.426757763210205
7.966012112305308,7.790119189255091,-8.44674867962504
7.987172275570398,7.8089558582261205,-8.466739551123837
8.008335313225597,7.8277894409233895,-8.486730377600292
8.029501225158372,7.846619936927696,-8.506721158948103
8.05067001125617,7.865447345819855,-8.526711895060968
8.071841671406423,7.8842716671806965,-8.546702585832586
8.093016205496554,7.903092900591069,-8.566693231156654
8.114193613413963,7.921911045631836,-8.586683830926871
8.13537389504604,7.940726101883877,-8.606674385036936
8.156557050280156,7.959538068928089,-8.626664893380548
8.177743079003669,7.978346946345386,-8.646655355851406
8.19893198110392,7.997152733716698,-8.66664577234321
8.220123756468238,8.01595543062297,-8.686636142749661
8.241318404983934,8.034755036645166,-8.70662646696446
8.262515926538304,8.053551551364261,-8.726616744881303
8.28371632101863,8.072344974361254,-8.746606976393895
8.304919588312178,8.091135305217154,-8.766597161395934
8.326125728306197,8.10992254351299,-8.786587299781122
8.347334740887922,8.128706688829809,-8.806577391443161
8.368546625944575,8.14748774074867,-8.826567436275752
8.389761383363357,8.16626569885065,-8.846557434172597
8.410979013031461,8.185040562716845,-8.866547385027399
8.43219951483606,8.203812331928363,-8.886537288733859
8.453422888664313,8.222581006066333,-8.906527145185681
8.474649134403363,8.241346584711897,-8.926516954276567
8.495878251940338,8.260109067446216,-8.94650671590022
8.517110241162351,8.278868453850466,-8.966496429950345
8.538345101956502,8.297624743505839,-8.986486096320643
8.55958283420987,8.316377935993543,-9.00647571490482
8.580823437809524,8.335128030894806,-9.026465285596577
8.602066912642515,8.353875027790869,-9.046454808289623
8.623313258595882,8.372618926262993,-9.066444282877658
8.644562475556645,8.39135972589245,-9.08643370925439
8.66581456341181,8.410097426260533,-9.106423087313523
8.687069522048368,8.42883202694855,-9.126412416948764
8.708327351353295,8.447563527537826,-9.146401698053817
8.72958805121355,8.4662919276097,-9.166390930522386
8.75085162151608,8.48501722674553,-9.18638011424818
8.772118062147815,8.503739424526692,-9.206369249124906
8.793387372995669,8.522458520534576,-9.22635833504627
8.81465955394654,8.541174514350589,-9.246347371905978
8.835934604887314,8.559887405556152,-9.266336359597737
8.857212525704856,8.578597193732708,-9.286325298015257
8.878493316286024,8.59730387846171,-9.306314187052244
8.899776976517654,8.616007459324635,-9.326303026602405
8.921063506286568,8.63470793590297,-9.34629181655945
8.942352905479575,8.653405307778222,-9.366280556817086
8.963645173983469,8.672099574531913,-9.386269247269023
8.984940311685026,8.690790735745582,-9.40625788780897
9.006238318471008,8.709478791000784,-9.426246478330635
9.02753919422816,8.728163739879093,-9.446235018727728
9.048842938843215,8.746845581962097,-9.466223508893961
9.07014955220289,8.765524316831398,-9.486211948723044
9.091459034193885,8.784199944068622,-9.506200338108686
9.112771384702887,8.802872463255403,-9.526188676944596
9.134086603616563,8.8215418739734,-9.546176965124486
9.155404690821571,8.840208175804282,-9.56616520254207
9.17672564620455,8.858871368329735,-9.586153389091056
9.198049469652126,8.877531451131466,-9.606141524665157
9.219376161050908,8.896188423791195,-9.626129609158085
9.240705720287488,8.914842285890657,-9.646117642463553
9.262038147248449,8.93349303701161,-9.666105624475273
9.28337344182035,8.952140676735823,-9.686093555086957
9.304711603889741,8.970785204645082,-9.70608143419232
9.326052633343156,8.989426620321192,-9.726069261685074
9.347396530067114,9.00806492334597,-9.746057037458934
9.368743293948116,9.026700113301255,-9.766044761407612
9.390092924872649,9.0453321897689,-9.786032433424822
9.411445422727187,9.063961152330775,-9.80602005340428
9.432800787398186,9.082587000568763,-9.826007621239702
9.454159018772087,9.10120973406477,-9.845995136824799
9.475520116735318,9.119829352400718,-9.865982600053288
9.496884081174288,9.138445855158537,-9.885970010818886
9.518250911975395,9.157059241920182,-9.905957369015308
9.539620609025018,9.175669512267623,-9.925944674536272
9.560993172209525,9.194276665782844,-9.94593192727549
9.582368601415263,9.212880702047851,-9.965919127126682
9.60374689652857,9.23148162064466,-9.985906273983565
9.625128057435765,9.250079421155304,-10.005893367739855
9.646512084023152,9.268674103161839,-10.02588040828927
9.667898976177021,9.28726566624633,-10.04586739552553
9.689288733783647,9.305854109990866,-10.06585432934235
9.710681356729284,9.324439433977547,-10.08584120963345
9.732076844900181,9.34302163778849,-10.10582803629255
9.753475198182564,9.361600721005834,-10.125814809213365
9.774876416462646,9.380176683211726,-10.145801528289617
9.796280499626626,9.398749523988338,-10.165788193415025
9.817687447560685,9.41731924291785,-10.185774804483309
9.839097260150991,9.435885839582468,-10.20576136138819
9.860509937283696,9.454449313564407,-10.225747864023386
9.881925478844938,9.4730096644459,-10.24573431228262
9.903343884720838,9.491566891809203,-10.265720706059613
9.924765154797502,9.51012099523658,-10.285707045248085
9.94618928896102,9.528671974310317,-10.305693329741757
9.967616287097472,9.547219828612715,-10.325679559434352
9.989046149092916,9.56576455772609,-10.345665734219592
10.010478874833398,9.584306161232778,-10.3656518539912
10.031914464204949,9.602844638715128,-10.385637918642896
10.053352917093584,9.621379989755509,-10.405623928068406
10.074794233385301,9.639912213936304,-10.425609882161453
10.096238412966088,9.658441310839914,-10.445595780815761
10.117685455721912,9.676967280048757,-10.465581623925052
10.139135361538727,9.695490121145268,-10.485567411383052
10.160588130302473,9.714009833711895,-10.505553143083484
10.182043761899074,9.732526417331105,-10.525538818920074
10.203502256214437,9.751039871585384,-10.545524438786545
10.224963613134456,9.769550196057232,-10.565510002576625
10.246427832545011,9.788057390329165,-10.585495510184039
10.267894914331961,9.806561453983717,-10.605480961502513
10.289364858381157,9.82506238660344,-10.625466356425774
10.31083766457843,9.8435601877709,-10.645451694847546
10.332313332809598,9.86205485706868,-10.665436976661558
10.353791862960463,9.880546394079381,-10.685422201761536
10.375273254916811,9.899034798385621,-10.70540737004121
10.396757508564415,9.917520069570033,-10.725392481394303
10.418244623789027,9.936002207215266,-10.745377535714548
10.439734600476394,9.954481210903989,-10.76536253289567
10.461227438512237,9.972957080218885,-10.7853474728314
10.48272313778227,9.991429814742654,-10.805332355415468
10.504221698172186,10.009899414058014,-10.825317180541601
10.525723119567667,10.028365877747698,-10.845301948103529
10.547227401854379,10.046829205394454,-10.86528665799498
10.56873454491797,10.065289396581052,-10.885271310109689
10.590244548644074,10.083746450890276,-10.90525590434138
10.611757412918312,10.102200367904926,-10.92524044058379
10.633273137626288,10.12065114720782,-10.945224918730649
10.65479172265359,10.139098788381789,-10.965209338675686
10.676313167885793,10.157543291009684,-10.985193700312635
10.697837473208454,10.175984654674373,-11.005178003535226
10.719364638507118,10.19442287895874,-11.025162248237192
10.740894663667312,10.212857963445686,-11.045146434312269
10.76242754857455,10.231289907718127,-11.065130561654186
10.783963293114327,10.249718711358998,-11.085114630156678
10.80550189717213,10.26814437395125,-11.105098639713477
10.827043360633422,10.286566895077849,-11.125082590218318
10.848587683383656,10.30498627432178,-11.145066481564935
10.87013486530827,10.323402511266044,-11.165050313647065
10.891684906292687,10.341815605493657,-11.18503408635844
10.913237806222313,10.360225556587654,-11.205017799592797
10.934793564982538,10.378632364131084,-11.22500145324387
10.956352182458739,10.397036027707017,-11.244985047205395
10.977913658536275,10.415436546898537,-11.26496858137111
10.999477993100493,10.433833921288745,-11.284952055634749
11.021045186036725,10.452228150460758,-11.30493546989005
11.042615237230283,10.470619233997711,-11.324918824030751
11.06418814656647,10.489007171482756,-11.34490211795059
11.08576391393057,10.50739196249906,-11.3648853515433
11.107342539207853,10.525773606629807,-11.384868524702625
11.128924022283572,10.5441521034582,-11.4048516373223
11.150508363042968,10.562527452567458,-11.424834689296064
11.172095561371265,10.580899653540811,-11.444817680517659
11.19368561715367,10.599268705961515,-11.46480061088082
11.215278530275379,10.617634609412837,-11.484783480279289
11.236874300621569,10.635997363478063,-11.504766288606806
11.258472928077405,10.654356967740494,-11.524749035757111
11.280074412528032,10.672713421783449,-11.544731721623945
11.301678753858587,10.691066725190263,-11.564714346101049
11.323285951954185,10.709416877544287,-11.584696909082162
11.344896006699932,10.727763878428892,-11.604679410461028
11.36650891798091,10.746107727427463,-11.624661850131389
11.388124685682195,10.764448424123401,-11.644644227986987
11.409743309688842,10.782785968100127,-11.664626543921566
11.431364789885896,10.801120358941075,-11.684608797828867
11.45298912615838,10.8194515962297,-11.704590989602634
11.474616318391307,10.837779679549469,-11.724573119136611
11.496246366469673,10.85610460848387,-11.74455518632454
11.51787927027846,10.874426382616406,-11.764537191060167
11.539515029702631,10.892745001530596,-11.784519133237238
11.56115364462714,10.911060464809976,-11.804501012749494
11.582795114936921,10.9293727720381,-11.824482829490684
11.604439440516895,10.94768192279854,-11.84446458335455
11.626086621251966,10.965987916674878,-11.864446274234842
11.647736657027025,10.984290753250722,-11.884427902025303
11.669389547726947,11.002590432109692,-11.904409466619681
11.691045293236591,11.020886952835424,-11.924390967911725
11.7127038934408,11.039180315011572,-11.944372405795178
11.734365348224404,11.057470518221809,-11.964353780163792
11.756029657472219,11.075757562049821,-11.984335090911312
11.777696821069043,11.094041446079313,-12.004316337931487
11.799366838899658,11.112322169894004,-12.024297521118065
11.821039710848833,11.130599733077633,-12.044278640364798
11.842715436801322,11.148874135213955,-12.064259695565433
11.864394016641864,11.167145375886744,-12.08424068661372
11.886075450255182,11.185413454679786,-12.104221613403407
11.907759737525984,11.203678371176888,-12.124202475828247
11.929446878338961,11.22194012496187,-12.144183273781989
11.951136872578791,11.240198715618574,-12.164164007158385
11.972829720130138,11.258454142730853,-12.184144675851186
11.994525420877645,11.27670640588258,-12.204125279754146
12.016223974705946,11.294955504657645,-12.224105818761014
12.03792538149966,11.313201438639954,-12.244086292765544
12.059629641143387,11.33144420741343,-12.26406670166149
12.081336753521713,11.349683810562011,-12.2840470453426
12.10304671851921,11.367920247669657,-12.304027323702632
12.124759536020433,11.386153518320342,-12.32400753663534
12.146475205909923,11.404383622098052,-12.343987684034476
12.168193728072206,11.422610558586799,-12.363967765793793
12.189915102391794,11.440834327370604,-12.383947781807052
12.211639328753181,11.45905492803351,-12.403927731968002
12.233366407040847,11.47727236015957,-12.4239076161704
12.255096337139259,11.495486623332864,-12.443887434308003
12.276829118932865,11.513697717137482,-12.463867186274568
12.2985647523061,11.531905641157532,-12.48384687196385
12.320303237143385,11.550110394977139,-12.503826491269606
12.342044573329124,11.568311978180445,-12.523806044085596
12.363788760747704,11.586510390351608,-12.543785530305573
12.385535799283502,11.604705631074806,-12.5637649498233
12.407285688820876,11.62289769993423,-12.583744302532532
12.42903842924417,11.64108659651409,-12.603723588327027
12.45079402043771,11.65927232039861,-12.623702807100548
12.472552462285815,11.677454871172037,-12.643681958746852
12.49431375467278,11.695634248418628,-12.663661043159697
12.516077897482885,11.713810451722662,-12.683640060232845
12.537844890600404,11.731983480668433,-12.703619009860057
12.559614733909585,11.75015333484025,-12.723597891935094
12.581387427294668,11.768320013822445,-12.743576706351718
12.603162970639877,11.786483517199356,-12.763555453003688
12.624941363829416,11.804643844555349,-12.783534131784766
12.64672260674748,11.8228009954748,-12.803512742588717
12.668506699278245,11.840954969542105,-12.8234912853093
12.690293641305873,11.859105766341676,-12.84346975984028
12.71208343271451,11.87725338545794,-12.863448166075422
12.733876073388288,11.895397826475348,-12.883426503908488
12.755671563211324,11.913539088978359,-12.903404773233243
12.77746990206772,11.931677172551453,-12.92338297394345
12.799271089841561,11.949812076779127,-12.943361105932874
12.821075126416916,11.967943801245893,-12.963339169095281
12.842882011677846,11.986072345536282,-12.983317163324438
12.864691745508388,12.004197709234843,-13.00329508851411
12.886504327792569,12.022319891926138,-13.023272944558062
12.908319758414398,12.04043889319475,-13.043250731350062
12.930138037257871,12.058554712625277,-13.063228448783876
12.951959164206968,12.076667349802332,-13.083206096753273
12.973783139145656,12.094776804310547,-13.10318367515202
12.995609961957882,12.112883075734572,-13.123161183873883
13.017439632527582,12.130986163659074,-13.143138622812632
13.039272150738675,12.149086067668732,-13.163115991862037
13.061107516475067,12.16718278734825,-13.183093290915867
13.082945729620645,12.18527632228234,-13.20307051986789
13.104786790059284,12.203366672055738,-13.223047678611877
13.126630697674845,12.221453836253193,-13.243024767041598
13.148477452351168,12.239537814459474,-13.263001785050825
13.170327053972084,12.257618606259364,-13.282978732533328
13.192179502421407,12.275696211237666,-13.302955609382881
13.214034797582935,12.293770628979194,-13.322932415493254
13.23589293934045,12.311841859068789,-13.342909150758219
13.25775392757772,12.329909901091298,-13.362885815071548
13.279617762178502,12.347974754631593,-13.382862408327014
13.30148444302653,12.36603641927456,-13.402838930418392
13.323353970005526,12.384094894605099,-13.422815381239454
13.345226342999199,12.402150180208132,-13.442791760683976
13.367101561891243,12.420202275668595,-13.462768068645731
13.388979626565336,12.438251180571443,-13.482744305018496
13.410860536905137,12.456296894501648,-13.502720469696044
13.432744292794293,12.474339417044193,-13.52269656257215
13.45463089411644,12.492378747784086,-13.542672583540593
13.47652034075519,12.510414886306348,-13.562648532495148
13.498412632594148,12.528447832196019,-13.582624409329592
13.5203077695169,12.546477585038152,-13.602600213937702
13.542205751407016,12.564504144417823,-13.622575946213257
13.564106578148055,12.58252750992012,-13.64255160605003
13.586010249623554,12.600547681130147,-13.662527193341804
13.607916765717043,12.61856465763303,-13.682502707982357
13.62982612631203,12.63657843901391,-13.702478149865469
13.651738331292014,12.654589024857943,-13.722453518884915
13.673653380540474,12.672596414750304,-13.74242881493448
13.695571273940876,12.690600608276185,-13.762404037907944
13.717492011376669,12.708601605020794,-13.782379187699085
13.739415592731287,12.72659940456936,-13.802354264201686
13.761342017888156,12.744594006507121,-13.822329267309525
13.783271286730676,12.762585410419337,-13.84230419691639
13.805203399142238,12.780573615891287,-13.862279052916058
13.827138355006218,12.798558622508263,-13.882253835202313
13.849076154205974,12.816540429855577,-13.90222854366894
13.871016796624852,12.834519037518552,-13.92220317820972
13.892960282146182,12.852494445082536,-13.942177738718438
13.914906610653276,12.870466652132892,-13.962152225088879
13.936855782029435,12.888435658254997,-13.982126637214826
13.958807796157943,12.906401463034245,-14.002100974990064
13.980762652922069,12.92436406605605,-14.022075238308378
14.002720352205067,12.942323466905842,-14.042049427063557
14.024680893890174,12.960279665169068,-14.062023541149383
14.046644277860615,12.97823266043119,-14.081997580459644
14.068610503999599,12.996182452277692,-14.101971544888128
14.090579572190318,13.014129040294069,-14.121945434328623
14.112551482315952,13.032072424065838,-14.141919248674915
14.134526234259663,13.050012603178528,-14.161892987820792
14.156503827904599,13.067949577217691,-14.181866651660043
14.178484263133893,13.08588334576889,-14.201840240086458
14.200467539830662,13.10381390841771,-14.221813752993826
14.222453657878011,13.12174126474975,-14.241787190275936
14.244442617159027,13.139665414350628,-14.261760551826578
14.266434417556782,13.157586356805977,-14.281733837539543
14.288429058954334,13.17550409170145,-14.301707047308623
14.310426541234722,13.193418618622713,-14.32168018102761
14.33242686428098,13.211329937155453,-14.341653238590292
14.354430027976115,13.22923804688537,-14.361626219890463
14.376436032203124,13.247142947398189,-14.381599124821916
14.39844487684499,13.26504463827964,-14.401571953278445
14.420456561784682,13.28294311911548,-14.421544705153842
14.44247108690515,13.30083838949148,-14.441517380341901
14.464488452089327,13.318730448993428,-14.461489978736417
14.48650865722014,13.336619297207127,-14.481462500231185
14.508531702180493,13.354504933718399,-14.50143494472
14.530557586853277,13.372387358113082,-14.521407312096654
14.552586311121367,13.390266569977035,-14.541379602254947
14.574617874867625,13.40814256889613,-14.561351815088674
14.596652277974899,13.426015354456256,-14.581323950491631
14.618689520326019,13.44388492624332,-14.601296008357616
14.640729601803798,13.461751283843249,-14.621267988580428
14.66277252229104,13.479614426841984,-14.64123989105386
14.684818281670529,13.497474354825481,-14.661211715671715
14.706866879825036,13.515331067379718,-14.68118346232779
14.728918316637316,13.533184564090684,-14.701155130915884
14.75097259199011,13.551034844544393,-14.721126721329796
14.773029705766142,13.56888190832687,-14.741098233463328
14.795089657848123,13.586725755024162,-14.761069667210277
14.81715244811875,13.604566384222327,-14.781041022464448
14.8392180764607,13.622403795507443,-14.801012299119641
14.861286542756638,13.640237988465609,-14.820983497069658
14.883357846889215,13.658068962682934,-14.8409546162083
14.905431988741064,13.675896717745548,-14.860925656429368
14.927508968194806,13.693721253239598,-14.880896617626668
14.949588785133045,13.711542568751248,-14.900867499694002
14.97167143943837,13.729360663866682,-14.920838302525173
14.993756930993356,13.747175538172094,-14.940809026013985
15.015845259680564,13.7649871912537,-14.960779670054244
15.037936425382536,13.782795622697734,-14.980750234539753
15.0600304279818,13.800600832090444,-15.00072071936432
15.082127267360871,13.818402819018097,-15.02069112442175
15.104226943402248,13.836201583066977,-15.04066144960585
15.126329455988415,13.853997123823385,-15.060631694810425
15.148434805001841,13.87178944087364,-15.080601859929283
15.17054299032498,13.889578533804073,-15.100571944856231
15.192654011840268,13.90736440220104,-15.120541949485078
15.214767869430132,13.92514704565091,-15.140511873709631
15.236884562976977,13.94292646374007,-15.160481717423702
15.259004092363197,13.960702656054924,-15.180451480521096
15.281126457471172,13.978475622181891,-15.200421162895626
15.303251658183266,13.99624536170741,-15.220390764441103
15.325379694381823,14.014011874217937,-15.240360285051333
15.347510565949179,14.031775159299944,-15.26032972462013
15.369644272767651,14.049535216539919,-15.280299083041305
15.391780814719542,14.06729204552437,-15.300268360208669
15.41392019168714,14.085045645839822,-15.320237556016037
15.436062403552718,14.102796017072814,-15.340206670357219
15.458207450198532,14.120543158809907,-15.36017570312603
15.480355331506827,14.138287070637674,-15.38014465421628
15.502506047359828,14.156027752142709,-15.400113523521789
15.524659597639747,14.17376520291162,-15.420082310936367
15.546815982228784,14.191499422531034,-15.440051016353829
15.568975201009119,14.209230410587598,-15.46001963966799
15.59113725386292,14.22695816666797,-15.47998818077267
15.613302140672339,14.24468269035883,-15.499956639561681
15.635469861319514,14.262403981246875,-15.519925015928841
15.657640415686567,14.280122038918815,-15.539893309767969
15.679813803655602,14.29783686296138,-15.559861520972879
15.701990025108714,14.315548452961322,-15.57982964943739
15.724169079927979,14.3332568085054,-15.599797695055322
15.746350967995458,14.350961929180398,-15.619765657720494
15.768535689193197,14.368663814573116,-15.639733537326723
15.790723243403228,14.386362464270368,-15.65970133376783
15.81291363050757,14.404057877858989,-15.679669046937633
15.835106850388222,14.421750054925827,-15.699636676729956
15.85730290292717,14.43943899505775,-15.719604223038617
15.879501788006387,14.457124697841646,-15.73957168575744
15.901703505507827,14.474807162864415,-15.759539064780247
15.923908055313433,14.492486389712976,-15.779506360000859
15.94611543730513,14.510162377974266,-15.7994735713131
15.968325651364829,14.527835127235239,-15.819440698610794
15.990538697374427,14.545504637082866,-15.839407741787761
16.012754575215805,14.563170907104134,-15.85937470073783
16.034973284770828,14.58083393688605,-15.87934157535482
16.057194825921346,14.598493726015636,-15.89930836553256
16.079419198549196,14.616150274079931,-15.919275071164877
16.1016464025362,14.633803580665994,-15.939241692145593
16.123876437764164,14.651453645360897,-15.959208228368537
16.146109304114876,14.669100467751734,-15.979174679727535
16.16834500147011,14.686744047425615,-15.999141046116415
16.19058352971163,14.704384383969662,-16.019107327429
16.212824888721183,14.722021476971022,-16.03907352355913
16.235069078380494,14.739655326016853,-16.059039634400623
16.25731609857128,14.757285930694334,-16.07900565984731
16.279565949175247,14.774913290590659,-16.098971599793025
16.301818630074074,14.792537405293041,-16.118937454131594
16.32407414114943,14.81015827438871,-16.138903222756845
16.34633248228298,14.827775897464914,-16.158868905562613
16.36859365335635,14.845390274108915,-16.17883450244273
16.390857654251175,14.863001403907996,-16.198800013291027
16.41312448484906,14.880609286449454,-16.218765438001334
16.4353941450316,14.898213921320608,-16.238730776467488
16.45766663468038,14.915815308108787,-16.25869602858332
16.47994195367696,14.933413446401344,-16.27866119424266
16.502220101902893,14.951008335785646,-16.298626273339345
16.524501079239712,14.968599975849079,-16.318591265767214
16.546784885568936,14.986188366179045,-16.338556171420098
16.569071520772074,15.003773506362961,-16.358520990191835
16.591360984730606,15.021355395988268,-16.378485721976258
16.61365327732602,15.038934034642416,-16.398450366667202
16.635948398439762,15.05650942191288,-16.41841492415851
16.658246347953288,15.074081557387148,-16.43837939434401
16.68054712574802,15.091650440652725,-16.45834377711755
16.702850731705375,15.109216071297134,-16.47830807237296
16.725157165706754,15.126778448907915,-16.498272280004088
16.74746642763354,15.14433757307263,-16.518236399904765
16.7697785173671,15.16189344337885,-16.538200431968836
16.79209343478879,15.179446059414166,-16.558164376090136
16.814411179779945,15.196995420766193,-16.578128232162513
16.836731752221898,15.214541527022556,-16.598092000079802
16.85905515199595,15.2320843777709,-16.618055679735843
16.881381378983402,15.249623972598885,-16.638019271024483
16.903710433065527,15.26716031109419,-16.65798277383956
16.926042314123592,15.284693392844511,-16.677946188074923
16.948377022038848,15.302223217437565,-16.697909513624413
16.970714556692528,15.319749784461079,-16.717872750381876
16.993054917965846,15.337273093502803,-16.737835898241148
17.01539810574001,15.354793144150504,-16.75779895709608
17.037744119896214,15.372309935991964,-16.777761926840522
17.06009296031562,15.389823468614985,-16.79772480736831
17.082444626879397,15.40733374160738,-16.817687598573297
17.104799119468684,15.424840754556985,-16.837650300349328
17.12715643796461,15.442344507051658,-16.85761291259025
17.149516582248292,15.459844998679262,-16.87757543518991
17.171879552200828,15.477342229027688,-16.897537868042157
17.194245347703298,15.494836197684839,-16.917500211040842
17.216613968636775,15.512326904238636,-16.93746246407981
17.238985414882308,15.529814348277018,-16.957424627052916
17.26135968632094,15.547298529387943,-16.977386699854005
17.283736782833692,15.564779447159385,-16.997348682376927
17.306116704301573,15.582257101179332,-17.017310574515538
17.328499450605577,15.599731491035794,-17.037272376163685
17.35088502162668,15.617202616316797,-17.057234087215225
17.37327341724585,15.634670476610385,-17.07719570756401
17.395664637344034,15.652135071504617,-17.097157237103886
17.41805868180216,15.669596400587572,-17.11711867572871
17.44045555050116,15.687054463447344,-17.13708002333234
17.462855243321926,15.704509259672047,-17.157041279808627
17.48525776014535,15.72196078884981,-17.17700244505143
17.5076631008523,15.73940905056878,-17.196963518954597
17.53007126532364,15.756854044417123,-17.216924501411988
17.552482253440218,15.77429576998302,-17.23688539231746
17.57489606508285,15.79173422685467,-17.25684619156487
17.597312700132356,15.80916941462029,-17.276806899048072
17.61973215846954,15.826601332868119,-17.296767514660928
17.64215443997518,15.844029981186402,-17.316728038297295
17.664579544530042,15.861455359163411,-17.336688469851033
17.687007472014884,15.878877466387433,-17.356648809216
17.70943822231044,15.89629630244677,-17.376609056286053
17.731871795297433,15.913711866929741,-17.396569210955054
17.754308190856573,15.93112415942469,-17.416529273116865
17.77674740886856,15.94853317951997,-17.43648924266535
17.79918944921406,15.965938926803956,-17.456449119494366
17.821634311773746,15.983341400865037,-17.47640890349778
17.84408199642826,16.00074060129162,-17.496368594569454
17.866532503058238,16.018136527672137,-17.516328192603247
17.8889858315443,16.035529179595024,-17.536287697493023
17.911441981767044,16.052918556648745,-17.556247109132652
17.93390095360706,16.070304658421776,-17.576206427415993
17.956362746944922,16.087687484502613,-17.596165652236916
17.978827361661192,16.10506703447977,-17.616124783489283
18.001294797636408,16.122443307941772,-17.636083821066958
18.023765054751102,16.139816304477172,-17.656042764863813
18.046238132885787,16.157186023674534,-17.676001614773714
18.06871403192096,16.17455246512244,-17.69596037069053
18.0911927517371,16.191915628409486,-17.715919032508122
18.11367429221468,16.209275513124293,-17.735877600120368
18.136158653234148,16.2266321188555,-17.755836073421133
18.15864583467595,16.24398544519175,-17.775794452304286
18.18113583642051,16.26133549172172,-17.7957527366637
18.203628658348226,16.278682258034095,-17.81571092639324
18.2261243003395,16.29602574371758,-17.835669021386785
18.248622762274703,16.31336594836089,-17.8556270215382
18.271124044034206,16.33070287155277,-17.875584926741364
18.29362814549835,16.34803651288198,-17.895542736890146
18.31613506654747,16.365366871937287,-17.91550045187842
18.33864480706189,16.382693948307487,-17.935458071600056
18.36115736692191,16.40001774158139,-17.95541559594893
18.383672746007814,16.417338251347818,-17.97537302481892
18.40619094419988,16.43465547719562,-17.9953303581039
18.42871196137837,16.451969418713652,-18.015287595697743
18.451235797423518,16.4692800754908,-18.035244737494327
18.473762452215556,16.486587447115955,-18.055201783387535
18.4962919256347,16.50389153317803,-18.075158733271238
18.518824217561146,16.52119233326596,-18.095115587039313
18.541359327875078,16.538489846968695,-18.11507234458564
18.563897256456663,16.5557840738752,-18.1350290058041
18.586438003186057,16.573075013574453,-18.15498557058857
18.608981567943395,16.590362665655462,-18.174942038832928
18.631527950608803,16.60764702970725,-18.19489841043106
18.65407715106239,16.62492810531884,-18.214854685276837
18.676629169184245,16.642205892079296,-18.23481086326415
18.699184004854448,16.659480389577684,-18.25476694428688
18.721741657953064,16.676751597403097,-18.27472292823891
18.744302128360143,16.69401951514464,-18.294678815014116
18.766865415955717,16.711284142391435,-18.314634604506388
18.789431520619804,16.728545478732624,-18.334590296609605
18.81200044223241,16.745803523757367,-18.354545891217658
18.834572180673522,16.76305827705484,-18.374501388224427
18.85714673582311,16.780309738214232,-18.3944567875238
18.879724107561138,16.79755790682476,-18.414412089009662
18.902304295767543,16.81480278247565,-18.4343672925759
18.924887300322258,16.832044364756147,-18.4543223981164
18.947473121105197,16.849282653255518,-18.47427740552505
18.970061757996262,16.866517647563043,-18.49423231469574
18.992653210875332,16.883749347268022,-18.51418712552236
19.015247479622275,16.90097775195977,-18.53414183789879
19.037844564116945,16.91820286122762,-18.55409645171893
19.060444464239183,16.935424674660926,-18.57405096687667
19.08304717986881,16.952643191849052,-18.59400538326589
19.10565271088564,16.969858412381388,-18.613959700780494
19.128261057169464,16.987070335847335,-18.63391391931437
19.15087221860006,17.004278961836317,-18.653868038761406
19.17348619505719,17.021484289937778,-18.673822059015496
19.19610298642061,17.038686319741167,-18.693775979970535
19.218722592570046,17.05588505083596,-18.713729801520422
19.24134501338522,17.07308048281165,-18.733683523559044
19.26397024874584,17.090272615257746,-18.7536371459803
19.28659829853159,17.10746144776377,-18.773590668678082
19.309229162622145,17.124646979919273,-18.793544091546295
19.331862840897166,17.141829211313812,-18.813497414478825
19.354499333236294,17.15900814153697,-18.833450637369573
19.377138639519163,17.17618377017834,-18.853403760112435
19.399780759625383,17.19335609682754,-18.873356782601313
19.422425693434555,17.210525121074202,-18.893309704730104
19.445073440826263,17.227690842507972,-18.913262526392707
19.46772400168008,17.244853260718518,-18.93321524748302
19.490377375875553,17.262012375295527,-18.953167867894944
19.513033563292225,17.2791681858287,-18.973120387522385
19.535692563809622,17.296320691907752,-18.993072806259242
19.558354377307253,17.31346989312243,-19.013025123999412
19.581019003664615,17.330615789062485,-19.0329773406368
19.60368644276118,17.34775837931769,-19.052929456065314
19.62635669447642,17.364897663477834,-19.072881470178853
19.649029758689785,17.382033641132725,-19.09283338287132
19.671705635280706,17.39916631187219,-19.112785194036622
19.694384324128603,17.416295675286065,-19.132736903568663
19.717065825112883,17.433421730964216,-19.15268851136135
19.73975013811293,17.45054447849652,-19.172640017308588
19.762437263008128,17.467663917472876,-19.192591421304282
19.78512719967783,17.48478004748319,-19.212542723242343
19.807819948001384,17.5018928681174,-19.232493923016676
19.83051550785812,17.519002378965453,-19.252445020521193
19.853213879127352,17.536108579617313,-19.2723960156498
19.87591506168838,17.553211469662962,-19.29234690829641
19.898619055420493,17.570311048692407,-19.312297698354925
19.921325860202955,17.587407316295664,-19.33224838571926
19.94403547591503,17.60450027206277,-19.352198970283332
19.96674790243595,17.621589915583776,-19.372149451941045
19.989463139644947,17.638676246448757,-19.392099830586314
20.012181187421227,17.6557592642478,-19.412050106113053
20.034902045643985,17.67283896857101,-19.432000278415174
20.057625714192405,17.689915359008516,-19.45195034738659
20.08035219294565,17.70698843515046,-19.471900312921218
20.103081481782873,17.724058196587,-19.49185017491297
20.12581358058321,17.74112464290831,-19.511799933255762
20.148548489225778,17.75818777370459,-19.53174958784351
20.171286207589684,17.775247588566057,-19.551699138570136
20.194026735554022,17.792304087082933,-19.571648585329548
20.216770072997868,17.809357268845467,-19.591597928015673
20.23951621980028,17.826407133443926,-19.611547166522424
20.262265175840305,17.843453680468595,-19.63149630074372
20.28501694099698,17.860496909509774,-19.65144533057348
20.30777151514931,17.877536820157783,-19.67139425590563