
0.46040967574286157,0.6105275307025707,0.19832630890802286
0.4805002484560967,0.627021166344074,0.1783273016556669
0.5005932914949857,0.6442988933720588,0.15832829345504595
0.5206889197975231,0.6623643201214836,0.13832928441250583
0.540787248835505,0.681221157907331,0.11833027463439229
0.5608883946403986,0.7008733697977221,0.09833126422705117
0.580992434822031,0.720790102103766,0.07833225329682829
0.6010993887765319,0.7407039021614593,0.05833324195006944
0.6212092563969815,0.7606147695458559,0.03833423029312044
0.6413220375764446,0.7805227038320256,0.01833521843232712
0.6614377322079702,0.8004277045950536,-0.0016637935259647095
0.6815563401845921,0.8203297714100408,-0.021662805475409226
0.7016778613993285,0.8402289038521037,-0.041661817309660606
0.7218022957451822,0.8601251014963743,-0.06166082892237305
0.7419296431151403,0.8800183639180005,-0.08165984020720071
0.7620599034021748,0.8999086906921453,-0.10165885105779779
0.7821930764992417,0.9197960813939877,-0.12165786136781849
0.8023291622992819,0.9396805355987223,-0.14165687103091698
0.8224681606952207,0.9595620528815592,-0.16165587994074745
0.8426100715799678,0.979440632817724,-0.18165488799096413
0.8627548948464177,0.9993162749824581,-0.2016538950752212
0.882902630387449,1.0191889789510187,-0.22165290108717284
0.9030532780959251,1.0390587442986783,-0.24165190592047328
0.9232068378646939,1.058925570600725,-0.2616509094687768
0.9433633095865878,1.0787894574324628,-0.28164991162573755
0.9635226931544235,1.0986504043692114,-0.30164891228500973
0.9836849884610026,1.1185084109863055,-0.32164791134024767
1.003850195399111,1.138363476859096,-0.3416469086851056
1.0240183138615189,1.1582156015629494,-0.3616459042132377
1.0441893437409813,1.178064784673248,-0.38164489781829836
1.064363284930238,1.1979110257653889,-0.4016438893939418
1.0845401373220127,1.217754324414786,-0.4216428788338223
1.104719900809014,1.2375946801968678,-0.4416418660315942
1.124902575283935,1.257432092687079,-0.4616408508809118
1.145088160639453,1.2772665614608802,-0.48163983327542936
1.1652766567682302,1.297098086093747,-0.5016388131088013
1.1854680635629133,1.3169266661611714,-0.5216377902746819
1.2056623809161333,1.3367523012386604,-0.5416367646667256
1.2258596087205058,1.3565749909017368,-0.5616357361785868
1.246059746868631,1.376394734725939,-0.5816347047039198
1.2662627952530936,1.3962115322868218,-0.601633670136379
1.2864687537664627,1.4160253831599545,-0.6216326323696189
1.3066776223012921,1.435836286920923,-0.6416315912972939
1.3268894007501202,1.4556442431453283,-0.6616305468130586
1.3471040890054695,1.4754492514087876,-0.6816294988105672
1.3673216869598475,1.4952513112869334,-0.7016284471834744
1.387542194505746,1.515050422355414,-0.7216273918254347
1.4077656115356414,1.5348465841898933,-0.7416263326301027
1.4279919379419945,1.5546397963660508,-0.7616252694911329
1.448221173617251,1.5744300584595818,-0.7816242023021799
1.4684533184538406,1.5942173700461977,-0.8016231309568982
1.4886883723441777,1.6140017307016248,-0.8216220553489425
1.5089263351806614,1.6337831400016054,-0.8416209753719675
1.5291672068556754,1.6535615975218978,-0.8616198909196278
1.5494109872615878,1.673337102838276,-0.8816188018855781
1.569657676290751,1.693109655526529,-0.901617708163473
1.5899072738355022,1.7128792551624623,-0.9216166096469673
1.610159779788163,1.7326459013218967,-0.941615506229716
1.6304151940410399,1.7524095935806685,-0.9616143978053737
1.6506735164864232,1.7721703315146304,-0.9816132842675953
1.6709347470165887,1.7919281146996502,-1.0016121655100356
1.6911988855237958,1.8116829427116115,-1.0216110414263493
1.7114659319002892,1.831434815126414,-1.0416099119101916
1.7317358860382974,1.8511837315199726,-1.0616087768552174
1.7520087478300344,1.8709296914682183,-1.0816076361550815
1.7722845171676977,1.8906726945470975,-1.1016064897034388
1.7925631939434699,1.9104127403325728,-1.1216053373939447
1.8128447780495178,1.930149828400622,-1.141604179120254
1.8331292693779935,1.949883958327239,-1.161603014776022
1.8534166678210329,1.9696151296884332,-1.1816018442549032
1.8737069732707567,1.9893433420602298,-1.2016006674505535
1.89400018561927,2.0090685950186695,-1.2215994842566278
1.9142963047586627,2.0287908881398096,-1.2415982945667814
1.9345953305810089,2.048510220999722,-1.2615970982746694
1.9548972629783676,2.068226593174495,-1.281595895273947
1.9752021018427823,2.0879400042402327,-1.3015946854582696
1.9955098470662807,2.1076504537730547,-1.321593468721293
2.0158204985408754,2.1273579413490964,-1.341592244956672
2.0361340561585632,2.147062466544509,-1.3615910140580623
2.056450519811326,2.166764028935459,-1.3815897759191191
2.0767698893911297,2.1864626280981296,-1.4015885304334983
2.097092164789925,2.206158263608719,-1.4215872774948553
2.1174173458996473,2.2258509350434417,-1.4415860169968455
2.137745432612216,2.2455406419785273,-1.461584748833125
2.158076424819536,2.2652273839902213,-1.4815834728973492
2.1784103224134954,2.284911160654785,-1.5015821890831738
2.1987471252859683,2.3045919715484966,-1.5215808972842544
2.219086833328812,2.3242698162476483,-1.541579597394247
2.2394294464338693,2.3439446943285493,-1.5615782893068073
2.2597749644929674,2.363616605367524,-1.5815769729155915
2.280123387397918,2.383285548940913,-1.6015756481142551
2.3004747150405165,2.402951524625072,-1.6215743147964543
2.320828947312545,2.422614531996373,-1.641572972855845
2.3411860841057677,2.442274570631204,-1.6615716221860835
2.3615461253119348,2.461931640105968,-1.6815702626808255
2.3819090708227804,2.4815857399970844,-1.7015688942337277
2.4022749205300236,2.501236869880988,-1.7215675167384459
2.4226436743253683,2.5208850293341305,-1.7415661300886365
2.443015332100502,2.540530217932978,-1.7615647341779557
2.463389893747098,2.5601724352540125,-1.7815633289000599
2.4837673591568126,2.5798116808737332,-1.8015619141486057
2.504147728221288,2.5994479543686535,-1.8215604898172493
2.5245310008321504,2.6190812553153036,-1.8415590557996473
2.5449171768810106,2.638711583290229,-1.8615576119894564
2.5653062562594644,2.658338937869991,-1.8815561582803328
2.585698238859091,2.677963318631167,-1.9015546945659334
2.606093124571456,2.6975847251503495,-1.9215532207399149
2.6264909132881074,2.717203157004148,-1.941551736695934
2.64689160490058,2.7368186137691874,-1.9615502423276479
2.667295199300391,2.756431095022108,-1.9815487375287129
2.687701696379044,2.776040600339566,-2.001547222192786
2.7081110960280257,2.795647129298234,-2.0215456962135248
2.728523398138808,2.8152506814748,-2.0415441594845856
2.748938602602848,2.8348512564459676,-2.061542611899626
2.769356709311586,2.854448853788456,-2.0815410533523027
2.7897777181564485,2.874043473079001,-2.1015394837362735
2.810201629028845,2.8936351138943546,-2.121537902945195
2.830628441820171,2.9132237758112836,-2.141536310872725
2.851058156421805,2.9328094584065707,-2.1615347074125206
2.871490772725111,2.952392161257015,-2.1815330924582397
2.891926290621438,2.9719718839394313,-2.2015314659035394
2.912364710002118,2.99154862603065,-2.2215298276420774
2.9328060307584702,3.0111223871075175,-2.2415281775675115
2.9532502527817956,3.030693166746896,-2.261526515573499
2.9736973759633814,3.050260964525664,-2.281524841553698
2.9941474001944988,3.069825780020715,-2.3015231554017666
3.0146003253664033,3.089387612808959,-2.3215214570113623
3.0350561513703362,3.1089464624673218,-2.341519746276143
3.0555148780975223,3.1285023285727447,-2.3615180230897668
3.075976505439171,3.1480552107021853,-2.381516287345892
3.0964410332864762,3.1676051084326167,-2.4015145389381765
3.1169084615306173,3.1871520213410283,-2.4215127777602783
3.1373787900627574,3.2066959490044247,-2.441511003705856
3.1578520187740446,3.2262368909998274,-2.461509216668568
3.178328147555611,3.245774846904273,-2.481507416542073
3.1988071762985735,3.2653098162948138,-2.501505603220029
3.219289104894034,3.2848417987485186,-2.5215037765960946
3.2397739332330793,3.304370793842472,-2.541501936563929
3.26026166120678,3.3238968011537735,-2.56150008301719
3.2807522887061906,3.34341982025954,-2.581498215849537
3.3012458156223525,3.362939850736904,-2.601496334954629
3.321742241846289,3.3824568921630127,-2.6214944402261247
3.3422415672690104,3.40197094411503,-2.641492531557683
3.36274379178151,3.421482006170136,-2.661490608842963
3.3832489152747662,3.4409900779055262,-2.681488671975624
3.4037569376397414,3.4604951588984125,-2.7014867208493247
3.4242678587673834,3.479997248726022,-2.721484755357725
3.4447816785486243,3.499496346965598,-2.741482775394484
3.4652983968743807,3.5189924531944,-2.7614807808532613
3.485818013635554,3.538485566989703,-2.7814787716277167
3.5063405287230296,3.557975687928798,-2.801476747611509
3.5268659420276784,3.577462815588992,-2.8214747086982994
3.5473942534403555,3.5969469495476085,-2.841472654781746
3.5679254628519,3.616428089381986,-2.8614705857555096
3.5884595701531365,3.6359062346694793,-2.88146850151325
3.608996575234874,3.655381384987459,-2.9014664019486265
3.629536477987905,3.674853539913312,-2.9214642869553
3.650079278303008,3.69432269902444,-2.9414621564269305
3.6706249760709455,3.713788861898263,-2.961460010257178
3.691173571182465,3.733252028112214,-2.981457848339703
3.711725063528298,3.7527121972437443,-3.0014556705681663
3.7322794529991605,3.7721693688703195,-3.0214534768362276
3.752836739485754,3.7916235425694222,-3.041451267037548
3.7733969228787636,3.8110747179185505,-3.061449041065788
3.7939600030688596,3.830522894495218,-3.0814467988146093
3.8145259799466964,3.8499680718769556,-3.101444540177671
3.835094853402914,3.8694102496413088,-3.121442265048635
3.8556666233281356,3.8888494273658396,-3.1414399733211624
3.87624128961297,3.908285604628126,-3.161437664888915
3.8968188521480105,3.927718781005762,-3.1814353396455526
3.9173993108238343,3.9471489560763575,-3.201432997484737
3.9379826655310044,3.9665761294175383,-3.22143063830013
3.9585689161600675,3.9860003006069453,-3.2414282619853925
3.9791580626015546,4.005421469222237,-3.2614258684341864
3.9997501047459822,4.024839634841087,-3.2814234575401735
4.020345042483852,4.0442547970411855,-3.3014210291970154
4.040942875705647,4.063666955400237,-3.3214185832983736
4.061543604301838,4.083076109495964,-3.34141611973791
4.082147228162881,4.102482258906102,-3.3614136384092874
4.102753747179213,4.121885403208408,-3.3814111392061674
4.123363161241259,4.141285541980649,-3.4014086220222124
4.143975470239427,4.160682674800611,-3.4214060867510843
4.164590674064111,4.180076801246096,-3.4414035332864454
4.185208772605687,4.199467920894921,-3.4614009615219588
4.205829765754518,4.218856033324919,-3.4813983713512866
4.2264536534009505,4.238241138113941,-3.5013957626680923
4.247080435435316,4.257623234839851,-3.521393135366038
4.26771011174793,4.277002323080532,-3.541390489338787
4.288342682229094,4.296378402413879,-3.561387824480002
4.308978146769093,4.315751472417808,-3.581385140683346
4.329616505258195,4.335121532670247,-3.6013824378424824
4.350257757586657,4.354488582749141,-3.6213797158510745
4.370901903644716,4.3738526222324525,-3.6413769746027858
4.391548943322598,4.39321365069816,-3.6613742139912793
4.412198876510509,4.412571667724254,-3.6813714339102193
4.432851703098642,4.431926672888746,-3.701368634253269
4.453507422977176,4.451278665769662,-3.7213658149140927
4.474166036036272,4.470627645945042,-3.741362975786354
4.494827542166076,4.4899736129929435,-3.761360116763717
4.515491941256722,4.5093165664914405,-3.781357237739846
4.536159233198323,4.528656506018624,-3.8013543386084048
4.556829417880982,4.547993431152598,-3.8213514192630575
4.577502495194782,4.567327341471485,-3.8413484795974697
4.598178465029795,4.586658236553421,-3.861345519505305
4.618857327276074,4.605986115976562,-3.881342538880228
4.639539081823658,4.625310979319076,-3.9013395376159044
4.6602237285625705,4.6446328261591505,-3.921336515605998
4.680911267382821,4.663951656074986,-3.9413334727441747
4.701601698174402,4.683267468644801,-3.9613304089240993
4.72229502082729,4.702580263446828,-3.9813273240394365
4.7429912352314485,4.721890040059319,-4.001324217983853
4.763690341276823,4.741196798060538,-4.0213210906510115
4.784392338853346,4.7605005370287685,-4.04131794193458
4.805097227850932,4.779801256542308,-4.061314771728225
4.825805008159483,4.799098956179472,-4.08131157992561
4.846515679668884,4.818393635518589,-4.101308366420402
4.867229242269005,4.837685294138007,-4.121305131106267
4.8879456958497,4.856973931616086,-4.14130187387687
4.908665040300808,4.876259547531206,-4.161298594625879
4.929387275512154,4.895542141461761,-4.181295293246958
4.950112401373545,4.9148217129861616,-4.201291969633775
4.970840417774776,4.934098261682834,-4.221288623679998
4.991571324605622,4.953371787130223,-4.2412852552792915
5.012305121755847,4.972642288906785,-4.261281864325323
5.033041809115198,4.991909766590997,-4.281278450711759
5.053781386573406,5.011174219761347,-4.301275014332268
5.074523854020187,5.030435647996344,-4.321271555080516
5.095269211345243,5.049694050874511,-4.341268072850171
5.116017458438257,5.068949427974387,-4.361264567534899
5.136768595188902,5.088201778874527,-4.381261039028369
5.15752262148683,5.107451103153503,-4.40125748722425
5.178279537221682,5.126697400389901,-4.421253912016207
5.199039342283082,5.145940670162326,-4.441250313297909
5.219802036560638,5.165180912049397,-4.461246690963024
5.240567619943944,5.18441812562975,-4.481243044905221
5.261336092322576,5.203652310482037,-4.501239375018168
5.2821074535861,5.222883466184927,-4.521235681195533
5.3028817036240605,5.2421115923171016,-4.5412319633309846
5.32365884232599,5.261336688457263,-4.561228221318191
5.344438869581405,5.280558754184127,-4.5812244550508225
5.3652217852798065,5.299777789076425,-4.601220664422547
5.38600758931068,5.318993792712908,-4.621216849327034
5.406796281563496,5.3382067646723375,-4.641213009657952
5.4275878619277105,5.357416704533497,-4.661209145308971
5.448382330292762,5.376623611875182,-4.681205256173759
5.469179686548075,5.395827486276205,-4.701201342145988
5.4899799305830586,5.4150283273153965,-4.7211974031193265
5.510783062287105,5.434226134571601,-4.741193438987445
5.531589081549595,5.45342090762368,-4.761189449644013
5.55239798825989,5.472612646050511,-4.781185434982699
5.573209782307337,5.491801349430987,-4.801181394897177
5.59402446358127,5.51098701734402,-4.821177329281115
5.614842031971005,5.530169649368534,-4.841173238028183
5.635662487365842,5.549349245083472,-4.861169121032053
5.656485829655069,5.568525804067791,-4.881164978186396
5.6773120587279555,5.587699325900467,-4.901160809384882
5.698141174473759,5.6068698101604895,-4.921156614521182
5.718973176781717,5.626037256426866,-4.941152393488969
5.739808065541055,5.645201664278618,-4.9611481461819125
5.760645840640983,5.664363033294786,-4.981143872493684
5.7814865019706945,5.6835213630544255,-5.001139572317955
5.802330049419369,5.702676653136606,-5.021135245548399
5.8231764828761685,5.721828903120417,-5.041130892078686
5.844025802230241,5.74097811258496,-5.06112651180249
5.86487800737072,5.760124281109357,-5.081122104613482
5.885733098186723,5.779267408272743,-5.101117670405335
5.906591074567351,5.798407493654269,-5.121113209071721
5.927451936401691,5.817544536833104,-5.141108720506313
5.948315683578814,5.836678537388434,-5.1611042046027835
5.969182315987776,5.855809494899459,-5.181099661254805
5.990051833517618,5.874937408945396,-5.201095090356052
6.010924236057365,5.894062279105477,-5.221090491800196
6.031799523496026,5.913184104958952,-5.241085865480912
6.052677695722597,5.932302886085087,-5.261081211291872
6.073558752626057,5.951418622063162,-5.28107652912675
6.0944426940953695,5.970531312472477,-5.301071818879221
6.115329520019483,5.989640956892344,-5.321067080442957
6.13621923028733,6.008747554902094,-5.341062313711634
6.15711182478783,6.027851106081074,-5.361057518578926
6.178007303409883,6.046951610008645,-5.381052694938507
6.1989056660423785,6.066049066264188,-5.401047842684052
6.219806912574187,6.085143474427097,-5.421042961709235
6.240711042894166,6.104234834076784,-5.441038051907731
6.261618056891156,6.123323144792675,-5.461033113173216
6.282527954453983,6.142408406154214,-5.481028145399364
6.303440735471458,6.161490617740861,-5.501023148479851
6.324356399832376,6.180569779132093,-5.521018122308352
6.345274947425516,6.199645889907401,-5.541013066778542
6.366196378139643,6.218718949646296,-5.5610079817840985
6.3871206918635055,6.2377889579282995,-5.581002867218697
6.408047888485838,6.256855914332954,-5.600997722976013
6.428977967895359,6.275919818439816,-5.620992548949723
6.449910929980772,6.29498066982846,-5.640987345033504
6.470846774630765,6.314038468078476,-5.660982111121032
6.491785501734009,6.333093212769469,-5.680976847105984
6.512727111179163,6.3521449034810615,-5.700971552882037
6.533671602854867,6.371193539792892,-5.720966228342868
6.55461897664975,6.390239121284615,-5.7409608733821536
6.5755692324524215,6.4092816475359005,-5.760955487893572
6.596522370151478,6.428321118126437,-5.780950071770801
6.617478389635499,6.447357532635928,-5.800944624907517
6.638437290793052,6.466390890644091,-5.820939147197399
6.659399073512684,6.485421191730663,-5.840933638534125
6.6803637376829315,6.504448435475397,-5.860928098811373
6.701331283192314,6.52347262145806,-5.880922527922821
6.722301709929334,6.542493749258438,-5.900916925762148
6.743275017782482,6.5615118184563315,-5.920911292223034
6.764251206640229,6.580526828631557,-5.940905627199155
6.785230276391036,6.599538779363948,-5.960899930584192
6.806212226923343,6.618547670233356,-5.980894202271824
6.827197058125577,6.637553500819646,-6.0008884421557305
6.848184769886152,6.6565562707026995,-6.0208826501295905
6.869175362093464,6.675555979462415,-6.040876826087084
6.890168834635895,6.694552626678709,-6.060870969921891
6.91116518740181,6.71354621193151,-6.080865081527691
6.932164420279561,6.732536734800767,-6.100859160798164
6.953166533157482,6.751524194866445,-6.1208532076269915
6.974171525923894,6.77050859170852,-6.140847221907854
6.995179398467102,6.7894899249069915,-6.160841203534432
7.016190150675396,6.808468194041872,-6.180835152400407
7.0372037824370475,6.827443398693188,-6.200829068399458
7.058220293640319,6.846415538440986,-6.220822951425269
7.0792396841734515,6.865384612865329,-6.24081680137152
7.100261953924675,6.884350621546291,-6.260810618131893
7.121287102782201,6.9033135640639705,-6.28080440160007
7.142315130634227,6.922273439998474,-6.300798151669732
7.163346037368936,6.941230248929929,-6.320791868234561
7.184379822874496,6.9601839904384795,-6.340785551188242
7.2054164870390585,6.979134664104285,-6.360779200424455
7.226456029750758,6.99808226950752,-6.380772815836883
7.247498450897718,7.017026806228377,-6.4007663973192095
7.268543750368041,7.035968273847064,-6.420759944765117
7.289591928049821,7.0549066719438045,-6.440753458068289
7.310642983831131,7.073842000098841,-6.460746937122408
7.3316969176000315,7.09277425789243,-6.4807403818211595
7.352753729244569,7.111703444904846,-6.500733792058226
7.373813418652769,7.130629560716376,-6.520727167727292
7.394875985712648,7.149552604907329,-6.540720508722042
7.4159414303122055,7.168472577058025,-6.560713814936159
7.4370097523394225,7.1873894767488045,-6.580707086263329
7.458080951682268,7.206303303560023,-6.600700322597236
7.4791550282286945,7.2252140570720504,-6.620693523831565
7.500231981866641,7.244121736865276,-6.640686689860001
7.5213118124840275,7.263026342520104,-6.660679820576229
7.542394519968762,7.2819278736169535,-6.680672915873935
7.563480104208736,7.300826329736262,-6.700665975646805
7.584568565091826,7.3197217104584835,-6.720658999788523
7.6056599025058915,7.338614015364087,-6.740651988192776
7.62675411633878,7.357503244033558,-6.760644940753251
7.647851206478323,7.376389396047399,-6.780637857363635
7.668951172812331,7.3952724709861295,-6.800630737917611
7.6900540152286085,7.4141524684302835,-6.82062358230887
7.711159733614937,7.433029387960413,-6.840616390431097
7.732268327859088,7.451903229157085,-6.86060916217798
7.7533797978488135,7.470773991600885,-6.880601897443204
7.774494143471854,7.489641674872413,-6.900594596120459
7.79561136461593,7.508506278552285,-6.920587258103432
7.816731461168752,7.527367802221135,-6.940579883285811
7.837854433018012,7.546226245459612,-6.960572471561284
7.858980280051387,7.565081607848382,-6.98056502282354
7.880109002156541,7.583933888968128,-7.000557536966266
7.9012405992211185,7.602783088399549,-7.0205500138831525
7.922375071132753,7.621629205723359,-7.0405424534678875
7.9435124177790595,7.640472240520291,-7.06053485561416
7.964652639047639,7.659312192371091,-7.08052722021566
7.985795734826078,7.6781490608565255,-7.100519547166077
8.006941705001946,7.696982845557374,-7.120511836359101
8.0280905494628,7.7158135460544335,-7.14050408768842
8.04924226809618,7.7346411619285185,-7.160496301047726
8.070396860789607,7.753465692760458,-7.180488476330708
8.091554327430595,7.772287138131099,-7.200480613431058
8.112714667906635,7.791105497621303,-7.220472712242465
8.133877882105207,7.80992077081195,-7.240464772658622
8.155043969913773,7.828732957283935,-7.260456794573218
8.176212931219782,7.847542056618171,-7.280448777879947
8.197384765910666,7.8663480683955855,-7.300440722472499
8.218559473873844,7.885150992197124,-7.320432628244565
8.239737054996718,7.903950827603747,-7.340424495089838
8.260917509166676,7.922747574196433,-7.36041632290201
8.282100836271088,7.941541231556176,-7.380408111574773
8.303287036197311,7.960331799263986,-7.40039986100182
8.324476108832688,7.97911927690089,-7.420391571076844
8.345668054064543,7.997903664047931,-7.440383241693538
8.366862871780187,8.016684960286169,-7.460374872745595
8.388060561866915,8.035463165196681,-7.480366464126708
8.409261124212009,8.05423827836056,-7.500358015730571
8.430464558702733,8.073010299358913,-7.520349527450877
8.451670865226335,8.091779227772866,-7.540340999181321
8.472880043670052,8.110545063183563,-7.560332430815598
8.494092093921102,8.129307805172163,-7.580323822247402
8.51530701586669,8.148067453319836,-7.600315173370427
8.536524809394,8.166824007207778,-7.620306484078368
8.55774547439021,8.185577466417195,-7.64029775426492
8.578969010742476,8.20432783052931,-7.660288983823779
8.600195418337941,8.223075099125367,-7.680280172648641
8.621424697063732,8.241819271786621,-7.700271320633201
8.642656846806961,8.260560348094346,-7.720262427671155
8.663891867454725,8.279298327629833,-7.7402534936561995
8.685129758894107,8.298033209974387,-7.760244518482031
8.706370521012172,8.316764994709331,-7.780235502042346
8.727614153695972,8.335493681416006,-7.800226444230841
8.748860656832543,8.354219269675767,-7.820217344941214
8.770110030308905,8.372941759069986,-7.840208204067161
8.791362274012062,8.391661149180054,-7.860199021502381
8.812617387829007,8.410377439587375,-7.88018979714057
8.833875371646712,8.42909062987337,-7.900180530875427
8.855136225352139,8.44780071961948,-7.92017122260065
8.87639994883223,8.466507708407155,-7.940161872209938
8.897666541973916,8.485211595817871,-7.96015247959699
8.91893600466411,8.503912381433114,-7.980143044655503
8.94020833678971,8.522610064834389,-8.000133567279178
8.961483538237598,8.541304645603216,-8.020124047361714
8.982761608894645,8.559996123321135,-8.040114484796808
9.004042548647702,8.578684497569697,-8.060104879478162
9.025326357383605,8.597369767930473,-8.080095231299477
9.046613034989178,8.616051933985052,-8.100085540154453
9.067902581351229,8.634730995315033,-8.12007580593679
9.089194996356547,8.65340695150204,-8.140066028540186
9.110490279891911,8.672079802127707,-8.160056207858347
9.13178843184408,8.690749546773686,-8.18004634378497
9.153089452099803,8.709416185021649,-8.200036436213757
9.174393340545807,8.72807971645328,-8.22002648503841
9.19570009706881,8.746740140650285,-8.240016490152632
9.217009721555511,8.765397457194378,-8.260006451450124
9.238322213892596,8.784051665667299,-8.279996368824587
9.259637573966735,8.802702765650796,-8.299986242169727
9.28095580166458,8.821350756726641,-8.319976071379244
9.302276896872772,8.839995638476617,-8.339965856346842
9.323600859477935,8.858637410482526,-8.359955596966225
9.344927689366676,8.877276072326184,-8.379945293131096
9.36625738642559,8.89591162358943,-8.399934944735158
9.387589950541255,8.914544063854114,-8.419924551672114
9.408925381600234,8.933173392702102,-8.439914113835671
9.430263679489075,8.951799609715279,-8.45990363111953
9.451604844094309,8.970422714475545,-8.4798931034174
9.472948875302453,8.98904270656482,-8.499882530622981
9.494295773000012,9.007659585565037,-8.519871912629982
9.51564553707347,9.026273351058146,-8.539861249332107
9.5369981674093,9.044884002626114,-8.559850540623064
9.558353663893955,9.063491539850924,-8.579839786396553
9.57971202641388,9.082095962314577,-8.599828986546285
9.6010732548555,9.10069726959909,-8.619818140965966
9.622437349105224,9.119295461286496,-8.639807249549301
9.643804309049449,9.137890536958846,-8.659796312189997
9.665174134574553,9.156482496198205,-8.679785328781762
9.686546825566902,9.175071338586656,-8.699774299218301
9.707922381912844,9.193657063706299,-8.719763223393324
9.729300803498717,9.212239671139251,-8.739752101200539
9.750682090210837,9.230819160467643,-8.759740932533653
9.772066241935509,9.249395531273628,-8.779729717286376
9.79345325855902,9.267968783139366,-8.799718455352414
9.814843139967648,9.286538915647045,-8.819707146625477
9.836235886047646,9.305105928378861,-8.839695790999276
9.85763149668526,9.323669820917031,-8.859684388367516
9.879029971766714,9.342230592843787,-8.87967293862391
9.900431311178226,9.360788243741379,-8.899661441662166
9.921835514805988,9.379342773192072,-8.919649897375995
9.943242582536186,9.397894180778145,-8.939638305659109
9.964652514254986,9.4164424660819,-8.959626666405216
9.986065309848538,9.43498762868565,-8.979614979508026
10.007480969202978,9.453529668171731,-8.999603244861252
10.02889949220443,9.472068584122487,-9.019591462358605
10.050320878738995,9.490604376120286,-9.039579631893796
10.071745128692767,9.509137043747508,-9.059567753360538
10.093172241951821,9.527666586586552,-9.079555826652541
10.114602218402217,9.546193004219832,-9.099543851663519
10.13603505793,9.564716296229783,-9.119531828287187
10.1574707604212,9.58323646219885,-9.139519756417254
10.17890932576183,9.601753501709496,-9.159507635947435
10.200350753837894,9.620267414344205,-9.17949546677144
10.22179504453537,9.638778199685477,-9.199483248782988
10.24324219774023,9.657285857315825,-9.219470981875789
10.264692213338426,9.675790386817779,-9.239458665943559
10.286145091215898,9.694291787773887,-9.259446300880013
10.307600831258569,9.712790059766714,-9.279433886578863
10.329059433352345,9.731285202378842,-9.299421422933827
10.350520897383122,9.74977721519287,-9.319408909838618
10.371985223236775,9.76826609779141,-9.339396347186952
10.393452410799167,9.786751849757094,-9.359383734872546
10.414922459956145,9.80523447067257,-9.379371072789112
10.43639537059354,9.823713960120504,-9.399358360830371
10.457871142597172,9.842190317683574,-9.419345598890038
10.47934977585284,9.860663542944481,-9.439332786861828
10.50083127024633,9.879133635485937,-9.45931992463946
10.522315625663413,9.897600594890672,-9.479307012116651
10.543802841989846,9.916064420741437,-9.499294049187117
10.565292919111368,9.934525112620994,-9.519281035744578
10.586785856913705,9.952982670112126,-9.53926797168275
10.608281655282566,9.971437092797629,-9.559254856895356
10.629780314103648,9.989888380260318,-9.579241691276112
10.65128183326263,10.008336532083025,-9.599228474718736
10.672786212645176,10.026781547848596,-9.619215207116946
10.694293452136938,10.045223427139897,-9.639201888364465
10.715803551623544,10.063662169539809,-9.659188518355009
10.737316510990619,10.082097774631228,-9.6791750969823
10.758832330123763,10.10053024199707,-9.699161624140059
10.780351008908568,10.118959571220266,-9.719148099722005
10.801872547230603,10.137385761883763,-9.73913452362186
10.823396944975428,10.155808813570527,-9.759120895733345
10.844924202028587,10.174228725863538,-9.77910721595018
10.866454318275606,10.192645498345794,-9.79909348416609
10.887987293601999,10.211059130600312,-9.819079700274793
10.909523127893262,10.229469622210118,-9.839065864170013
10.931061821034877,10.247876972758267,-9.859051975745473
10.95260337291231,10.266281181827818,-9.879038034894894
10.974147783411015,10.284682249001856,-9.899024041512
10.995695052416428,10.303080173863476,-9.919009995490516
11.017245179813969,10.321474955995793,-9.938995896724162
11.038798165489045,10.339866594981942,-9.958981745106666
11.060354009327046,10.358255090405066,-9.97896754053175
11.081912711213349,10.376640441848336,-9.998953282893137
11.103474271033313,10.39502264889493,-10.018938972084554
11.125038688672285,10.413401711128046,-10.038924607999725
11.146605964015594,10.431777628130902,-10.058910190532378
11.168176096948553,10.450150399486729,-10.078895719576236
11.189749087356462,10.468520024778773,-10.098881195025026
11.211324935124608,10.4868865035903,-10.118866616772472
11.23290364013826,10.505249835504594,-10.138851984712302
11.25448520228267,10.523610020104954,-10.158837298738243
11.276069621443078,10.541967056974693,-10.178822558744022
11.297656897504709,10.560320945697145,-10.198807764623366
11.319247030352768,10.578671685855657,-10.218792916270003
11.340840019872452,10.597019277033597,-10.238778013577658
11.362435865948939,10.615363718814349,-10.258763056440063
11.38403456846739,10.63370501078131,-10.278748044750945
11.405636127312953,10.652043152517894,-10.298732978404033
11.427240542370761,10.670378143607538,-10.318717857293056
11.448847813525932,10.688709983633688,-10.338702681311743
11.470457940663566,10.707038672179813,-10.358687450353823
11.492070923668752,10.725364208829392,-10.378672164313029
11.513686762426563,10.743686593165929,-10.398656823083087
11.535305456822051,10.762005824772938,-10.41864142655773
11.556927006740263,10.780321903233952,-10.438625974630687
11.578551412066222,10.798634828132524,-10.458610467195692
11.600178672684939,10.816944599052219,-10.478594904146474
11.621808788481411,10.83525121557662,-10.498579285376767
11.64344175934062,10.853554677289326,-10.518563610780301
11.665077585147527,10.871854983773957,-10.538547880250809
11.686716265787085,10.890152134614148,-10.558532093682022
11.70835780114423,10.908446129393546,-10.578516250967674
11.73000219110388,10.92673696769582,-10.5985003520015
11.751649435550943,10.945024649104655,-10.61848439667723
11.773299534370306,10.96330917320375,-10.6384683848886
11.794952487446844,10.981590539576827,-10.658452316529344
11.816608294665416,10.999868747807616,-10.678436191493196
11.838266955910866,11.01814379747987,-10.69842000967389
11.859928471068024,11.036415688177359,-10.718403770965164
11.881592840021703,11.054684419483866,-10.73838747526075
11.903260062656702,11.072949990983194,-10.758371122454383
11.924930138857805,11.091212402259162,-10.7783547124398
11.946603068509777,11.109471652895602,-10.798338245110738
11.968278851497374,11.127727742476369,-10.818321720360933
11.989957487705333,11.145980670585331,-10.838305138084122
12.011638977018375,11.164230436806376,-10.858288498174042
12.03332331932121,11.182477040723406,-10.87827180052443
12.05501051449853,11.200720481920339,-10.898255045029025
12.076700562435013,11.218960759981112,-10.918238231581563
12.09839346301532,11.237197874489679,-10.938221360075785
12.120089216124095,11.255431825030008,-10.958204430405427
12.141787821645973,11.273662611186088,-10.978187442464229
12.163489279465571,11.291890232541922,-10.99817039614593
12.18519358946749,11.31011468868153,-11.018153291344271
12.206900751536313,11.328335979188948,-11.038136127952992
12.228610765556615,11.34655410364823,-11.05811890586583
12.250323631412948,11.364769061643452,-11.078101624976528
12.272039348989857,11.382980852758696,-11.098084285178826
12.293757918171865,11.401189476578068,-11.118066886366465
12.315479338843483,11.419394932685691,-11.138049428433188
12.337203610889205,11.437597220665703,-11.158031911272735
12.358930734193512,11.455796340102257,-11.178014334778847
12.38066070864087,11.473992290579526,-11.197996698845271
12.402393534115724,11.4921850716817,-11.217979003365746
12.424129210502514,11.510374682992984,-11.237961248234017
12.445867737685656,11.528561124097601,-11.257943433343824
12.467609115549557,11.54674439457979,-11.277925558588914
12.489353343978605,11.564924494023806,-11.297907623863027
12.511100422857172,11.583101422013923,-11.317889629059913
12.53285035206962,11.601275178134433,-11.337871574073313
12.554603131500288,11.61944576196964,-11.357853458796972
12.576358761033509,11.637613173103869,-11.377835283124636
12.598117240553593,11.65577741112146,-11.39781704695005
12.619878569944841,11.673938475606771,-11.41779875016696
12.641642749091535,11.692096366144177,-11.437780392669115
12.663409777877941,11.71025108231807,-11.457761974350259
12.685179656188314,11.728402623712856,-11.477743495104137
12.70695238390689,11.74655098991296,-11.497724954824498
12.728727960917892,11.764696180502824,-11.51770635340509
12.750506387105528,11.782838195066908,-11.537687690739663
12.772287662353989,11.800977033189687,-11.557668966721963
12.794071786547454,11.819112694455653,-11.577650181245737
12.81585875957008,11.837245178449315,-11.597631334204735
12.837648581306018,11.8553744847552,-11.617612425492707
12.859441251639398,11.873500612957853,-11.637593455003401
12.881236770454336,11.891623562641833,-11.657574422630567
12.903035137634934,11.909743333391715,-11.677555328267955
12.924836353065276,11.927859924792095,-11.697536171809316
12.946640416629434,11.945973336427583,-11.717516953148401
12.968447328211463,11.964083567882808,-11.73749767217896
12.990257087695404,11.982190618742413,-11.757478328794749
13.012069694965284,12.000294488591061,-11.777458922889513
13.033885149905114,12.01839517701343,-11.79743945435701
13.055703452398886,12.036492683594213,-11.817419923090988
13.077524602330582,12.054587007918126,-11.837400328985202
13.099348599584166,12.072678149569896,-11.857380671933404
13.121175444043589,12.09076610813427,-11.877360951829349
13.143005135592782,12.10885088319601,-11.89734116856679
13.164837674115669,12.126932474339899,-11.91732132203948
13.186673059496153,12.145010881150732,-11.937301412141176
13.208511291618121,12.163086103213322,-11.95728143876563
13.23035237036545,12.181158140112501,-11.977261401806599
13.252196295621998,12.199226991433116,-11.997241301157837
13.274043067271608,12.217292656760034,-12.017221136713102
13.295892685198108,12.235355135678132,-12.037200908366149
13.317745149285312,12.253414427772313,-12.057180616010733
13.339600459417017,12.27147053262749,-12.077160259540612
13.361458615477009,12.289523449828597,-12.097139838849545
13.383319617349056,12.307573178960581,-12.117119353831288
13.40518346491691,12.325619719608412,-12.1370988043796
13.427050158064306,12.34366307135707,-12.157078190388235
13.44891969667497,12.361703233791557,-12.177057511750956
13.47079208063261,12.37974020649689,-12.19703676836152
13.492667309820916,12.397773989058104,-12.217015960113686
13.514545384123569,12.415804581060248,-12.236995086901215
13.536426303424227,12.433831982088394,-12.256974148617866
13.55831006760654,12.451856191727623,-12.2769531451574
13.580196676554138,12.46987720956304,-12.296932076413578
13.602086130150639,12.487895035179761,-12.316910942280158
13.623978428279642,12.505909668162925,-12.336889742650904
13.645873570824737,12.523921108097683,-12.356868477419575
13.667771557669495,12.541929354569207,-12.376847146479937
13.68967238869747,12.559934407162682,-12.39682574972575
13.711576063792206,12.577936265463313,-12.416804287050777
13.733482582837228,12.59593492905632,-12.43678275834878
13.755391945716045,12.613930397526941,-12.456761163513525
13.777304152312155,12.631922670460431,-12.476739502438773
13.799219202509038,12.649911747442065,-12.49671777501829
13.821137096190158,12.667897628057128,-12.51669598114584
13.84305783323897,12.685880311890926,-12.536674120715187
13.864981413538903,12.703859798528784,-12.556652193620097
13.886907836973382,12.72183608755604,-12.576630199754335
13.90883710342581,12.739809178558053,-12.596608139011668
13.930769212779579,12.757779071120195,-12.616586011285861
13.95270416491806,12.775745764827859,-12.63656381647068
13.974641959724616,12.793709259266452,-12.656541554459894
13.996582597082591,12.811669554021398,-12.676519225147269
14.018526076875315,12.82962664867814,-12.696496828426573
14.0404723989861,12.847580542822135,-12.716474364191575
14.062421563298248,12.86553123603886,-12.73645183233604
14.08437356969504,12.88347872791381,-12.75642923275374
14.10632841805975,12.901423018032492,-12.776406565338444
14.128286108275626,12.919364105980435,-12.79638382998392
14.150246640225909,12.937301991343183,-12.81636102658394
14.172210013793825,12.955236673706297,-12.836338155032271
14.194176228862581,12.973168152655356,-12.856315215222685
14.21614528531537,12.991096427775952,-12.876292207048953
14.23811718303537,13.0090214986537,-12.896269130404846
14.260091921905746,13.02694336487423,-12.916245985184137
14.282069501809644,13.044862026023186,-12.936222771280597
14.304049922630199,13.062777481686231,-12.956199488587998
14.326033184250527,13.080689731449047,-12.976176137000113
14.348019286553733,13.09859877489733,-12.996152716410718
14.370008229422902,13.116504611616795,-13.016129226713582
14.39200001274111,13.134407241193175,-13.036105667802481
14.413994636391413,13.152306663212217,-13.056082039571187
14.435992100256852,13.170202877259689,-13.076058341913477
14.457992404220457,13.18809588292137,-13.096034574723125
14.479995548165238,13.205985679783064,-13.116010737893907
14.502001531974193,13.223872267430584,-13.135986831319599
14.524010355530303,13.241755645449766,-13.155962854893975
14.546022018716535,13.25963581342646,-13.175938808510814
14.568036521415841,13.277512770946533,-13.19591469206389
14.590053863511159,13.295386517595873,-13.215890505446984
14.61207404488541,13.31325705296038,-13.235866248553869
14.6340970654215,13.331124376625974,-13.255841921278325
14.656122925002322,13.348988488178591,-13.275817523514132
14.67815162351075,13.366849387204185,-13.295793055155066
14.700183160829646,13.384707073288727,-13.315768516094908
14.722217536841857,13.402561546018203,-13.335743906227435
14.744254751430212,13.420412804978618,-13.35571922544643
14.76629480447753,13.438260849755995,-13.375694473645671
14.78833769586661,13.456105679936371,-13.39566965071894
14.810383425480238,13.473947295105804,-13.415644756560017
14.832431993201183,13.491785694850364,-13.435619791062683
14.854483398912203,13.509620878756145,-13.45559475412072
14.876537642496038,13.527452846409252,-13.475569645627909
14.898594723835412,13.54528159739581,-13.495544465478034
14.920654642813037,13.56310713130196,-13.515519213564877
14.942717399311608,13.58092944771386,-13.535493889782222
14.964782993213804,13.598748546217687,-13.55546849402385
14.98685142440229,13.616564426399632,-13.57544302618355
15.008922692759718,13.634377087845907,-13.595417486155103
15.03099679816872,13.652186530142739,-13.615391873832293
15.053073740511918,13.669992752876368,-13.635366189108906
15.075153519671915,13.68779575563306,-13.655340431878729
15.0972361355313,13.705595537999091,-13.675314602035547
15.119321587972651,13.723392099560757,-13.695288699473146
15.141409876878525,13.74118543990437,-13.715262724085312
15.163501002131467,13.758975558616264,-13.735236675765831
15.185594963614003,13.77676245528278,-13.755210554408492
15.207691761208652,13.794546129490286,-13.775184359907085
15.22979139479791,13.81232658082516,-13.795158092155395
15.251893864264263,13.830103808873801,-13.815131751047213
15.273999169490178,13.847877813222627,-13.835105336476326
15.29610731035811,13.865648593458069,-13.855078848336525
15.318218286750499,13.883416149166575,-13.875052286521598
15.340332098549766,13.901180479934615,-13.895025650925335
15.362448745638321,13.918941585348671,-13.914998941441528
15.384568227898558,13.936699464995243,-13.934972157963967
15.406690545212856,13.954454118460852,-13.954945300386445
15.428815697463575,13.972205545332033,-13.974918368602752
15.450943684533067,13.989953745195336,-13.994891362506683
15.473074506303664,14.007698717637332,-14.014864281992027
15.495208162657686,14.02544046224461,-14.034837126952578
15.517344653477434,14.043178978603773,-14.05480989728213
15.539483978645194,14.060914266301442,-14.074782592874477
15.561626138043243,14.078646324924254,-14.094755213623412
15.583771131553837,14.096375154058865,-14.11472775942273
15.605918959059217,14.11410075329195,-14.134700230166224
15.628069620441613,14.131823122210198,-14.154672625747693
15.650223115583238,14.149542260400317,-14.174644946060932
15.672379444366289,14.16725816744903,-14.194617190999734
15.694538606672948,14.184970842943077,-14.214589360457898
15.716700602385384,14.202680286469219,-14.23456145432922
15.738865431385747,14.22038649761423,-14.254533472507498
15.761033093556177,14.238089475964907,-14.27450541488653
15.783203588778795,14.255789221108056,-14.294477281360114
15.805376916935707,14.273485732630505,-14.314449071822049
15.827553077909007,14.2911790101191,-14.334420786166131
15.849732071580771,14.308869053160704,-14.354392424286162
15.87191389783306,14.326555861342195,-14.374363986075942
15.894098556547924,14.344239434250467,-14.39433547142927
15.916286047607393,14.361919771472435,-14.414306880239948
15.938476370893483,14.37959687259503,-14.434278212401775
15.960669526288196,14.3972707372052,-14.454249467808554
15.98286551367352,14.41494136488991,-14.474220646354084
16.005064332931425,14.43260875523614,-14.49419174793217
16.027265983943874,14.450272907830893,-14.514162772436613
16.049470466592798,14.467933822261184,-14.534133719761218
16.07167778076013,14.485591498114045,-14.554104589799788
16.09388792632778,14.503245934976531,-14.574075382446125
16.116100903177646,14.520897132435708,-14.594046097594035
16.138316711191607,14.538545090078662,-14.61401673513732
16.16053535025153,14.556189807492496,-14.633987294969787
16.182756820239266,14.57383128426433,-14.653957776985242
16.204981121036653,14.5914695199813,-14.67392818107749
16.227208252525507,14.609104514230564,-14.69389850714034
16.24943821458764,14.626736266599291,-14.713868755067594
16.271671007104842,14.64436477667467,-14.733838924753062
16.293906629958887,14.661990044043907,-14.753809016090552
16.316145083031536,14.679612068294228,-14.77377902897387
16.33838636620453,14.69723084901287,-14.793748963296826
16.36063047935961,14.714846385787094,-14.813718818953229
16.38287742237849,14.732458678204175,-14.833688595836888
16.40512719514286,14.750067725851403,-14.853658293841612
16.427379797534414,14.76767352831609,-14.87362791286121
16.449635229434826,14.785276085185561,-14.893597452789493
16.471893490725744,14.802875396047163,-14.913566913520274
16.49415458128881,14.820471460488255,-14.933536294947361
16.516418501005653,14.838064278096217,-14.953505596964568
16.53868524975788,14.855653848458447,-14.973474819465707
16.56095482742709,14.873240171162356,-14.993443962344593
16.58322723389486,14.890823245795374,-15.013413025495034
16.605502469042758,14.90840307194495,-15.033382008810845
16.62778053275233,14.925979649198547,-15.053350912185842
16.650061424905115,14.94355297714365,-15.073319735513838
16.672345145382632,14.961123055367757,-15.093288478688645
16.694631694066388,14.978689883458388,-15.113257141604084
16.71692107083787,14.996253461003073,-15.133225724153966
16.739213275578557,15.013813787589365,-15.153194226232108
16.761508308169905,15.031370862804835,-15.173162647732328
16.783806168493356,15.048924686237067,-15.193130988548441
16.806106856430347,15.066475257473664,-15.213099248574265
16.828410371862287,15.084022576102248,-15.233067427703618
16.850716714670583,15.101566641710455,-15.253035525830319
16.873025884736613,15.119107453885944,-15.273003542848182
16.895337881941753,15.136645012216382,-15.292971478651031
16.917652706167353,15.154179316289465,-15.312939333132684
16.939970357294754,15.171710365692896,-15.33290710618696
16.96229083520528,15.1892381600144,-15.35287479770768
16.984614139780245,15.20676269884172,-15.372842407588664
17.006940270900937,15.224283981762616,-15.392809935723733
17.029269228448637,15.24180200836486,-15.41277738200671
17.051601012304612,15.259316778236252,-15.43274474633142
17.07393562235011,15.2768282909646,-15.452712028591678
17.096273058466366,15.29433654613773,-15.472679228681313
17.118613320534603,15.31184154334349,-15.492646346494144
17.14095640843602,15.329343282169743,-15.512613381923998
17.163302322051806,15.346841762204368,-15.532580334864697
17.18565106126314,15.364336983035265,-15.552547205210068
17.20800262595118,15.38182894425035,-15.572513992853935
17.230357015997072,15.39931764543755,-15.592480697690123
17.252714231281942,15.416803086184819,-15.612447319612459
17.275074271686904,15.434285266080124,-15.632413858514767
17.29743713709306,15.451764184711447,-15.652380314290877
17.31980282738149,15.469239841666791,-15.672346686834615
17.34217134243327,15.486712236534176,-15.692312976039808
17.36454268212945,15.504181368901637,-15.712279181800286
17.38691684635107,15.521647238357229,-15.732245304009874
17.409293834979152,15.53910984448902,-15.752211342562406
17.431673647894705,15.556569186885104,-15.772177297351709
17.45405628497873,15.574025265133583,-15.792143168271611
17.4764417461122,15.591478078822579,-15.812108955215946
17.49883003117608,15.608927627540234,-15.832074658078543
17.52122114005132,15.626373910874706,-15.852040276753234
17.543615072618852,15.643816928414173,-15.87200581113385
17.566011828759596,15.661256679746822,-15.891971261114223
17.588411408354457,15.678693164460867,-15.911936626588188
17.610813811284324,15.696126382144534,-15.931901907449575
17.63321903743007,15.713556332386068,-15.95186710359222
17.655627086672556,15.73098301477373,-15.971832214909954
17.678037958892624,15.748406428895802,-15.991797241296615
17.700451653971104,15.765826574340577,-16.011762182646034
17.72286817178881,15.783243450696375,-16.03172703885205
17.745287512226543,15.800657057551522,-16.0516918098085
17.76770967516508,15.818067394494369,-16.071656495409215
17.790134660485197,15.835474461113282,-16.09162109554803
17.812562468067647,15.852878256996647,-16.11158561011879
17.834993097793163,15.870278781732862,-16.131550039015334
17.857426549542474,15.887676034910347,-16.15151438213149
17.87986282319629,15.905070016117538,-16.171478639361105
17.902301918635306,15.922460724942889,-16.191442810598012
17.924743835740195,15.939848160974869,-16.211406895736054
17.947188574391625,15.957232323801966,-16.23137089466907
17.969636134470242,15.974613213012688,-16.2513348072909
17.99208651585668,15.991990828195558,-16.271298633495384
18.014539718431564,16.009365168939116,-16.29126237317637
18.03699574207549,16.02673623483192,-16.31122602622769
18.05945458666905,16.044104025462538,-16.33118959254319
18.08191625209282,16.061468540419572,-16.351153072016714
18.10438073822736,16.078829779291627,-16.371116464542105
18.12684804495321,16.096187741667332,-16.391079770013203
18.1493181721509,16.113542427135336,-16.411042988323857
18.17179111970094,16.130893835284297,-16.43100611936791
18.194266887483835,16.148241965702894,-16.450969163039208
18.216745475380065,16.165586817979825,-16.47093211923159
18.239226883270103,16.182928391703808,-16.490894987838914
18.261711111034398,16.200266686463568,-16.510857768755017
18.284198158553394,16.21760170184786,-16.530820461873745
18.306688025707512,16.23493343744545,-16.55078306708895
18.32918071237716,16.25226189284512,-16.570745584294478
18.351676218442734,16.269587067635673,-16.590708013384177
18.374174543784612,16.286908961405928,-16.610670354251898
18.396675688283157,16.304227573744722,-16.630632606791487
18.41917965181872,16.32154290424091,-16.65059477089679
18.44168643427163,16.338854952483366,-16.67055684646167
18.464196035522214,16.356163718060973,-16.690518833379965
18.48670845545077,16.373469200562642,-16.71048073154553
18.509223693937592,16.390771399577293,-16.73044254085222
18.53174175086295,16.408070314693873,-16.750404261193882
18.554262626107104,16.425365945501337,-16.770365892464373
18.576786319550294,16.442658291588664,-16.790327434557543
18.599312831072755,16.45994735254484,-16.810288887367246
18.621842160554703,16.477233127958886,-16.830250250787333
18.64437430787633,16.49451561741983,-16.850211524711664
18.666909272917824,16.511794820516712,-16.87017270903409
18.689447055559352,16.529070736838598,-16.89013380364847
18.71198765568107,16.546343365974572,-16.910094808448658
18.73453107316312,16.56361270751373,-16.930055723328508
18.757077307885616,16.580878761045188,-16.95001654818188
18.77962635972868,16.59814152615808,-16.969977282902626
18.8021782285724,16.61540100244156,-16.98993792738461
18.824732914296856,16.632657189484792,-17.009898481521684
18.847290416782112,16.649910086876968,-17.029858945207714
18.869850735908216,16.667159694207285,-17.049819318336557
18.892413871555203,16.68440601106497,-17.069779600802068
18.914979823603094,16.701649037039253,-17.08973979249811
18.93754859193189,16.718888771719396,-17.109699893318545
18.960120176421583,16.736125214694674,-17.129659903157233
18.982694576952145,16.753358365554377,-17.149619821908033
19.00527179340354,16.77058822388781,-17.16957964946481
19.02785182565571,16.787814789284305,-17.18953938572143
19.050434673588583,16.8050380613332,-17.209499030571752
19.073020337082074,16.82225803962386,-17.229458583909636
19.09560881601608,16.839474723745663,-17.249418045628953
19.118200110270493,16.856688113288,-17.269377415623563
19.140794219725176,16.873898207840295,-17.28933669378733
19.163391144259986,16.89110500699197,-17.309295880014123
19.185990883754762,16.90830851033248,-17.329254974197806
19.20859343808933,16.925508717451283,-17.34921397623225
19.2311988071435,16.94270562793787,-17.369172886011313
19.253806990797063,16.959899241381738,-17.38913170342887
19.276417988929804,16.97708955737241,-17.409090428378786
19.299031801421485,16.994276575499416,-17.42904906075493
19.321648428151857,17.011460295352318,-17.449007600451168
19.344267869000653,17.028640716520684,-17.468966047361373
19.36689012384759,17.045817838594104,-17.488924401379414
19.38951519257238,17.06299166116218,-17.50888266239916
19.412143075054708,17.08016218381454,-17.528840830314483
19.43477377117425,17.097329406140826,-17.548798905019257
19.457407280810667,17.114493327730695,-17.56875688640735
19.480043603843605,17.131653948173827,-17.588714774372637
19.502682740152693,17.148811267059912,-17.608672568808988
19.525324689617545,17.165965283978665,-17.628630269610277
19.547969452117762,17.183115998519813,-17.64858787667038
19.570617027532933,17.200263410273102,-17.66854538988317
19.59326741574262,17.2174075188283,-17.688502809142523
19.615920616626386,17.234548323775186,-17.708460134342314
19.63857663006377,17.251685824703564,-17.72841736537642
19.661235455934293,17.268820021203243,-17.748374502138713
19.683897094117473,17.285950912864067,-17.768331544523072
19.7065615444928,17.303078499275884,-17.788288492423376
19.72922880693975,17.320202780028563,-17.8082453457335
19.7518988813378,17.337323754711992,-17.828202104347326
19.774571767566393,17.35444142291608,-17.84815876815873
19.797247465504967,17.371555784230743,-17.868115337061592
19.81992597503294,17.38866683824593,-17.888071810949793
19.842607296029723,17.405774584551587,-17.90802818971721
19.865291428374704,17.4228790227377,-17.92798447325773
19.88797837194726,17.43998015239426,-17.94794066146523
19.910668126626746,17.457077973111275,-17.96789675423359
19.933360692292517,17.47417248447877,-17.987852751456696
19.956056068823898,17.4912636860868,-18.00780865302843
19.978754256100206,17.50835157752542,-18.027764458842675
20.001455254000746,17.525436158384718,-18.047720168793315
20.024159062404802,17.542517428254786,-18.067675782774234
20.046865681191647,17.559595386725743,-18.08763130067932
20.069575110240535,17.576670033387725,-18.107586722402456
20.092287349430705,17.59374136783088,-18.127542047837526
20.115002398641387,17.61080938964538,-18.147497276878422
20.13772025775179,17.627874098421408,-18.167452409419024
20.160440926641115,17.64493549374917,-18.187407445353223
20.18316440518854,17.661993575218887,-18.20736238457491
20.20589069327323,17.6790483424208,-18.22731722697797
20.22861979077434,17.696099794945166,-18.24727197245629
20.251351697571003,17.71314793238226,-18.267226620903763
20.27408641354235,17.730192754322374,-18.28718117221428
20.296823938567478,17.747234260355818,-18.307135626281728
20.319564272525486,17.76427245007292,-18.327089983
20.342307415295444,17.781307323064027,-18.347044242262992
20.365053366756417,17.7983388789195,-18.36699840396459
20.387802126787456,17.815367117229712,-18.38695246799869
20.410553695267588,17.832392037585073,-18.40690643425918
20.43330807207583,17.849413639575996,-18.426860302639962
20.456065257091193,17.866431922792913,-18.446814073034925
20.478825250192656,17.883446886826274,-18.466767745337965
20.501588051259198,17.90045853126655,-18.486721319442974
20.52435366016977,17.917466855704227,-18.506674795243853
20.54712207680332,17.934471859729808,-18.526628172634496
20.569893301038768,17.95147354293381,-18.5465814515088
20.59266733275503,17.96847190490678,-18.56653463176066
20.61544417183101,17.985466945239278,-18.58648771328398
20.638223818145587,18.00245866352187,-18.60644069597265
20.661006271577627,18.019447059345154,-18.626393579720578
20.683791532005987,18.036432132299737,-18.646346364421657
20.7065795993095,18.053413881976244,-18.666299049969787
20.729370473366995,18.070392307965328,-18.68625163625887
20.752164154057276,18.087367409857645,-18.706204123182808
20.774960641259135,18.10433918724388,-18.7261565106355
20.797759934851353,18.12130763971473,-18.746108798510853
20.820562034712694,18.13827276686091,-18.76606098670277
20.843366940721907,18.15523456827316,-18.786013075105146
20.866174652757724,18.172193043542222,-18.80596506361189
20.888985170698867,18.189148192258873,-18.825916952116906
20.911798494424037,18.2061000140139,-18.8458687405141
20.934614623811925,18.2230485083981,-18.865820428697376
20.957433558741204,18.2399936750023,-18.88577201656064
20.980255299090533,18.25693551341734,-18.905723503997798
21.003079844738554,18.273874023234075,-18.925674890902755
21.0259071955639,18.290809204043384,-18.94562617716942
21.04873735144518,18.30774105543616,-18.965577362691704
21.071570312260995,18.324669577003313,-18.98552844736351
21.094406077889932,18.34159476833577,-19.00547943107875
21.117244648210562,18.35851662902448,-19.025430313731338
21.14008602310144,18.3754351586604,-19.045381095215173
21.1629302024411,18.392350356834523,-19.065331775424177
21.185777186108073,18.40926222313784,-19.085282354252257
21.208626973980866,18.42617075716137,-19.105232831593323
21.231479565937974,18.443075958496145,-19.125183207341287
21.25433496185788,18.459977826733223,-19.145133481390065
21.277193161619042,18.476876361463667,-19.16508365363357
21.300054165099915,18.49377156227857,-19.185033723965713
21.322917972178935,18.51066342876904,-19.204983692280408
21.345784582734524,18.527551960526196,-19.224933558471573
21.368653996645083,18.54443715714118,-19.24488332243312
21.391526213789007,18.56131901820515,-19.264832984058973
21.414401234044668,18.578197543309287,-19.28478254324304
21.437279057290425,18.59507273204478,-19.30473199987924
21.46015968340463,18.611944584002845,-19.324681353861493
21.48304311226561,18.628813098774707,-19.344630605083715
21.505929343751685,18.64567827595162,-19.364579753439827
21.528818377741153,18.662540115124845,-19.384528798823748
21.5517102141123,18.679398615885667,-19.404477741129394
21.574604852743402,18.696253777825383,-19.42442658025069
21.59750229351271,18.713105600535314,-19.444375316081555
21.62040253629847,18.7299540836068,-19.46432394851591
21.643305580978904,18.74679922663119,-19.484272477447682
21.666211427432227,18.763641029199857,-19.50422090277079
21.689120075536636,18.78047949090419,-19.524169224379154
21.71203152517031,18.797314611335597,-19.544117442166705
21.73494577621142,18.814146390085504,-19.564065556027362
21.757862828538116,18.830974826745354,-19.58401356585505
21.780782682028537,18.847799920906606,-19.603961471543695
21.803705336560807,18.86462167216074,-19.623909272987223
21.826630792013027,18.881440080099253,-19.64385697007956
21.849559048263295,18.898255144313655,-19.663804562714635
21.872490105189687,18.91506686439548,-19.68375205078637
21.895423962670264,18.93187523993628,-19.7036994341887
21.91836062058308,18.948680270527618,-19.72364671281555
21.941300078806165,18.965481955761085,-19.743593886560856