
0.42611547453005627,0.682362012117421,0.8413401975202355
0.44621302974556626,0.6843404690486589,0.8213416225363463
0.4663109342547708,0.6870543886492176,0.801343043184929
0.4864092963541034,0.6905135574661104,0.7813444595723271
0.5065082257183454,0.6947270906437356,0.7613458718048841
0.5266078333036823,0.6997034452751232,0.7413472799889436
0.54670823126286,0.7054505729896453,0.7213486842308491
0.5668095328896884,0.7119761698155168,0.7013500846369443
0.5869118525814878,0.7192876723649345,0.6813514813135728
0.6070153058175294,0.7273924809937081,0.6613528743670783
0.6271200091488816,0.7362978930439011,0.6413542639038045
0.6472260801953492,0.746011266875657,0.6213556500300947
0.6673336376476987,0.756539930314309,0.6013570328522931
0.6874428012643189,0.7678911959090133,0.5813584124767432
0.7075536918659355,0.7800723189709238,0.5613597890097888
0.7276664313247616,0.7930904632407617,0.5413611625577734
0.7477811425447463,0.8069526131506275,0.5213625332270412
0.767897949432088,0.8216655280474845,0.5013639011239356
0.7880169768548987,0.8372356391961899,0.4813652663548006
0.8081383505956353,0.8536690535940546,0.46136662902598
0.8282621972971334,0.8709714624179797,0.44136798924381765
0.8483886444047463,0.8891481791713078,0.4213693471146573
0.8685178201034777,0.9082040328721871,0.40137070274484277
0.8886498483272663,0.9280758975031702,0.381372056240718
0.9087847886879387,0.9479448258040587,0.36137340770862697
0.928922641078426,0.9678108173501451,0.3413747572549134
0.9490634053916445,0.9876738717167378,0.32137610498592123
0.9692070815204942,1.0075339884791608,0.3013774510079944
0.9893536693578601,1.0273911672127536,0.2813787954274768
1.0095031687966116,1.0472454074928712,0.26138013835071233
1.029655579729603,1.0670967088948846,0.24138147988404496
1.0498109020496724,1.0869450709941801,0.22138282013381863
1.0699691356496432,1.1067904933661596,0.20138415920637728
1.0901302804223225,1.1266329755862412,0.18138549720806488
1.1102943362605024,1.146472517229858,0.16138683424522537
1.1304613030569597,1.166309117872459,0.1413881704242027
1.1506311807044551,1.1861427770895085,0.12138950585134085
1.1708039690957346,1.205973494456487,0.10139084063298379
1.190979668123528,1.2258012695488907,0.08139217487547548
1.21115827768055,1.2456261019422306,0.061393508685159914
1.2313397976595,1.265447991212034,0.04139484216838108
1.2515242279530614,1.2852669369338439,0.021396175431482953
1.2717115684539024,1.3050829386832186,0.0013975085808095103
1.291901819054676,1.3248959960357323,-0.01860115827729526
1.3120949796480192,1.3447061085669747,-0.038599825036487366
1.332291050126554,1.3645132758525513,-0.05859849159042284
1.3524900303828864,1.3843174974680834,-0.07859715783275768
1.3726919203096075,1.4041187729892075,-0.09859582365714792
1.3928967197992927,1.423917101991576,-0.11859448895724958
1.4131044287445018,1.4437124840508573,-0.1385931536267187
1.4333150470377791,1.4635049187427347,-0.15859181755921128
1.4535285745716537,1.483294405642908,-0.17859048064838337
1.4737450112386392,1.5030809443270925,-0.198589142787891
1.4939643569312333,1.5228645343710185,-0.21858780387139018
1.514186611541919,1.5426451753504329,-0.238586463792537
1.5344117749631627,1.5624228668410978,-0.2585851224449875
1.5546398470874165,1.5821976084187908,-0.27858377972239773
1.5748708278071166,1.6019693996593056,-0.2985824355184238
1.5951047170146835,1.6217382401384515,-0.3185810897267217
1.6153415146025225,1.6415041294320531,-0.3385797422409476
1.6355812204630233,1.6612670671159515,-0.3585783929547575
1.65582383448856,1.6810270527660027,-0.3785770417618076
1.6760693565714915,1.7007840859580787,-0.39857568855575404
1.6963177866041612,1.7205381662680672,-0.4185743332302528
1.7165691244788972,1.7402892932718717,-0.4385729756789601
1.7368233700880116,1.760037466545411,-0.4585716157955321
1.7570805233238014,1.7797826856646202,-0.47857025347362486
1.7773405840785481,1.7995249502054498,-0.49856888860689463
1.797603552244518,1.8192642597438662,-0.5185675210889976
1.8178694277139613,1.839000613855851,-0.5385661508135899
1.8381382103791135,1.8587340121174019,-0.5585647776743279
1.858409900132194,1.8784644541045323,-0.5785634015648676
1.8786844968654073,1.8981919393932714,-0.5985620223788655
1.8989620004709418,1.917916467559664,-0.6185606400099777
1.9192424108409707,1.9376380381797706,-0.6385592543518606
1.939525727867652,1.9573566508296676,-0.6585578652981703
1.9598119514431285,1.9770723050854468,-0.6785564727425633
1.9801010814595266,1.9967850005232162,-0.6985550765786958
2.0003931178089576,2.016494736719099,-0.7185536767002242
2.0206880603835184,2.0362015132492344,-0.738552273000805
2.040985909075289,2.0559053296897773,-0.7585508653740943
2.061286663776334,2.075606185616899,-0.7785494537137488
2.0815903243787037,2.095304080606785,-0.7985480379134248
2.101896890774432,2.1149990142356376,-0.8185466178667786
2.122206362855538,2.1346909860796752,-0.8385451934674669
2.1425187405140247,2.1543799957151313,-0.8585437646091462
2.1628340236418797,2.1740660427182554,-0.878542331185473
2.183152212131076,2.193749126665313,-0.8985408930901038
2.2034733058735703,2.2134292471325843,-0.9185394502166951
2.223797304761304,2.2331064036963664,-0.9385380024589037
2.2441242086862028,2.2527805959329714,-0.9585365497103862
2.264454017540178,2.2724518234187276,-0.978535091864799
2.284786731215124,2.2921200857299793,-0.9985336288157991
2.305122349602921,2.311785382443086,-1.018532160457043
2.3254608725954333,2.3314477131344233,-1.0385306866821875
2.3458023000845096,2.3511070773803824,-1.0585292073848893
2.3661466319619833,2.3707634747573705,-1.0785277224588052
2.3864938681196723,2.39041690484181,-1.0985262317975921
2.406844008449379,2.4100673672101403,-1.118524735294907
2.4271970528428906,2.429714861438815,-1.1385232328444064
2.447553001191978,2.449359387104305,-1.1585217243397476
2.4679118533883986,2.4690009437830955,-1.1785202096745873
2.488273609323892,2.488639531051689,-1.1985186887425825
2.5086382688901843,2.5082751484866024,-1.2185171614373904
2.529005831978985,2.5279077956643694,-1.2385156276526679
2.5493762984819885,2.547537472161539,-1.2585140872820721
2.569749668290873,2.567164177554676,-1.2785125402192603
2.5901259412973032,2.586787911420361,-1.2985109863578892
2.610505117392927,2.606408673335191,-1.3185094255916163
2.630887196469376,2.6260264628757786,-1.3385078578140988
2.6512721784182682,2.645641279618751,-1.358506282918994
2.6716600631312057,2.665253123140753,-1.3785047007999593
2.692050850499774,2.6848619930184436,-1.3985031113506519
2.712444540415545,2.704467888828499,-1.418501514464729
2.732841132770073,2.72407081014761,-1.4384999100358482
2.7532406274548986,2.7436707565524845,-1.458498297957667
2.7736430243615464,2.7632677276198447,-1.478496678123843
2.7940483233815256,2.78286172292643,-1.4984950504280332
2.8144565244063298,2.8024527420489944,-1.5184934147638958
2.8348676273274376,2.8220407845643094,-1.538491771025088
2.855281632036312,2.8416258500491605,-1.558490119105268
2.8756985384243996,2.86120793808035,-1.578488458898093
2.8961183463831333,2.8807870482346964,-1.598486790297221
2.916541055803929,2.900363180089033,-1.6184851131963098
2.936966666578188,2.9199363332202095,-1.6384834274890172
2.957395178597296,2.9395065072050914,-1.658481733069001
2.977826591752623,2.9590737016205604,-1.6784800298299192
2.998260905935525,2.978637916043513,-1.6984783176654297
3.0186981210373403,2.9981991500508625,-1.7184765964691906
3.039138236949394,3.0177574032195382,-1.7384748661348601
3.0595812535629934,3.0373126751264845,-1.7584731265560962
3.080027170769432,3.056864965348662,-1.7784713776265573
3.1004759884599884,3.0764142734630466,-1.7984696192399012
3.120927706525924,3.0959605990466312,-1.8184678512897865
3.141382324858486,3.115503941676424,-1.8384660736698715
3.161839843348906,3.1350443009294486,-1.8584642862738145
3.1823002618884,3.1545816763827457,-1.878462488995274
3.2027635803681687,3.17411606761337,-1.8984606817279082
3.2232297986793967,3.193647474198394,-1.918458864365376
3.2436989167132544,3.2131758957149046,-1.9384570368013359
3.2641709343608962,3.2327013317400053,-1.9584551989294463
3.284645851513461,3.252223781850815,-1.9784533506433664
3.305123668062072,3.271743245624469,-1.9984514918367544
3.3256043838978373,3.2912597226381184,-2.0184496224032697
3.34608799891185,3.31077321246893,-2.038447742236571
3.366574512995187,3.330283714694087,-2.0584458512303168
3.387063926038911,3.349791228890788,-2.0784439492781663
3.407556237934067,3.3692957546362465,-2.098442036273779
3.4280514485716873,3.388797291507694,-2.118440112110813
3.448549557842787,3.408295839082376,-2.1384381766829286
3.469050565638366,3.4277913969375553,-2.1584362298837845
3.48955447184941,3.4472839646505102,-2.1784342716070397
3.5100612763668875,3.466773541798534,-2.1984323017463536
3.530570979081753,3.486260127958937,-2.218430320195386
3.5510835798849447,3.505743722709045,-2.238428326847796
3.571599078667386,3.5252243256261995,-2.258426321597243
3.5921174753199843,3.5447019362877583,-2.2784243043373875
3.6126387697336324,3.564176554271095,-2.2984222749618883
3.6331629617992065,3.583648179153599,-2.3184202333644053
3.653690051407569,3.6031168105126756,-2.3384181794385985
3.6742200384495654,3.6225824479257462,-2.3584161130781274
3.6947529228160265,3.642045090970248,-2.378414034176652
3.715288704397768,3.6615047392236346,-2.3984119426278325
3.735827383085589,3.680961392263374,-2.4184098383253287
3.7563689587702744,3.700415049666952,-2.438407721162801
3.7769134313425936,3.719865711011869,-2.458405591033909
3.7974608006932997,3.7393133758756423,-2.4784034478323136
3.8180110667131313,3.758758043835804,-2.4984012914516747
3.838564229292811,3.778199714469904,-2.518399121785653
3.8591202883230467,3.797638387355506,-2.5383969387279093
3.8796792436945298,3.8170740620701906,-2.5583947421721036
3.9002410952979374,3.836506738191555,-2.5783925320118963
3.9208058430239308,3.8559364152972107,-2.5983903081409485
3.9413734867631556,3.875363092964787,-2.6183880704529208
3.9619440264062424,3.8947867707719284,-2.638385818841474
3.9825174618438064,3.914207448296294,-2.6583835532002693
4.003093792966447,3.9336251251155616,-2.6783812734229677
4.023673019664748,3.9530398008074226,-2.6983789794032296
4.044255141829279,3.9724514749495854,-2.7183766710347164
4.0648401593505925,3.991860147119774,-2.738374348211089
4.085428072119228,4.011265816895729,-2.75837201082601
4.106018880025708,4.030668483855205,-2.7783696587731392
4.126612582960539,4.050068147575976,-2.798367291946139
4.1472091808142135,4.069464807635828,-2.8183649102386705
4.167808673477207,4.088858463612568,-2.8383625135443955
4.188411060839982,4.108249115084013,-2.8583601017569755
4.209016342792983,4.127636761628001,-2.878357674770072
4.2296245192266415,4.147021402822383,-2.8983552324773476
4.250235590031371,4.166403038245027,-2.9183527747724636
4.270849555097572,4.185781667473815,-2.9383503015490824
4.291466414315627,4.205157290086651,-2.9583478127008656
4.312086167575907,4.2245299056614485,-2.9783453081214755
4.332708814768764,4.24389951377614,-2.9983427877045745
4.353334355784536,4.263266114008672,-3.018340251343825
4.373962790513547,4.282629705937008,-3.038337698932889
4.3945941188461015,4.30199028913913,-3.0583351303654296
4.415228340672495,4.321347863193033,-3.0783325455351087
4.435865455883001,4.340702427676728,-3.0983299443355894
4.456505464367882,4.360053982168244,-3.1183273266605345
4.477148366017382,4.3794025262456255,-3.138324692403607
4.4977941607217335,4.39874805948693,-3.158322041458469
4.51844284837115,4.418090581470235,-3.178319373718785
4.53909442885583,4.437430091773631,-3.198316689078217
4.55974890206596,4.456766589975228,-3.2183139874304283
4.580406267891706,4.476100075653149,-3.2383112686690825
4.601066526223224,4.495430548385534,-3.2583085326878423
4.621729676950651,4.5147580077505385,-3.278305779380372
4.642395719964109,4.534082453326334,-3.2983030086403344
4.663064655153706,4.55340388469111,-3.318300220361394
4.683736482409533,4.572722301423069,-3.338297414437214
4.704411201621667,4.5920377031004325,-3.3582945907614583
4.725088812680169,4.611350089301435,-3.378291749227791
4.745769315475084,4.63065945960433,-3.398288889729876
4.766452709896444,4.649965813587386,-3.4182860121613774
4.787138995834263,4.669269150828885,-3.4382831164159597
4.80782817317854,4.6885694709071295,-3.458280202387287
4.82852024181926,4.7078667734004345,-3.4782772699690243
4.849215201646391,4.727161057887133,-3.4982743190548353
4.8699130525498875,4.746452323945573,-3.518271349538385
4.890613794419687,4.76574057115412,-3.538268361313338
4.911317427145711,4.785025799091152,-3.558265354273359
4.93202395061787,4.804308007335069,-3.5782623283121135
4.952733364726052,4.823587195464281,-3.598259283323266
4.973445669360137,4.8428633630572175,-3.618256219200481
4.994160864409984,4.8621365096923235,-3.638253135837425
5.01487894976544,4.881406634948059,-3.6582500331277625
5.035599925316335,4.900673738402901,-3.6782469109651594
5.056323790952484,4.919937819635343,-3.698243769243281
5.077050546563687,4.939198878223894,-3.7182406078557926
5.097780192039727,4.958456913747078,-3.7382374266963607
5.118512727270375,4.977711925783438,-3.7582342256586507
5.1392481521453846,4.99696391391153,-3.7782310046363285
5.159986466554494,5.016212877709927,-3.79822776352306
5.180727670387425,5.0354588167572185,-3.818224502212512
5.201471763533885,5.054701730632011,-3.83822122059835
5.222218745883567,5.073941618912925,-3.858217918574241
5.242968617326148,5.093178481178598,-3.878214596033851
5.263721377751288,5.112412317007684,-3.8982112528708472
5.284477027048635,5.1316431259788535,-3.918207888978896
5.305235565107819,5.150870907670792,-3.938204504251664
5.325996991818455,5.170095661662201,-3.9582010985828178
5.3467613070701425,5.1893173875318,-3.9781976718660257
5.367528510752468,5.208536084858323,-3.9981942239949535
5.388298602754999,5.227751753220518,-4.018190754863269
5.4090715829672895,5.246964392197154,-4.03818726436464
5.429847451278879,5.266174001367013,-4.0581837523927335
5.4506262075792895,5.2853805803088925,-4.078180218841218
5.4714078517580305,5.304584128601608,-4.098176663603759
5.492192383704594,5.323784645823991,-4.118173086574027
5.512979803308456,5.342982131554887,-4.138169487645688
5.53377011045908,5.36217658537316,-4.15816586671241
5.55456330504591,5.381368006857691,-4.178162223667862
5.57535938695838,5.4005563955873725,-4.198158558405713
5.596158356085903,5.419741751141118,-4.218154870819631
5.616960212317881,5.438924073097854,-4.238151160803284
5.6377649555437,5.458103361036525,-4.25814742825034
5.658572585652728,5.477279614536089,-4.278143673054469
5.679383102534318,5.496452833175524,-4.2981398951093395
5.700196506077813,5.515623016533822,-4.31813609430862
5.721012796172533,5.5347901641899915,-4.338132270545981
5.741831972707788,5.553954275723055,-4.35812842371509
5.7626540355728695,5.573115350712055,-4.378124553709618
5.783478984657056,5.592273388736048,-4.398120660423235
5.80430681984961,5.611428389374107,-4.418116743749608
5.825137541039778,5.63058035220532,-4.438112803582408
5.845971148116791,5.649729276808793,-4.4581088398153055
5.866807640969866,5.668875162763648,-4.47810485234197
5.887647019488203,5.688018009649021,-4.498100841056072
5.908489283560989,5.707157817044067,-4.518096805851282
5.9293344330773925,5.726294584527954,-4.538092746621269
5.950182467926569,5.74542831167987,-4.558088663259704
5.971033387997658,5.764558998079016,-4.578084555660258
5.991887193179784,5.783686643304611,-4.598080423716602
6.012743883362055,5.802811246935889,-4.618076267322406
6.033603458433564,5.8219328085521,-4.638072086371343
6.054465918283391,5.8410513277325125,-4.658067880757082
6.075331262800597,5.8601668040564086,-4.678063650373296
6.096199491874231,5.879279237103087,-4.698059395113655
6.117070605393323,5.898388626451864,-4.718055114871831
6.137944603246891,5.917494971682071,-4.7380508095414955
6.158821485323936,5.936598272373057,-4.758046479016321
6.179701251513445,5.9556985281041825,-4.778042123189978
6.2005839017043884,5.974795738454831,-4.798037741956142
6.22146943578572,5.993889903004397,-4.818033335208481
6.242357853646382,6.012981021332293,-4.838028902840669
6.263249155175298,6.03206909301795,-4.85802444474638
6.2841433402613776,6.05115411764081,-4.878019960819285
6.305040408793514,6.070236094780337,-4.898015450953057
6.325940360660587,6.089315024016005,-4.91801091504137
6.346843195751459,6.108390904927311,-4.9380063529778955
6.36774891395498,6.127463737093762,-4.9580017646563075
6.388657515159981,6.146533520094884,-4.977997149970278
6.40956899925528,6.165600253510222,-4.997992508813483
6.430483366129678,6.184663936919332,-5.017987841079594
6.451400615671964,6.203724569901789,-5.037983146662286
6.472320747770907,6.222782152037184,-5.057978425455232
6.493243762315265,6.2418366829051255,-5.077973677352107
6.514169659193777,6.260888162085235,-5.097968902246584
6.53509843829517,6.279936589157152,-5.117964100032338
6.556030099508153,6.298981963700533,-5.137959270603043
6.57696464272142,6.31802428529505,-5.157954413852374
6.597902067823653,6.337063553520391,-5.177949529674006
6.618842374703514,6.356099767956261,-5.197944617961613
6.639785563249654,6.375132928182379,-5.217939678608871
6.660731633350704,6.394163033778483,-5.237934711509455
6.6816805848952825,6.413190084324326,-5.25792971655704
6.702632417771993,6.432214079399679,-5.277924693645302
6.723587131869424,6.451235018584325,-5.297919642667916
6.744544727076146,6.470252901458068,-5.317914563518558
6.765505203280717,6.4892677276007245,-5.3379094560909035
6.786468560371677,6.50827949659213,-5.357904320278629
6.807434798237554,6.527288208012135,-5.3778991559754115
6.828403916766859,6.546293861440606,-5.397893963074927
6.849375915848086,6.565296456457427,-5.417888741470851
6.870350795369716,6.584295992642497,-5.437883491056861
6.891328555220214,6.603292469575732,-5.4578782117266345
6.912309195288031,6.622285886837063,-5.477872903373847
6.933292715461598,6.64127624400644,-5.497867565892177
6.954279115629336,6.660263540663827,-5.517862199175301
6.97526839567965,6.679247776389204,-5.537856803116896
6.9962605555009265,6.698228950762568,-5.557851377610642
7.017255594981538,6.717207063363933,-5.577845922550214
7.038253514009845,6.736182113773329,-5.597840437829291
7.059254312474187,6.755154101570801,-5.617834923341551
7.0802579902628935,6.774123026336412,-5.6378293789806735
7.101264547264274,6.7930888876502395,-5.657823804640335
7.122273983366627,6.81205168509238,-5.677818200214215
7.143286298458233,6.831011418242943,-5.697812565595993
7.164301492427358,6.849968086682057,-5.717806900679346
7.185319565162252,6.868921689989864,-5.737801205357954
7.20634051655115,6.887872227746525,-5.757795479525496
7.227364346482274,6.9068196995322175,-5.777789723075653
7.248391054843826,6.925764104927133,-5.797783935902102
7.269420641523997,6.944705443511479,-5.817778117898524
7.29045310641096,6.963643714865483,-5.8377722689586
7.311488449392876,6.982578918569385,-5.857766388976007
7.332526670357886,7.001511054203443,-5.8777604778444275
7.35356776919412,7.020440121347932,-5.897754535457542
7.3746117457896885,7.039366119583143,-5.91774856170903
7.395658600032691,7.05828904848938,-5.937742556492572
7.416708331811209,7.077208907646969,-5.95773651970185
7.437760941013309,7.096125696636248,-5.977730451230545
7.458816427527043,7.115039415037573,-5.997724350972337
7.479874791240448,7.133950062431316,-6.017718218820908
7.500936032041544,7.152857638397865,-6.03771205466994
7.5220001498183375,7.1717621425176254,-6.057705858413113
7.543067144458818,7.190663574371018,-6.077699629944111
7.564137015850961,7.20956193353848,-6.097693369156614
7.585209763882727,7.2284572196004655,-6.117687075944307
7.6062853884420605,7.247349432137445,-6.13768075020087
7.62736388941689,7.266238570729904,-6.157674391819986
7.648445266695131,7.285124634958345,-6.177668000695339
7.669529520164679,7.3040076244032885,-6.19766157672061
7.69061664971342,7.322887538645269,-6.217655119789483
7.711706655229222,7.341764377264839,-6.237648629795642
7.732799536599937,7.360638139842567,-6.25764210663277
7.753895293713402,7.379508825959036,-6.27763555019455
7.77499392645744,7.398376435194848,-6.297628960374667
7.796095434719857,7.41724096713062,-6.317622337066804
7.8171998183884455,7.436102421346985,-6.337615680164644
7.838307077350981,7.454960797424594,-6.357608989561873
7.859417211495225,7.473816094944112,-6.377602265152175
7.880530220708924,7.492668313486223,-6.397595506829235
7.9016461048798075,7.511517452631626,-6.417588714486738
7.922764863895591,7.530363511961037,-6.437581888018369
7.943886497643974,7.549206491055186,-6.457575027317812
7.965011006012641,7.568046389494822,-6.477568132278754
7.986138388889261,7.586883206860711,-6.49756120279488
8.007268646161489,7.605716942733632,-6.5175542387598755
8.028401777716963,7.624547596694383,-6.537547240067427
8.04953778344331,7.643375168323779,-6.557540206611221
8.07067666322813,7.662199657202648,-6.577533138284942
8.091818416959025,7.681021062911839,-6.597526034982278
8.112963044523568,7.699839385032213,-6.617518896596915
8.134110545809321,7.7186546231446505,-6.637511723022541
8.155260920703832,7.737466776830047,-6.6575045141528415
8.176414169094631,7.756275845669314,-6.6774972698815045
8.197570290869237,7.77508182924338,-6.697489990102217
8.218729285915149,7.793884727133191,-6.717482674708668
8.239891154119855,7.812684538919708,-6.737475323594545
8.261055895370824,7.831481264183908,-6.757467936653535
8.28222350955551,7.8502749025067855,-6.777460513779327
8.30339399656136,7.869065453469352,-6.797453054865609
8.324567356275791,7.887852916652633,-6.817445559806069
8.345743588586217,7.906637291637674,-6.837438028494398
8.366922693380028,7.925418578005534,-6.857430460824282
8.388104670544607,7.944196775337288,-6.877422856689412
8.409289519967317,7.96297188321403,-6.897415215983477
8.430477241535506,7.981743901216869,-6.917407538600167
8.451667835136506,8.00051282892693,-6.937399824433171
8.472861300657636,8.019278665925354,-6.9573920733761785
8.494057637986199,8.038041411793303,-6.977384285322881
8.51525684700948,8.056801066111948,-6.997376460166968
8.536458927614754,8.075557628462482,-7.01736859780213
8.557663879689278,8.094311098426113,-7.0373606981220584
8.57887170312029,8.113061475584066,-7.057352761020444
8.60008239779502,8.13180875951758,-7.077344786390977
8.621295963600677,8.150552949807913,-7.09733677412735
8.642512400424456,8.169294046036338,-7.117328724123254
8.66373170815354,8.188032047784146,-7.137320636272381
8.68495388667509,8.206766954632643,-7.157312510468422
8.706178935876261,8.22549876616315,-7.17730434660507
8.727406855644185,8.24422748195701,-7.1972961445760175
8.748637645865982,8.262953101595576,-7.217287904274956
8.769871306428756,8.28167562466022,-7.237279625595579
8.791107837219595,8.300395050732332,-7.25727130843158
8.812347238125575,8.319111379393316,-7.277262952676651
8.833589509033752,8.337824610224596,-7.297254558224486
8.854834649831169,8.356534742807609,-7.317246124968778
8.876082660404855,8.37524177672381,-7.337237652803222
8.897333540641823,8.393945711554668,-7.35722914162151
8.918587290429068,8.412646546881673,-7.3772205913173385
8.939843909653574,8.431344282286329,-7.3972120017844
8.961103398202308,8.450038917350156,-7.41720337291639
8.982365755962219,8.468730451654691,-7.437194704607003
9.003630982820246,8.487418884781487,-7.457185996749934
9.02489907866331,8.506104216312114,-7.477177249238879
9.046170043378314,8.52478644582816,-7.497168461967531
9.067443876852153,8.543465572911229,-7.517159634829589
9.088720578971698,8.562141597142936,-7.537150767718748
9.11000014962381,8.580814518104923,-7.557141860528702
9.131282588695335,8.599484335378836,-7.57713291315315
9.152567896073103,8.618151048546348,-7.5971239254857865
9.173856071643925,8.636814657189145,-7.617114897420309
9.195147115294604,8.655475160888928,-7.637105828850414
9.216441026911921,8.674132559227413,-7.657096719669799
9.237737806382645,8.69278685178634,-7.677087569772162
9.259037453593532,8.711438038147456,-7.6970783790512005
9.280339968431315,8.730086117892531,-7.717069147400611
9.30164535078272,8.74873109060335,-7.737059874714093
9.322953600534454,8.767372955861715,-7.757050560885343
9.344264717573209,8.786011713249442,-7.777041205808061
9.365578701785662,8.804647362348366,-7.797031809375945
9.386895553058473,8.823279902740335,-7.817022371482695
9.408215271278292,8.84190933400722,-7.837012892022009
9.429537856331748,8.860535655730905,-7.857003370887585
9.450863308105458,8.879158867493286,-7.876993807973125
9.472191626486023,8.897778968876285,-7.8969842031723285
9.493522811360027,8.916395959461832,-7.916974556378895
9.51485686261404,8.93500983883188,-7.936964867486523
9.53619378013462,8.953620606568391,-7.956955136388916
9.557533563808306,8.972228262253351,-7.976945362979772
9.57887621352162,8.99083280546876,-7.996935547152793
9.600221729161072,9.009434235796633,-8.016925688801681
9.621570110613158,9.028032552819,-8.036915787820135
9.642921357764354,9.046627756117916,-8.056905844101859
9.664275470501126,9.065219845275443,-8.076895857540555
9.68563244870992,9.083808819873665,-8.096885828029922
9.706992292277175,9.10239467949468,-8.116875755463667
9.728355001089302,9.120977423720602,-8.136865639735488
9.749720575032706,9.139557052133565,-8.15685548073909
9.771089013993775,9.158133564315717,-8.176845278368175
9.79246031785888,9.176706959849223,-8.196835032516447
9.81383448651438,9.195277238316267,-8.216824743077607
9.835211519846617,9.213844399299045,-8.236814409945362
9.856591417741914,9.232408442379773,-8.256804033013415
9.877974180086584,9.250969367140682,-8.276793612175467
9.899359806766924,9.26952717316402,-8.296783147325227
9.920748297669215,9.288081860032051,-8.316772638356397
9.942139652679721,9.306633427327057,-8.336762085162682
9.963533871684692,9.325181874631335,-8.356751487637789
9.984930954570364,9.3437272015272,-8.376740845675421
10.006330901222958,9.362269407596983,-8.396730159169284
10.027733711528677,9.380808492423032,-8.416719428013083
10.049139385373712,9.39934445558771,-8.436708652100526
10.070547922644234,9.417877296673401,-8.456697831325318
10.091959323226405,9.4364070152625,-8.476686965581166
10.113373587006368,9.45493361093742,-8.496676054761775
10.134790713870252,9.473457083280595,-8.516665098760853
10.156210703704168,9.491977431874467,-8.536654097472109
10.177633556394218,9.510494656301505,-8.55664305078925
10.19905927182648,9.529008756144187,-8.576631958605981
10.220487849887025,9.547519730985009,-8.596620820816012
10.241919290461905,9.566027580406487,-8.61660963731305
10.263353593437156,9.58453230399115,-8.636598407990805
10.2847907586988,9.603033901321545,-8.656587132742983
10.306230786132845,9.621532371980237,-8.676575811463294
10.327673675625283,9.640027715549804,-8.696564444045448
10.349119427062087,9.658519931612844,-8.716553030383155
10.370568040329221,9.677009019751969,-8.736541570370123
10.392019515312631,9.69549497954981,-8.756530063900064
10.413473851898246,9.713977810589016,-8.776518510866685
10.434931049971981,9.732457512452246,-8.796506911163698
10.456391109419737,9.750934084722182,-8.816495264684814
10.477854030127402,9.769407526981523,-8.836483571323743
10.499319811980842,9.787877838812978,-8.856471830974197
10.520788454865912,9.80634501979928,-8.876460043529887
10.542259958668453,9.824809069523177,-8.896448208884523
10.563734323274286,9.843269987567426,-8.91643632693182
10.585211548569223,9.861727773514813,-8.936424397565487
10.606691634439057,9.880182426948132,-8.95641242067924
10.628174580769565,9.898633947450195,-8.976400396166788
10.649660387446513,9.917082334603833,-8.996388323921845
10.671149054355645,9.935527587991894,-9.016376203838126
10.692640581382697,9.953969707197238,-9.036364035809342
10.714134968413388,9.97240869180275,-9.056351819729207
10.735632215333418,9.990844541391322,-9.076339555491435
10.757132322028474,10.009277255545868,-9.09632724298974
10.778635288384228,10.027706833849319,-9.11631488211784
10.800141114286337,10.04613327588462,-9.136302472769444
10.821649799620443,10.064556581234733,-9.15629001483827
10.843161344272174,10.08297674948264,-9.176277508218032
10.864675748127139,10.101393780211337,-9.196264952802446
10.886193011070935,10.119807673003839,-9.216252348485229
10.907713132989143,10.138218427443173,-9.236239695160094
10.929236113767328,10.156626043112386,-9.25622699272076
10.95076195329104,10.175030519594543,-9.276214241060941
10.972290651445816,10.193431856472724,-9.296201440074357
10.993822208117173,10.211830053330026,-9.316188589654722
11.01535662319062,10.23022510974956,-9.336175689695756
11.036893896551643,10.248617025314458,-9.356162740091174
11.058434028085717,10.267005799607865,-9.376149740734693
11.079977017678303,10.285391432212947,-9.396136691520034
11.101522865214843,10.303773922712882,-9.416123592340915
11.123071570580766,10.322153270690869,-9.436110443091053
11.144623133661486,10.34052947573012,-9.456097243664168
11.166177554342402,10.358902537413865,-9.476083993953978
11.187734832508898,10.377272455325352,-9.496070693854202
11.209294968046338,10.395639229047845,-9.516057343258561
11.23085796084008,10.414002858164622,-9.536043942060775
11.25242381077546,10.432363342258984,-9.556030490154566
11.273992517737797,10.450720680914243,-9.57601698743365
11.295564081612403,10.46907487371373,-9.59600343379175
11.317138502284566,10.487425920240792,-9.615989829122588
11.338715779639566,10.505773820078792,-9.635976173319882
11.360295913562663,10.524118572811114,-9.655962466277357
11.381878903939104,10.542460178021152,-9.675948707888734
11.40346475065412,10.560798635292324,-9.695934898047735
11.425053453592927,10.579133944208058,-9.715921036648082
11.446645012640726,10.597466104351803,-9.735907123583496
11.468239427682704,10.615795115307023,-9.755893158747703
11.48983669860403,10.6341209766572,-9.775879142034423
11.511436825289861,10.652443687985832,-9.795865073337383
11.533039807625336,10.670763248876431,-9.815850952550305
11.55464564549558,10.689079658912533,-9.835836779566913
11.576254338785702,10.707392917677684,-9.85582255428093
11.597865887380797,10.725703024755449,-9.875808276586081
11.619480291165946,10.74400997972941,-9.895793946376093
11.641097550026211,10.762313782183167,-9.91577956354469
11.662717663846642,10.780614431700334,-9.935765127985597
11.684340632512274,10.798911927864543,-9.955750639592539
11.705966455908124,10.817206270259442,-9.975736098259244
11.727595133919197,10.835497458468698,-9.995721503879437
11.74922666643048,10.853785492075993,-10.015706856346846
11.770861053326948,10.872070370665027,-10.035692155555195
11.792498294493557,10.890352093819514,-10.055677401398212
11.814138389815252,10.908630661123189,-10.075662593769627
11.835781339176958,10.926906072159799,-10.095647732563164
11.857427142463589,10.945178326513112,-10.115632817672552
11.879075799560042,10.963447423766912,-10.13561784899152
11.900727310351199,10.981713363504996,-10.155602826413796
11.922381674721926,10.999976145311182,-10.17558774983311
11.944038892557076,11.018235768769305,-10.19557261914319
11.965698963741486,11.036492233463212,-10.215557434237766
11.987361888159977,11.054745538976773,-10.235542195010567
12.009027665697355,11.072995684893872,-10.255526901355323
12.03069629623841,11.091242670798408,-10.275511553165764
12.052367779667918,11.1094864962743,-10.295496150335621
12.074042115870641,11.127727160905481,-10.315480692758626
12.095719304731325,11.145964664275903,-10.335465180328509
12.1173993461347,11.164199005969534,-10.355449612939001
12.13908223996548,11.182430185570357,-10.375433990483835
12.160767986108366,11.200658202662375,-10.39541831285674
12.182456584448044,11.218883056829606,-10.415402579951452
12.204148034869181,11.237104747656083,-10.435386791661701
12.225842337256434,11.25532327472586,-10.455370947881223
12.247539491494441,11.273538637623007,-10.475355048503747
12.269239497467828,11.291750835931607,-10.49533909342301
12.290942355061201,11.309959869235763,-10.515323082532742
12.312648064159156,11.328165737119596,-10.53530701572668
12.33435662464627,11.346368439167243,-10.555290892898558
12.356068036407109,11.364567974962853,-10.575274713942111
12.377782299326219,11.382764344090598,-10.595258478751074
12.399499413288137,11.400957546134665,-10.615242187219181
12.421219378177376,11.419147580679256,-10.635225839240167
12.442942193878443,11.437334447308594,-10.65520943470777
12.464667860275824,11.455518145606913,-10.675192973515726
12.486396377253993,11.473698675158467,-10.69517645555777
12.508127744697406,11.491876035547529,-10.715159880727638
12.529861962490505,11.510050226358388,-10.735143248919071
12.551599030517718,11.528221247175344,-10.755126560025802
12.573338948663455,11.546389097582722,-10.775109813941572
12.595081716812116,11.564553777164859,-10.795093010560118
12.61682733484808,11.58271528550611,-10.815076149775177
12.638575802655717,11.600873622190846,-10.835059231480487
12.660327120119375,11.61902878680346,-10.85504225556979
12.682081287123392,11.637180778928352,-10.875025221936822
12.703838303552088,11.655329598149947,-10.895008130475324
12.725598169289768,11.673475244052687,-10.914990981079036
12.747360884220724,11.691617716221025,-10.9349737736417
12.769126448229233,11.709757014239434,-10.954956508057052
12.790894861199552,11.727893137692407,-10.974939184218835
12.81266612301593,11.746026086164449,-10.99492180202079
12.834440233562594,11.764155859240084,-11.01490436135666
12.856217192723761,11.782282456503854,-11.034886862120185
12.877997000383631,11.800405877540314,-11.054869304205107
12.899779656426388,11.81852612193404,-11.074851687505168
12.9215651607362,11.836643189269624,-11.094834011914111
12.943353513197223,11.854757079131675,-11.114816277325678
12.965144713693597,11.872867791104817,-11.134798483633615
12.986938762109446,11.890975324773692,-11.154780630731663
13.00873565832888,11.909079679722959,-11.174762718513566
13.030535402235989,11.927180855537294,-11.19474474687307
13.052337993714854,11.945278851801389,-11.214726715703916
13.074143432649539,11.963373668099955,-11.234708624899854
13.095951718924091,11.981465304017718,-11.254690474354625
13.117762852422544,11.999553759139422,-11.274672263961975
13.139576833028917,12.017639033049827,-11.294653993615649
13.161393660627212,12.03572112533371,-11.314635663209396
13.183213335101417,12.053800035575867,-11.33461727263696
13.205035856335506,12.071875763361108,-11.35459882179209
13.226861224213433,12.089948308274261,-11.37458031056853
13.248689438619143,12.108017669900171,-11.39456173886003
13.270520499436564,12.1260838478237,-11.414543106560338
13.292354406549608,12.144146841629727,-11.4345244135632
13.31419115984217,12.162206650903148,-11.454505659762365
13.336030759198135,12.180263275228874,-11.474486845051581
13.357873204501367,12.198316714191838,-11.494467969324598
13.379718495635718,12.216366967376985,-11.514449032475165
13.401566632485025,12.23441403436928,-11.534430034397031
13.42341761493311,12.252457914753702,-11.554410974983947
13.445271442863776,12.270498608115249,-11.574391854129662
13.467128116160819,12.288536114038934,-11.594372671727928
13.488987634708012,12.306570432109789,-11.614353427672494
13.510849998389116,12.324601561912862,-11.634334121857112
13.532715207087877,12.342629503033221,-11.654314754175534
13.554583260688027,12.360654255055945,-11.674295324521513
13.57645415907328,12.378675817566135,-11.6942758327888
13.598327902127338,12.396694190148908,-11.714256278871149
13.620204489733883,12.414709372389394,-11.73423666266231
13.642083921776587,12.432721363872746,-11.75421698405604
13.663966198139105,12.45073016418413,-11.774197242946089
13.685851318705076,12.468735772908728,-11.794177439226212
13.707739283358126,12.486738189631744,-11.814157572790165
13.729630091981864,12.504737413938395,-11.834137643531701
13.751523744459885,12.522733445413916,-11.854117651344575
13.773420240675765,12.54072628364356,-11.874097596122544
13.795319580513072,12.558715928212594,-11.89407747775936
13.817221763855354,12.576702378706303,-11.914057296148783
13.839126790586144,12.594685634709991,-11.934037051184568
13.861034660588965,12.612665695808982,-11.954016742760468
13.882945373747315,12.630642561588607,-11.973996370770243
13.904858929944686,12.648616231634222,-11.99397593510765
13.92677532906455,12.666586705531197,-12.013955435666448
13.948694570990368,12.684553982864921,-12.033934872340392
13.97061665560558,12.702518063220799,-12.053914245023241
13.992541582793615,12.720478946184251,-12.073893553608755
14.014469352437887,12.738436631340718,-12.093872797990691
14.036399964421792,12.756391118275657,-12.113851978062812
14.058333418628715,12.774342406574537,-12.133831093718873
14.080269714942023,12.792290495822849,-12.153810144852638
14.102208853245068,12.8102353856061,-12.173789131357866
14.124150833421188,12.828177075509815,-12.193768053128316
14.146095655353705,12.846115565119534,-12.21374691005775
14.168043318925925,12.864050854020816,-12.23372570203993
14.189993824021142,12.881982941799235,-12.253704428968618
14.211947170522635,12.899911828040382,-12.273683090737574
14.233903358313661,12.917837512329868,-12.293661687240562
14.25586238727747,12.935759994253317,-12.313640218371345
14.277824257297292,12.953679273396373,-12.333618684023685
14.299788968256344,12.971595349344696,-12.353597084091346
14.321756520037829,12.989508221683963,-12.373575418468093
14.343726912524932,13.007417889999868,-12.393553687047689
14.365700145600826,13.025324353878123,-12.413531889723897
14.387676219148664,13.043227612904454,-12.433510026390485
14.40965513305159,13.061127666664609,-12.453488096941214
14.43163688719273,13.079024514744349,-12.473466101269853
14.45362148145519,13.096918156729451,-12.493444039270166
14.47560891572207,13.114808592205716,-12.513421910835921
14.49759918987645,13.132695820758954,-12.533399715860885
14.519592303801396,13.150579841974997,-12.55337745423882
14.541588257379958,13.168460655439693,-12.5733551258635
14.56358705049517,13.186338260738907,-12.593332730628688
14.585588683030057,13.204212657458518,-12.613310268428155
14.607593154867619,13.222083845184425,-12.633287739155666
14.629600465890848,13.239951823502546,-12.653265142704992
14.651610615982719,13.257816591998813,-12.673242478969902
14.67362360502619,13.275678150259175,-12.693219747844166
14.695639432904208,13.2935364978696,-12.713196949221553
14.717658099499701,13.311391634416072,-12.733174082995832
14.739679604695585,13.329243559484592,-12.753151149060775
14.761703948374759,13.347092272661179,-12.773128147310153
14.783731130420108,13.364937773531867,-12.793105077637739
14.805761150714499,13.382780061682709,-12.8130819399373
14.827794009140787,13.400619136699772,-12.833058734102611
14.849829705581813,13.418454998169148,-12.853035460027444
14.8718682399204,13.436287645676936,-12.87301211760557
14.893909612039357,13.454117078809258,-12.892988706730765
14.915953821821477,13.47194329715225,-12.9129652272968
14.938000869149539,13.489766300292072,-12.93294167919745
14.960050753906307,13.507586087814891,-12.952918062326487
14.98210347597453,13.525402659306899,-12.97289437657769
15.00415903523694,13.5432160143543,-12.99287062184483
15.026217431576256,13.56102615254332,-13.012846798021682
15.048278664875182,13.578833073460197,-13.032822905002025
15.070342735016407,13.59663677669119,-13.052798942679631
15.092409641882602,13.614437261822571,-13.07277491094828
15.114479385356427,13.632234528440636,-13.092750809701746
15.136551965320523,13.65002857613169,-13.112726638833808
15.158627381657519,13.667819404482064,-13.132702398238242
15.180705634250028,13.685607013078094,-13.152678087808827
15.202786722980647,13.703391401506146,-13.172653707439341
15.22487064773196,13.721172569352595,-13.192629257023563
15.246957408386532,13.738950516203834,-13.21260473645527
15.269047004826916,13.756725241646278,-13.232580145628244
15.291139436935651,13.774496745266353,-13.252555484436263
15.313234704595258,13.792265026650508,-13.272530752773106
15.335332807688246,13.810030085385204,-13.292505950532554
15.357433746097104,13.827791921056921,-13.312481077608389
15.379537519704314,13.845550533252155,-13.332456133894391
15.401644128392334,13.863305921557423,-13.352431119284342
15.423753572043612,13.881058085559253,-13.372406033672025
15.44586585054058,13.898807024844197,-13.392380876951222
15.467980963765655,13.91655273899882,-13.412355649015716
15.490098911601237,13.934295227609706,-13.432330349759289
15.512219693929715,13.952034490263454,-13.452304979075723
15.534343310633458,13.969770526546679,-13.472279536858805
15.556469761594824,13.98750333604602,-13.492254023002317
15.578599046696155,14.005232918348126,-13.512228437400045
15.600731165819777,14.022959273039664,-13.532202779945774
15.622866118848,14.040682399707324,-13.552177050533286
15.645003905663122,14.058402297937807,-13.572151249056372
15.667144526147423,14.076118967317834,-13.592125375408814
15.68928798018317,14.093832407434142,-13.612099429484402
15.711434267652614,14.111542617873484,-13.63207341117692
15.73358338843799,14.129249598222634,-13.652047320380156
15.755735342421518,14.14695334806838,-13.672021156987897
15.777890129485405,14.16465386699753,-13.691994920893935
15.800047749511842,14.182351154596903,-13.711968611992054
15.822208202383004,14.200045210453343,-13.731942230176044
15.844371487981054,14.217736034153708,-13.751915775339693
15.866537606188135,14.23542362528487,-13.771889247376794
15.888706556886378,14.253107983433724,-13.791862646181135
15.910878339957897,14.270789108187177,-13.811835971646506
15.933052955284795,14.288466999132156,-13.8318092236667
15.955230402749157,14.306141655855606,-13.851782402135504
15.97741068223305,14.32381307794449,-13.871755506946712
15.999593793618532,14.341481264985779,-13.891728537994117
16.021779736787643,14.359146216566474,-13.911701495171512
16.04396851162241,14.376807932273586,-13.931674378372685
16.066160118004838,14.394466411694143,-13.951647187491433
16.088354555816924,14.412121654415195,-13.97161992242155
16.110551824940647,14.429773660023805,-13.991592583056827
16.132751925257978,14.447422428107052,-14.011565169291059
16.15495485665086,14.465067958252035,-14.031537681018042
16.17716061900123,14.482710250045873,-14.05151011813157
16.19936921219101,14.500349303075696,-14.071482480525441
16.221580636102097,14.517985116928655,-14.091454768093449
16.24379489061639,14.535617691191918,-14.111426980729389
16.266011975615754,14.55324702545267,-14.131399118327058
16.288231890982058,14.570873119298112,-14.151371180780256
16.31045463659714,14.588495972315462,-14.171343167982778
16.33268021234283,14.606115584091958,-14.191315079828422
16.354908618100943,14.623731954214852,-14.211286916210987
16.37713985375328,14.641345082271416,-14.231258677024272
16.399373919181627,14.658954967848938,-14.251230362162076
16.42161081426775,14.676561610534723,-14.271201971518197
16.4438505388934,14.694165009916093,-14.291173504986435
16.466093092940323,14.711765165580388,-14.311144962460594
16.488338476290238,14.729362077114965,-14.331116343834468
16.510586688824855,14.7469557441072,-14.351087649001864
16.532837730425868,14.764546166144482,-14.37105887785658
16.555091600974958,14.782133342814221,-14.39103003029242
16.577348300353787,14.799717273703843,-14.411001106203186
16.599607828444004,14.81729795840079,-14.430972105482681
16.621870185127243,14.834875396492524,-14.450943028024707
16.64413537028512,14.852449587566522,-14.470913873723068
16.666403383799242,14.87002053121028,-14.490884642471569
16.688674225551196,14.88758822701131,-14.510855334164013
16.71094789542256,14.905152674557142,-14.530825948694206
16.73322439329489,14.922713873435322,-14.550796485955951
16.755503719049727,14.940271823233415,-14.570766945843056
16.7777858725686,14.957826523539001,-14.590737328249327
16.800070853733022,14.975377973939679,-14.61070763306857
16.82235866242449,14.992926174023067,-14.63067786019459
16.844649298524494,15.010471123376796,-14.650648009521195
16.866942761914498,15.028012821588518,-14.670618080942193
16.889239052475954,15.045551268245902,-14.690588074351393
16.911538170090303,15.06308646293663,-14.710557989642602
16.933840114638972,15.080618405248407,-14.730527826709631
16.95614488600336,15.098147094768951,-14.750497585446288
16.97845248406487,15.115672531085998,-14.770467265746381
17.000762908704875,15.133194713787306,-14.790436867503724
17.023076159804734,15.150713642460644,-14.810406390612124
17.0453922372458,15.168229316693804,-14.830375834965395
17.067711140909406,15.185741736074588,-14.850345200457346
17.090032870676872,15.203250900190822,-14.870314486981789
17.112357426429494,15.220756808630346,-14.890283694432537
17.134684808048565,15.238259460981018,-14.910252822703402
17.157015015415357,15.255758856830715,-14.930221871688198
17.17934804841113,15.273254995767328,-14.950190841280738
17.201683906917122,15.290747877378768,-14.970159731374839
17.224022590814563,15.308237501252963,-14.99012854186431
17.24636409998467,15.325723866977857,-15.01009727264297
17.268708434308635,15.343206974141411,-15.030065923604631
17.291055593667647,15.360686822331607,-15.05003449464311
17.313405577942866,15.37816341113644,-15.070002985652224
17.33575838701545,15.395636740143924,-15.089971396525788
17.358114020766536,15.413106808942093,-15.10993972715762
17.38047247907725,15.430573617118993,-15.129907977441537
17.402833761828692,15.44803716426269,-15.149876147271357
17.42519786890196,15.46549744996127,-15.169844236540897
17.44756480017813,15.48295447380283,-15.189812245143976
17.46993455553827,15.50040823537549,-15.209780172974416
17.49230713486342,15.517858734267385,-15.229748019926031
17.514682538034613,15.535305970066668,-15.249715785892645
17.537060764932868,15.55274994236151,-15.269683470768078
17.55944181543919,15.570190650740098,-15.289651074446148
17.581825689434563,15.587628094790638,-15.309618596820679
17.604212386799965,15.60506227410135,-15.329586037785493
17.626601907416347,15.622493188260476,-15.34955339723441
17.648994251164655,15.639920836856271,-15.369520675061251
17.67138941792582,15.65734521947701,-15.389487871159844
17.693787407580746,15.674766335710986,-15.40945498542401
17.716188220010338,15.692184185146507,-15.429422017747571
17.738591855095475,15.709598767371897,-15.449388968024353
17.760998312717025,15.727010081975504,-15.46935583614818
17.78340759275584,15.744418128545686,-15.489322622012878
17.805819695092758,15.761822906670822,-15.509289325512272
17.828234619608605,15.77922441593931,-15.529255946540188
17.850652366184182,15.796622655939563,-15.549222484990452
17.873072934700286,15.81401762626001,-15.56918894075689
17.89549632503769,15.8314093264891,-15.58915531373333
17.91792253707716,15.848797756215298,-15.609121603813602
17.94035157069944,15.866182915027087,-15.629087810891534
17.96278342578527,15.883564802512968,-15.649053934860952
17.985218102215356,15.900943418261457,-15.669019975615686
18.00765559987041,15.91831876186109,-15.688985933049565
18.030095918631115,15.935690832900422,-15.70895180705642
18.052539058378148,15.953059630968019,-15.728917597530081
18.074985018992162,15.97042515565247,-15.748883304364378
18.0974338003538,15.987787406542378,-15.768848927453144
18.11988540234369,16.005146383226368,-15.78881446669021
18.142339824842445,16.022502085293077,-15.808779921969409
18.16479706773066,16.039854512331164,-15.828745293184571
18.18725713088892,16.057203663929304,-15.848710580229532
18.209720014197792,16.074549539676184,-15.868675782998125
18.232185717537828,16.091892139160517,-15.888640901384182
18.254654240789566,16.109231461971028,-15.908605935281539
18.277125583833527,16.126567507696464,-15.92857088458403
18.299599746550218,16.143900275925585,-15.94853574918549
18.322076728820132,16.161229766247168,-15.968500528979757
18.344556530523747,16.178555978250007,-15.988465223860665
18.367039151541523,16.19587891152292,-16.00842983372205
18.38952459175391,16.21319856565474,-16.028394358457753
18.412012851041343,16.230514940234308,-16.04835879796161
18.434503929284237,16.247828034850496,-16.068323152127455
18.456997826362993,16.265137849092188,-16.08828742084913
18.479494542158,16.28244438254828,-16.108251604020477
18.501994076549632,16.299747634807698,-16.12821570153533
18.524496429418246,16.317047605459372,-16.14817971328753
18.547001600644183,16.334344294092258,-16.168143639170914
18.569509590107767,16.351637700295324,-16.18810747907933
18.592020397689318,16.36892782365756,-16.20807123290662
18.61453402326913,16.386214663767973,-16.228034900546614
18.637050466727484,16.40349822021558,-16.24799848189317
18.65956972794465,16.42077849258943,-16.267961976840116
18.68209180680088,16.438055480478575,-16.287925385281305
18.704616703176413,16.455329183472088,-16.307888707110575
18.727144416951468,16.47259960115907,-16.327851942221773
18.749674948006255,16.48986673312863,-16.347815090508742
18.772208296220967,16.50713057896989,-16.367778151865327
18.79474446147578,16.524391138271998,-16.387741126185375
18.817283443650858,16.541648410624116,-16.40770401336273
18.83982524262635,16.55890239561543,-16.427666813291236
18.86236985828239,16.576153092835135,-16.447629525864745
18.88491729049909,16.59340050187244,-16.4675921509771
18.907467539156556,16.61064462231659,-16.487554688522152
18.930020604134878,16.62788545375682,-16.507517138393748
18.952576485314125,16.64512299578241,-16.527479500485736
18.975135182574355,16.662357247982637,-16.547441774691965
18.997696695795614,16.67958820994681,-16.567403960906283
19.020261024857927,16.69681588126425,-16.587366059022543
19.04282816964131,16.71404026152429,-16.607328068934592
19.06539813002576,16.731261350316284,-16.627289990536283
19.087970905891257,16.74847914722961,-16.64725182372147
19.110546497117774,16.765693651853656,-16.667213568384
19.133124903585262,16.78290486377783,-16.68717522441773
19.15570612517366,16.800112782591555,-16.707136791716508
19.178290161762884,16.817317407884275,-16.727098270174192
19.200877013232855,16.83451873924545,-16.74705965968463
19.223466679463456,16.85171677626456,-16.767020960141682
19.246059160334568,16.8689115185311,-16.786982171439202
19.268654455726058,16.886102965634578,-16.806943293471043
19.29125256551777,16.903291117164528,-16.826904326131064
19.313853489589537,16.920475972710502,-16.846865269313113
19.33645722782118,16.937657531862058,-16.866826122911053
19.3590637800925,16.954835794208783,-16.88678688681874
19.38167314628329,16.972010759340275,-16.906747560930032
19.404285326273317,16.989182426846156,-16.926708145138786
19.42690031994234,17.00635079631606,-16.946668639338863
19.449518127170112,17.023515867339636,-16.966629043424124
19.472138747836354,17.04067763950656,-16.986589357288423
19.494762181820775,17.057836112406516,-17.00654958082562
19.51738842900308,17.074991285629213,-17.026509713929578
19.540017489262954,17.092143158764372,-17.046469756494158
19.562649362480062,17.109291731401733,-17.06642970841322
19.585284048534064,17.12643700313106,-17.08638956958063
19.60792154730459,17.143578973542123,-17.106349339890244
19.630561858671268,17.160717642224718,-17.126309019235926
19.65320498251371,17.177853008768654,-17.14626860751154
19.675850918711507,17.19498507276376,-17.16622810461095
19.698499667144237,17.212113833799883,-17.186187510428024
19.721151227691465,17.22923929146689,-17.206146824856624
19.74380560023274,17.246361445354655,-17.226106047790616
19.766462784647597,17.26348029505308,-17.24606517912386
19.789122780815553,17.28059584015208,-17.26602421875023
19.811785588616114,17.297708080241595,-17.28598316656359
19.83445120792877,17.314817014911572,-17.305942022457806
19.857119638632994,17.33192264375198,-17.32590078632675
19.879790880608248,17.349024966352804,-17.345859458064282
19.90246493373397,17.366123982304053,-17.36581803756428
19.925141797889598,17.383219691195745,-17.385776524720608
19.94782147295454,17.40031209261792,-17.405734919427136
19.970503958808198,17.41740118616064,-17.425693221577735
19.993189255329956,17.43448697141397,-17.445651431066278
20.015877362399188,17.451569447968016,-17.46560954778663
20.038568279895244,17.468648615412874,-17.485567571632668
20.061262007697465,17.485724473338678,-17.505525502498262
20.083958545685174,17.50279702133557,-17.525483340277287
20.106657893737687,17.519866258993716,-17.54544108486361
20.12936005173429,17.536932185903296,-17.565398736151113
20.152065019554275,17.553994801654508,-17.585356294033662
20.174772797076898,17.57105410583756,-17.60531375840514
20.19748338418141,17.588110098042694,-17.625271129159415
20.220196780747045,17.605162777860155,-17.645228406190366
20.242912986653025,17.622212144880212,-17.665185589391868
20.265632001778556,17.639258198693156,-17.685142678657797
20.28835382600283,17.656300938889284,-17.70509967388203
20.31107845920502,17.673340365058923,-17.72505657495845
20.333805901264288,17.69037647679241,-17.74501338178093
20.356536152059782,17.7074092736801,-17.764970094243345
20.37926921147063,17.724438755312363,-17.78492671223958
20.402005079375947,17.741464921279597,-17.804883235663517
20.424743755654834,17.75848777117221,-17.82483966440903
20.447485240186378,17.77550730458063,-17.844795998370003
20.470229532849647,17.792523521095294,-17.864752237440314
20.4929766335237,17.80953642030667,-17.884708381513846
20.515726542087577,17.82654600180524,-17.90466443048448
20.538479258420306,17.8435522651815,-17.9246203842461
20.561234782400895,17.86055521002596,-17.94457624269259
20.583993113908342,17.87755483592916,-17.964532005717835
20.606754252821627,17.894551142481646,-17.984487673215718
20.62951819901972,17.911544129273985,-18.00444324508012
20.652284952381567,17.928533795896765,-18.024398721204932
20.67505451278611,17.94552014194059,-18.044354101484036
20.69782688011227,17.96250316699608,-18.064309385811317
20.720602054238952,17.97948287065387,-18.084264574080667
20.743380035045046,17.996459252504625,-18.10421966618597
20.766160822409432,18.01343231213901,-18.12417466202111
20.78894441621097,18.030402049147717,-18.144129561479982
20.811730816328506,18.04736846312146,-18.16408436445647
20.834520022640874,18.06433155365097,-18.184039070844467
20.857312035026894,18.08129132032698,-18.20399368053786
20.880106853365366,18.098247762740257,-18.223948193430537
20.902904477535074,18.115200880481584,-18.243902609416395
20.92570490741479,18.13215067314176,-18.263856928389323
20.948508142883277,18.149097140311593,-18.28381115024321
20.971314183819274,18.166040281581925,-18.30376527487195
20.99412303010151,18.1829800965436,-18.323719302169437
21.016934681608696,18.199916584787488,-18.343673232029563
21.039749138219534,18.216849745904476,-18.363627064346222
21.062566399812702,18.233779579485468,-18.38358079901331
21.085386466266872,18.250706085121386,-18.40353443592472
21.108209337460696,18.26762926240317,-18.423487974974346
21.13103501327281,18.284549110921773,-18.44344141605609
21.15386349358184,18.301465630268172,-18.463394759063842
21.17669477826639,18.31837882003336,-18.483348003891503
21.19952886720506,18.335288679808347,-18.50330115043297
21.22236576027642,18.352195209184156,-18.52325419858214
21.245205457359045,18.36909840775184,-18.543207148232913
21.268047958331476,18.385998275102455,-18.563159999279186
21.290893263072245,18.402894810827085,-18.583112751614863
21.313741371459876,18.419788014516826,-18.60306540513384
21.33659228337287,18.436677885762798,-18.623017959730017
21.359445998689715,18.453564424156134,-18.6429704152973
21.382302517288885,18.47044762928799,-18.662922771729583
21.405161839048844,18.487327500749526,-18.682875028920776
21.428023963848034,18.504204038131935,-18.70282718676478
21.450888891564883,18.52107724102642,-18.722779245155493
21.473756622077808,18.537947109024202,-18.742731203986825
21.496627155265205,18.554813641716528,-18.76268306315268
21.519500491005463,18.57167683869465,-18.782634822546957
21.542376629176946,18.58853669954985,-18.802586482063568
21.565255569658014,18.60539322387341,-18.822538041596417
21.588137312327007,18.622246411256654,-18.84248950103941
21.611021857062248,18.639096261290906,-18.86244086028645
21.633909203742046,18.65594277356751,-18.882392119231454
21.6567993522447,18.672785947677838,-18.90234327776832
21.67969230244849,18.689625783213266,-18.922294335790966
21.70258805423168,18.70646227976519,-18.942245293193295
21.725486607472515,18.72329543692504,-18.962196149869218
21.74838796204924,18.74012525428424,-18.982146905712646
21.77129211784007,18.75695173143425,-19.00209756061749
21.794199074723213,18.773774867966537,-19.02204811447766
21.817108832576864,18.790594663472593,-19.04199856718707
21.84002139127919,18.807411117543925,-19.06194891863963
21.86293675070836,18.824224229772057,-19.081899168729255
21.88585491074252,18.84103399974853,-19.101849317349856