
-1.9522419175649064,-1.3599071548880601,-1.8929409539601951
-1.9724386413741866,-1.339620961030666,-1.8729420122573417
-1.9926324378325913,-1.3193318218335959,-1.8529430605950186
-2.0128233068327392,-1.2990397377237917,-1.8329440990795713
-2.0330112482672646,-1.2787447091282107,-1.8129451278173454
-2.053196262028816,-1.258446736473826,-1.7929461469146868
-2.07337834801006,-1.2381458201876268,-1.7729471564779407
-2.093557506103676,-1.217841960696617,-1.752948156613453
-2.1137337362023607,-1.197535158427817,-1.7329491474275696
-2.133907038198826,-1.1772254138082625,-1.712950129026636
-2.1540774119857993,-1.1569127272650048,-1.6929511015169982
-2.174244857456024,-1.1365970992251109,-1.672952065005002
-2.1944093745022575,-1.1162785301156635,-1.6529530195969935
-2.2145709630172745,-1.0959570203637607,-1.6329539653993186
-2.234729622893865,-1.0756325703965168,-1.6129549025183234
-2.2548853540248337,-1.0553051806410614,-1.592955831060354
-2.2750381563030015,-1.0349748515245394,-1.5729567511317564
-2.295188029621205,-1.0146415834741118,-1.5529576628388768
-2.315334973872296,-0.9943053769169549,-1.5329585662880616
-2.3354789889491423,-0.9739662322802609,-1.512959461585657
-2.3556200747446265,-0.9536241499912376,-1.4929603488380094
-2.375758231151648,-0.9332791304771082,-1.472961228151465
-2.3958934580631204,-0.9129311741651117,-1.4529620996323702
-2.416025755371974,-0.8925802814825028,-1.4329629633870715
-2.4361551229711544,-0.8722264528565514,-1.4129638195219154
-2.4562815607536224,-0.8518696887145436,-1.3929646681432484
-2.476405068612354,-0.8315099894837805,-1.372965509357417
-2.4965256464403422,-0.8111473555915792,-1.352966343270768
-2.5166432941305943,-0.7907817874652725,-1.3329671699896477
-2.5367580115761337,-0.7704132855322084,-1.312967989620403
-2.5568697986699993,-0.750041850219751,-1.2929688022693806
-2.5769786553052456,-0.7296674819552794,-1.2729696080429271
-2.5970845813749426,-0.7092901811661889,-1.2529704070473897
-2.617187576772176,-0.6889099482798899,-1.2329711993891148
-2.6372876413900475,-0.6685267837238087,-1.2129719851744494
-2.6573847751216735,-0.648140687925387,-1.1929727645097405
-2.6774789778601864,-0.6277516613120823,-1.1729735375013348
-2.6975702494987344,-0.6073597043113674,-1.1529743042555793
-2.7176585899304806,-0.586964817350731,-1.132975064878821
-2.7377439990486043,-0.5665670008576772,-1.112975819477407
-2.7578264767463008,-0.5461662552597256,-1.0929765681576848
-2.7779060229167802,-0.5257625809844115,-1.0729773110260008
-2.7979826374532686,-0.5053559784592858,-1.0529780481887023
-2.818056320249007,-0.48494644811191495,-1.0329787797521368
-2.838127071197253,-0.4645339903698809,-1.0129795058226512
-2.858194890191279,-0.44411860566078126,-0.9929802265065927
-2.878259777124373,-0.4237002944122291,-0.9729809419103085
-2.89832173188984,-0.40327905705185313,-0.952981652140146
-2.918380754380998,-0.38285489400729755,-0.9329823573024523
-2.938436844491183,-0.3624278057062222,-0.9129830575035749
-2.958490002113746,-0.3419977925763024,-0.8929837528498612
-2.9785402271420525,-0.32156485504522914,-0.8729844434476585
-2.9985875194694844,-0.30112899354070877,-0.8529851294033141
-3.0186318789894395,-0.28069020849046344,-0.8329858108231755
-3.038673305595331,-0.26024850032223057,-0.8129864878135902
-3.058711799180587,-0.23980386946376334,-0.7929871604809056
-3.0787473596386525,-0.21935631634283034,-0.7729878289314692
-3.0987799868629864,-0.1989058413872158,-0.7529884932716286
-3.118809680747064,-0.17845244502471935,-0.7329891536077314
-3.1388364411843774,-0.15799612768315635,-0.7129898100461249
-3.1588602680684326,-0.1375368897903575,-0.692990462693157
-3.178881161292752,-0.11707473177416916,-0.672991111655175
-3.1988991207508732,-0.09660965406245314,-0.6529917570385266
-3.21891414633635,-0.07614165708308684,-0.6329923989495596
-3.238926237942751,-0.05567074126396314,-0.6129930374946216
-3.258935395463661,-0.03519690703299044,-0.5929936727800602
-3.2789416187926803,-0.014720154818092687,-0.572994304912223
-3.298944907823425,0.00575951495279068,-0.5529949339974579
-3.318945262449526,0.026242101851704704,-0.5329955601421127
-3.3389426825646304,0.0467276054506789,-0.512996183452535
-3.3589371680624014,0.0672160253217273,-0.4929968040350724
-3.3789287188365167,0.0877073610368484,-0.472997421996073
-3.3989173347806703,0.10820161216802521,-0.4529980374418843
-3.418903015788572,0.1286987782872252,-0.43299865047885433
-3.4388857617539466,0.14919885896640042,-0.4129992612133308
-3.4588655725705344,0.16970185377748737,-0.39299986975166157
-3.478842448132092,0.19020776229240702,-0.3730004762001944
-3.4988163883323913,0.2107165840830649,-0.3530010806652772
-3.51878739306522,0.23122831872135102,-0.3330016832532578
-3.5387554622243806,0.25174296577913996,-0.3130022840704841
-3.5587205957036927,0.2722605248282907,-0.293002883223304
-3.57868279339699,0.29278099544064684,-0.27300348081806525
-3.5986420551981224,0.31330437718803644,-0.25300407696111593
-3.618598381000956,0.3338306696422721,-0.23300467175880385
-3.6385517706993715,0.35435987237515093,-0.21300526531747693
-3.658502224187266,0.3748919849584546,-0.19300585774348308
-3.6784497413585515,0.3954270069639493,-0.17300644914317023
-3.6983943221071565,0.41596493796338563,-0.15300703962288628
-3.7183359663270243,0.43650577752849895,-0.13300762928897922
-3.738274673912114,0.45704952523100895,-0.11300821824779693
-3.7582104447564006,0.47759618064261994,-0.09300880660568739
-3.7781432787538747,0.4981457433350207,-0.07300939446899851
-3.7980731757985424,0.5186982128798847,-0.05300998194407827
-3.818000135784425,0.5392535888488699,-0.03301056913727461
-3.8379241586055604,0.5598118708136187,-0.013011156154935477
-3.8578452441560014,0.580373058345758,0.006988256896591183
-3.877763392329816,0.6009371510168996,0.02698766991095741
-3.897678603021089,0.6215041483986394,0.04698708278181525
-3.91759087612392,0.6420740500625582,0.06698649540281676
-3.9375002115324245,0.6626468555802212,0.086985907667614
-3.957406609140733,0.6832225645231782,0.106985319469859
-3.9773100688429928,0.7038011764629635,0.12698473070320382
-3.997210590533366,0.724382690971096,0.14698414126130052
-4.017108174106031,0.7449671076190791,0.16698355103780116
-4.03700281945518,0.7655544259784011,0.1869829599263578
-4.056894526475024,0.7861446456205343,0.20698236782062254
-4.076783295059787,0.806737766116936,0.22698177461424743
-4.096669125103708,0.8273337870390481,0.24698118020088455
-4.116552016501045,0.8479327079582969,0.266980584474186
-4.136431969146069,0.8685345284460931,0.28697998732780383
-4.1563089829330675,0.8891392480738325,0.3069793886553902
-4.176183057756342,0.9097468664128949,0.32697878835059724
-4.196054193510212,0.9303573830346451,0.34697818630707705
-4.215922390089012,0.9509707975104323,0.3669775824184817
-4.235787647387092,0.9715871094115904,0.38697697657846336
-4.255649965298816,0.9922063183094378,0.4069763686806742
-4.275509343718567,1.0128284237752776,0.4269757586187664
-4.295365782540741,1.0334534253803973,0.44697514628639207
-4.31521928165975,1.0540813226960692,0.46697453157720337
-4.3350698409700215,1.0747121152935502,0.4869739143848526
-4.354917460366,1.0953458027440817,0.5069732946029919
-4.374762139742144,1.1159823846188897,0.5269726721252735
-4.394603878992929,1.1366218604891847,0.5469720468453496
-4.414442678012845,1.1572642299261622,0.5669714186568726
-4.434278536696398,1.177909492501002,0.5869707874534946
-4.454111454938111,1.1985576477848685,0.606970153128868
-4.47394143263252,1.2192086953489112,0.626969515576645
-4.493768469674178,1.2398626347642634,0.6469688746904779
-4.513592565957655,1.2605194656020435,0.6669682303640192
-4.533413721377534,1.2811791874333545,0.6869675824909212
-4.553231935828415,1.301841799829284,0.7069669309648361
-4.573047209204914,1.3225073023609042,0.7269662756794165
-4.592859541401662,1.343175694599272,0.7469656165283147
-4.612668932313307,1.3638469761154293,0.7669649534051831
-4.63247538183451,1.3845211464804017,0.7869642862036743
-4.65227888985995,1.4051982052652001,0.8069636148174406
-4.672079456284321,1.42587815204082,0.8269629391401346
-4.69187708100233,1.4465609863782414,0.8469622590654089
-4.711671763908705,1.467246707848429,0.8669615744869159
-4.731463504898186,1.487935316022332,0.8869608852983082
-4.751252303865529,1.5086268104708849,0.9069601913932385
-4.771038160705507,1.5293211907650057,0.9269594926653592
-4.7908210753129055,1.550018456475598,0.9469587890083231
-4.810601047582529,1.57071860717355,0.9669580803157828
-4.830378077409197,1.5914216424297338,0.9869573664813911
-4.850152164687743,1.6121275618150073,1.0069566473988008
-4.869923309313018,1.6328363649002118,1.0269559229616643
-4.889691511179887,1.6535480512561742,1.0469551930636345
-4.909456770183232,1.6742626204537059,1.0669544575983645
-4.929219086217952,1.6949800720636028,1.0869537164595067
-4.9489784591789565,1.7157004056566454,1.1069529695407143
-4.968734888961176,1.736423620803599,1.1269522167356403
-4.988488375459554,1.7571497170752137,1.1469514579379372
-5.008238918569051,1.777878694042224,1.166950693041258
-5.027986518184641,1.7986105512753494,1.186949921939256
-5.047731174201316,1.8193452883452939,1.2069491445255842
-5.067472886514083,1.8400829048227458,1.2269483606938956
-5.087211655017964,1.860823400278379,1.2469475703378432
-5.106947479607998,1.8815667742828517,1.2669467733510804
-5.126680360179237,1.9023130264068062,1.2869459696272603
-5.146410296626752,1.92306215622087,1.3069451590600356
-5.1661372888456265,1.9438141632956556,1.32694434154306
-5.185861336730962,1.9645690472017596,1.3469435169699866
-5.205582440177876,1.9853268075097639,1.3669426852344688
-5.225300599081499,2.0060874437902347,1.3869418462301601
-5.245015813336978,2.0268509556137224,1.4069409998507136
-5.264728082839477,2.047617342550763,1.426940145989783
-5.284437407484176,2.0683866041718777,1.4469392845410216
-5.304143787166268,2.0891587400475706,1.466938415398083
-5.323847221780964,2.1099337497483317,1.4869375384546204
-5.34354771122349,2.130711632844636,1.5069366536042879
-5.363245255389087,2.1514923889069424,1.5269357607407388
-5.382939854173013,2.172276017505695,1.546934859757627
-5.402631507470541,2.1930625182113226,1.566933950548606
-5.422320215176958,2.2138518905942384,1.5869330330073295
-5.44200597718757,2.234644134224841,1.6069321070274516
-5.4616887933976965,2.255439248673513,1.6269311725026259
-5.481368663702672,2.276237233510622,1.6469302293265065
-5.501045587997849,2.297038088306521,1.6669292773927473
-5.520719566178594,2.317841812631546,1.6869283165950022
-5.540390598140291,2.33864840605602,1.7069273468269253
-5.560058683778335,2.359457868150249,1.7269263679821705
-5.579723822988143,2.380270198484524,1.7469253799543922
-5.599386015665143,2.4010853966291217,1.7669243826372445
-5.61904526170478,2.4219034621543027,1.7869233759243817
-5.638701561002517,2.442724394630313,1.806922359709458
-5.658354913453827,2.4635481936273824,1.8269213338861277
-5.678005318954205,2.484374858715726,1.846920298348045
-5.697652777399158,2.5052043894655442,1.8669192529888645
-5.71729728868421,2.526036785447021,1.886918197702241
-5.7369388527049,2.5468720462303267,1.9069171323818286
-5.756577469356783,2.5677101713856145,1.926916056921282
-5.776213138535429,2.588551160483024,1.9469149712142557
-5.795845860136425,2.6093950130926786,1.9669138751544049
-5.815475634055373,2.630241728784687,1.986912768635384
-5.8351024601878905,2.651091307129142,2.006911651550848
-5.85472633842961,2.671943747696122,2.0269105237944514
-5.874347268676182,2.6927990500556898,2.0469093852598492
-5.89396525082327,2.7136572137778927,2.0669082358406965
-5.913580284766555,2.7345182384327633,2.086907075430649
-5.9331923704017315,2.755382123590319,2.106905903923361
-5.952801507624513,2.776248868820561,2.126904721212487
-5.9724076963306265,2.7971184736934767,2.1469035271916836
-5.992010936415815,2.8179909377790375,2.1669023217546055
-6.011611227775836,2.8388662606471997,2.186901104794908
-6.0312085703064655,2.8597444418679046,2.2068998762062466
-6.050802963903492,2.880625481011078,2.226898635882277
-6.070394408462723,2.9015093776466303,2.2468973837166537
-6.089982903879979,2.9223961313444575,2.2668961196030337
-6.109568450051098,2.94328574167444,2.2868948434350718
-6.1291510468719315,2.9641782082064427,2.3068935551064236
-6.148730694238348,2.9850735305103155,2.3268922545107453
-6.168307392046233,3.005971708155893,2.3468909415416928
-6.187881140191485,3.0268727407129954,2.366889616092922
-6.207451938570021,3.047776627751427,2.3868882780580885
-6.22701978707777,3.068683368840977,2.406886927330848
-6.2465846856106815,3.089592963551419,2.426885563804858
-6.266146634064716,3.1105054114525124,2.4468841873737732
-6.285705632335853,3.131420712114001,2.466882797931251
-6.305261680320086,3.152338865105613,2.4868813953709465
-6.324814777913425,3.1732598699970618,2.506879979586517
-6.344364925011896,3.1941837263580455,2.5268785504716185
-6.363912121511539,3.2151104337582472,2.546877107919908
-6.38345636730841,3.2360399917673353,2.5668756518250415
-6.402997662298583,3.2569723999549622,2.5868741820806767
-6.422536006378145,3.2779076578907653,2.606872698580469
-6.442071399443201,3.2988457651443674,2.6268712012180764
-6.461603841389869,3.319786721285375,2.646869689887155
-6.481133332114286,3.3407305258833815,2.6668681644813623
-6.500659871512601,3.3616771785079624,2.686866624894355
-6.520183459480982,3.3826266787286805,2.70686507101979
-6.539704095915611,3.4035790261150822,2.7268635027513253
-6.559221780712686,3.424534220236699,2.746861919982617
-6.578736513768419,3.445492260663048,2.7668603226073234
-6.598248294979041,3.4664531469636293,2.7868587105191014
-6.617757124240797,3.48741687870793,2.8068570836116087
-6.637263001449948,3.5083834554654207,2.826855441778503
-6.656765926502769,3.5293528768055573,2.846853784913441
-6.6762658992955535,3.5503251422977806,2.866852112910082
-6.695762919724609,3.5713002515115164,2.886850425662083
-6.715256987686259,3.592278204016175,2.906848723063102
-6.734748103076844,3.6132589993811512,2.926847005006797
-6.754236265792716,3.6342426371758263,2.9468452713868265
-6.773721475730248,3.655229116969565,2.966843522096848
-6.793203732785826,3.6762184383317176,2.9868417570305192
-6.8126830368558515,3.697210600831619,3.0068399760815
-6.832159387836743,3.7182056040385887,3.0268381791434473
-6.851632785624933,3.7392034475219313,3.0468363661100204
-6.871103230116871,3.760204130850937,3.066834536874878
-6.890570721209023,3.78120765359488,3.086832691331678
-6.910035258797867,3.80221401532302,3.1068308293740796
-6.929496842779902,3.823223215604601,3.126828950895742
-6.948955473051639,3.8442352540088525,3.146827055790323
-6.968411149509605,3.865250130104988,3.1668251439514825
-6.987863872050345,3.8862678434622073,3.1868232152728795
-7.007313640570415,3.907288393649694,3.2068212696481733
-7.026760454966394,3.9283117802366174,3.2268193069710227
-7.046204315134869,3.9493380027921305,3.2468173271350875
-7.065645220972447,3.970367060885373,3.266815330034027
-7.085083172375752,3.9913989540854677,3.286813315561501
-7.10451816924142,4.012433681961523,3.3068112836111685
-7.123950211466103,4.033471244082634,3.3268092340766895
-7.143379298946473,4.054511640017878,3.346807166851724
-7.162805431579214,4.075554869336317,3.366805081829932
-7.182228609261025,4.096600931607002,3.386802978904973
-7.201648831888623,4.1176498263989645,3.4068008579705076
-7.22106609935874,4.138701553281223,3.4267987189201956
-7.240480411568124,4.15975611182278,3.446796561647698
-7.259891768413538,4.180813501592625,3.466794386046675
-7.27930016979176,4.201873722159728,3.4867921920107863
-7.298705615599587,4.222936773093051,3.506789979433693
-7.318108105733829,4.244002653961534,3.526787748209056
-7.337507640091311,4.265071364334106,3.5467854982305362
-7.356904218568876,4.286142903779679,3.566783229391794
-7.376297841063381,4.307217271867152,3.5867809415864906
-7.395688507471699,4.328294468165407,3.606778634708287
-7.41507621769072,4.349374492243311,3.626776308650845
-7.434460971617348,4.370457343669718,3.646773963307825
-7.453842769148504,4.3915430220134635,3.6667715985728893
-7.473221610181125,4.412631526843372,3.686769214339699
-7.492597494612162,4.433722857728251,3.706766810501915
-7.511970422338583,4.454817014236892,3.7267643869532
-7.531340393257371,4.475913995938074,3.7467619435872153
-7.550707407265525,4.497013802400557,3.766759480297623
-7.570071464260061,4.518116433193089,3.786756996978085
-7.589432564138009,4.539221887884405,3.8067544935222637
-7.608790706796415,4.56033016604322,3.826751969823821
-7.628145892132341,4.581441267238236,3.8467494257764194
-7.647498120042866,4.6025551910381415,3.8667468612737212
-7.666847390425082,4.6236719370116095,3.8867442762093893
-7.686193703176099,4.644791504727296,3.906741670477086
-7.705537058193041,4.665913893753844,3.9267390439704744
-7.724877455373051,4.687039103659881,3.946736396583217
-7.7442148946132825,4.708167134014019,3.9667337282089776
-7.763549375810909,4.729297984384855,3.9867310387414188
-7.782880898863119,4.750431654340972,4.006728328074203
-7.802209463667114,4.771568143450938,4.026725596100995
-7.821535070120115,4.792707451283303,4.046722842715457
-7.8408577181193575,4.813849577406606,4.0667200678112545
-7.860177407562091,4.834994521389369,4.086717271282049
-7.879494138345582,4.8561422828001,4.106714453021506
-7.898807910367115,4.87729286120729,4.126711612923288
-7.9181187235239845,4.898446256179419,4.14670875088106
-7.937426577713507,4.919602467284948,4.166705866788485
-7.9567314728330105,4.940761494092324,4.186702960539228
-7.97603340877984,4.9619233361699795,4.206700032026953
-7.995332385451358,4.9830879930863325,4.226697081145326
-8.01462840274494,5.004255464409786,4.246694107788009
-8.033921460557979,5.0254257497087265,4.26669111184867
-8.053211558787881,5.046598848551528,4.28668809322097
-8.072498697332072,5.0677747605065475,4.306685051798578
-8.091782876087992,5.088953485142128,4.3266819874751565
-8.111064094953095,5.110135022026597,4.346678900144371
-8.130342353824853,5.131319370728267,4.3666757896998885
-8.149617652600751,5.152506530815437,4.386672656035373
-8.168889991178295,5.173696501856389,4.406669499044489
-8.188159369455,5.194889283419391,4.426666318620905
-8.207425787328402,5.2160848750726965,4.446663114658284
-8.22668924469605,5.237283276384543,4.4666598870502945
-8.24594974145551,5.258484486923154,4.486656635690601
-8.265207277504363,5.279688506256738,4.506653360472869
-8.284461852740206,5.300895333953488,4.526650061290767
-8.303713467060652,5.322104969581582,4.5466467380379605
-8.322962120363327,5.343317412709183,4.5666433906081165
-8.34220781254588,5.36453266290444,4.586640018894901
-8.361450543505967,5.385750719735488,4.606636622791981
-8.380690313141265,5.406971582770443,4.626633202193023
-8.399927121349467,5.428195251577411,4.646629756991696
-8.419160968028278,5.44942172572448,4.666626287081665
-8.438391853075423,5.4706510047797225,4.686622792356599
-8.457619776388638,5.4918830883112,4.706619272710164
-8.47684473786568,5.513117975886954,4.726615728036029
-8.496066737404318,5.5343556670750145,4.746612158227861
-8.515285774902338,5.555596161443396,4.766608563179329
-8.534501850257543,5.576839458560098,4.786604942784099
-8.553714963367751,5.598085557993105,4.806601296935841
-8.572925114130793,5.619334459310386,4.826597625528223
-8.592132302444519,5.640586162079896,4.846593928454912
-8.611336528206792,5.661840665869574,4.866590205609579
-8.630537791315495,5.6830979702473465,4.886586456885891
-8.649736091668524,5.704358074781122,4.906582682177517
-8.668931429163791,5.725620979038796,4.926578881378127
-8.688123803699222,5.746886682588248,4.946575054381389
-8.70731321517276,5.768155184997344,4.966571201080973
-8.726499663482368,5.789426485833934,4.986567321370549
-8.745683148526018,5.810700584665853,5.006563415143785
-8.764863670201702,5.831977481060923,5.026559482294352
-8.784041228407427,5.853257174586949,5.046555522715919
-8.803215823041214,5.874539664811722,5.066551536302156
-8.8223874540011,5.895824951303017,5.086547522946733
-8.841556121185143,5.917113033628596,5.106543482543322
-8.860721824491408,5.938403911356206,5.126539414985591
-8.879884563817985,5.959697584053576,5.146535320167212
-8.899044339062971,5.980994051288426,5.166531197981855
-8.918201150124485,6.0022933126284554,5.186527048323192
-8.937354996900659,6.023595367641351,5.206522871084892
-8.956505879289642,6.044900215894787,5.2265186661606275
-8.975653797189596,6.066207856956417,5.24651443344407
-8.9947987504987,6.087518290393885,5.266510172828891
-9.013940739115155,6.108831515774819,5.286505884208761
-9.03307976293717,6.13014753266683,5.306501567477353
-9.052215821862971,6.151466340637517,5.326497222528338
-9.071348915790802,6.172787939254463,5.346492849255388
-9.090479044618922,6.194112328085235,5.366488447552176
-9.109606208245603,6.215439506697387,5.386484017312373
-9.12873040656914,6.236769474658457,5.406479558429653
-9.147851639487836,6.258102231535969,5.426475070797688
-9.166969906900013,6.2794377768974305,5.4464705543101495
-9.186085208704009,6.300776110310338,5.466466008860712
-9.205197544798176,6.322117231342168,5.486461434343049
-9.224306915080886,6.343461139560385,5.506456830650833
-9.243413319450521,6.3648078345324395,5.526452197677736
-9.262516757805484,6.386157315825765,5.5464475353174345
-9.28161723004419,6.407509583007783,5.5664428434636
-9.300714736065071,6.428864635645896,5.586438122009907
-9.319809275766575,6.4502224733074955,5.60643337085003
-9.338900849047166,6.471583095559957,5.6264285898776425
-9.357989455805324,6.492946501970641,5.64642377898642
-9.377075095939544,6.514312692106892,5.666418938070035
-9.396157769348337,6.535681665536042,5.686414067022164
-9.41523747593023,6.557053421825407,5.706409165736481
-9.434314215583766,6.578427960542289,5.726404234106662
-9.453387988207503,6.599805281253973,5.7463992720263795
-9.472458793700014,6.621185383527732,5.766394279389311
-9.491526631959891,6.642568266930822,5.786389256089132
-9.510591502885738,6.663953931030486,5.806384202019517
-9.52965340637618,6.685342375393951,5.8263791170741435
-9.548712342329852,6.706733599588429,5.846374001146685
-9.567768310645407,6.72812760318112,5.86636885413082
-9.586821311221513,6.749524385739204,5.886363675920223
-9.605871343956855,6.770923946829852,5.906358466408572
-9.624918408750133,6.792326286020215,5.926353225489543
-9.643962505500065,6.8137314028774325,5.946347953056813
-9.663003634105383,6.83513929696863,5.9663426490040585
-9.682041794464833,6.856549967860915,5.986337313224958
-9.70107698647718,6.877963415121382,6.006331945613186
-9.720109210041201,6.899379638317111,6.026326546062423
-9.739138465055694,6.920798637015167,6.046321114466345
-9.75816475141947,6.9422204107826,6.066315650718629
-9.777188069031354,6.963644959186445,6.086310154712955
-9.796208417790188,6.985072281793723,6.106304626342999
-9.815225797594833,7.006502378171439,6.126299065502442
-9.83424020834416,7.027935247886585,6.1462934720849605
-9.853251649937059,7.049370890506138,6.166287845984233
-9.872260122272438,7.0708093055970584,6.186282187093941
-9.891265625249218,7.0922504927262935,6.20627649530776
-9.910268158766334,7.113694451460774,6.226270770519371
-9.929267722722741,7.13514118136742,6.246265012622454
-9.948264317017408,7.156590682013133,6.266259221510688
-9.967257941549319,7.1780429529648,6.286253397077751
-9.986248596217473,7.1994979937892944,6.306247539217326
-10.005236280920888,7.220955804053475,6.326241647823091
-10.024220995558595,7.242416383324186,6.346235722788725
-10.043202740029642,7.263879731168257,6.366229764007911
-10.062181514233092,7.2853458471525,6.386223771374328
-10.081157318068026,7.3068147308437155,6.406217744781658
-10.100130151433538,7.328286381808689,6.426211684123582
-10.119100014228739,7.349760799614191,6.44620558929378
-10.138066906352755,7.371237983826975,6.466199460185933
-10.157030827704732,7.392717934013784,6.486193296693725
-10.175991778183825,7.414200649741343,6.506187098710836
-10.194949757689209,7.435686130576363,6.5261808661309475
-10.213904766120072,7.45717437608554,6.546174598847742
-10.232856803375622,7.478665385835557,6.566168296754902
-10.251805869355081,7.50015915939308,6.586161959746111
-10.270751963957686,7.521655696324763,6.606155587715049
-10.289695087082688,7.543154996197243,6.626149180555402
-10.308635238629357,7.564657058577144,6.646142738160849
-10.32757241849698,7.586161883031074,6.666136260425076
-10.346506626584855,7.607669469125625,6.6861297472417665
-10.365437862792298,7.629179816427378,6.706123198504604
-10.384366127018643,7.650692924502897,6.726116614107271
-10.403291419163237,7.672208792918731,6.746109993943453
-10.422213739125445,7.693727421241416,6.766103337906832
-10.441133086804644,7.715248809037471,6.786096645891093
-10.46004946210023,7.736772955873402,6.806089917789922
-10.478962864911615,7.758299861315701,6.826083153497002
-10.497873295138227,7.779829524930843,6.846076352906019
-10.516780752679507,7.801361946285291,6.866069515910658
-10.535685237434915,7.822897124945491,6.886062642404603
-10.554586749303924,7.844435060477875,6.906055732281541
-10.573485288186024,7.865975752448862,6.926048785435158
-10.592380853980721,7.887519200424854,6.946041801759137
-10.61127344658754,7.909065403972239,6.966034781147168
-10.630163065906014,7.9306143626573915,6.986027723492935
-10.649049711835701,7.95216607604667,7.006020628690124
-10.667933384276166,7.9737205437064205,7.026013496632423
-10.686814083126997,7.995277765202971,7.046006327213519
-10.705691808287794,8.016837740102636,7.065999120327097
-10.724566559658172,8.038400467971718,7.0859918758668465
-10.743438337137766,8.059965948376501,7.105984593726454
-10.762307140626223,8.081534180883258,7.125977273799607
-10.781172970023208,8.103105165058246,7.145969915979993
-10.8000358252284,8.124678900467703,7.165962520161301
-10.818895706141497,8.14625538667786,7.185955086237219
-10.837752612662207,8.167834623254928,7.205947614101435
-10.856606544690258,8.189416609765104,7.225940103647638
-10.875457502125396,8.211001345774573,7.245932554769517
-10.894305484867377,8.232588830849506,7.265924967360761
-10.913150492815978,8.254179064556054,7.285917341315059
-10.931992525870989,8.275772046460357,7.305909676526101
-10.950831583932215,8.29736777612854,7.325901972887576
-10.969667666899483,8.318966253126714,7.345894230293174
-10.988500774672625,8.340567477020974,7.365886448636586
-11.007330907151498,8.362171447377403,7.385878627811501
-11.026158064235972,8.383778163762065,7.405870767711611
-11.044982245825931,8.405387625741012,7.425862868230605
-11.063803451821279,8.426999832880282,7.445854929262175
-11.08262168212193,8.4486147847459,7.465846950700013
-11.10143693662782,8.47023248090387,7.485838932437809
-11.120249215238896,8.49185292092019,7.505830874369255
-11.139058517855124,8.513476104360834,7.525822776388042
-11.157864844376483,8.53510203079177,7.545814638387863
-11.176668194702971,8.556730699778944,7.565806460262409
-11.195468568734599,8.578362110888296,7.5857982419053736
-11.214265966371395,8.599996263685744,7.605789983210449
-11.233060387513403,8.621633157737193,7.625781684071328
-11.251851832060684,8.643272792608538,7.645773344381704
-11.270640299913312,8.664915167865653,7.66576496403527
-11.289425790971379,8.6865602830744,7.685756542925719
-11.30820830513499,8.708208137800629,7.705748080946746
-11.32698784230427,8.729858731610172,7.7257395779920435
-11.345764402379357,8.751512064068846,7.745731033955307
-11.364537985260407,8.773168134742457,7.76572244873023
-11.383308590847589,8.794826943196794,7.785713822210507
-11.40207621904109,8.816488488997631,7.805705154289834
-11.420840869741113,8.83815277171073,7.8256964448619035
-11.439602542847874,8.859819790901836,7.845687693820413
-11.458361238261608,8.881489546136681,7.8656789010590575
-11.477116955882565,8.90316203698098,7.8856700664715325
-11.49586969561101,8.924837263000436,7.905661189951533
-11.514619457347225,8.946515223760736,7.9256522713927575
-11.533366240991505,8.968195918827556,7.9456433106889
-11.552110046444167,8.98987934776655,7.965634307733658
-11.570850873605535,9.011565510143365,7.9856252624207285
-11.589588722375955,9.033254405523628,8.005616174643809
-11.60832359265579,9.054946033472957,8.025607044296594
-11.627055484345414,9.07664039355695,8.045597871272784
-11.645784397345219,9.098337485341194,8.065588655466076
-11.664510331555615,9.120037308391261,8.085579396770168
-11.683233286877025,9.141739862272708,8.105570095078757
-11.701953263209887,9.163445146551075,8.125560750285542
-11.720670260454659,9.18515316079189,8.145551362284221
-11.73938427851181,9.206863904560668,8.165541930968496
-11.758095317281828,9.228577377422907,8.185532456232064
-11.776803376665217,9.250293578944092,8.205522937968624
-11.795508456562496,9.272012508689691,8.225513376071873
-11.8142105568742,9.29373416622516,8.245503770435514
-11.832909677500876,9.31545855111594,8.265494120953246
-11.851605818343094,9.337185662927457,8.285484427518771
-11.870298979301435,9.358915501225123,8.305474690025788
-11.888989160276497,9.380648065574334,8.325464908367998
-11.907676361168894,9.402383355540474,8.3454550824391
-11.926360581879258,9.424121370688912,8.365445212132798
-11.945041822308234,9.445862110585,8.385435297342791
-11.96372008235648,9.467605574794078,8.405425337962784
-11.982395361924675,9.489351762881471,8.425415333886477
-12.001067660913515,9.511100674412488,8.44540528500757
-12.019736979223705,9.532852308952425,8.465395191219768
-12.038403316755971,9.554606666066565,8.485385052416772
-12.057066673411057,9.576363745320172,8.505374868492288
-12.075727049089716,9.598123546278503,8.525364639340015
-12.094384443692721,9.61988606850679,8.54535436485366
-12.113038857120863,9.64165131157026,8.565344044926924
-12.131690289274944,9.663419275034123,8.58533367945351
-12.150338740055783,9.68518995846357,8.605323268327126
-12.168984209364218,9.706963361423783,8.625312811441473
-12.187626697101098,9.728739483479929,8.645302308690257
-12.206266203167294,9.750518324197156,8.66529175996718
-12.224902727463688,9.772299883140601,8.685281165165952
-12.243536269891178,9.794084159875387,8.705270524180273
-12.26216683035068,9.815871153966622,8.72525983690385
-12.280794408743125,9.8376608649794,8.745249103230393
-12.29941900496946,9.859453292478799,8.765238323053602
-12.318040618930647,9.881248436029884,8.785227496267186
-12.336659250527667,9.903046295197703,8.805216622764853
-12.355274899661511,9.924846869547293,8.825205702440307
-12.373887566233192,9.946650158643676,8.845194735187258
-12.392497250143734,9.968456162051856,8.865183720899411
-12.411103951294182,9.990264879336827,8.885172659470474
-12.429707669585591,10.012076310063566,8.905161550794153
-12.448308404919036,10.033890453797039,8.92515039476416
-12.466906157195606,10.055707310102191,8.9451391912742
-12.485500926316405,10.077526878543958,8.96512794021798
-12.504092712182556,10.099349158687259,8.985116641489213
-12.522681514695199,10.121174150097001,9.005105294981607
-12.541267333755483,10.143001852338076,9.02509390058887
-12.559850169264578,10.16483226497536,9.045082458204712
-12.578430021123669,10.186665387573715,9.065070967722843
-12.597006889233956,10.208501219697988,9.085059429036972
-12.615580773496657,10.230339760913015,9.105047842040811
-12.634151673813003,10.252181010783614,9.125036206628069
-12.652719590084242,10.274024968874588,9.145024522692458
-12.671284522211641,10.29587163475073,9.165012790127689
-12.689846470096477,10.317721007976816,9.185001008827472
-12.708405433640046,10.339573088117605,9.204989178685517
-12.72696141274366,10.361427874737846,9.22497729959554
-12.745514407308649,10.383285367402273,9.244965371451253
-12.764064417236353,10.405145565675602,9.264953394146366
-12.782611442428134,10.427008469122537,9.284941367574591
-12.801155482785365,10.44887407730777,9.304929291629643
-12.819696538209438,10.470742389795975,9.324917166205234
-12.838234608601761,10.492613406151811,9.344904991195078
-12.856769693863754,10.514487125939926,9.364892766492888
-12.875301793896858,10.536363548724953,9.384880491992378
-12.893830908602528,10.55824267407151,9.404868167587264
-12.912357037882233,10.580124501544198,9.424855793171258
-12.930880181637459,10.602009030707608,9.444843368638075
-12.94940033976971,10.623896261126314,9.464830893881432
-12.967917512180502,10.645786192364875,9.484818368795043
-12.986431698771371,10.667678823987838,9.504805793272624
-13.004942899443865,10.689574155559736,9.524793167207887
-13.02345111409955,10.711472186645084,9.544780490494555
-13.041956342640011,10.733372916808387,9.564767763026339
-13.06045858496684,10.755276345614131,9.584754984696957
-13.078957840981653,10.77718247262679,9.604742155400126
-13.09745411058608,10.799091297410827,9.624729275029564
-13.115947393681765,10.821002819530685,9.644716343478988
-13.134437690170367,10.842917038550794,9.664703360642115
-13.152924999953568,10.864833954035573,9.684690326412662
-13.171409322933057,10.886753565549425,9.704677240684351
-13.189890659010542,10.908675872656735,9.724664103350898
-13.20836900808775,10.930600874921879,9.744650914306021
-13.226844370066422,10.952528571909216,9.76463767344344
-13.24531674484831,10.97445896318309,9.784624380656874
-13.263786132335188,10.996392048307834,9.804611035840043
-13.282252532428846,11.018327826847763,9.824597638886667
-13.300715945031087,11.040266298367179,9.844584189690465
-13.31917637004373,11.06220746243037,9.86457068814516
-13.337633807368611,11.08415131860161,9.884557134144469
-13.356088256907581,11.106097866445158,9.904543527582115
-13.37453971856251,11.128047105525257,9.924529868351822
-13.392988192235277,11.149999035406138,9.944516156347309
-13.411433677827786,11.17195365565202,9.964502391462297
-13.429876175241949,11.193910965827103,9.98448857359051
-13.448315684379699,11.215870965495574,10.004474702625666
-13.466752205142981,11.237833654221607,10.024460778461494
-13.48518573743376,11.259799031569361,10.044446800991713
-13.503616281154013,11.281767097102982,10.064432770110047
-13.522043836205736,11.303737850386598,10.08441868571022
-13.540468402490937,11.325711290984326,10.104404547685956
-13.558889979911644,11.34768741846027,10.124390355930979
-13.577308568369899,11.369666232378515,10.144376110339012
-13.595724167767761,11.391647732303134,10.164361810803781
-13.614136778007303,11.413631917798188,10.18434745721901
-13.632546398990614,11.435618788427721,10.204333049478427
-13.650953030619803,11.457608343755762,10.224318587475755
-13.66935667279699,11.479600583346329,10.24430407110472
-13.687757325424313,11.501595506763422,10.264289500259048
-13.706154988403924,11.52359311357103,10.284274874832466
-13.724549661637994,11.545593403333125,10.304260194718703
-13.742941345028708,11.567596375613668,10.32424545981148
-13.761330038478267,11.589602029976604,10.34423067000453
-13.779715741888888,11.611610365985861,10.364215825191579
-13.798098455162805,11.633621383205355,10.384200925266354
-13.816478178202265,11.65563508119899,10.404185970122583
-13.834854910909536,11.677651459530654,10.424170959653996
-13.853228653186896,11.69967051776422,10.444155893754319
-13.871599404936644,11.721692255463546,10.464140772317283
-13.889967166061089,11.743716672192479,10.484125595236618
-13.908331936462561,11.765743767514849,10.504110362406053
-13.926693716043406,11.787773540994472,10.524095073719316
-13.945052504705984,11.80980599219515,10.54407972907014
-13.963408302352668,11.831841120680672,10.564064328352252
-13.981761108885856,11.853878926014811,10.584048871459387
-14.000110924207949,11.875919407761328,10.604033358285275
-14.018457748221374,11.897962565483967,10.624017788723647
-14.036801580828572,11.920008398746461,10.644002162668233
-14.055142421931997,11.942056907112525,10.663986480012769
-14.073480271434121,11.964108090145862,10.683970740650983
-14.091815129237434,11.98616194741016,10.703954944476608
-14.110146995244435,12.008218478469095,10.72393909138338
-14.128475869357645,12.030277682886325,10.74392318126503
-14.146801751479602,12.052339560225496,10.763907214015292
-14.165124641512854,12.07440411005024,10.783891189527901
-14.183444539359968,12.096471331924175,10.80387510769659
-14.201761444923529,12.118541225410903,10.823858968415093
-14.220075358106133,12.140613790074013,10.843842771577144
-14.238386278810397,12.162689025477082,10.86382651707648
-14.256694206938953,12.184766931183667,10.883810204806835
-14.274999142394444,12.206847506757317,10.903793834661945
-14.293301085079534,12.228930751761563,10.923777406535548
-14.311600034896902,12.251016665759924,10.943760920321377
-14.329895991749241,12.273105248315902,10.963744375913173
-14.348188955539264,12.295196498992988,10.983727773204668
-14.366478926169695,12.317290417354657,11.003711112089603
-14.384765903543276,12.33938700296437,11.023694392461712
-14.403049887562767,12.361486255385573,11.043677614214735
-14.421330878130941,12.383588174181702,11.06366077724241
-14.439608875150586,12.405692758916171,11.083643881438476
-14.45788387852451,12.427800009152387,11.103626926696672
-14.476155888155535,12.449909924453742,11.123609912910734
-14.494424903946495,12.47202250438361,11.143592839974403
-14.512690925800246,12.494137748505352,11.16357570778142
-14.53095395361966,12.516255656382318,11.183558516225524
-14.549213987307619,12.53837622757784,11.203541265200457
-14.567471026767025,12.56049946165524,11.223523954599957
-14.585725071900795,12.582625358177822,11.243506584317768
-14.603976122611861,12.604753916708875,11.263489154247628
-14.622224178803174,12.626885136811678,11.283471664283281
-14.6404692403777,12.649019018049493,11.303454114318468
-14.658711307238416,12.671155559985571,11.323436504246931
-14.676950379288323,12.693294762183143,11.343418833962414
-14.695186456430433,12.71543662420543,11.363401103358658
-14.713419538567774,12.737581145615641,11.383383312329407
-14.731649625603389,12.759728325976965,11.403365460768404
-14.74987671744034,12.781878164852582,11.423347548569392
-14.768100813981704,12.804030661805655,11.443329575626118
-14.786321915130573,12.826185816399333,11.463311541832324
-14.804540020790053,12.848343628196753,11.483293447081756
-14.822755130863273,12.870504096761035,11.50327529126816
-14.840967245253369,12.892667221655289,11.52325707428528
-14.859176363863497,12.914833002442606,11.543238796026861
-14.877382486596833,12.937001438686066,11.563220456386652
-14.89558561335656,12.959172529948733,11.583202055258397
-14.913785744045887,12.981346275793657,11.603183592535844
-14.93198287856803,13.003522675783875,11.62316506811274
-14.950177016826226,13.025701729482414,11.643146481882834
-14.968368158723727,13.047883436452278,11.66312783373987
-14.9865563041638,13.07006779625646,11.683109123577598
-15.004741453049729,13.092254808457943,11.703090351289767
-15.022923605284815,13.114444472619693,11.723071516770126
-15.04110276077237,13.136636788304662,11.743052619912422
-15.059278919415728,13.158831755075788,11.763033660610407
-15.077452081118237,13.181029372495994,11.783014638757829
-15.095622245783257,13.20322964012819,11.802995554248438
-15.11378941331417,13.225432557535273,11.822976406975984
-15.131953583614369,13.247638124280122,11.842957196834218
-15.150114756587266,13.269846339925607,11.862937923716894
-15.168272932136288,13.29205720403458,11.88291858751776
-15.18642811016488,13.31427071616988,11.902899188130569
-15.204580290576496,13.336486875894334,11.922879725449071
-15.222729473274615,13.358705682770752,11.942860199367022
-15.240875658162725,13.380927136361931,11.962840609778175
-15.259018845144336,13.403151236230654,11.98282095657628
-15.277159034122969,13.425377981939691,12.002801239655092
-15.29529622500216,13.447607373051797,12.022781458908364
-15.313430417685467,13.46983940912971,12.042761614229851
-15.33156161207646,13.492074089736159,12.062741705513307
-15.349689808078724,13.514311414433855,12.082721732652487
-15.367815005595862,13.5365513827855,12.102701695541146
-15.385937204531492,13.558793994353776,12.12268159407304
-15.404056404789248,13.581039248701353,12.142661428141924
-15.422172606272781,13.603287145390889,12.162641197641554
-15.440285808885758,13.625537683985025,12.182620902465686
-15.458396012531859,13.64779086404639,12.20260054250808
-15.476503217114782,13.6700466851376,12.222580117662488
-15.494607422538243,13.692305146821251,12.242559627822672
-15.51270862870597,13.714566248659933,12.262539072882388
-15.53080683552171,13.736829990216219,12.282518452735395
-15.548902042889226,13.759096371052664,12.302497767275451
-15.566994250712293,13.781365390731812,12.322477016396316
-15.585083458894706,13.803637048816196,12.342456199991748
-15.603169667340277,13.825911344868329,12.362435317955507
-15.621252875952827,13.848188278450715,12.382414370181353
-15.639333084636199,13.870467849125843,12.402393356563046
-15.657410293294253,13.892750056456185,12.422372276994347
-15.67548450183086,13.9150349000042,12.442351131369016
-15.69355571014991,13.937322379332334,12.462329919580815
-15.71162391815531,13.959612494003023,12.482308641523508
-15.729689125750978,13.981905243578682,12.502287297090854
-15.747751332840854,14.004200627621714,12.522265886176617
-15.765810539328891,14.02649864569451,12.54224440867456
-15.783866745119058,14.048799297359444,12.562222864478443
-15.80191995011534,14.07110258217888,12.582201253482033
-15.819970154221735,14.093408499715167,12.602179575579095
-15.838017357342265,14.115717049530636,12.62215783066339
-15.856061559380962,14.138028231187608,12.642136018628683
-15.874102760241874,14.16034204424839,12.662114139368741
-15.892140959829065,14.182658488275274,12.682092192777327
-15.91017615804662,14.204977562830537,12.702070178748208
-15.92820835479863,14.227299267476443,12.722048097175147
-15.94623754998921,14.249623601775241,12.742025947951914
-15.96426374352249,14.271950565289167,12.762003730972275
-15.982286935302616,14.294280157580443,12.781981446129995
-16.000307125233746,14.316612378211278,12.801959093318844
-16.01832431322006,14.338947226743867,12.821936672432589
-16.036338499165744,14.361284702740386,12.841914183364999
-16.054349682975012,14.383624805763006,12.86189162600984
-16.07235786455209,14.405967535373875,12.881869000260881
-16.09036304380121,14.428312891135134,12.901846306011894
-16.10836522062664,14.450660872608905,12.921823543156647
-16.126364394932644,14.4730114793573,12.94180071158891
-16.144360566623515,14.495364710942413,12.961777811202452
-16.162353735603553,14.517720566926329,12.981754841891046
-16.180343901777082,14.540079046871115,13.001731803548463
-16.198331065048436,14.562440150338825,13.021708696068472
-16.21631522532197,14.584803876891499,13.041685519344847
-16.234296382502052,14.607170226091165,13.061662273271361
-16.25227453649306,14.629539197499836,13.081638957741784
-16.270249687199406,14.651910790679509,13.10161557264989
-16.288221834525498,14.674285005192168,13.121592117889453
-16.30619097837577,14.696661840599784,13.141568593354245
-16.324157118654668,14.719041296464315,13.161544998938043
-16.342120255266657,14.741423372347702,13.181521334534617
-16.36008038811622,14.763808067811878,13.201497600037746
-16.37803751710785,14.786195382418754,13.2214737953412
-16.395991642146058,14.808585315730232,13.241449920338761
-16.413942763135378,14.8309778673082,13.261425974924201
-16.431890879980347,14.85337303671453,13.281401958991298
-16.449835992585527,14.87577082351108,13.301377872433825
-16.467778100855497,14.898171227259699,13.321353715145563
-16.485717204694847,14.920574247522216,13.341329487020287
-16.503653304008182,14.942979883860449,13.361305187951777
-16.52158639870013,14.965388135836202,13.381280817833808
-16.53951648867533,14.987799003011263,13.401256376560163
-16.557443573838434,15.01021248494741,13.421231864024616
-16.57536765409412,15.032628581206403,13.441207280120949
-16.59328872934707,15.055047291349991,13.461182624742941
-16.61120679950199,15.077468614939908,13.481157897784373
-16.6291218644636,15.099892551537875,13.501133099139025
-16.647033924136633,15.1223191007056,13.521108228700676
-16.664942978425845,15.14474826200477,13.54108328636311
-16.682849027236003,15.167180034997067,13.561058272020107
-16.70075207047189,15.189614419244155,13.581033185565447
-16.718652108038302,15.212051414307684,13.601008026892917
-16.736549139840058,15.234491019749292,13.620982795896294
-16.754443165781993,15.256933235130603,13.640957492469367
-16.772334185768948,15.279378060013224,13.660932116505917
-16.790222199705788,15.30182549395875,13.680906667899725
-16.808107207497397,15.324275536528765,13.700881146544578
-16.825989209048664,15.346728187284834,13.720855552334262
-16.843868204264506,15.369183445788511,13.740829885162562
-16.861744193049848,15.391641311601338,13.76080414492326
-16.87961717530963,15.414101784284838,13.780778331510144
-16.897487150948816,15.436564863400523,13.800752444816998
-16.915354119872383,15.459030548509892,13.820726484737612
-16.93321808198532,15.48149883917443,13.840700451165773
-16.951079037192635,15.503969734955607,13.860674343995266
-16.96893698539935,15.526443235414881,13.88064816311988
-16.986791926510502,15.548919340113692,13.900621908433402
-17.004643860431155,15.571398048613469,13.920595579829623
-17.022492787066373,15.59387936047563,13.940569177202327
-17.040338706321243,15.616363275261573,13.960542700445307
-17.058181618100875,15.638849792532689,13.980516149452354
-17.07602152231038,15.661338911850349,14.000489524117256
-17.0938584188549,15.68383063277591,14.020462824333803
-17.111692307639586,15.706324954870723,14.040436049995787
-17.129523188569603,15.728821877696117,14.060409200997
-17.147351061550133,15.75132140081341,14.080382277231232
-17.165175926486373,15.773823523783909,14.100355278592277
-17.182997783283547,15.796328246168901,14.120328204973925
-17.20081663184688,15.818835567529666,14.14030105626997
-17.21863247208162,15.841345487427466,14.160273832374205
-17.23644530389303,15.863858005423548,14.180246533180426
-17.254255127186394,15.88637312107915,14.200219158582424
-17.272061941867,15.90889083395549,14.220191708473996
-17.289865747840164,15.931411143613781,14.240164182748934
-17.307666545011212,15.953934049615212,14.260136581301035
-17.32546433328549,15.976459551520964,14.280108904024095
-17.34325911256835,15.998987648892205,14.300081150811911
-17.361050882765177,16.021518341290086,14.320053321558277
-17.378839643781355,16.044051628275746,14.340025416156992
-17.396625395522296,16.06658750941031,14.359997434501853
-17.41440813789342,16.089125984254892,14.379969376486658
-17.43218787080017,16.111667052370585,14.399941242005204
-17.449964594147996,16.134210713318474,14.419913030951287
-17.467738307842374,16.156756966659625,14.43988474321871
-17.48550901178879,16.1793058119551,14.459856378701273
-17.503276705892745,16.201857248765936,14.479827937292773
-17.52104139005976,16.224411276653164,14.49979941888701
-17.53880306419537,16.246967895177796,14.519770823377785
-17.55656172820513,16.269527103900835,14.5397421506589
-17.5743173819946,16.29208890238327,14.559713400624158
-17.59207002546937,16.31465329018607,14.579684573167357
-17.609819658535038,16.337220266870197,14.599655668182303
-17.627566281097216,16.359789831996597,14.619626685562794
-17.64530989306154,16.3823619851262,14.639597625202638
-17.663050494333653,16.404936725819926,14.659568486995637
-17.680788084819223,16.427514053638678,14.679539270835592
-17.698522664423926,16.450093968143346,14.69950997661631
-17.71625423305346,16.472676468894807,14.719480604231595
-17.73398279061353,16.49526155545393,14.739451153575255
-17.75170833700987,16.517849227381554,14.75942162454109
-17.76943087214822,16.540439484238522,14.77939201702291
-17.787150395934344,16.563032325585656,14.799362330914521
-17.80486690827401,16.58562775098376,14.819332566109727
-17.82258040907302,16.60822575999363,14.839302722502337
-17.84029089823717,16.630826352176047,14.85927279998616
-17.857998375672295,16.65342952709178,14.879242798455003
-17.875702841284227,16.67603528430158,14.899212717802673
-17.893404294978822,16.698643623366184,14.919182557922978
-17.911102736661952,16.721254543846324,14.93915231870973
-17.928798166239506,16.74386804530271,14.95912200005674
-17.946490583617386,16.76648412729603,14.979091601857816
-17.964179988701513,16.789102789386984,14.999061124006767
-17.981866381397825,16.811724031136237,15.019030566397408
-17.99954976161227,16.834347852104443,15.038999928923548
-18.017230129250812,16.85697425185225,15.058969211478999
-18.034907484219445,16.879603229940283,15.078938413957571
-18.052581826424163,16.90223478592916,15.098907536253082
-18.07025315577098,16.924868919379485,15.118876578259341
-18.08792147216593,16.947505629851843,15.138845539870163
-18.105586775515057,16.97014491690681,15.158814420979361
-18.12324906572443,16.99278678010495,15.178783221480751
-18.140908342700126,17.015431219006807,15.198751941268146
-18.158564606348243,17.038078233172918,15.218720580235361
-18.176217856574894,17.060727822163802,15.238689138276214
-18.193868093286202,17.083379985539963,15.258657615284521
-18.21151531638831,17.106034722861896,15.278626011154097
-18.229159525787388,17.12869203369008,15.298594325778758
-18.246800721389604,17.15135191758498,15.318562559052324
-18.26443890310115,17.174014374107042,15.33853071086861
-18.282074070828237,17.196679402816713,15.358498781121439
-18.299706224477085,17.21934700327441,15.378466769704625
-18.317335363953937,17.24201717504055,15.39843467651199
-18.33496148916505,17.264689917675533,15.418402501437352
-18.35258460001669,17.28736523073973,15.438370244374532
-18.370204696415154,17.31004311379352,15.458337905217348
-18.38782177826674,17.332723566397252,15.478305483859625
-18.405435845477772,17.355406588111276,15.498272980195182
-18.423046897954585,17.378092178495915,15.51824039411784
-18.44065493560353,17.400780337111488,15.538207725521422
-18.458259958330974,17.423471063518292,15.558174974299751
-18.475861966043304,17.446164357276615,15.57814214034665
-18.49346095864692,17.468860217946734,15.598109223555943
-18.511056936048238,17.491558645088908,15.618076223821454
-18.528649898153695,17.514259638263383,15.638043141037008
-18.54623984486973,17.536963197030392,15.658009975096427
-18.563826776102818,17.559669320950157,15.677976725893538
-18.58141069175943,17.582378009582882,15.697943393322166
-18.598991591746067,17.60508926248876,15.717909977276138
-18.616569475969243,17.627803079227967,15.737876477649282
-18.634144344335482,17.65051945936067,15.757842894335422
-18.651716196751334,17.673238402447016,15.777809227228389
-18.66928503312336,17.695959908047147,15.797775476222007
-18.68685085335813,17.718683975721188,15.817741641210107
-18.704413657362245,17.741410605029245,15.837707722086517
-18.72197344504231,17.764139795531417,15.857673718745065
-18.739530216304946,17.786871546787786,15.877639631079585
-18.7570839710568,17.809605858358424,15.897605458983902
-18.774634709204527,17.832342729803386,15.91757120235185
-18.7921824306548,17.855082160682716,15.937536861077259
-18.80972713531431,17.87782415055644,15.957502435053962
-18.827268823089756,17.90056869898457,15.977467924175789
-18.844807493887867,17.923315805527114,15.997433328336573
-18.862343147615373,17.946065469744052,16.017398647430145
-18.87987578417903,17.968817691195365,16.03736388135034
-18.89740540348561,17.99157246944101,16.057329029990996
-18.914932005441894,18.014329804040937,16.077294093245943
-18.932455589954685,18.03708969455508,16.097259071009017
-18.949976156930802,18.059852140543356,16.117223963174048
-18.96749370627708,18.08261714156567,16.13718876963488
-18.985008237900363,18.10538469718192,16.157153490285342
-19.002519751707517,18.128154806951976,16.177118125019277
-19.020028247605428,18.15092747043571,16.197082673730517
-19.03753372550099,18.173702687192975,16.2170471363129
-19.055036185301116,18.196480456783608,16.237011512660263
-19.072535626912742,18.21926077876743,16.256975802666446
-19.090032050242808,18.24204365270426,16.27694000622529
-19.107525455198278,18.26482907815389,16.29690412323063
-19.125015841686132,18.287617054676108,16.31686815357631
-19.14250320961336,18.310407581830678,16.33683209715617
-19.15998755888697,18.33320065917736,16.356795953864044
-19.177468889413998,18.3559962862759,16.376759723593782
-19.194947201101474,18.378794462686024,16.396723406239218
-19.21242249385646,18.401595187967448,16.416687001694203
-19.229894767586035,18.42439846167988,16.43665050985257
-19.247364022197285,18.447204283383,16.456613930608167
-19.264830257597318,18.470012652636495,16.47657726385484
-19.282293473693255,18.49282356900002,16.496540509486426
-19.299753670392235,18.515637032033226,16.516503667396773
-19.317210847601412,18.538453041295746,16.536466737479724
-19.334665005227958,18.5612715963472,16.55642971962913
-19.352116143179057,18.584092696747202,16.57639261373883
-19.369564261361916,18.606916342055342,16.59635541970267
-19.38700935968375,18.6297425318312,16.616318137414506
-19.40445143805179,18.652571265634347,16.636280766768177
-19.421890496373294,18.675402543024333,16.65624330765753
-19.43932653455553,18.6982363635607,16.67620575997642
-19.456759552505776,18.721072726802976,16.696168123618687
-19.47418955013133,18.743911632310674,16.716130398478185
-19.491616527339513,18.76675307964329,16.736092584448766
-19.50904048403765,18.78959706836031,16.756054681424278
-19.526461420133092,18.81244359802121,16.776016689298565
-19.5438793355332,18.835292668185453,16.795978607965488
-19.561294230145357,18.858144278412478,16.815940437318893
-19.578706103876954,18.880998428261716,16.83590217725263
-19.596114956635404,18.903855117292593,16.855863827660556
-19.61352078832813,18.926714345064507,16.87582538843652
-19.630923598862584,18.949576111136853,16.89578685947438
-19.648323388146224,18.97244041506901,16.915748240667984
-19.665720156086522,18.99530725642034,16.93570953191119
-19.683113902590968,19.018176634750194,16.95567073309785
-19.700504627567074,19.04104854961791,16.975631844121825
-19.717892330922364,19.063923000582815,16.995592864876965
-19.735277012564374,19.086799987204216,17.015553795257127
-19.752658672400667,19.10967950904141,17.035514635156172
-19.770037310338807,19.132561565653685,17.055475384467954
-19.787412926286386,19.15544615660031,17.075436043086327
-19.80478552015101,19.178333281440537,17.09539661090515
-19.8221550918403,19.201222939733615,17.11535708781829
-19.83952164126189,19.224115131038772,17.135317473719596
-19.856885168323426,19.247009854915223,17.155277768502934
-19.874245672932584,19.269907110922173,17.175237972062163
-19.891603154997053,19.29280689861881,17.195198084291142
-19.908957614424526,19.315709217564308,17.215158105083734
-19.926309051122722,19.338614067317835,17.235118034333798
-19.943657464999372,19.361521447438534,17.2550778719352
-19.961002855962228,19.384431357485543,17.2750376177818
-19.978345223919053,19.407343797017983,17.294997271767457
-19.99568456877763,19.430258765594967,17.314956833786038
-20.013020890445752,19.45317626277559,17.334916303731408
-20.030354188831236,19.476096288118928,17.354875681497433
-20.047684463841907,19.499018841184053,17.374834966977975
-20.06501171538562,19.521943921530017,17.394794160066898
-20.08233594337023,19.544871528715863,17.41475326065807
-20.09965714770361,19.567801662300617,17.43471226864536
-20.11697532829366,19.5907343218433,17.454671183922628
-20.134290485048282,19.613669506902905,17.474630006383748
-20.15160261787541,19.636607217038428,17.494588735922587
-20.168911726682985,19.65954745180884,17.51454737243301
-20.186217811378963,19.6824902107731,17.53450591580889
-20.20352087187132,19.705435493490153,17.554464365944092
-20.22082090806804,19.728383299518942,17.574422722732486
-20.238117919877133,19.751333628418376,17.594380986067943
-20.25541190720662,19.77428647974737,17.614339155844338
-20.272702869964544,19.79724185306482,17.634297231955536
-20.289990808058956,19.820199747929596,17.654255214295414
-20.30727572139793,19.843160163900574,17.674213102757843
-20.324557609889546,19.866123100536605,17.694170897236695
-20.34183647344191,19.88908855739653,17.714128597625848
-20.359112311963138,19.912056534039174,17.73408620381917
-20.376385125361367,19.93502703002335,17.75404371571054
-20.393654913544747,19.958000044907855,17.774001133193828
-20.41092167642145,19.98097557825148,17.793958456162912
-20.42818541389965,20.003953629613004,17.813915684511667
-20.445446125887553,20.026934198551178,17.83387281813397
-20.462703812293373,20.04991728462475,17.853829856923696
-20.479958473025338,20.072902887392456,17.873786800774724
-20.4972101079917,20.095891006413012,17.89374364958093
-20.514458717100723,20.118881641245128,17.9137004032362
-20.53170430026068,20.141874791447492,17.933657061634403
-20.548946857379875,20.164870456578786,17.953613624669423
-20.566186388366617,20.187868636197678,17.97357009223514
-20.583422893129228,20.210869329862817,17.993526464225432
-20.60065637157606,20.233872537132843,18.013482740534183
-20.61788682361547,20.25687825756638,18.03343892105527
-20.635114249155833,20.27988649072205,18.05339500568258