
0.012819895191420932,0.0005229952269792941,-0.015622127436319858
0.02634231258417743,0.0013823807274505576,-0.03170857401828269
0.04058501236437325,0.00259431146489818,-0.048311372131004955
0.05556172120120604,0.004175837037432168,-0.06548224325903053
0.07128162124662556,0.006145428254698193,-0.08327132006247279
0.08774897653303505,0.008523396967770613,-0.10172614692606535
0.1049630302608055,0.011332112324312204,-0.12089104290446642
0.12291804897005545,0.014596038214068116,-0.14080702352072932
0.14160359750299775,0.018341715854814793,-0.16080600166392658
0.16100715584514722,0.022593047414068798,-0.1808049789520293
0.18100777668894114,0.027374928030213755,-0.20080395527869185
0.20100913827572642,0.032711528855116336,-0.2208029305375686
0.2210113227068354,0.03861491947692714,-0.2408019046223139
0.24101441390938894,0.04509806783289739,-0.2608008774265822
0.26101849773247443,0.0521743624182722,-0.2807998488440278
0.2810236619620278,0.05985697523156477,-0.30079881876830517
0.30102999623758947,0.06815815319426159,-0.32079778709306866
0.3210375918801142,0.0770887069811302,-0.3407967537119727
0.3410465416591397,0.08665769058542,-0.3607957185186717
0.3610569395224008,0.09687220676910989,-0.38079468140682016
0.3810688803176557,0.1077374948007939,-0.4007936422700724
0.4010824595349573,0.1192571230977811,-0.42079260100208304
0.42109777307521234,0.13143315707269862,-0.44079155749650645
0.44111491704669686,0.14426637466384262,-0.4607905116469971
0.4611339876006549,0.15775658676973084,-0.4807894633472094
0.48115508079958286,0.1719027650414645,-0.500788412490798
0.501178292514722,0.18670331463360387,-0.5207873589714173
0.5212037183556801,0.2021562420508811,-0.5407863026827219
0.5412314536278702,0.2182593687712888,-0.5607852435183663
0.5612615933179058,0.23501050100015416,-0.5807841813720052
0.5812942321033371,0.25240759370216737,-0.6007831161372928
0.6013294643904812,0.2704489718538657,-0.6207820477078843
0.6213673843757598,0.28913343153314636,-0.6407809759774337
0.641408086125951,0.30846039822922816,-0.6607799008395959
0.6614516589639838,0.3283653917019011,-0.6807788221880255
0.681498145147039,0.34826746174500034,-0.7007777399163773
0.7015475445685181,0.3681666079336424,-0.7207766539183058
0.7215998571218075,0.38806282984295926,-0.7407755640874658
0.7416550827002779,0.40795612704809847,-0.760774470317512
0.7617132211972846,0.4278464991242231,-0.7807733725020992
0.7817742725061672,0.4477339456465119,-0.8007722705348821
0.8018382365202501,0.467618466190159,-0.8207711643095155
0.8219051131328421,0.4875000603303742,-0.8407700537196541
0.8419749022372365,0.5073787276423829,-0.8607689386589529
0.8620476037267111,0.5272544677014259,-0.8807678190210666
0.8821232174945283,0.5471272800827598,-0.9007666946996502
0.9022017434339349,0.5669971643616564,-0.9207655655883586
0.9222831814381621,0.5868641201134034,-0.9407644315808468
0.9423675314004261,0.6067281469133041,-0.9607632925707695
0.962454793213927,0.6265892443366773,-0.980762148451782
0.98254496677185,0.646447411958857,-1.0007609991175392
1.0026380519673643,0.6663026493551935,-1.020759844461696
1.0227340486936238,0.686154956101052,-1.0407586843779078
1.0428329568437673,0.7060043317718139,-1.0607575187598293
1.0629347763109174,0.7258507759428754,-1.0807563475011157
1.0830395069881817,0.745694288189649,-1.1007551704954224
1.1031471487686524,0.7655348680875627,-1.120753987636404
1.1232577015454057,0.7853725152120596,-1.1407527988177166
1.1433711652115028,0.805207229138599,-1.1607516039330148
1.1634875396599895,0.8250390094426554,-1.1807504028759541
1.1836068247838956,0.8448678556997191,-1.2007491955401899
1.2037290204762359,0.8646937674852959,-1.2207479818193772
1.2238541266300094,0.8845167443749071,-1.240746761607172
1.2439821431381999,0.90433678594409,-1.260745534797229
1.2641130698937755,0.924153891768397,-1.280744301283204
1.284246906789689,0.9439680614233965,-1.3007430609587527
1.3043836537188775,0.9637792944846723,-1.3207418137175302
1.3245233105742629,0.9835875905278239,-1.3407405594531923
1.3446658772487516,1.0033929491284663,-1.3607392980593944
1.3648113536352344,1.0231953698622305,-1.3807380294297924
1.3849597396265865,1.0429948523047625,-1.400736753458042
1.4051110351156675,1.0627913960317248,-1.4207354700377983
1.4252652399953223,1.0825850006187945,-1.4407341790627177
1.4454223541583795,1.1023756656416648,-1.4607328804264559
1.4655823774976529,1.1221633906760446,-1.4807315740226685
1.4857453099059403,1.1419481752976588,-1.5007302597450116
1.5059111512760242,1.1617300190822473,-1.520728937487141
1.5260799015006719,1.1815089216055656,-1.540727607142713
1.5462515604726346,1.2012848824433857,-1.560726268605383
1.5664261280846485,1.2210579011714942,-1.5807249217688075
1.5866036042294345,1.2408279773656938,-1.6007235665266424
1.6067839887996975,1.260595110601803,-1.6207222027725439
1.6269672816881275,1.2803593004556555,-1.6407208304001681
1.6471534827873986,1.3001205465031012,-1.6607194493031714
1.6673425919901697,1.3198788483200055,-1.6807180593752096
1.687534609189084,1.339634205482249,-1.7007166605099393
1.7077295342767693,1.3593866175657283,-1.720715252601017
1.7279273671458384,1.379136084146356,-1.7407138355420992
1.7481281076888877,1.39888260480006,-1.7607124092268422
1.768331755798499,1.4186261791027837,-1.7807109735489024
1.7885383113672382,1.4383668066304867,-1.8007095284019363
1.8087477742876559,1.4581044869591435,-1.8207080736796009
1.8289601444522874,1.477839219664745,-1.8407066092755526
1.849175421753652,1.4975710043232973,-1.8607051350834483
1.869393606084254,1.5172998405108225,-1.8807036509969444
1.889614697336582,1.537025727803358,-1.900702156909698
1.9098386954031097,1.5567486657769576,-1.9207006527153658
1.9300656001762946,1.57646865400769,-1.9406991383076049
1.9502954115485789,1.5961856920716397,-1.9606976135800724
1.9705281294123895,1.6158997795449073,-1.980696078426425
1.9907637536601384,1.6356109160036088,-2.00069453274032
2.011002284184221,1.655319101023876,-2.0206929764154147
2.031243720877018,1.6750243341818563,-2.040691409345366
2.0514880636308943,1.6947266150537128,-2.0606898314238307
2.0717353123381996,1.7144259432156246,-2.080688242544467
2.0919854668912685,1.734122318243786,-2.100686642600932
2.1122385271824196,1.7538157397144072,-2.120685031486883
2.1324944931039553,1.7735062072037144,-2.1406834090959777
2.1527533645481642,1.793193720287949,-2.160681775321873
2.1730151414073187,1.8128782785433686,-2.180680130058228
2.1932798235736755,1.8325598815462463,-2.200678473198699
2.213547410939476,1.8522385288728707,-2.220676804636944
2.2338179033969463,1.8719142200995462,-2.240675124266621
2.2540913008382972,1.8915869548025934,-2.260673431981388
2.2743676031557234,1.9112567325583483,-2.280671727674903
2.294646810241405,1.930923552943162,-2.300670011240823
2.314928921987506,1.9505874155334026,-2.3206682825728073
2.335213938286175,1.970248319905453,-2.3406665415645134
2.3555018590295456,1.9899062656357118,-2.3606647881095997
2.3757926841097357,2.009561252300594,-2.3806630221017238
2.396086413418848,2.0292132794765294,-2.400661243434545
2.416383046848969,2.0488623467399645,-2.420659452001721
2.4366825842921704,2.0685084536673615,-2.440657647696911
2.456985025640508,2.088151599835197,-2.4606558304137724
2.4772903707860228,2.107791784819965,-2.4806540000459645
2.4975986196207405,2.127429008198175,-2.500652156487146
2.5179097720366705,2.14706326954635,-2.5206502996309754
2.538223827925807,2.166694568441032,-2.5406484293711116
2.558540787180129,2.186322904458777,-2.5606465456012137
2.5788606496916002,2.205948277176157,-2.5806446482149403
2.5991834153521687,2.22557068616976,-2.6006427371059506
2.6195090840537665,2.2451901310161895,-2.620640812167904
2.639837655688311,2.264806611292064,-2.640638873294459
2.6601691301477044,2.2844201265740196,-2.6606369203792752
2.6805035073238326,2.3040306764387073,-2.680634953316012
2.7008407871085667,2.323638260462793,-2.700632971998328
2.7211809693937616,2.3432428782229593,-2.720630976319884
2.7415240540712578,2.362844529295905,-2.7406289661743384
2.7618700410328794,2.382443213258343,-2.7606269414553513
2.782218930170436,2.4020389296870035,-2.780624902056582
2.802570721375721,2.4216316781586325,-2.800622847871691
2.8229254145405127,2.4412214582499905,-2.8206207787943374
2.843283009556574,2.460808269537855,-2.8406186947181817
2.8636435063156527,2.480392111599018,-2.8606165955368836
2.88400690470948,2.49997298401029,-2.8806144811441037
2.904373204629773,2.5195508863484934,-2.9006123514335016
2.9247424059682325,2.5391258181904703,-2.9206102062987376
2.9451145086165447,2.558697779113076,-2.940608045633472
2.965489512466379,2.5782667686931813,-2.9606058693313653
2.985867417409391,2.597832786507675,-2.9806036772860782
3.0062482233372196,2.61739583213346,-3.000601469391271
3.026631930141489,2.6369559051474565,-3.0205992455406045
3.0470185377138073,2.656513005126598,-3.0405970056277396
3.067408045945768,2.676067131647837,-3.060594749546337
3.087800454728949,2.695618284288139,-3.080592477190058
3.108195763954912,2.7151664626244867,-3.100590188452563
3.1285939735152044,2.734711666233878,-3.120587883227513
3.1489950833013576,2.754253894693328,-3.14058556140857
3.169399093204887,2.7737931475798665,-3.1605832228893944
3.1898060031172943,2.7933294244705387,-3.180580867563648
3.210215812930064,2.812862724942406,-3.2005784953249923
3.2306285225346656,2.832393048572546,-3.2205761060670888
3.2510441318225536,2.8519203949380527,-3.240573699683599
3.271462640685167,2.8714447636160343,-3.260571276068185
3.291884049013929,2.8909661541836162,-3.2805688351145075
3.3123083567002483,2.910484566217939,-3.3005663767162297
3.3327355636355165,2.929999999296159,-3.3205639007670134
3.3531656697111116,2.949512452995449,-3.34056140716052
3.3735986748183953,2.969021926892997,-3.3605588957904122
3.394034578848714,2.9885284205660074,-3.380556366550352
3.4144733816933988,3.0080319335917,-3.4005538193340024
3.4349150832437654,3.0275324655473104,-3.420551254035025
3.4553596833911135,3.0470300160100905,-3.4405486705470834
3.475807182026728,3.0665245845573077,-3.4605460687638394
3.496257579041878,3.0860161707662455,-3.4805434485789557
3.516710874327818,3.105504774214203,-3.500540809886096
3.537167067775786,3.124990394478495,-3.5205381525789226
3.5576261592770053,3.144473031136453,-3.5405354765510983
3.5780881487226837,3.1639526837654235,-3.560532781696287
3.5985530360040134,3.183429351942769,-3.5805300679081515
3.619020821012171,3.2029030352458685,-3.600527335080355
3.639491503638318,3.2223737332521165,-3.6205245831065618
3.659965083773601,3.2418414455389226,-3.6405218118804346
3.6804415613091503,3.2613061716837137,-3.6605190212956376
3.700920936136081,3.2807679112639314,-3.680516211245834
3.7214032081454933,3.3002266638570337,-3.7005133816246882
3.741888377228471,3.319682429040495,-3.720510532325864
3.762376443276083,3.3391352063918043,-3.7405076632430254
3.782867406179384,3.3585849954884677,-3.7605047742698363
3.803361265829411,3.3780317959080057,-3.7805018652999616
3.823858022117188,3.397475607227957,-3.8004989362270654
3.8443576749337214,3.4169164290258736,-3.820495986944812
3.8648602241700036,3.4363542608793254,-3.840493017346866
3.885365669717011,3.4557891023658978,-3.860490027326893
3.9058740114657047,3.4752209530631912,-3.880487016778557
3.9263852493070313,3.494649812548823,-3.900483985595523
3.94689938313192,3.5140756804004254,-3.920480933671456
3.967416412831287,3.533498556195647,-3.940477860900022
3.987936338296031,3.552918439512153,-3.960474767174885
4.008459159417037,3.5723353299276237,-3.980471652389711
4.028984876085174,3.5917492270197555,-4.000468516438165
4.049513488191294,3.6111601303662604,-4.020465359213913
4.070044995626235,3.6305680395448667,-4.0404621806106205
4.090579398280821,3.649972954133319,-4.060458980521954
4.111116696045857,3.669374873709377,-4.0804557588415795
4.131656888812138,3.6887737978508177,-4.100452515463163
4.152199976470438,3.708169726135432,-4.120449250280369
4.17274595891152,3.727562658141028,-4.140445963186865
4.193294836026127,3.74695259344543,-4.160442654076318
4.213846607704991,3.766339531626477,-4.180439322842394
4.234401273838827,3.785723472262025,-4.20043596937876
4.254958834318334,3.8051044149299456,-4.2204325935790825
4.275519289034196,3.8244823592081265,-4.240429195337028
4.296082637877081,3.8438573046744713,-4.260425774546264
4.3166488807376435,3.8632292509068993,-4.280422331100457
4.337218017506521,3.8825981974833463,-4.300418864893274
4.357790048074335,3.9019641439817634,-4.320415375818384
4.378364972331695,3.921327089980118,-4.340411863769453
4.39894279016919,3.940687035056393,-4.360408328640149
4.419523501477399,3.960043978788588,-4.380404770324141
4.440107106146881,3.9793979207547183,-4.400401188715095
4.460693604068182,3.9987488605328148,-4.420397583706679
4.481282995131833,4.018096797700925,-4.440393955192563
4.501875279228348,4.03744173183711,-4.460390303066412
4.522470456248227,4.056783662519452,-4.480386627221898
4.543068526081953,4.076122589326045,-4.500382927552686
4.563669488619995,4.095458511834999,-4.520379203952447
4.584273343752807,4.114791429624442,-4.540375456314849
4.604880091370826,4.1341213422725165,-4.560371684533561
4.625489731364475,4.153448249357381,-4.580367888502253
4.646102263624161,4.172772150457211,-4.600364068114592
4.6667176880402765,4.192093045150197,-4.620360223264249
4.687336004503197,4.2114109330145455,-4.640356353844892
4.707957212903285,4.230725813628481,-4.660352459750191
4.728581313130883,4.2500376865702405,-4.680348540873816
4.7492083050763245,4.26934655141808,-4.700344597109437
4.769838188629922,4.28865240775027,-4.720340628350723
4.790470963681977,4.307955255145097,-4.740336634491344
4.811106630122771,4.327255093180865,-4.760332615424971
4.831745187842575,4.346551921435892,-4.780328571045274
4.852386636731642,4.365845739488512,-4.800324501245924
4.873030976680209,4.385136546917078,-4.82032040592059
4.8936782075785,4.404424343299955,-4.840316284962944
4.914328329316722,4.423709128215528,-4.860312138266657
4.934981341785066,4.442990901242194,-4.8803079657253985
4.955637244873708,4.462269661958368,-4.900303767232841
4.97629603847281,4.481545409942481,-4.920299542682655
4.996957722472519,4.500818144772982,-4.940295291968512
5.017622296762964,4.520087866028331,-4.960291014984084
5.038289761234259,4.539354573287008,-4.980286711623043
5.0589601157765065,4.558618266127509,-5.000282381779059
5.0796333602797885,4.5778789441283445,-5.020278025345806
5.100309494634174,4.597136606868041,-5.040273642216955
5.1209885187297175,4.616391253925142,-5.060269232286179
5.141670432456457,4.635642884878208,-5.080264795447149
5.162355235704414,4.654891499305812,-5.100260331593539
5.183042928363598,4.674137096786547,-5.120255840619021
5.203733510324,4.693379676899019,-5.140251322417268
5.224426981475596,4.712619239221852,-5.160246776881952
5.245123341708348,4.731855783333686,-5.180242203906748
5.265822590912204,4.751089308813175,-5.200237603385329
5.286524728977092,4.770319815238992,-5.220232975211366
5.307229755792927,4.789547302189822,-5.240228319278535
5.327937671249612,4.808771769244371,-5.260223635480509
5.348648475237028,4.827993215981358,-5.280218923710962
5.369362167645046,4.847211641979519,-5.300214183863567
5.3900787483635195,4.866427046817605,-5.3202094158319975
5.410798217282287,4.885639430074384,-5.3402046195099295
5.431520574291172,4.904848791328641,-5.360199794791037
5.452245819279981,4.924055130159175,-5.380194941568995
5.472973952138508,4.943258446144802,-5.4001900597374775
5.49370497275653,4.962458738864354,-5.42018514919016
5.514438881023807,4.98165600789668,-5.440180209820716
5.535175676830087,5.000850252820643,-5.460175241522823
5.555915360065099,5.020041473215125,-5.4801702441901545
5.576657930618561,5.03922966865902,-5.500165217716387
5.597403388380172,5.058414838731243,-5.5201601619951965
5.618151733239618,5.0775969830107215,-5.540155076920258
5.638902965086566,5.096776101076401,-5.560149962385247
5.659657083810672,5.115952192507241,-5.5801448182838405
5.680414089301576,5.13512525688222,-5.6001396445097145
5.7011739814489,5.154295293780328,-5.620134440956546
5.721936760142253,5.173462302780577,-5.640129207518011
5.742702425271227,5.192626283461992,-5.660123944087786
5.763470976725399,5.211787235403613,-5.680118650559549
5.784242414394332,5.230945158184499,-5.700113326826975
5.805016738167573,5.250100051383721,-5.720107972783744
5.825793947934652,5.269251914580371,-5.7401025883235315
5.846574043585086,5.2884007473535535,-5.760097173340015
5.867357025008377,5.307546549282391,-5.780091727726873
5.888142892094009,5.32668931994602,-5.800086251377784
5.908931644731451,5.345829058923597,-5.820080744186424
5.92972328281016,5.36496576579429,-5.840075206046474
5.950517806219574,5.384099440137287,-5.86006963685161
5.971315214849118,5.403230081531788,-5.8800640364955115
5.992115508588199,5.422357689557014,-5.9000584048718565
6.012918687326211,5.441482263792199,-5.920052741874325
6.0337247509525325,5.460603803816594,-5.940047047396594
6.054533699356526,5.479722309209465,-5.960041321332345
6.075345532427538,5.498837779550096,-5.980035563575257
6.0961602500549015,5.517950214417786,-6.0000297740190085
6.116977852127933,5.53705961339185,-6.020023952557279
6.137798338535934,5.556165976051621,-6.040018099083751
6.158621709168189,5.575269301976445,-6.060012213492101
6.17944796391397,5.5943695907456865,-6.080006295676011
6.200277102662532,5.613466841938725,-6.100000345529161
6.221109125303114,5.632561055134957,-6.119994362945234
6.241944031724942,5.651652229913795,-6.139988347817908
6.262781821817225,5.670740365854667,-6.1599823000408644
6.283622495469157,5.689825462537018,-6.179976219507783
6.304466052569915,5.708907519540309,-6.199970106112348
6.325312493008664,5.727986536444016,-6.219963959748239
6.346161816674552,5.7470625128276325,-6.239957780309138
6.3670140234567105,5.766135448270668,-6.259951567688726
6.387869113244258,5.785205342352647,-6.279945321780686
6.408727085926295,5.804272194653112,-6.299939042478701
6.429587941391909,5.823336004751622,-6.319932729676451
6.450451679530171,5.842396772227748,-6.3399263832676205
6.471318300230138,5.861454496661083,-6.3599200031458905
6.492187803380848,5.8805091776312315,-6.3799135892049454
6.513060188871329,5.899560814717816,-6.399907141338467
6.53393545659059,5.918609407500476,-6.419900659440139
6.554813606427625,5.937654955558866,-6.439894143403645
6.575694638271414,5.956697458472657,-6.4598875931226685
6.596578552010921,5.975736915821537,-6.479881008490893
6.617465347535094,5.994773327185209,-6.499874389402002
6.638355024732868,6.013806692143391,-6.519867735749681
6.659247583493159,6.032837010275822,-6.539861047427614
6.680143023704871,6.051864281162251,-6.559854324329485
6.7010413452568915,6.070888504382448,-6.579847566348978
6.721942548038092,6.089909679516197,-6.599840773379779
6.742846631937328,6.108927806143298,-6.619833945315572
6.763753596843444,6.127942883843569,-6.639827082050044
6.784663442645264,6.146954912196843,-6.659820183476878
6.805576169231598,6.16596389078297,-6.679813249489761
6.826491776491244,6.184969819181813,-6.699806279982378
6.8474102643129795,6.2039726969732545,-6.719799274848417
6.86833163258557,6.222972523737194,-6.739792233981563
6.889255881197767,6.241969299053544,-6.759785157275502
6.910183010038303,6.260963022502237,-6.77977804462392
6.931113018995896,6.279953693663217,-6.7997708959205045
6.952045907959252,6.298941312116449,-6.819763711058943
6.9729816768170565,6.317925877441912,-6.839756489932922
6.993920325457984,6.336907389219601,-6.85974923243613
7.014861853770693,6.355885847029526,-6.879741938462253
7.035806261643824,6.374861250451716,-6.899734607904978
7.056753548966004,6.393833599066216,-6.919727240657995
7.077703715625845,6.412802892453085,-6.939719836614991
7.098656761511945,6.431769130192399,-6.959712395669654
7.119612686512884,6.450732311864254,-6.979704917715673
7.140571490517226,6.469692437048756,-6.999697402646737
7.161533173413524,6.4886495053260305,-7.019689850356534
7.182497735090312,6.50760351627622,-7.039682260738754
7.20346517543611,6.526554469479481,-7.059674633687086
7.224435494339422,6.54550236451599,-7.07966696909522
7.245408691688738,6.564447200965936,-7.099659266856844
7.26638476737253,6.583388978409524,-7.119651526865649
7.28736372127926,6.602327696426979,-7.139643749015326
7.308345553297369,6.62126335459854,-7.159635933199564
7.329330263315285,6.640195952504461,-7.179628079312053
7.350317851221421,6.659125489725016,-7.199620187246485
7.371308316904174,6.67805196584049,-7.219612256896551
7.392301660251928,6.69697538043119,-7.239604288155941
7.4132978811530466,6.715895733077435,-7.2595962809183465
7.434296979495883,6.734813023359561,-7.279588235077459
7.455298955168775,6.7537272508579225,-7.299580150526971
7.476303808060042,6.772638415152889,-7.319572027160574
7.497311538057987,6.791546515824845,-7.339563864871961
7.518322145050904,6.810451552454194,-7.359555663554823
7.539335628927067,6.829353524621353,-7.379547423102852
7.560351989574735,6.848252431906757,-7.399539143409742
7.581371226882152,6.867148273890856,-7.419530824369186
7.602393340737549,6.886041050154118,-7.439522465874877
7.623418331029137,6.904930760277026,-7.459514067820507
7.644446197645116,6.923817403840079,-7.479505630099772
7.665476940473669,6.942700980423795,-7.499497152606364
7.686510559402964,6.961581489608705,-7.519488635233977
7.707547054321155,6.980458930975359,-7.5394800778763065
7.728586425116377,6.99933330410432,-7.559471480427046
7.749628671676753,7.018204608576171,-7.579462842779891
7.77067379389039,7.037072843971508,-7.599454164828535
7.791721791645379,7.055938009870946,-7.619445446466674
7.812772664829797,7.0748001058551155,-7.639436687588002
7.833826413331703,7.093659131504662,-7.659427888086217
7.854883037039144,7.112515086400249,-7.6794190478550135
7.87594253584015,7.1313679701225565,-7.699410166788086
7.897004909622736,7.1502177822522786,-7.7194012447791325
7.918070158274902,7.169064522370128,-7.739392281721849
7.939138281684632,7.187908190056833,-7.759383277509932
7.960209279739895,7.206748784893138,-7.779374232037077
7.981283152328645,7.225586306459804,-7.799365145196983
8.00235989933882,7.244420754337608,-7.819356016883346
8.023439520658346,7.263252128107344,-7.839346846989864
8.04452201617513,7.282080427349821,-7.859337635410235
8.065607385777062,7.300905651645866,-7.879328382038156
8.086695629352018,7.319727800576323,-7.899319086767325
8.107786746787866,7.3385468737220485,-7.9193097494914415
8.128880737972448,7.357362870663919,-7.939300370104204
8.149977602793598,7.376175790982826,-7.959290948499311
8.171077341139132,7.394985634259678,-7.979281484570461
8.19217995289685,7.4137924000753985,-7.999271978211355
8.213285437954541,7.43259608801093,-8.01926242931569
8.234393796199972,7.451396697647229,-8.039252837777166
8.255505027520899,7.470194228565268,-8.059243203489485
8.276619131805061,7.488988680346038,-8.079233526346345
8.297736108940185,7.507780052570545,-8.099223806241447
8.318855958813979,7.52656834481981,-8.119214043068492
8.339978681314136,7.545353556674875,-8.13920423672118
8.361104276328335,7.564135687716792,-8.159194387093214
8.382232743744241,7.582914737526637,-8.179184494078292
8.403364083449503,7.6016907056854945,-8.19917455757012
8.424498295331752,7.620463591774471,-8.219164577462397
8.445635379278606,7.639233395374687,-8.239154553648826
8.466775335177669,7.658000116067279,-8.259144486023107
8.487918162916525,7.676763753433402,-8.279134374478945
8.50906386238275,7.695524307054225,-8.299124218910043
8.530212433463896,7.714281776510936,-8.319114019210103
8.551363876047509,7.733036161384737,-8.339103775272827
8.57251819002111,7.751787461256847,-8.35909348699192
8.593675375272214,7.770535675708502,-8.379083154261084
8.614835431688315,7.7892808043209545,-8.399072776974023
8.635998359156893,7.808022846675473,-8.419062355024442
8.657164157565415,7.826761802353342,-8.439051888306047
8.678332826801327,7.845497670935864,-8.45904137671254
8.699504366752066,7.864230452004356,-8.479030820137627
8.720678777305052,7.882960145140151,-8.499020218475012
8.741856058347686,7.901686749924602,-8.519009571618401
8.763036209767359,7.920410265939075,-8.5389988794615
8.784219231451443,7.9391306927649525,-8.558988141898014
8.805405123287299,7.957848029983636,-8.57897735882165
8.826593885162266,7.976562277176542,-8.598966530126113
8.847785516963674,7.995273433925101,-8.61895565570511
8.868980018578835,8.013981499810765,-8.638944735452347
8.890177389895046,8.032686474414996,-8.658933769261532
8.911377630799587,8.05138835731928,-8.678922757026374
8.932580741179727,8.070087148105113,-8.698911698640577
8.953786720922716,8.088782846354011,-8.718900593997851
8.974995569915793,8.107475451647506,-8.738889442991905
8.996207288046174,8.126164963567144,-8.758878245516444
9.017421875201068,8.14485138169449,-8.778867001465178
9.038639331267666,8.163534705611125,-8.798855710731814
9.05985965613314,8.182214934898647,-8.818844373210064
9.08108284968465,8.20089206913867,-8.838832988793635
9.102308911809343,8.21956610791282,-8.858821557376238
9.123537842394347,8.238237050802748,-8.878810078851583
9.144769641326775,8.256904897390116,-8.898798553113378
9.166004308493727,8.275569647256605,-8.918786980055335
9.187241843782289,8.294231299983908,-8.938775359571165
9.208482247079523,8.312889855153738,-8.958763691554577
9.229725518272486,8.331545312347824,-8.978751975899282
9.250971657248217,8.350197671147914,-8.998740212498992
9.272220663893737,8.368846931135765,-9.018728401247419
9.293472538096053,8.387493091893159,-9.038716542038273
9.314727279742156,8.40613615300189,-9.058704634765267
9.335984888719024,8.42477611404377,-9.078692679322112
9.357245364913618,8.443412974600626,-9.098680675602521
9.378508708212886,8.462046734254303,-9.11866862350021
9.399774918503757,8.48067739258666,-9.138656522908887
9.421043995673147,8.499304949179574,-9.158644373722268
9.442315939607958,8.517929403614941,-9.178632175834068
9.463590750195074,8.53655075547467,-9.198619929137998
9.484868427321366,8.555169004340689,-9.218607633527773
9.506148970873687,8.573784149794939,-9.238595288897107
9.527432380738878,8.59239619141938,-9.258582895139714
9.548718656803764,8.611005128795991,-9.278570452149312
9.570007798955153,8.629610961506764,-9.298557959819613
9.591299807079839,8.648213689133707,-9.318545418044332
9.612594681064602,8.666813311258844,-9.338532826717188
9.633892420796203,8.685409827464222,-9.358520185731892
9.65519302616139,8.704003237331895,-9.378507494982165
9.676496497046898,8.722593540443942,-9.39849475436172
9.697802833339443,8.741180736382452,-9.418481963764274
9.719112034925729,8.759764824729535,-9.438469123083545
9.740424101692442,8.778345805067318,-9.458456232213251
9.761739033526254,8.796923676977938,-9.478443291047109
9.783056830313821,8.815498440043555,-9.498430299478835
9.804377491941786,8.834070093846345,-9.518417257402149
9.825701018296774,8.852638637968496,-9.53840416471077
9.847027409265397,8.871204071992217,-9.558391021298414
9.86835666473425,8.889766395499732,-9.578377827058802
9.889688784589914,8.908325608073282,-9.598364581885651
9.911023768718955,8.926881709295124,-9.61835128567268
9.932361617007922,8.945434698747531,-9.638337938313612
9.95370232934335,8.963984576012795,-9.658324539702164
9.97504590561176,8.982531340673221,-9.678311089732057
9.996392345699654,9.001074992311134,-9.698297588297013
10.017741649493523,9.019615530508872,-9.71828403529075
10.03909381687984,9.038152954848792,-9.738270430606992
10.060448847745063,9.056687264913268,-9.758256774139458
10.081806741975637,9.07521846028469,-9.778243065781869
10.103167499457989,9.093746540545462,-9.798229305427949
10.124531120078533,9.11227150527801,-9.818215492971417
10.145897603723666,9.13079335406477,-9.838201628305999
10.167266950279773,9.1493120864882,-9.858187711325415
10.188639159633219,9.16782770213077,-9.87817374192339
10.210014231670357,9.186340200574971,-9.898159719993647
10.231392166277523,9.204849581403309,-9.918145645429908
10.25277296334104,9.223355844198306,-9.938131518125898
10.274156622747212,9.241858988542498,-9.958117337975338
10.295543144382332,9.260359014018444,-9.978103104871956
10.316932528132677,9.278855920208715,-9.998088818709475
10.338324773884507,9.297349706695897,-10.018074479381621
10.359719881524066,9.315840373062597,-10.038060086782117
10.381117850937587,9.334327918891436,-10.058045640804691
10.402518682011284,9.352812343765054,-10.078031141343068
10.423922374631356,9.371293647266103,-10.098016588290974
10.44532892868399,9.389771828977256,-10.118001981542136
10.466738344055353,9.408246888481203,-10.137987320990279
10.4881506206316,9.426718825360647,-10.15797260652913
10.509565758298871,9.44518763919831,-10.177957838052416
10.530983756943288,9.463653329576925,-10.197943015453864
10.55240461645096,9.482115896079252,-10.217928138627205
10.573828336707983,9.50057533828806,-10.237913207466164
10.595254917600432,9.519031655786138,-10.25789822186447
10.616684359014371,9.53748484815629,-10.277883181715854
10.63811666083585,9.555934914981336,-10.297868086914042
10.659551822950899,9.574381855844114,-10.317852937352763
10.680989845245536,9.592825670327478,-10.337837732925747
10.702430727605764,9.6112663580143,-10.357822473526726
10.723874469917568,9.629703918487467,-10.377807159049427
10.745321072066924,9.648138351329882,-10.397791789387583
10.766770533939782,9.666569656124466,-10.417776364434923
10.78822285542209,9.684997832454156,-10.437760884085177
10.80967803639977,9.703422879901908,-10.457745348232079
10.831136076758735,9.72184479805069,-10.477729756769358
10.852596976384879,9.74026358648349,-10.497714109590747
10.874060735164083,9.758679244783313,-10.517698406589979
10.895527352982214,9.77709177253318,-10.537682647660784
10.916996829725118,9.795501169316125,-10.557666832696897
10.938469165278635,9.813907434715203,-10.57765096159205
10.959944359528581,9.832310568313487,-10.597635034239978
10.981422412360763,9.85071056969406,-10.617619050534413
11.002903323660968,9.86910743844003,-10.637603010369089
11.024387093314973,9.887501174134517,-10.657586913637738
11.045873721208533,9.905891776360654,-10.677570760234097
11.067363207227395,9.924279244701598,-10.697554550051901
11.088855551257286,9.94266357874052,-10.717538282984885
11.11035075318392,9.961044778060607,-10.737521958926784
11.131848812892995,9.97942284224506,-10.757505577771337
11.153349730270193,9.997797770877103,-10.777489139412275
11.174853505201183,10.01616956353997,-10.797472643743335
11.196360137571617,10.034538219816916,-10.817456090658256
11.217869627267131,10.052903739291212,-10.837439480050774
11.23938197417335,10.071266121546143,-10.857422811814628
11.260897178175878,10.089625366165016,-10.877406085843552
11.282415239160308,10.10798147273115,-10.897389302031286
11.303936157012217,10.126334440827883,-10.917372460271567
11.325459931617164,10.144684270038566,-10.937355560458135
11.3469865628607,10.163030959946573,-10.957338602484727
11.368516050628351,10.18137451013529,-10.977321586245083
11.390048394805635,10.199714920188121,-10.997304511632942
11.411583595278055,10.218052189688489,-11.017287378542045
11.433121651931092,10.236386318219829,-11.037270186866133
11.454662564650219,10.254717305365594,-11.057252936498942
11.47620633332089,10.273045150709255,-11.077235627334217
11.497752957828546,10.291369853834299,-11.097218259265697
11.51930243805861,10.309691414324233,-11.117200832187123
11.540854773896493,10.328009831762575,-11.137183345992238
11.562409965227587,10.346325105732864,-11.157165800574782
11.583968011937273,10.364637235818655,-11.177148195828499
11.605528913910915,10.382946221603518,-11.197130531647131
11.62709267103386,10.401252062671041,-11.217112807924421
11.648659283191444,10.41955475860483,-11.237095024554112
11.670228750268985,10.437854308988506,-11.257077181429947
11.691801072151783,10.456150713405703,-11.27705927844567
11.713376248725131,10.474443971440081,-11.297041315495024
11.7349542798743,10.492734082675309,-11.317023292471756
11.756535165484545,10.511021046695074,-11.33700520926961
11.77811890544111,10.529304863083082,-11.356987065782329
11.799705499629225,10.547585531423055,-11.376968861903661
11.8212949479341,10.56586305129873,-11.39695059752735
11.84288725024093,10.584137422293864,-11.416932272547145
11.864482406434897,10.602408643992229,-11.436913886856788
11.886080416401171,10.620676715977611,-11.456895440350028
11.907681280024901,10.638941637833817,-11.47687693292061
11.929284997191225,10.657203409144667,-11.496858364462286
11.950891567785263,10.675462029494003,-11.5168397348688
11.97250099169212,10.693717498465679,-11.5368210440339
11.99411326879689,10.711969815643569,-11.556802291851335
12.015728398984644,10.730218980611559,-11.576783478214855
12.037346382140445,10.748464992953556,-11.596764603018208
12.058967218149338,10.766707852253484,-11.616745666155142
12.08059090689635,10.784947558095283,-11.636726667519408
12.102217448266503,10.803184110062906,-11.656707607004757
12.12384684214479,10.821417507740328,-11.676688484504936
12.145479088416199,10.839647750711539,-11.696669299913697
12.167114186965698,10.857874838560543,-11.716650053124795
12.188752137678241,10.876098770871366,-11.736630744031975
12.210392940438767,10.894319547228045,-11.756611372528992
12.232036595132202,10.912537167214643,-11.776591938509599
12.253683101643452,10.930751630415227,-11.796572441867545
12.275332459857411,10.94896293641389,-11.816552882496584
12.29698466965896,10.96717108479474,-11.83653326029047
12.318639730932958,10.985376075141902,-11.856513575142955
12.340297643564256,11.003577907039512,-11.876493826947792
12.361958407437687,11.021776580071732,-11.896474015598736
12.383622022438066,11.039972093822735,-11.916454140989542
12.4052884884502,11.058164447876711,-11.936434203013963
12.426957805358873,11.07635364181787,-11.956414201565755
12.448629973048858,11.094539675230434,-11.976394136538673
12.470304991404912,11.112722547698647,-11.996374007826473
12.49198286031178,11.130902258806767,-12.01635381532291
12.513663579654182,11.149078808139068,-12.036333558921742
12.535347149316834,11.167252195279843,-12.056313238516724
12.557033569184433,11.185422419813403,-12.076292854001613
12.578722839141658,11.20358948132407,-12.096272405270168
12.600414959073177,11.221753379396187,-12.116251892216145
12.62210992886364,11.239914113614114,-12.136231314733303
12.643807748397684,11.258071683562228,-12.1562106727154
12.665508417559929,11.276226088824922,-12.176189966056194
12.68721193623498,11.294377328986604,-12.196169194649444
12.70891830430743,11.3125254036317,-12.216148358388912
12.730627521661848,11.330670312344656,-12.236127457168354
12.752339588182801,11.348812054709931,-12.256106490881532
12.774054503754831,11.366950630312003,-12.276085459422207
12.795772268262468,11.385086038735365,-12.296064362684138
12.817492881590226,11.403218279564527,-12.316043200561088
12.839216343622605,11.421347352384018,-12.336021972946817
12.860942654244088,11.439473256778381,-12.356000679735088
12.882671813339146,11.45759599233218,-12.375979320819662
12.904403820792231,11.475715558629991,-12.395957896094302
12.926138676487783,11.49383195525641,-12.41593640545277
12.947876380310229,11.511945181796047,-12.435914848788832
12.969616932143973,11.530055237833533,-12.455893225996249
12.99136033187341,11.548162122953512,-12.475871536968786
13.01310657938292,11.566265836740646,-12.495849781600207
13.034855674556864,11.584366378779617,-12.515827959784275
13.056607617279589,11.60246374865512,-12.535806071414758
13.07836240743543,11.620557945951868,-12.55578411638542
13.100120044908705,11.63864897025459,-12.575762094590024
13.121880529583716,11.656736821148032,-12.59574000592234
13.14364386134475,11.67482149821696,-12.615717850276132
13.165410040076079,11.692903001046155,-12.635695627545168
13.187179065661962,11.71098132922041,-12.655673337623215
13.20895093798664,11.729056482324545,-12.67565098040404
13.230725656934338,11.747128459943388,-12.69562855578141
13.252503222389269,11.765197261661788,-12.715606063649094
13.27428363423563,11.783262887064609,-12.73558350390086
13.296066892357603,11.801325335736731,-12.755560876430478
13.317852996639353,11.819384607263057,-12.775538181131715
13.339641946965033,11.837440701228502,-12.795515417898343
13.361433743218779,11.855493617217995,-12.815492586624133
13.38322838528471,11.873543354816489,-12.835469687202854
13.405025873046934,11.891589913608948,-12.855446719528276
13.42682620638954,11.909633293180358,-12.87542368349417
13.448629385196606,11.927673493115716,-12.895400578994307
13.47043540935219,11.94571051300004,-12.91537740592246
13.492244278740337,11.963744352418365,-12.9353541641724
13.514055993245078,11.98177501095574,-12.955330853637902
13.53587055275043,11.999802488197234,-12.975307474212736
13.55768795714039,12.017826783727934,-12.995284025790676
13.579508206298945,12.035847897132937,-13.015260508265497
13.601331300110063,12.053865827997367,-13.035236921530972
13.623157238457697,12.071880575906354,-13.055213265480875
13.64498602122579,12.089892140445054,-13.07518954000898
13.666817648298265,12.107900521198635,-13.095165745009064
13.688652119559029,12.125905717752284,-13.115141880374901
13.71048943489198,12.143907729691202,-13.13511794600027
13.732329594180992,12.161906556600611,-13.155093941778942
13.754172597309934,12.179902198065747,-13.175069867604698
13.776018444162652,12.197894653671867,-13.195045723371313
13.79786713462298,12.215883923004238,-13.215021508972564
13.819718668574735,12.23387000564815,-13.23499722430223
13.841573045901722,12.251852901188906,-13.254972869254086
13.863430266487729,12.269832609211832,-13.274948443721915
13.885290330216527,12.287809129302262,-13.294923947599491
13.907153236971878,12.305782461045554,-13.314899380780597
13.929018986637521,12.323752604027082,-13.334874743159011
13.950887579097186,12.341719557832231,-13.354850034628514
13.972759014234585,12.359683322046411,-13.374825255082884
13.994633291933415,12.377643896255044,-13.394800404415903
14.01651041207736,12.395601280043572,-13.414775482521353
14.038390374550083,12.413555472997452,-13.434750489293014
14.06027317923524,12.431506474702156,-13.454725424624671
14.082158826016467,12.44945428474318,-13.474700288410103
14.104047314777386,12.467398902706028,-13.494675080543093
14.125938645401606,12.485340328176228,-13.514649800917425
14.147832817772713,12.503278560739322,-13.53462444942688
14.169729831774289,12.521213599980868,-13.554599025965244
14.191629687289893,12.539145445486442,-13.574573530426301
14.213532384203072,12.557074096841637,-13.594547962703833
14.235437922397356,12.574999553632066,-13.614522322691627
14.257346301756263,12.592921815443354,-13.63449661028347
14.279257522163293,12.610840881861147,-13.654470825373146
14.301171583501931,12.628756752471105,-13.67444496785444
14.32308848565565,12.646669426858905,-13.69441903762114
14.345008228507904,12.664578904610243,-13.714393034567031
14.366930811942133,12.682485185310831,-13.734366958585902
14.388856235841764,12.7003882685464,-13.75434080957154
14.410784500090209,12.718288153902694,-13.774314587417733
14.43271560457086,12.736184840965477,-13.794288292018269
14.454649549167097,12.754078329320528,-13.814261923266935
14.476586333762288,12.771968618553647,-13.834235481057522
14.498525958239782,12.789855708250647,-13.85420896528382
14.520468422482912,12.807739597997358,-13.87418237583962
14.542413726374999,12.825620287379628,-13.89415571261871
14.564361869799349,12.843497775983323,-13.914128975514881
14.58631285263925,12.861372063394327,-13.934102164421926
14.608266674777974,12.879243149198539,-13.954075279233635
14.630223336098785,12.897111032981872,-13.9740483198438
14.652182836484927,12.914975714330263,-13.994021286146213
14.674145175819627,12.932837192829659,-14.013994178034666
14.6961103539861,12.95069546806603,-14.033966995402956
14.718078370867543,12.96855053962536,-14.053939738144873
14.740049226347143,12.986402407093651,-14.07391240615421
14.762022920308066,13.00425107005692,-14.093884999324764
14.783999452633468,13.022096528101205,-14.113857517550327
14.805978823206486,13.039938780812555,-14.133829960724697
14.827961031910245,13.057777827777043,-14.153802328741667
14.849946078627854,13.075613668580754,-14.173774621495033
14.871933963242403,13.09344630280979,-14.193746838878592
14.893924685636973,13.111275730050275,-14.213718980786142
14.915918245694627,13.129101949888346,-14.233691047111478
14.937914643298411,13.146924961910157,-14.2536630377484
14.95991387833136,13.16474476570188,-14.273634952590703
14.981915950676491,13.182561360849705,-14.293606791532186
15.003920860216807,13.200374746939838,-14.313578554466648
15.025928606835295,13.2181849235585,-14.33355024128789
15.04793919041493,13.235991890291935,-14.353521851889708
15.069952610838667,13.253795646726395,-14.373493386165904
15.09196886798945,13.271596192448161,-14.393464844010278
15.113987961750206,13.28939352704352,-14.41343622531663
15.136009892003848,13.307187650098783,-14.433407529978762
15.158034658633271,13.324978561200272,-14.453378757890475
15.180062261521359,13.342766259934331,-14.47334990894557
15.202092700550978,13.360550745887322,-14.493320983037853
15.224125975604979,13.378332018645619,-14.513291980061123
15.246162086566201,13.396110077795617,-14.533262899909182
15.268201033317466,13.413884922923728,-14.553233742475838
15.290242815741578,13.431656553616378,-14.573204507654891
15.312287433721334,13.449424969460015,-14.593175195340148
15.334334887139505,13.4671901700411,-14.613145805425413
15.356385175878856,13.48495215494611,-14.633116337804491
15.37843829982213,13.502710923761546,-14.65308679237119
15.400494258852062,13.520466476073917,-14.67305716901931
15.422553052851367,13.538218811469758,-14.693027467642663
15.444614681702744,13.555967929535614,-14.712997688135054
15.46667914528888,13.573713829858049,-14.732967830390292
15.488746443492449,13.591456512023647,-14.752937894302184
15.510816576196104,13.609195975619008,-14.772907879764535
15.532889543282486,13.626932220230746,-14.792877786671156
15.55496534463422,13.644665245445495,-14.812847614915855
15.57704398013392,13.662395050849906,-14.832817364392444
15.59912544966418,13.680121636030647,-14.85278703499473
15.62120975310758,13.697845000574402,-14.872756626616525
15.643296890346686,13.715565144067872,-14.892726139151637
15.665386861264048,13.733282066097777,-14.91269557249388
15.687479665742202,13.750995766250853,-14.932664926537063
15.70957530366367,13.768706244113853,-14.952634201175
15.731673774910954,13.786413499273547,-14.972603396301503
15.753775079366546,13.804117531316724,-14.992572511810383
15.77587921691292,13.821818339830186,-15.012541547595456
15.797986187432537,13.839515924400757,-15.032510503550533
15.820095990807841,13.857210284615277,-15.052479379569428
15.842208626921265,13.8749014200606,-15.072448175545958
15.86432409565522,13.892589330323597,-15.092416891373935
15.88644239689211,13.910274014991163,-15.112385526947175
15.908563530514314,13.927955473650202,-15.132354082159496
15.930687496404207,13.945633705887643,-15.152322556904712
15.95281429444414,13.963308711290422,-15.17229095107664
15.974943924516456,13.980980489445503,-15.192259264569095
15.997076386503476,13.99864903993986,-15.212227497275897
16.01921168028751,14.016314362360486,-15.232195649090865
16.04134980575085,14.033976456294393,-15.252163719907815
16.063490762775782,14.051635321328607,-15.272131709620565
16.08563455124457,14.069290957050175,-15.292099618122936
16.10778117103946,14.086943363046155,-15.312067445308745
16.129930622042686,14.10459253890363,-15.332035191071816
16.152082904136467,14.122238484209692,-15.352002855305967
16.17423801720301,14.13988119855146,-15.371970437905018
16.196395961124498,14.157520681516063,-15.391937938762792
16.218556735783107,14.175156932690648,-15.411905357773112
16.240720341061,14.192789951662379,-15.431872694829796
16.26288677684032,14.21041973801844,-15.45183994982667
16.28505604300319,14.228046291346029,-15.471807122657557
16.30722813943173,14.245669611232364,-15.49177421321628
16.329403066008034,14.263289697264678,-15.511741221396662
16.35158082261419,14.280906549030222,-15.531708147092527
16.373761409132264,14.298520166116264,-15.5516749901977
16.39594482544431,14.31613054811009,-15.571641750606007
16.41813107143237,14.333737694599003,-15.591608428211275
16.440320146978465,14.351341605170322,-15.611575022907328
16.462512051964598,14.368942279411385,-15.631541534587992
16.484706786272767,14.386539716909546,-15.651507963147097
16.50690434978495,14.404133917252176,-15.671474308478468
16.52910474238311,14.421724880026664,-15.691440570475933
16.5513079639492,14.439312604820415,-15.711406749033323
16.573514014365145,14.456897091220855,-15.731372844044463
16.595722893512868,14.47447833881542,-15.751338855403185
16.61793460127427,14.49205634719157,-15.771304783003316
16.640149137531242,14.509631115936779,-15.79127062673869
16.662366502165657,14.52720264463854,-15.811236386503134
16.68458669505937,14.544770932884363,-15.831202062190481
16.706809716094224,14.562335980261773,-15.851167653694562
16.729035565152046,14.579897786358314,-15.871133160909206
16.75126424211465,14.597456350761547,-15.891098583728251
16.773495746863837,14.61501167305905,-15.911063922045525
16.795730079281388,14.632563752838417,-15.931029175754862
16.817967239249068,14.650112589687263,-15.950994344750098
16.840207226648634,14.667658183193216,-15.970959428925067
16.86245004136182,14.685200532943925,-15.990924428173601
16.884695683270355,14.702739638527055,-16.010889342389536
16.90694415225594,14.720275499530283,-16.030854171466707
16.929195448200264,14.737808115541311,-16.050818915298954
16.951449570985016,14.755337486147857,-16.07078357378011
16.97370652049185,14.772863610937652,-16.09074814680401
16.995966296602415,14.790386489498447,-16.110712634264495
17.018228899198345,14.80790612141801,-16.130677036055403
17.04049432816126,14.825422506284129,-16.15064135207057
17.062762583372756,14.842935643684603,-16.170605582203834
17.085033664714423,14.860445533207253,-16.190569726349036
17.107307572067835,14.877952174439915,-16.210533784400013
17.12958430531455,14.895455566970444,-16.230497756250607
17.151863864336104,14.912955710386711,-16.250461641794658
17.17414624901403,14.930452604276606,-16.270425440926008
17.19643145922984,14.947946248228034,-16.2903891535385
17.218719494865027,14.965436641828918,-16.31035277952597
17.24101035580108,14.9829237846672,-16.330316318782266
17.26330404191946,15.000407676330838,-16.35027977120123
17.285600553101624,15.017888316407806,-16.370243136676702
17.307899889229006,15.035365704486097,-16.39020641510253
17.33020205018303,15.052839840153721,-16.410169606372552
17.3525070358451,15.070310722998707,-16.43013271038062
17.374814846096612,15.087778352609096,-16.450095727020575
17.39712548081894,15.105242728572952,-16.470058656186264
17.419438939893446,15.122703850478354,-16.490021497771533
17.44175522320148,15.140161717913397,-16.50998425167023
17.46407433062437,15.157616330466196,-16.529946917776197
17.48639626204343,15.175067687724882,-16.549909495983282
17.508721017339973,15.1925157892776,-16.56987198618534
17.531048596395276,15.20996063471252,-16.589834388276213
17.553378999090615,15.227402223617823,-16.609796702149755
17.575712225307246,15.244840555581707,-16.629758927699807
17.598048274926413,15.262275630192393,-16.649721064820227
17.62038714782934,15.279707447038115,-16.669683113404858
17.642728843897242,15.297136005707126,-16.689645073347556
17.665073363011313,15.314561305787693,-16.709606944542173
17.687420705052734,15.331983346868103,-16.729568726882558
17.709770869902673,15.349402128536662,-16.749530420262563
17.732123857442286,15.366817650381691,-16.76949202457604
17.7544796675527,15.384229911991527,-16.789453539716845
17.77683830011505,15.401638912954528,-16.80941496557883
17.79919975501043,15.419044652859068,-16.82937630205585
17.821564032119937,15.436447131293535,-16.849337549041756
17.843931131324652,15.45384634784634,-16.869298706430406
17.866301052505634,15.471242302105908,-16.889259774115658
17.888673795543927,15.48863499366068,-16.909220751991363
17.91104936032056,15.506024422099118,-16.92918163995138
17.933427746716557,15.5234105870097,-16.949142437889567
17.95580895461292,15.54079348798092,-16.96910314569978
17.97819298389063,15.558173124601291,-16.989063763275876
18.00057983443066,15.575549496459342,-17.00902429051171
18.02296950611397,15.592922603143618,-17.028984727301147
18.045361998821498,15.610292444242686,-17.048945073538043
18.067757312434175,15.627659019345128,-17.068905329116262
18.090155446832906,15.645022328039541,-17.088865493929664
18.112556401898594,15.662382369914544,-17.108825567872103
18.13496017751212,15.67973914455877,-17.128785550837442
18.157366773554347,15.697092651560869,-17.148745442719548
18.179776189906132,15.71444289050951,-17.16870524341228
18.202188426448306,15.731789860993379,-17.1886649528095
18.224603483061692,15.74913356260118,-17.20862457080507
18.247021359627098,15.766473994921634,-17.22858409729286
18.26944205602532,15.783811157543477,-17.248543532166725
18.291865572137127,15.801145050055466,-17.26850287532054
18.314291907843284,15.818475672046374,-17.28846212664816
18.33672106302454,15.83580302310499,-17.308421286043455
18.359153037561626,15.853127102820123,-17.32838035340029
18.381587831335256,15.870447910780598,-17.34833932861254
18.404025444226136,15.887765446575257,-17.36829821157406
18.42646587611495,15.90507970979296,-17.388257002178722
18.448909126882366,15.922390700022584,-17.408215700320394
18.47135519640905,15.939698416853025,-17.428174305892945
18.493804084575636,15.957002859873194,-17.448132818790246
18.516255791262754,15.97430402867202,-17.468091238906165
18.538710316351015,15.99160192283845,-17.48804956613457
18.56116765972102,16.008896541961448,-17.508007800369334
18.583627821253344,16.026187885629994,-17.527965941504327
18.606090800828557,16.043475953433095,-17.54792398943342
18.62855659832721,16.060760744959758,-17.567881944050487
18.651025213629843,16.078042259799023,-17.5878398052494
18.673496646616975,16.095320497539937,-17.607797572924028
18.695970897169115,16.112595457771572,-17.62775524696825
18.718447965166753,16.129867140083014,-17.647712827275935
18.740927850490365,16.147135544063367,-17.667670313740963
18.763410553020414,16.16440066930175,-17.687627706257206
18.78589607263735,16.181662515387302,-17.707585004718542
18.8083844092216,16.198921081909184,-17.727542209018843
18.830875562653585,16.216176368456562,-17.74749931905199
18.853369532813705,16.233428374618633,-17.767456334711856
18.87586631958235,16.2506770999846,-17.787413255892318
18.89836592283989,16.267922544143694,-17.807370082487257
18.92086834246668,16.28516470668515,-17.82732681439055
18.943373578343063,16.30240358719824,-17.847283451496075
18.96588163034937,16.31963918527223,-17.867239993697716
18.988392498365908,16.336871500496425,-17.887196440889348
19.010906182272983,16.354100532460134,-17.907152792964855
19.033422681950867,16.371326280752687,-17.927109049818114
19.05594199727983,16.388548744963437,-17.94706521134301
19.07846412814013,16.405767924681744,-17.96702127743342
19.100989074412,16.42298381949699,-17.986977247983233
19.12351683597566,16.44019642899858,-18.00693312288633
19.146047412711326,16.45740575277593,-18.026888902036596
19.16858080449918,16.474611790418475,-18.04684458532791
19.191117011219404,16.49181454151567,-18.06680017265416
19.213656032752162,16.50901400565698,-18.08675566390923
19.2361978689776,16.526210182431896,-18.106711058987006
19.25874251977585,16.543403071429925,-18.126666357781374
19.28128998502703,16.560592672240585,-18.146621560186226
19.303840264611242,16.577778984453417,-18.166576666095445
19.326393358408577,16.59496200765798,-18.186531675402914
19.348949266299105,16.61214174144385,-18.206486588002527
19.371507988162886,16.62931818540062,-18.22644140378817
19.39406952387996,16.6464913391179,-18.24639612265373
19.416633873330355,16.663661202185317,-18.266350744493106
19.439201036394085,16.680827774192515,-18.28630526920018
19.46177101295115,16.697991054729158,-18.306259696668842
19.48434380288153,16.715151043384925,-18.32621402679299
19.50691940606519,16.732307739749515,-18.34616825946651
19.52949782238209,16.749461143412642,-18.366122394583297
19.552079051712163,16.76661125396404,-18.38607643203724
19.57466309393533,16.783758070993457,-18.406030371722235
19.59724994893151,16.80090159409066,-18.42598421353218
19.619839616580585,16.81804182284544,-18.44593795736096
19.642432096762434,16.835178756847593,-18.46589160310248
19.66502738935693,16.852312395686944,-18.48584515065063
19.68762549424391,16.869442738953325,-18.505798599899304
19.710226411303214,16.886569786236596,-18.525751950742404
19.73283014041466,16.903693537126628,-18.545705203073823
19.755436681458047,16.92081399121331,-18.56565835678746
19.778046034313167,16.937931148086555,-18.58561141177721
19.800658198859793,16.955045007336285,-18.605564367936974
19.823273174977682,16.97215556855244,-18.625517225160653
19.845890962546584,16.989262831324986,-18.645469983342146
19.86851156144622,17.0063667952439,-18.66542264237535
19.891134971556305,17.023467459899177,-18.68537520215417
19.913761192756542,17.04056482488083,-18.7053276625725
19.936390224926612,17.057658889778885,-18.72528002352425
19.959022067946183,17.074749654183396,-18.745232284903317
19.98165672169491,17.091837117684424,-18.76518444660361
20.004294186052437,17.108921279872057,-18.785136508519027
20.02693446089838,17.126002140336393,-18.80508847054347
20.049577546112353,17.143079698667552,-18.82504033257085
20.072223441573946,17.16015395445567,-18.844992094495066
20.094872147162743,17.177224907290896,-18.864943756210025
20.117523662758305,17.194292556763404,-18.884895317609633
20.140177988240186,17.211356902463386,-18.904846778587796
20.162835123487913,17.228417943981047,-18.924798139038423
20.185495068381012,17.24547568090661,-18.94474939885542
20.208157822798984,17.262530112830312,-18.964700557932698
20.230823386621317,17.279581239342416,-18.98465161616416
20.25349175972749,17.2966290600332,-19.00460257344372
20.276162941996958,17.313673574492956,-19.02455342966529
20.298836933309172,17.330714782311997,-19.044504184722772
20.32151373354356,17.34775268308065,-19.064454838510084
20.344193342579533,17.36478727638926,-19.084405390921134
20.366875760296498,17.3818185618282,-19.104355841849834
20.389560986573834,17.398846538987847,-19.124306191190097
20.41224902129091,17.415871207458597,-19.144256438835836
20.434939864327085,17.43289256683087,-19.164206584680965
20.457633515561696,17.4499106166951,-19.184156628619395
20.48032997487407,17.46692535664174,-19.204106570545044
20.50302924214352,17.48393678626126,-19.224056410351825
20.52573131724934,17.500944905144152,-19.244006147933653
20.548436200070803,17.517949712880917,-19.26395578318445
20.571143890487186,17.534951209062076,-19.283905315998126
20.593854388377736,17.55194939327817,-19.303854746268602
20.616567693621686,17.56894426511976,-19.323804073889796
20.639283806098256,17.585935824177422,-19.343753298755626
20.662002725686655,17.602924070041745,-19.36370242076001
20.684724452266074,17.61990900230334,-19.383651439796868
20.70744898571569,17.63689062055284,-19.40360035576012
20.73017632591466,17.653868924380888,-19.423549168543683
20.75290647274213,17.670843913378146,-19.44349787804148
20.775639426077237,17.687815587135297,-19.463446484147436
20.79837518579909,17.704783945243044,-19.48339498675547
20.821113751786797,17.721748987292102,-19.503343385759507
20.84385512391944,17.738710712873203,-19.52329168105347
20.866599302076093,17.7556691215771,-19.543239872531277
20.88934628613581,17.77262421299456,-19.56318796008686
20.91209607597764,17.789575986716375,-19.583135943614145
20.934848671480598,17.806524442333348,-19.603083823007054
20.957604072523704,17.823469579436296,-19.623031598159514
20.980362278985954,17.840411397616062,-19.642979268965448
21.00312329074633,17.857349896463507,-19.662926835318785
21.025887107683793,17.874285075569507,-19.682874297113457
21.048653729677305,17.89121693452495,-19.702821654243387
21.071423156605796,17.908145472920754,-19.722768906602504
21.09419538834819,17.92507069034784,-19.74271605408474
21.116970424783396,17.94199258639716,-19.762663096584028
21.139748265790306,17.95891116065967,-19.782610033994292
21.162528911247797,17.97582641272636,-19.802556866209464
21.185312361034736,17.992738342188222,-19.822503593123482
21.208098615029964,18.00964694863628,-19.842450214630272
21.230887673112317,18.02655223166156,-19.862396730623768
21.253679535160614,18.04345419085512,-19.882343140997904
21.276474201053656,18.060352825808025,-19.902289445646613
21.29927167067023,18.07724813611137,-19.922235644463832
21.32207194388911,18.094140121356254,-19.942181737343493