
-0.5800417983350646,-0.7418121187114972,-0.30972127742651046
-0.5960898797525935,-0.7316271530902188,-0.29644868840507643
-0.6127400218344388,-0.7203429936743799,-0.28206330197847385
-0.6300216211245611,-0.7079116293331255,-0.2666687845286479
-0.6479639492831034,-0.6942900380961524,-0.2503826326278341
-0.6665981184183556,-0.6794406638657683,-0.23332870862906585
-0.6859586325648782,-0.6633314990050034,-0.21562928892907213
-0.7060543052193188,-0.645935784602576,-0.19739756141178727
-0.7261473567800312,-0.6272330223706847,-0.17873161539221222
-0.7462375991882358,-0.6072539934976026,-0.15972230179960173
-0.7663249301246909,-0.5871436950455825,-0.1404313043897693
-0.7864093401238452,-0.5670304672076163,-0.12088841223621674
-0.8064908290788987,-0.5469143104097103,-0.1011016649173446
-0.826569396883067,-0.5267952250778863,-0.08110076758595107
-0.8466450434295811,-0.5066732116381822,-0.06109986982329987
-0.866717768611688,-0.48654827051665095,-0.04109897173574682
-0.8867875723226497,-0.46642040213936115,-0.02109807342964779
-0.906854454455744,-0.4462896069323971,-0.0010971750113586212
-0.9269184149042642,-0.4261558853218586,0.018903723412764833
-0.946979453561519,-0.40601923773386106,0.038904621736366725
-0.9670375703208329,-0.38587966459453527,0.0589055198530912
-0.9870927650755457,-0.36573716633002784,0.0789064176565824
-1.0071450377190128,-0.3455917433665007,0.09890731504048451
-1.027194388144605,-0.3254433961301316,0.11890821189844167
-1.0472408162457092,-0.30529212504711356,0.13890910812409804
-1.0672843219157273,-0.28513793054365527,0.15891000361109775
-1.0873249050480767,-0.2649808130459809,0.178910898253085
-1.1073625655361905,-0.24482077298033034,0.19891179194370395
-1.1273973032735178,-0.22465781077295882,0.2189126845765988
-1.1474291181535223,-0.20449192685013723,0.2389135760454137
-1.167458010069684,-0.18432312163815195,0.25891446624379283
-1.1874839789154985,-0.16415139556330494,0.2789153550653804
-1.2075070245844761,-0.1439767490519136,0.29891624240382064
-1.2275271469701434,-0.12379918253031091,0.3189171281527577
-1.2475443459660425,-0.1036186964248454,0.33891801220583584
-1.2675586214657304,-0.08343529116188113,0.3589188944566992
-1.2875699733627806,-0.06324896716779763,0.37891977479899214
-1.3075784015507814,-0.043059724868989985,0.3989206531263588
-1.327583905923337,-0.022867564691868802,0.41892152933244353
-1.347586486374067,-0.002672487062860194,0.4389224033108905
-1.3675861427966063,0.01752550759159422,0.4589232749553441
-1.3875828750846062,0.03772641884503729,0.47892414415944856
-1.407576683131733,0.057930246270996376,0.4989250108168482
-1.427567566831668,0.07813698944298332,0.5189258748211872
-1.4475555260781092,0.09834664793449446,0.5389267360661102
-1.4675405607647694,0.11855922131901064,0.5589275944452613
-1.4875226707853766,0.13877470916999718,0.5789284498522849
-1.5075018560336755,0.15899311106090394,0.5989293021808254
-1.5274781164034255,0.17921442656516526,0.6189301513245272
-1.5474514517884017,0.1994386552562,0.6389309971770348
-1.5674218620823948,0.2196657967074115,0.6589318396319925
-1.587389347179211,0.23989585049218762,0.6789326785830448
-1.6073539069726726,0.26012881618390077,0.6989335139238362
-1.6273155413566163,0.28036469335590786,0.7189343455480111
-1.6472742502248956,0.3006034815815503,0.738935173349214
-1.6672300334713788,0.320845180434154,0.7589359972210895
-1.6871828909899498,0.34108978948702945,0.7789368170572821
-1.7071328226745084,0.36133730831347166,0.7989376327514364
-1.7270798284189697,0.3815877364867601,0.818938444197197
-1.7470239081172643,0.4018410735801588,0.8389392512882085
-1.7669650616633388,0.4220973191669164,0.8589400539181155
-1.7869032889511547,0.44235647282026597,0.8789408519805626
-1.8068385898746897,0.46261853411342513,0.8989416453691946
-1.8267709643279364,0.4828835026195961,0.9189424339776562
-1.8467004122049036,0.5031513779119656,0.9389432176995921
-1.8666269333996155,0.523422159563705,0.958943996428647
-1.8865505278061117,0.5436958471479698,0.9789447700584659
-1.9064711953184472,0.5639724402379006,0.9989455384826934
-1.926388935830693,0.5842519384066223,1.0189463015949745
-1.946303749236935,0.6045343412272444,1.038947059288954
-1.9662156354312759,0.6248196482728607,1.0589478114582767
-1.9861245943078325,0.6451078591165501,1.0789485579965876
-2.0060306257607383,0.6653989733313755,1.0989492987975316
-2.0259337296841413,0.6856929904903847,1.1189500337547538
-2.045833905972206,0.7059899101666098,1.138950762761899
-2.0657311545191126,0.7262897319330678,1.1589514857126126
-2.085625475219056,0.74659245536276,1.1789522025005394
-2.105516867966247,0.7668980800286723,1.1989529130193248
-2.1254053326549123,0.7872066055037753,1.2189536171626136
-2.1452908691792936,0.8075180313610242,1.2389543148240512
-2.165173477433649,0.8278323571733585,1.2589550058972827
-2.185053157312251,0.8481495825137025,1.2789556902759533
-2.204929908709389,0.8684697069549653,1.2989563678537086
-2.224803731519367,0.8887927300700401,1.3189570385241938
-2.2446746256365047,0.9091186514318049,1.3389577021810541
-2.2645425909551378,0.9294474706131224,1.358958358717935
-2.284407627369617,0.9497791871868396,1.378959008028482
-2.3042697347743095,0.9701138007257886,1.3989596500063404
-2.3241289130635967,0.9904513108027855,1.4189602845451557
-2.3439851621318772,1.0107917169906315,1.4389609115385738
-2.363838481873564,1.031135018862112,1.45896153088024
-2.3836888721830856,1.051481215989997,1.4789621424638
-2.403536332954887,1.071830307947042,1.4989627461828992
-2.4233808640834282,1.0921822943059858,1.5189633419311837
-2.4432224654631844,1.1125371746395525,1.538963929602299
-2.4630611369886473,1.1328949485204507,1.5589645090898911
-2.4828968785543233,1.1532556155213738,1.578965080287606
-2.502729690054735,1.1736191752149994,1.5989656430890893
-2.522559571384421,1.1939856271739901,1.618966197387987
-2.542386522437934,1.214354970970993,1.638966743077945
-2.5622105431098428,1.2347272061786398,1.6589672800526096
-2.582031633294733,1.255102332369547,1.6789678082056267
-2.6018497928872044,1.2754803491163151,1.6989683274306422
-2.621665021781873,1.2958612559915301,1.7189688376213026
-2.64147731987337,1.3162450525677618,1.738969338671254
-2.661286687056343,1.3366317384175654,1.7589698304741423
-2.6810931232254545,1.3570213131134803,1.7789703129236145
-2.700896628275382,1.3774137762280305,1.7989707859133166
-2.7206972021008204,1.397809127333725,1.818971249336895
-2.7404948445964785,1.418207366003057,1.8389717030879964
-2.7602895556570815,1.4386084918085047,1.8589721470602667
-2.7800813351773694,1.4590125043225306,1.878972581147353
-2.7998701830520987,1.4794194031175822,1.898973005242902
-2.8196560991760413,1.4998291877660914,1.91897341924056
-2.8394390834439847,1.5202418578404753,1.9389738230339741
-2.8592191357507315,1.5406574129131345,1.9589742165167907
-2.8789962559911,1.5610758525564554,1.9789745995826566
-2.8987704440599247,1.5814971763428087,1.998974972125219
-2.918541699852055,1.6019213838445496,2.018975334038125
-2.9383100232623556,1.6223484746340178,2.038975685215021
-2.958075414185709,1.6427784482835384,2.0589760255495544
-2.9778378725170103,1.6632113043654202,2.078976354935372
-2.997597398151172,1.6836470424519576,2.098976673266122
-3.0173539909831217,1.7040856621154288,2.118976980435451
-3.037107650907803,1.7245271629280976,2.138977276337006
-3.0568583778201743,1.7449715444622118,2.1589775608644346
-3.0766061716152104,1.765418806290004,2.178977833911384
-3.096351032187901,1.7858689479836916,2.198978095371502
-3.116092959433252,1.8063219691154766,2.218978345138436
-3.1358319532462846,1.826777869257546,2.2389785831058338
-3.1555680135220356,1.847236647982071,2.258978809167343
-3.1753011401555575,1.867698304861208,2.278979023216611
-3.1950313330419187,1.8881628394670973,2.298979225147286
-3.214758592076202,1.908630251371865,2.318979414853015
-3.234482917153507,1.929100540147621,2.3389795922274472
-3.254204308168949,1.9495737053664601,2.3589797571642297
-3.2739227650176583,1.9700497466004623,2.3789799095570108
-3.2936382875947805,1.9905286634216919,2.3989800492994386
-3.3133508757954773,2.0110104554021975,2.4189801762851615
-3.333060529514926,2.031495122114013,2.438980290407827
-3.3527672486483193,2.0519826631291576,2.4589803915610844
-3.3724710330908665,2.0724730780196334,2.4789804796385817
-3.3921718827377907,2.0929663663574294,2.498980554533967
-3.411869797484332,2.1134625277145176,2.5189806161408894
-3.4315647772257463,2.133961561662855,2.538980664352997
-3.4512568218573034,2.154463467774384,2.5589806990639388
-3.47094593127429,2.1749682456210313,2.578980720167363
-3.490632105372009,2.1954758947747086,2.5989807275569192
-3.510315344045778,2.215986414807312,2.618980721126256
-3.5299956471909293,2.236499805290723,2.6389807007690225
-3.549673014702812,2.2570160657968064,2.6589806663788673
-3.5693474464767916,2.2775351958974137,2.6789806178494397
-3.5890189424082477,2.2980571951643793,2.6989805550743893
-3.608687502392576,2.318582063169524,2.7189804779473645
-3.6283531263251882,2.3391097994846515,2.7389803863620155
-3.6480158141015107,2.359640403681552,2.758980280211991
-3.6676755656169866,2.380173875331999,2.778980159390941
-3.687332380767074,2.4007102140077516,2.7989800237925153
-3.706986259447247,2.421249419280554,2.818979873310363
-3.7266372015529945,2.441791490722134,2.8389797078381336
-3.746285206979822,2.4623364279042055,2.8589795272694776
-3.76593027562325,2.4828842303984664,2.8789793314980447
-3.785572407378815,2.5034348977765988,2.8989791204174846
-3.805211602142068,2.523988429610271,2.918978893921447
-3.8248478598085773,2.5445448254711347,2.938978651903583
-3.8444811802739265,2.565104084930827,2.9589783942575423
-3.8641115634337133,2.58566620756097,2.978978120876975
-3.883739009183553,2.60623119293317,2.998977831655532
-3.903363517419075,2.6267990406190185,3.0189775264868635
-3.9229850880359254,2.6473697501900917,3.0389772052646196
-3.9426037209297653,2.6679433212179506,3.058976867882452
-3.9622194159962714,2.6885197532741407,3.078976514234011
-3.9818321731311364,2.7090990459301927,3.0989761442129464
-4.001441992230069,2.7296811987576217,3.11897575771291
-4.021048873188791,2.7502662113279275,3.138975354627553
-4.0406528159030435,2.770854083212596,3.158974934850526
-4.0602538202685805,2.791444813983096,3.1789744982754806
-4.0798518861811734,2.812038403210882,3.1989740447960675
-4.099447013536608,2.832634850467393,3.2189735743059384
-4.119039202230686,2.853234155324054,3.2389730866987447
-4.138628452159225,2.873836317352273,3.2589725818681377
-4.158214763218059,2.8944413361234442,3.278972059707769
-4.177798135303036,2.915049211208946,3.298971520111291
-4.19737856831002,2.9356599421801417,3.318970962972354
-4.216956062134891,2.956273528608379,3.3389703881846113
-4.236530616673544,2.976889970064992,3.3589697956417144
-4.256102231821893,2.997509266121297,3.3789691852373154
-4.275670907475862,3.0181314163485973,3.3989685568650665
-4.295236643531395,3.0387564203181805,3.4189679104186204
-4.3147994398844505,3.0593842776013185,3.4389672457916287
-4.334359296431002,3.080014987769268,3.458966562877744
-4.353916213067037,3.1006485503932715,3.4789658615706194
-4.373470189688563,3.121284965044555,3.4989651417639074
-4.393021226191599,3.1419242312943307,3.5189644033512604
-4.412569322472183,3.1625663487137943,3.538963646226331
-4.432114478426365,3.183211316874128,3.5589628702827727
-4.451656693950214,3.203859135346497,3.5789620754142386
-4.471195968939812,3.2245098037020528,3.5989612615143813
-4.490732303291259,3.2451633215119307,3.618960428476855
-4.510265696900669,3.2658196883472512,3.638959576195312
-4.529796149664173,3.28647890377912,3.6589587045634064
-4.549323661477915,3.3071409673786274,3.6789578134747916
-4.568848232238058,3.3278058787168487,3.698956902823121
-4.588369861840778,3.3484736373648434,3.718955972502049
-4.607888550182269,3.3691442428936567,3.7389550224052286
-4.627404297158737,3.3898176948743184,3.7589540524263145
-4.646917102666408,3.4104939928778433,3.7789530624589607
-4.666426966601522,3.4311731364752305,3.798952052396821
-4.685933888860332,3.4518551252374645,3.81895102213355
-4.705437869339111,3.472539958735514,3.838949971562802
-4.7249389079341455,3.493227636540334,3.8589489005782323
-4.744437004541736,3.5139181582228622,3.878947809073494
-4.763932159058202,3.5346115233540236,3.898946696942243
-4.783424371379875,3.5553077315047266,3.9189455640781334
-4.802913641403107,3.5760067822458645,3.938944410374821
-4.822399969024261,3.596708675148316,3.95894323572596
-4.841883354139716,3.617413409782944,3.978942040025206
-4.86136379664587,3.638120985720597,3.998940823166214
-4.880841296439135,3.6588314025321087,4.018939585042641
-4.900315853415937,3.6795446597882964,4.03893832554814
-4.9197874674727196,3.7002607570599633,4.058937044576369
-4.939256138505942,3.720979693917897,4.078935742020981
-4.958721866412078,3.741701469932871,4.0989344177756335
-4.978184651087617,3.7624260846756417,4.1189330717339825
-4.997644492429066,3.7831535377169523,4.138931703789684
-5.017101390332945,3.80388382862753,4.158930313836393
-5.036555344695791,3.8246169569780877,4.178928901767768
-5.056006355414157,3.8453529223393224,4.198927467477465
-5.0754544223846105,3.866091724281916,4.218926010859139
-5.094899545503736,3.886833362376536,4.238924531806449
-5.114341724668133,3.9075778361938345,4.258923030213049
-5.133780959774417,3.9283251453044477,4.2789215059725985
-5.153217250719218,3.9490752892789978,4.298919958978753
-5.172650597399183,3.9698282676880914,4.3189183891251695
-5.192080999710974,3.990584080102321,4.338916796305505
-5.211508457551269,4.011342726092263,4.358915180413419
-5.230932970816761,4.032104205228478,4.378913541342567
-5.250354539404159,4.052868517081514,4.398911878986607
-5.269773163210188,4.073635661221901,4.418910193239197
-5.28918884213159,4.094405637220156,4.438908483993996
-5.308601576065119,4.11517844464678,4.458906751144659
-5.328011364907547,4.135954083072259,4.478904994584847
-5.347418208555662,4.156732552067066,4.498903214208218
-5.366822106906266,4.177513851201655,4.5189014099084295
-5.38622305985618,4.198297980046469,4.53889958157914
-5.405621067302237,4.219084938171933,4.55889772911401
-5.425016129141286,4.239874725148457,4.578895852406696
-5.4444082452701945,4.260667340546439,4.598893951350857
-5.463797415585843,4.2814627839362585,4.618892025840153
-5.483183639985128,4.302261054888282,4.638890075768242
-5.502566918364964,4.32306215297286,4.658888101028785
-5.5219472506222775,4.343866077760329,4.678886101515441
-5.541324636654014,4.36467282882101,4.6988840771218685
-5.560699076357132,4.385482405725207,4.718882027741728
-5.5800705696286075,4.406294808043212,4.738879953268679
-5.5994391163654305,4.427110035345301,4.758877853596382
-5.618804716464609,4.447928087201734,4.778875728618496
-5.638167369823166,4.468748963182757,4.798873578228683
-5.657527076338138,4.489572662858601,4.818871402320602
-5.676883835906579,4.510399185799481,4.838869200787913
-5.696237648425559,4.531228531575598,4.858866973524278
-5.715588513792163,4.5520606997571385,4.8788647204233575
-5.734936431903492,4.5728956899142705,4.898862441378812
-5.7542814026566615,4.593733501617152,4.9188601362843025
-5.773623425948804,4.614574134435922,4.93885780503349
-5.792962501677067,4.635417587940707,4.958855447520037
-5.812298629738614,4.656263861701618,4.978853063637603
-5.831631810030625,4.67711295528875,4.998850653279851
-5.850962042450293,4.697964868272184,5.018848216340443
-5.87028932689483,4.718819600221985,5.038845752713041
-5.8896136632614615,4.7396771507082045,5.058843262291305
-5.90893505144743,4.760537519300877,5.078840744968899
-5.9282534913499925,4.781400705570024,5.098838200639484
-5.947568982866422,4.802266709085652,5.118835629196724
-5.966881525894007,4.823135529417749,5.138833030534281
-5.986191120330053,4.844007166136294,5.158830404545818
-6.005497766071879,4.864881618811245,5.178827751124998
-6.024801463016821,4.88575888701255,5.1988250701654835
-6.044102211062232,4.906638970310137,5.218822361560937
-6.063400010105479,4.927521868273924,5.238819625205023
-6.082694860043943,4.948407580473812,5.258816860991405
-6.1019867607750236,4.969296106479685,5.2788140688137455
-6.121275712196136,4.990187445861415,5.298811248565709
-6.140561714204709,5.011081598188858,5.318808400140959
-6.159844766698188,5.031978563031855,5.338805523433161
-6.179124869574037,5.052878339960233,5.358802618335978
-6.19840202272973,5.073780928543801,5.378799684743075
-6.217676226062761,5.094686328352357,5.3987967225481155
-6.236947479470638,5.115594538955682,5.418793731644765
-6.2562157828508855,5.136505559923541,5.438790711926687
-6.2754811361010425,5.1574193908256865,5.458787663287549
-6.294743539118666,5.178336031231855,5.478784585621015
-6.314002991801325,5.199255480711767,5.498781478820749
-6.333259494046608,5.22017773883513,5.518778342780418
-6.352513045752117,5.241102805171634,5.538775177393686
-6.37176364681547,5.262030679290957,5.55877198255422
-6.391011297134301,5.2829613607627595,5.578768758155687
-6.410255996606259,5.3038948491566895,5.598765504091751
-6.4294977451290105,5.324831144042378,5.618762220256079
-6.448736542600236,5.345770244989442,5.638758906542338
-6.467972388917632,5.366712151567484,5.658755562844194
-6.487205283978911,5.38765686334609,5.678752189055313
-6.506435227681801,5.408604379894834,5.698748785069363
-6.525662219924046,5.429554700783272,5.7187453507800114
-6.544886260603404,5.450507825580947,5.738741886080924
-6.564107349617651,5.4714637538573845,5.758738390865769
-6.583325486864579,5.492422485182099,5.7787348650282135
-6.602540672241994,5.5133840191245875,5.798731308461925
-6.621752905647718,5.534348355254333,5.818727721060572
-6.640962186979587,5.555315493140804,5.838724102717823
-6.660168516135458,5.576285432353452,5.8587204533273445
-6.679371893013198,5.597258172461715,5.878716772782806
-6.698572317510693,5.618233713035016,5.898713060977875
-6.717769789525843,5.639212053642764,5.918709317806221
-6.736964308956564,5.660193193854352,5.938705543161513
-6.75615587570079,5.681177133239158,5.958701736937419
-6.775344489656468,5.7021638713665475,5.978697899027609
-6.7945301507215605,5.723153407805867,5.998694029325753
-6.813712858794048,5.7441457421264515,6.0186901277255185
-6.832892613771925,5.765140873897619,6.038686194120578
-6.852069415553202,5.786138802688675,6.058682228404598
-6.871243264035906,5.807139528068907,6.078678230471251
-6.890414159118078,5.828143049607591,6.098674200214206
-6.909582100697775,5.849149366873984,6.118670137527134
-6.928747088673072,5.8701584794373325,6.138666042303706
-6.9479091229420575,5.8911703868668654,6.158661914437592
-6.967068203402837,5.912185088731798,6.1786577538224625
-6.98622432995353,5.93320258460133,6.198653560351988
-7.005377502492275,5.954222874044646,6.218649333919842
-7.024527720917221,5.975245956630918,6.2386450744196935
-7.043674985126538,5.9962718319293,6.258640781745216
-7.062819295018408,6.0173004995089325,6.27863645579008
-7.08196065049103,6.038331958938942,6.298632096447958
-7.10109905144262,6.059366209788439,6.3186277036125205
-7.120234497771408,6.080403251626519,6.338623277177442
-7.13936698937564,6.101443084022264,6.358618817036395
-7.158496526153577,6.12248570654474,6.37861432308305
-7.177623108003499,6.143531118762998,6.398609795211081
-7.196746734823698,6.164579320246076,6.418605233314162
-7.2158674065124835,6.185630310562994,6.438600637285965
-7.23498512296818,6.20668408928276,6.458596007020164
-7.254099884089127,6.227740655974366,6.478591342410432
-7.2732116897736825,6.24880001020679,6.498586643350443
-7.292320539920217,6.269862151548994,6.518581909733871
-7.311426434427119,6.290927079569926,6.53857714145439
-7.330529373192792,6.311994793838518,6.558572338405674
-7.3496293561156545,6.333065293923689,6.578567500481398
-7.368726383094142,6.354138579394342,6.5985626275752365
-7.387820454026705,6.375214649819366,6.618557719580864
-7.406911568811809,6.396293504767634,6.638552776391956
-7.425999727347937,6.417375143808005,6.658547797902187
-7.445084929533586,6.438459566509323,6.678542784005233
-7.464167175267269,6.459546772440417,6.69853773459477
-7.483246464447516,6.480636761170102,6.718532649564473
-7.502322796972872,6.501729532267177,6.738527528808017
-7.521396172741897,6.522825085300427,6.758522372219081
-7.540466591653168,6.543923419838623,6.778517179691339
-7.559534053605275,6.56502453545052,6.798511951118469
-7.578598558496828,6.586128431704856,6.818506686394146
-7.597660106226449,6.60723510817036,6.838501385412048
-7.616718696692779,6.628344564415741,6.8584960480658514
-7.635774329794471,6.649456800009696,6.878490674249235
-7.654827005430197,6.670571814520905,6.898485263855876
-7.673876723498642,6.691689607518036,6.918479816779451
-7.692923483898509,6.7128101785697405,6.938474332913638
-7.711967286528516,6.7339335272446545,6.958468812152116
-7.731008131287396,6.7550596531114016,6.978463254388562
-7.750046018073899,6.776188555738589,6.998457659516656
-7.769080946786789,6.7973202346948085,7.018452027430075
-7.788112917324848,6.818454689548639,7.038446358022499
-7.807141929586872,6.839591919868644,7.058440651187608
-7.826167983471673,6.86073192522337,7.07843490681908
-7.845191078878078,6.881874705181353,7.098429124810594
-7.864211215704932,6.903020259311111,7.118423305055831
-7.883228393851094,6.924168587181147,7.13841744744847
-7.902242613215439,6.945319688359952,7.158411551882191
-7.921253873696857,6.966473562416,7.178405618250674
-7.940262175194257,6.987630208917751,7.198399646447601
-7.959267517606559,7.00878962743365,7.218393636366651
-7.978269900832704,7.029951817532128,7.238387587901506
-7.997269324771643,7.0511167787816,7.258381500945846
-8.016265789322345,7.0722845107504675,7.278375375393353
-8.035259294383797,7.093455013007117,7.298369211137708
-8.054249839855002,7.114628285119919,7.318363008072594
-8.073237425634973,7.135804326657232,7.338356766091692
-8.092222051622743,7.156983137187396,7.3583504850886845
-8.111203717717363,7.178164716278739,7.378344164957253
-8.130182423817894,7.199349063499574,7.398337805591082
-8.149158169823417,7.2205361784181985,7.418331406883851
-8.168130955633028,7.241726060602896,7.438324968729245
-8.187100781145837,7.2629187096219345,7.458318491020948
-8.206067646260971,7.284114125043568,7.478311973652641
-8.225031550877574,7.3053123064360355,7.498305416518009
-8.243992494894803,7.326513253367561,7.518298819510735
-8.262950478211833,7.347716965406354,7.538292182524505
-8.281905500727852,7.36892344212061,7.558285505453002
-8.300857562342069,7.39013268307851,7.57827878818991
-8.319806662953702,7.411344687848218,7.598272030628913
-8.338752802461991,7.432559455997885,7.618265232663698
-8.357695980766188,7.453776987095648,7.6382583941879485
-8.376636197765562,7.474997280709628,7.65825151509535
-8.395573453359395,7.496220336407931,7.6782445952795895
-8.41450774744699,7.51744615375865,7.698237634634351
-8.43343907992766,7.538674732329862,7.718230633053321
-8.45236745070074,7.559906071689629,7.738223590430185
-8.471292859665574,7.581140171406,7.75821650665863
-8.49021530672153,7.602377031047008,7.778209381632342
-8.50913479176798,7.623616650180672,7.798202215245009
-8.528051314704324,7.644859028374996,7.818195007390317
-8.546964875429971,7.666104165197968,7.838187757961954
-8.565875473844347,7.687352060217564,7.858180466853607
-8.584783109846892,7.708602713001744,7.878173133958963
-8.603687783337067,7.729856123118452,7.898165759171712
-8.622589494214342,7.75111229013562,7.9181583423855395
-8.641488242378209,7.772371213621163,7.938150883494136
-8.66038402772817,7.793632893142982,7.958143382391189
-8.67927685016375,7.814897328268966,7.978135838970387
-8.698166709584482,7.836164518566984,7.9981282531254205
-8.71705360588992,7.857434463604895,8.018120624749978
-8.735937538979629,7.878707162950542,8.038112953737748
-8.754818508753196,7.899982616171752,8.058105239982423
-8.773696515110219,7.92126082283634,8.07809748337769
-8.79257155795031,7.9425417825121025,8.098089683817241
-8.811443637173106,7.963825494766825,8.118081841194766
-8.83031275267825,7.985111959168277,8.138073955403955
-8.849178904365406,8.006401175284214,8.158066026338497
-8.86804209213425,8.027693142682375,8.178058053892087
-8.886902315884477,8.048987860930486,8.198050037958414
-8.905759575515798,8.070285329596258,8.218041978431168
-8.924613870927939,8.091585548247387,8.238033875204044
-8.94346520202064,8.112888516451555,8.258025728170734
-8.962313568693657,8.13419423377643,8.27801753722493
-8.981158970846764,8.155502699789663,8.298009302260324
-9.000001408379749,8.176813914058892,8.318001023170607
-9.018840881192416,8.19812787615174,8.337992699849474
-9.037677389184587,8.219444585635818,8.357984332190618
-9.056510932256097,8.240764042078718,8.377975920087732
-9.075341510306798,8.26208624504802,8.397967463434508
-9.094169123236556,8.283411194111288,8.417958962124642
-9.112993770945256,8.304738888836074,8.437950416051828
-9.131815453332793,8.326069328789913,8.45794182510976
-9.150634170299087,8.347402513540326,8.477933189192132
-9.169449921744064,8.368738442654816,8.497924508192641
-9.188262707567674,8.39007711570088,8.517915782004978
-9.207072527669876,8.411418532245992,8.537907010522842
-9.22587938195065,8.432762691857617,8.557898193639927
-9.244683270309988,8.454109594103201,8.57788933124993
-9.2634841926479,8.47545923855018,8.597880423246545
-9.28228214886441,8.49681162476597,8.617871469523472
-9.30107713885956,8.518166752317976,8.637862469974403
-9.319869162533406,8.539524620773589,8.657853424493037
-9.338658219786021,8.560885229700183,8.677844332973072
-9.357444310517494,8.58224857866512,8.697835195308205
-9.376227434627927,8.603614667235743,8.71782601139213
-9.395007592017441,8.624983494979386,8.737816781118548
-9.413784782586172,8.646355061463364,8.757807504381159
-9.432559006234268,8.667729366254983,8.777798181073656
-9.4513302628619,8.689106408921527,8.797788811089742
-9.47009855236925,8.710486189030272,8.817779394323114
-9.488863874656515,8.731868706148475,8.83776993066747
-9.507626229623911,8.75325395984338,8.85776042001651
-9.526385617171668,8.774641949682218,8.877750862263934
-9.545142037200032,8.796032675232203,8.897741257303442
-9.563895489609262,8.817426136060536,8.917731605028735
-9.582645974299638,8.838822331734402,8.93772190533351
-9.601393491171454,8.860221261820973,8.957712158111468
-9.620138040125017,8.881622925887404,8.977702363256313
-9.638879621060653,8.90302732350084,8.997692520661744
-9.657618233878704,8.924434454228408,9.017682630221461
-9.676353878479524,8.945844317637219,9.037672691829167
-9.695086554763487,8.967256913294374,9.057662705378565
-9.71381626263098,8.988672240766956,9.077652670763355
-9.732543001982407,9.010090299622036,9.097642587877239
-9.751266772718187,9.031511089426669,9.11763245661392
-9.769987574738757,9.052934609747894,9.137622276867102
-9.788705407944565,9.074360860152739,9.157612048530487
-9.807420272236081,9.095789840208214,9.177601771497779
-9.826132167513787,9.117221549481316,9.197591445662681
-9.84484109367818,9.138655987539028,9.217581070918898
-9.863547050629776,9.160093153948319,9.237570647160133
-9.882250038269104,9.181533048276142,9.25756017428009
-9.900950056496711,9.202975670089435,9.277549652172475
-9.919647105213159,9.224421018955123,9.297539080730992
-9.938341184319023,9.245869094440117,9.317528459849346
-9.957032293714898,9.267319896111312,9.337517789421243
-9.975720433301392,9.288773423535586,9.357507069340388
-9.99440560297913,9.310229676279809,9.377496299500487
-10.013087802648755,9.331688653910831,9.397485479795247
-10.03176703221092,9.353150355995492,9.417474610118372
-10.0504432915663,9.374614782100613,9.437463690363572
-10.069116580615582,9.396081931793004,9.45745272042455
-10.087786899259468,9.417551804639457,9.477441700195017
-10.106454247398679,9.439024400206753,9.497430629568681
-10.12511862493395,9.460499718061657,9.517419508439247
-10.143780031766033,9.48197775777092,9.537408336700423
-10.162438467795695,9.503458518901278,9.55739711424592
-10.18109393292372,9.524942001019452,9.577385840969443
-10.199746427050902,9.546428203692152,9.597374516764704
-10.21839595007806,9.567917126486066,9.617363141525413
-10.237042501906021,9.589408768967875,9.637351715145277
-10.255686082435634,9.610903130704243,9.657340237518005
-10.274326691567758,9.632400211261817,9.677328708537308
-10.292964329203272,9.653900010207236,9.697317128096897
-10.311598995243068,9.675402527107117,9.71730549609048
-10.330230689588058,9.696907761528067,9.737293812411773
-10.348859412139165,9.718415713036677,9.757282076954482
-10.36748516279733,9.739926381199526,9.777270289612321
-10.386107941463509,9.761439765583173,9.797258450279001
-10.404727748038676,9.78295586575417,9.817246558848232
-10.423344582423816,9.80447468127905,9.83723461521373
-10.441958444519937,9.825996211724332,9.857222619269203
-10.460569334228056,9.84752045665652,9.877210570908368
-10.479177251449208,9.869047415642106,9.897198470024934
-10.497782196084447,9.890577088247564,9.917186316512618
-10.516384168034838,9.912109474039358,9.937174110265131
-10.534983167201466,9.933644572583933,9.957161851176187
-10.55357919348543,9.955182383447722,9.9771495391395
-10.572172246787842,9.976722906197145,9.997137174048785
-10.590762327009836,9.998266140398604,10.017124755797758
-10.609349434052554,10.019812085618488,10.037112284280132
-10.627933567817161,10.041360741423174,10.057099759389624
-10.646514728204833,10.062912107379022,10.077087181019948
-10.665092915116766,10.084466183052378,10.09707454906482
-10.683668128454169,10.106022968009574,10.117061863417955
-10.702240368118266,10.127582461816928,10.137049123973073
-10.7208096340103,10.149144664040742,10.157036330623887
-10.739375926031524,10.170709574247306,10.177023483264117
-10.757939244083214,10.192277192002893,10.197010581787477
-10.77649958806666,10.213847516873763,10.216997626087686
-10.795056957883164,10.235420548426161,10.236984616058463
-10.813611353434045,10.256996286226318,10.256971551593525
-10.832162774620642,10.278574729840452,10.276958432586591
-10.850711221344305,10.300155878834763,10.296945258931379
-10.869256693506403,10.321739732775441,10.316932030521608
-10.887799191008316,10.34332629122866,10.336918747250998
-10.906338713751447,10.364915553760577,10.356905409013267
-10.92487526163721,10.386507519937338,10.376892015702136
-10.943408834567034,10.408102189325072,10.396878567211326
-10.96193943244237,10.429699561489896,10.416865063434555
-10.980467055164675,10.451299635997913,10.436851504265546
-10.998991702635433,10.472902412415207,10.456837889598019
-11.017513374756135,10.494507890307853,10.476824219325694
-11.036032071428291,10.516116069241908,10.496810493342295
-11.054547792553429,10.53772694878342,10.516796711541543
-11.073060538033088,10.559340528498417,10.53678287381716
-11.091570307768826,10.580956807952912,10.55676898006287
-11.110077101662219,10.602575786712906,10.576755030172393
-11.128580919614853,10.62419746434439,10.596741024039455
-11.147081761528334,10.64582184041333,10.616726961557777
-11.165579627304282,10.66744891448569,10.636712842621085
-11.184074516844335,10.68907868612741,10.656698667123102
-11.202566430050144,10.71071115490442,10.676684434957552
-11.22105536682338,10.732346320382637,10.696670146018159
-11.239541327065725,10.75398418212796,10.716655800198648
-11.258024310678877,10.775624739706274,10.736641397392747
-11.276504317564555,10.797267992683452,10.756626937494179
-11.29498134762449,10.818913940625352,10.77661242039667
-11.313455400760427,10.840562583097817,10.796597845993947
-11.331926476874132,10.862213919666676,10.816583214179733
-11.350394575867384,10.883867949897745,10.836568524847758
-11.368859697641977,10.905524673356823,10.85655377789175
-11.387321842099722,10.927184089609696,10.876538973205435
-11.405781009142443,10.948846198222137,10.89652411068254
-11.424237198671985,10.9705109987599,10.916509190216793
-11.442690410590208,10.992178490788731,10.936494211701923
-11.461140644798983,11.013848673874358,10.956479175031658
-11.479587901200201,11.035521547582496,10.976464080099728
-11.498032179695766,11.057197111478843,10.99644892679986
-11.516473480187601,11.078875365129088,11.016433715025787
-11.534911802577644,11.1005563080989,11.036418444671236
-11.553347146767848,11.122239939953937,11.056403115629937
-11.571779512660182,11.143926260259843,11.076387727795622
-11.59020890015663,11.165615268582243,11.09637228106202
-11.608635309159194,11.187306964486755,11.116356775322863
-11.62705873956989,11.20900134753898,11.136341210471883
-11.64547919129075,11.230698417304499,11.156325586402811
-11.663896664223824,11.252398173348887,11.17630990300938
-11.682311158271174,11.274100615237698,11.196294160185323
-11.700722673334882,11.295805742536478,11.216278357824368
-11.719131209317041,11.317513554810755,11.236262495820254
-11.737536766119765,11.339224051626044,11.25624657406671
-11.755939343645181,11.360937232547842,11.276230592457472
-11.774338941795431,11.382653097141638,11.29621455088627
-11.792735560472677,11.404371644972903,11.316198449246842
-11.811129199579089,11.426092875607093,11.336182287432923
-11.82951985901686,11.447816788609652,11.356166065338247
-11.847907538688201,11.469543383546007,11.376149782856547
-11.86629223849533,11.491272659981576,11.396133439881561
-11.884673958340485,11.513004617481755,11.416117036307025
-11.903052698125922,11.534739255611932,11.436100572026673
-11.921428457753912,11.556476573937477,11.456084046934244
-11.93980123712674,11.578216572023752,11.476067460923472
-11.958171036146707,11.599959249436097,11.496050813888095
-11.976537854716131,11.62170460573984,11.516034105721852
-11.994901692737345,11.643452640500296,11.53601733631848
-12.0132625501127,11.665203353282767,11.556000505571715
-12.031620426744558,11.686956743652539,11.575983613375298
-12.049975322535303,11.708712811174882,11.595966659622967
-12.068327237387331,11.730471555415056,11.615949644208461
-12.086676171203054,11.752232975938302,11.63593256702552
-12.105022123884902,11.77399707230985,11.655915427967884
-12.123365095335318,11.795763844094918,11.675898226929291
-12.141705085456762,11.817533290858703,11.695880963803484
-12.160042094151711,11.839305412166395,11.715863638484203
-12.178376121322657,11.861080207583164,11.735846250865189
-12.196707166872107,11.882857676674169,11.755828800840181
-12.215035230702588,11.904637819004552,11.775811288302924
-12.233360312716636,11.926420634139445,11.795793713147157
-12.251682412816807,11.948206121643963,11.815776075266625
-12.270001530905674,11.969994281083206,11.835758374555072
-12.28831766688582,11.991785112022264,11.855740610906237
-12.306630820659851,12.013578614026207,11.875722784213865
-12.324940992130387,12.035374786660094,11.8957048943717
-12.34324818120006,12.057173629488972,11.915686941273488
-12.361552387771523,12.078975142077867,11.935668924812969
-12.37985361174744,12.1007793239918,11.955650844883891
-12.398151853030495,12.122586174795769,11.975632701379999
-12.416447111523384,12.144395694054765,11.995614494195037
-12.434739387128824,12.166207881333758,12.015596223222751
-12.453028679749542,12.18802273619771,12.035577888356888
-12.471314989288286,12.209840258211562,12.055559489491193
-12.489598315647816,12.23166044694025,12.075541026519415
-12.50787865873091,12.253483301948688,12.095522499335301
-12.52615601844036,12.27530882280178,12.115503907832595
-12.544430394678978,12.297137009064413,12.135485251905049
-12.562701787349587,12.318967860301461,12.155466531446407
-12.580970196355027,12.340801376077787,12.175447746350422
-12.599235621598158,12.362637555958234,12.195428896510837
-12.61749806298185,12.384476399507633,12.215409981821406
-12.635757520408994,12.406317906290806,12.235391002175877
-12.65401399378249,12.428162075872553,12.255371957468
-12.672267483005262,12.450008907817661,12.275352847591526
-12.690517987980245,12.47185840169091,12.295333672440204
-12.70876550861039,12.49371055705706,12.315314431907787
-12.727010044798668,12.515565373480856,12.335295125888024
-12.745251596448059,12.53742285052703,12.355275754274667
-12.763490163461563,12.559282987760302,12.375256316961467
-12.781725745742197,12.581145784745376,12.395236813842178
-12.79995834319299,12.603011241046941,12.415217244810552
-12.818187955716992,12.624879356229673,12.435197609760344
-12.836414583217266,12.646750129858237,12.455177908585306
-12.854638225596888,12.668623561497279,12.47515814117919
-12.872858882758957,12.690499650711432,12.49513830743575
-12.89107655460658,12.712378397065317,12.515118407248742
-12.909291241042885,12.734259800123537,12.535098440511922
-12.927502941971014,12.756143859450685,12.555078407119042
-12.945711657294126,12.778030574611337,12.575058306963859
-12.963917386915394,12.799919945170057,12.59503813994013
-12.98212013073801,12.821811970691392,12.615017905941608
-13.00031988866518,12.84370665073988,12.634997604862052
-13.018516660600122,12.86560398488004,12.654977236595219
-13.036710446446078,12.887503972676381,12.674956801034865
-13.054901246106299,12.909406613693392,12.69493629807475
-13.073089059484056,12.93131190749555,12.714915727608629
-13.091273886482634,12.953219853647322,12.734895089530262
-13.109455727005333,12.97513045171316,12.754874383733407
-13.12763458095547,12.997043701257496,12.774853610111823
-13.14581044823638,13.018959601844752,12.794832768559269
-13.16398332875141,13.040878153039339,12.814811858969506
-13.182153222403926,13.062799354405648,12.834790881236293
-13.200320129097308,13.08472320550806,12.854769835253391
-13.218484048734954,13.106649705910941,12.874748720914562
-13.236644981220273,13.12857885517864,12.894727538113566
-13.254802926456696,13.150510652875496,12.914706286744163
-13.272957884347667,13.172445098565834,12.934684966700118
-13.291109854796645,13.194382191813961,12.954663577875191
-13.309258837707107,13.216321932184172,12.974642120163145
-13.327404832982545,13.238264319240749,12.994620593457745
-13.345547840526464,13.260209352547957,13.014598997652751
-13.36368786024239,13.282157031670051,13.034577332641929
-13.381824892033862,13.304107356171269,13.054555598319043
-13.399958935804435,13.326060325615837,13.074533794577857
-13.41808999145768,13.348015939567963,13.094511921312137
-13.436218058897186,13.369974197591848,13.114489978415646
-13.454343138026553,13.39193509925167,13.134467965782152
-13.472465228749403,13.4138986441116,13.154445883305419
-13.49058433096937,13.435864831735792,13.174423730879216
-13.508700444590103,13.457833661688385,13.194401508397306
-13.52681356951527,13.479805133533507,13.214379215753459
-13.544923705648552,13.50177924683527,13.234356852841442
-13.56303085289365,13.523756001157771,13.254334419555022
-13.581135011154277,13.545735396065096,13.274311915787967
-13.599236180334163,13.567717431121315,13.294289341434046
-13.617334360337054,13.589702105890483,13.31426669638703
-13.63542955106671,13.611689419936642,13.334243980540686
-13.653521752426913,13.633679372823822,13.354221193788785
-13.671610964321456,13.655671964116035,13.374198336025096
-13.689697186654147,13.677667193377284,13.39417540714339
-13.707780419328811,13.69966506017155,13.414152407037438
-13.72586066224929,13.721665564062809,13.43412933560101
-13.74393791531944,13.743668704615017,13.45410619272788
-13.762012178443138,13.765674481392118,13.474082978311815
-13.780083451524272,13.787682893958044,13.494059692246593
-13.798151734466744,13.80969394187671,13.514036334425985
-13.816217027174478,13.831707624712013,13.534012904743761
-13.834279329551409,13.853723942027848,13.5539894030937
-13.852338641501492,13.875742893388086,13.573965829369573
-13.870394962928692,13.897764478356587,13.593942183465154
-13.888448293736998,13.919788696497195,13.61391846527422
-13.906498633830406,13.941815547373745,13.633894674690541
-13.924545983112935,13.96384503055005,13.653870811607899
-13.942590341488618,13.98587714558992,13.673846875920065
-13.9606317088615,14.00791189205714,13.693822867520817
-13.978670085135647,14.029949269515486,13.713798786303931
-13.99670547021514,14.051989277528723,13.733774632163184
-14.014737864004074,14.074031915660596,13.753750404992354
-14.03276726640656,14.096077183474842,13.773726104685219
-14.050793677326727,14.118125080535178,13.793701731135554
-14.068817096668717,14.140175606405311,13.813677284237142
-14.08683752433669,14.162228760648935,13.83365276388376
-14.104854960234823,14.184284542829724,13.853628169969188
-14.122869404267306,14.206342952511344,13.873603502387203
-14.140880856338345,14.228403989257444,13.893578761031586
-14.158889316352166,14.250467652631661,13.91355394579612
-14.176894784213006,14.272533942197619,13.933529056574587
-14.19489725982512,14.294602857518921,13.953504093260763
-14.21289674309278,14.316674398159165,13.973479055748435
-14.230893233920273,14.33874856368193,13.99345394393138
-14.2488867322119,14.360825353650783,14.013428757703382
-14.26687723787198,14.382904767629277,14.033403496958226
-14.284864750804848,14.404986805180949,14.053378161589693
-14.302849270914853,14.427071465869323,14.073352751491568
-14.320830798106364,14.44915874925791,14.093327266557635
-14.338809332283763,14.471248654910205,14.113301706681678
-14.356784873351446,14.493341182389694,14.133276071757484
-14.374757421213829,14.515436331259842,14.153250361678834
-14.392726975775341,14.537534101084105,14.173224576339516
-14.410693536940428,14.559634491425925,14.193198715633317
-14.428657104613553,14.581737501848728,14.213172779454023
-14.446617678699193,14.603843131915927,14.23314676769542
-14.46457525910184,14.625951381190918,14.253120680251294
-14.482529845726006,14.648062249237089,14.273094517015435
-14.500481438476216,14.670175735617809,14.293068277881629
-14.51843003725701,14.692291839896438,14.313041962743666
-14.536375641972947,14.714410561636317,14.333015571495334
-14.554318252528601,14.736531900400776,14.352989104030422
-14.572257868828558,14.75865585575313,14.372962560242723
-14.590194490777426,14.78078242725668,14.392935940026023
-14.608128118279824,14.802911614474716,14.412909243274115
-14.626058751240391,14.82504341697051,14.432882469880788
-14.643986389563779,14.847177834307322,14.452855619739834
-14.661911033154658,14.869314866048397,14.472828692745045
-14.679832681917711,14.891454511756967,14.492801688790212
-14.697751335757639,14.913596770996252,14.512774607769131
-14.71566699457916,14.935741643329454,14.532747449575592
-14.733579658287002,14.957889128319765,14.552720214103388
-14.751489326785919,14.980039225530358,14.572692901246315
-14.769395999980674,15.002191934524399,14.592665510898163
-14.787299677776046,15.024347254865036,14.612638042952732
-14.80520036007683,15.046505186115402,14.632610497303814
-14.823098046787841,15.068665727838619,14.652582873845203
-14.840992737813906,15.090828879597794,14.672555172470696
-14.858884433059869,15.11299464095602,14.69252739307409
-14.87677313243059,15.135163011476374,14.712499535549183
-14.894658835830944,15.157333990721924,14.732471599789768
-14.912541543165824,15.179507578255722,14.752443585689647
-14.930421254340137,15.201683773640802,14.772415493142615
-14.948297969258808,15.22386257644019,14.79238732204247
-14.966171687826776,15.246043986216895,14.812359072283014
-14.984042409948994,15.268228002533915,14.832330743758044
-15.001910135530437,15.29041462495423,14.85230233636136
-15.019774864476092,15.31260385304081,14.87227384998676
-15.03763659669096,15.334795686356607,14.892245284528046
-15.055495332080062,15.356990124464563,14.912216639879018
-15.073351070548433,15.379187166927604,14.93218791593348
-15.091203812001126,15.401386813308642,14.952159112585228
-15.109053556343204,15.42358906317058,14.972130229728071
-15.126900303479752,15.445793916076298,14.992101267255808
-15.14474405331587,15.46800137158867,15.012072225062242
-15.162584805756673,15.490211429270554,15.032043103041177
-15.18042256070729,15.51242408868479,15.052013901086415
-15.19825731807287,15.534639349394212,15.071984619091761
-15.216089077758571,15.556857210961633,15.091955256951023
-15.233917839669576,15.579077672949857,15.111925814558
-15.25174360371108,15.601300734921672,15.131896291806504
-15.269566369788292,15.623526396439853,15.151866688590335
-15.28738613780644,15.645754657067158,15.171837004803303
-15.305202907670763,15.667985516366338,15.191807240339214
-15.323016679286523,15.690218973900121,15.211777395091875
-15.340827452558992,15.712455029231231,15.231747468955094
-15.35863522739346,15.734693681922371,15.251717461822677
-15.376440003695235,15.75693493153623,15.271687373588435
-15.394241781369638,15.779178777635492,15.291657204146176
-15.412040560322009,15.801425219782816,15.31162695338971
-15.4298363404577,15.823674257540853,15.331596621212846
-15.447629121682082,15.845925890472241,15.351566207509395
-15.46541890390054,15.868180118139602,15.371535712173166
-15.483205687018476,15.890436940105541,15.391505135097972
-15.500989470941308,15.912696355932656,15.411474476177624
-15.51877025557447,15.93495836518353,15.431443735305933
-15.536548040823412,15.957222967420728,15.451412912376714
-15.5543228265936,15.979490162206805,15.471382007283776
-15.572094612790515,16.001759949104297,15.491351019920934
-15.589863399319654,16.024032327675734,15.511319950182003
-15.60762918608653,16.046307297483626,15.531288797960794
-15.625391972996674,16.06858485809047,15.551257563151125
-15.64315175995563,16.09086500905876,15.57122624564681
-15.660908546868962,16.113147749950958,15.591194845341663
-15.678662333642245,16.135433080329523,15.611163362129501
-15.696413120181075,16.1577209997569,15.63113179590414
-15.714160906391058,16.180011507795516,15.651100146559399
-15.73190569217782,16.202304604007786,15.671068413989092
-15.749647477447002,16.224600287956115,15.691036598087038
-15.767386262104262,16.24689855920289,15.711004698747054
-15.785122046055273,16.26919941731049,15.730972715862961
-15.802854829205724,16.29150286184127,15.750940649328577
-15.82058461146132,16.313808892357578,15.77090849903772
-15.83831139272778,16.336117508421747,15.790876264884211
-15.856035172910845,16.358428709596094,15.81084394676187
-15.873755951916264,16.38074249544293,15.83081154456452
-15.891473729649807,16.40305886552455,15.85077905818598
-15.909188506017259,16.42537781940322,15.870746487520071
-15.92690028092442,16.447699356641216,15.890713832460616
-15.944609054277107,16.470023476800783,15.910681092901438
-15.962314825981155,16.49235017944416,15.93064826873636
-15.98001759594241,16.514679464133568,15.950615359859206
-15.997717364066737,16.53701133043122,15.970582366163798
-16.015414130260016,16.559345777899313,15.99054928754396
-16.033107894428145,16.581682806100027,16.01051612389352
-16.050798656477035,16.604022414595526,16.0304828751063
-16.068486416312616,16.626364602947973,16.05044954107613
-16.08617117384083,16.648709370719505,16.070416121696834
-16.10385292896764,16.67105671747225,16.090382616862236
-16.12153168159902,16.69340664276832,16.110349026466167
-16.139207431640965,16.715759146169813,16.13031535040245
-16.156880178999483,16.73811422723882,16.150281588564916
-16.174549923580596,16.76047188553741,16.17024774084739
-16.192216665290346,16.782832120627642,16.19021380714371
-16.209880404034784,16.80519493207156,16.2101797873477
-16.22754113971999,16.8275603194312,16.230145681353186
-16.245198872252047,16.84992828226858,16.250111489054003
-16.26285360153706,16.872298820145698,16.27007721034398
-16.28050532748115,16.894671932624547,16.29004284511695
-16.298154049990455,16.917047619267105,16.31000839326674
-16.31579976897112,16.939425879635337,16.32997385468719
-16.33344248432932,16.961806713291182,16.349939229272128
-16.351082195971237,16.984190119796583,16.369904516915383
-16.36871890380307,17.006576098713463,16.389869717510795
-16.386352607731034,17.02896464960373,16.409834830952192
-16.403983307661363,17.051355772029275,16.429799857133414
-16.421611003500306,17.07374946555198,16.449764795948294
-16.439235695154125,17.096145729733713,16.469729647290666
-16.456857382529098,17.11854456413633,16.48969441105437
-16.47447606553152,17.140945968321663,16.509659087133237
-16.492091744067704,17.163349941851546,16.529623675421107
-16.50970441804398,17.185756484287786,16.549588175811817
-16.527314087366694,17.208165595192185,16.5695525881992
-16.5449207519422,17.230577274126528,16.5895169124771
-16.562524411676872,17.252991520652586,16.609481148539356
-16.58012506647711,17.275408334332116,16.629445296279805
-16.59772271624931,17.297827714726864,16.649409355592283
-16.615317360899905,17.32024966139856,16.669373326370636
-16.63290900033533,17.342674173908918,16.6893372085087
-16.650497634462045,17.365101251819645,16.709301001900318
-16.668083263186517,17.38753089469243,16.729264706439334
-16.685665886415237,17.409963102088945,16.749228322019587
-16.703245504054706,17.432397873570856,16.76919184853492
-16.720822116011444,17.454835208699812,16.789155285879175
-16.738395722191985,17.477275107037446,16.8091186339462
-16.755966322502882,17.499717568145382,16.82908189262983
-16.773533916850702,17.522162591585225,16.849045061823915
-16.79109850514203,17.544610176918567,16.8690081414223
-16.808660087283464,17.567060323706997,16.888971131318826
-16.826218663181617,17.589513031512073,16.908934031407345
-16.843774232743122,17.611968299895352,16.9288968415817
-16.86132679587463,17.634426128418376,16.948859561735738
-16.878876352482795,17.65688651664267,16.9688221917633
-16.896422902474306,17.679349464129743,16.988784731558248
-16.913966445755857,17.701814970441095,17.008747181014417
-16.931506982234158,17.724283035138214,17.028709540025663
-16.94904451181593,17.74675365778257,17.04867180848583
-16.966579034407925,17.769226837935623,17.068633986288773
-16.9841105499169,17.791702575158816,17.08859607332834
-17.001639058249626,17.814180869013576,17.108558069498375
-17.019164559312898,17.836661719061325,17.128519974692736
-17.036687053013523,17.859145124863463,17.148481788805274
-17.054206539258324,17.881631085981386,17.16844351172984
-17.07172301795414,17.904119601976465,17.18840514336029
-17.089236489007828,17.926610672410067,17.20836668359047
-17.106746952326255,17.94910429684354,17.22832813231424
-17.124254407816313,17.971600474838215,17.24828948942545
-17.1417588553849,17.994099205955422,17.268250754817952
-17.15926029493894,18.01660048975646,17.288211928385607
-17.176758726385362,18.039104325802633,17.30817301002227
-17.19425414963112,18.06161071365522,17.32813399962179
-17.211746564583187,18.084119652875486,17.34809489707803
-17.22923597114854,18.10663114302469,17.368055702284842
-17.24672236923418,18.129145183664065,17.38801641513609
-17.26420575874712,18.151661774354842,17.407977035525626
-17.281686139594395,18.174180914658237,17.42793756334731
-17.299163511683048,18.19670260413545,17.447897998495
-17.316637874920147,18.219226842347663,17.46785834086256
-17.334109229212768,18.241753628856056,17.487818590343842
-17.351577574468003,18.264282963221785,17.507778746832713
-17.369042910592967,18.286814845005992,17.52773881022303
-17.386505237494788,18.309349273769815,17.547698780408655
-17.40396455508061,18.33188624907437,17.56765865728345
-17.421420863257584,18.35442577048076,17.587618440741277
-17.438874161932894,18.37696783755008,17.607578130676004
-17.456324451013728,18.399512449843407,17.627537726981487
-17.473771730407293,18.422059606921806,17.647497229551593
-17.491216000020813,18.44460930834633,17.667456638280182
-17.508657259761527,18.46716155367801,17.687415953061123
-17.526095509536688,18.48971634247788,17.707375173788282
-17.543530749253566,18.512273674306943,17.727334300355526
-17.560962978819454,18.534833548726198,17.747293332656717
-17.578392198141653,18.557395965296628,17.767252270585725
-17.59581840712748,18.579960923579204,17.787211114036417
-17.613241605684273,18.60252842313488,17.807169862902658
-17.63066179371938,18.625098463524605,17.827128517078318
-17.648078971140173,18.647671044309302,17.847087076457267
-17.66549313785403,18.670246165049885,17.867045540933372
-17.682904293768352,18.692823825307265,17.887003910400505
-17.700312438790554,18.71540402464232,17.906962184752533
-17.71771757282807,18.737986762615936,17.926920363883326
-17.735119695788345,18.76057203878897,17.94687844768676
-17.752518807578845,18.783159852722267,17.96683643605671
-17.769914908107047,18.805750203976668,17.98679432888704
-17.787307997280447,18.82834309211299,18.00675212607163
-17.804698075006556,18.850938516692047,18.02670982750434
-17.8220851411929,18.873536477274627,18.04666743307906
-17.83946919574702,18.896136973421513,18.066624942689657
-17.85685023857648,18.918740004693472,18.086582356230007
-17.874228269588855,18.941345570651258,18.106539673593986
-17.891603288691737,18.963953670855613,18.126496894675466
-17.90897529579273,18.98656430486726,18.146454019368328
-17.926344290799456,19.00917747224692,18.166411047566445
-17.943710273619562,19.031793172555282,18.1863679791637
-17.961073244160698,19.054411405353044,18.206324814053964
-17.978433202330535,19.077032170200873,18.22628155213112
-17.99579014803676,19.09965546665943,18.24623819328905
-18.013144081187082,19.122281294289362,18.266194737421625
-18.030495001689218,19.1449096526513,18.286151184422728
-18.047842909450903,19.167540541305865,18.306107534186243
-18.06518780437989,19.190173959813663,18.32606378660605
-18.08252968638394,19.212809907735284,18.346019941576028
-18.09986855537084,19.235448384631308,18.365975998990063
-18.117204411248395,19.258089390062302,18.385931958742034
-18.134537253924414,19.280732923588815,18.405887820725827
-18.15186708330673,19.303378984771385,18.425843584835324
-18.169193899303192,19.326027573170542,18.445799250964406
-18.186517701821668,19.348678688346794,18.465754819006964
-18.203838490770032,19.371332329860643,18.48571028885688
-18.22115626605618,19.39398849727257,18.505665660408038
-18.238471027588027,19.41664719014305,18.525620933554325
-18.255782775273495,19.439308408032534,18.545576108189632
-18.27309150902053,19.46197215050147,18.565531184207842
-18.2903972287371,19.484638417110293,18.585486161502843
-18.307699934331172,19.507307207419416,18.605441039968525
-18.32499962571074,19.529978520989246,18.625395819498777
-18.34229630278381,19.552652357380172,18.64535049998749
-18.359589965458415,19.575328716152573,18.665305081328547
-18.376880613642587,19.59800759686681,18.685259563415844
-18.394168247244384,19.62068899908324,18.70521394614327
-18.411452866171874,19.643372922362197,18.72516822940472
-18.42873447033315,19.666059366264,18.74512241309408
-18.446013059636314,19.688748330348968,18.765076497105248
-18.46328863398949,19.711439814177393,18.785030481332115
-18.480561193300808,19.734133817309555,18.80498436566857
-18.497830737478424,19.75683033930573,18.824938150008514
-18.515097266430505,19.77952937972617,18.844891834245843
-18.532360780065236,19.802230938131125,18.86484541827445
-18.549621278290818,19.824935014080822,18.884798901988226
-18.566878761015467,19.847641607135476,18.90475228528107
-18.584133228147415,19.87035071685529,18.924705568046882
-18.601384679594908,19.89306234280046,18.944658750179553
-18.618633115266217,19.915776484531154,18.964611831572988
-18.635878535069615,19.938493141607537,18.98456481212108
-18.653120938913403,19.961212313589765,19.00451769171773
-18.670360326705893,19.98393400003797,19.02447047025684
-18.687596698355417,20.00665820051227,19.044423147632305
-18.704830053770316,20.02938491457278,19.064375723738028
-18.72206039285895,20.052114141779597,19.08432819846791
-18.739287715529695,20.074845881692802,19.104280571715858
-18.756512021690945,20.09758013387247,19.12423284337577
-18.77373331125111,20.12031689787865,19.14418501334154
-18.790951584118613,20.143056173271383,19.164137081507086
-18.808166840201896,20.165797959610703,19.184089047766303
-18.825379079409416,20.188542256456632,19.204040912013095
-18.84258830164965,20.211289063369165,19.22399267414137
-18.85979450683108,20.23403837990829,19.243944334045036
-18.876997694862215,20.25679020563399,19.26389589161799
-18.894197865651574,20.279544540106222,19.28384734675415
-18.911395019107694,20.302301382884938,19.303798699347418
-18.92858915513913,20.325060733530073,19.323749949291695
-18.94578027365445,20.347822591601552,19.3437010964809
-18.96296837456224,20.37058695665928,19.36365214080893
-18.980153457771102,20.393353828263155,19.383603082169707
-18.997335523189655,20.41612320597306,19.40355392045713
-19.01451457072653,20.438895089348865,19.423504655565118
-19.031690600290375,20.461669477950426,19.443455287387575
-19.048863611789855,20.484446371337587,19.463405815818415
-19.066033605133658,20.50722576907017,19.48335624075155
-19.083200580230475,20.530007670708002,19.503306562080894
-19.100364536989023,20.552792075810878,19.523256779700358
-19.117525475318033,20.57557898393859,19.543206893503857
-19.134683395126245,20.598368394650915,19.56315690338531
-19.151838296322424,20.621160307507616,19.583106809238622
-19.16899017881535,20.64395472206844,19.60305661095771