
-168.26905459980023,942.411989976899,-48.05142383699995
-168.29906202900924,942.3819933806276,-48.03998900977057
-168.3490779759009,942.33200261975,-48.020285413886974
-168.4191053570716,942.2620206125837,-47.9923507234041
-168.48961162151642,942.1782164224007,-47.950357737106664
-168.54059816712254,942.0871576828438,-47.88836449583949
-168.57160116031272,941.9896799009088,-47.80637099993223
-168.58262147217488,941.8866975072442,-47.70437724982089
-168.57365983166494,941.7792534125734,-47.582383246047826
-168.54471680175183,941.6685864515191,-47.44038898926175
-168.49579274739455,941.556172697656,-47.27839448021773
-168.42688780031628,941.4437266527118,-47.09639971977717
-168.35800238312504,941.3217160690497,-46.89440470890784
-168.3091389052151,941.1796968989191,-46.67240944868386
-168.2803002837086,941.0176720625951,-46.430413940285696
-168.27148943562125,940.8356444807777,-46.168418185000185
-168.2827092778622,940.6336170745923,-45.88642218422049
-168.31396272723416,940.4115927655901,-45.58442593944615
-168.3652527004332,940.1695744757474,-45.262429452283044
-168.43658211404892,939.9075651274661,-44.9204327244434
-168.5279538845644,939.6255676435732,-44.57823725901114
-168.63937092835607,939.3235849473211,-44.252958217309896
-168.7708361616938,939.0016199623877,-43.93896630572272
-168.92235249274697,938.6598400473088,-43.629990348987825
-169.09392262942598,938.301871965981,-43.3192379932138
-169.2855484612463,937.9340082255156,-43.000400211072765
-169.49723103482538,937.5616380736009,-42.6688271357739
-169.727873121789,937.1898944651336,-42.32204994803274
-169.972222460407,936.8168617849042,-41.96381950656799
-170.2271420029466,936.439364362075,-41.59733511786383
-170.49508049375066,936.0600690495139,-41.21990638279298
-170.779433203143,935.6816745807893,-40.828235069377996
-171.0830036744914,935.3067218277213,-40.41853074200493
-171.40663119142582,934.937020163462,-39.98882619971303
-171.75031494025401,934.5730443506553,-39.53912144478726
-172.11405414703324,934.2137907480206,-39.06941647961896
-172.49784781904188,933.8664949636304,-38.579711306705796
-172.90169343099242,933.5392566151596,-38.07000592865181
-173.32558806387507,933.2320786268326,-37.540300348167385
-173.76952879857345,932.9449639224484,-36.99059456806926
-174.2335127191159,932.6778485442004,-36.42088859128053
-174.71753696335415,932.4298267179106,-35.831182420830636
-175.22159887424036,932.1992725762238,-35.22147605985537
-175.74569601802352,931.9847963611479,-34.59176951159687
-176.26982697730475,931.7680956933417,-33.95781179663528
-176.77399380576068,931.5314700105772,-33.335312321849614
-177.25819941757274,931.2749164014357,-32.724051736397456
-177.7224467233956,930.9985066829356,-32.123514676975184
-178.16699042337288,930.7034790932996,-31.532862790758493
-178.59338590370305,930.3920817809408,-30.95086534510994
-179.003984530028,930.0662906115839,-30.376082692112547
-179.40068703794697,929.7277309238794,-29.807145959558238
-179.80089346392458,929.3931821070173,-29.23080349442278
-180.2211500871151,929.0786931196346,-28.634460873859823
-180.66145398842144,928.7842668857019,-28.018118101040447
-181.12180224863997,928.5099063287637,-27.381775179242084
-181.60219194846042,928.2556143719388,-26.725432111848527
-182.102620168466,928.0213939379205,-26.04908890234991
-182.62308398913325,927.8072479489759,-25.352745554342732
-183.16358049083232,927.6131793269468,-24.63640207152983
-183.70410772612306,927.4191900209968,-23.900058457720398
-184.2246676367149,927.2052780911395,-23.143714716829987
-184.7252631367021,926.9714406254905,-22.367370852880494
-185.205897140285,926.7176747125903,-21.57102687000017
-185.66657256177015,926.4439774414049,-20.75468277242362
-186.10729231557022,926.1503459013246,-19.91833856449179
-186.52805931620398,925.8367771821655,-19.061994250651992
-186.9288764782963,925.5032683741684,-18.185649835457877
-187.30974592163562,925.1661685748824,-17.296477170671302
-187.67066654295422,924.8427194567194,-16.400067063210702
-188.01163622317196,924.5347858736492,-15.493307511895146
-188.3337943063941,924.2443379932821,-14.57328731625592
-188.63937125320044,923.9731534655205,-13.637649500862532
-188.93024976987712,923.7220124129515,-12.684881286686743
-189.20769776292374,923.490912792087,-11.714299667740262
-189.4723886808084,923.279852700017,-10.72590972082422
-189.74081620041025,923.0773008719319,-9.72027459969272
-190.0292764212491,922.8735125633706,-8.69652502220282
-190.33776930179113,922.6713614235057,-7.653077995523309
-190.66629447672656,922.4724627701792,-6.589630928157008
-191.0148514174047,922.2775148469628,-5.506183825758853
-191.38343953628845,922.0866937372926,-4.402736694090134
-191.77205823901113,921.899961791322,-3.2792895390184875
-192.18070694060282,921.7172538623032,-2.135842366517906
-192.6093856448347,921.52657760883,-0.9723951826687312
-193.05809668434557,921.3159653359487,0.21105200634234467
-193.52684297361168,921.08541996545,1.4144991942222778
-194.01562742700284,920.8349444195495,2.6379463745716727
-194.52445295878223,920.5645416208882,3.8813935408847837
-195.05332248310643,920.274214492532,5.1448406865495135
-195.6022389140255,919.9639659579717,6.428287804847415
-196.17120516548286,919.633798941123,7.730244954986758
-196.76022415131536,919.2837163663268,9.050712130044316
-197.36929878525316,918.9137211583487,10.391179256965364
-197.9984319809198,918.5238162423796,11.751646328621897
-198.64762665183216,918.114004544035,13.132113337779558
-199.31688571140043,917.6842889893554,14.532580277097637
-200.00621207292812,917.2346725048063,15.95304713912908
-200.71560864961205,916.7651580172779,17.393513916320476
-201.4450783545423,916.2757484540855,18.853980601012065
-202.17462410071101,915.7664457706816,20.33444718543774
-202.88424880111003,915.2372480337937,21.834913661725036
-203.5739553688282,914.6881523382868,23.355380021895144
-204.24374671706028,914.119155779451,24.895846257862907
-204.89362575910695,913.530255453001,26.456312361436808
-205.52359540837475,912.9214484550764,28.036778324318984
-206.13365857837613,912.2927318822418,29.637244138105224
-206.7238181827294,911.6441028314866,31.257709794284967
-207.2940761628712,910.9955584001899,32.8867798489131
-207.8444305711943,910.3670956857302,34.51537695606596
-208.3748784879098,909.7587117850957,36.1481240032758
-208.8854169933347,909.1704037948487,37.78958885581315
-209.37604316789188,908.6021688111256,39.44422494370632
-209.84675409211005,908.0540039296372,41.11630991947833
-210.29754684662387,907.5259062456685,42.80816287461671
-210.7284185121739,907.0178728540785,44.52001560211152
-211.13936714189407,906.5099008493362,46.23334583124853
-211.53039467817405,905.9819873259102,47.93057787314576
-211.9015040357968,905.4341293786587,49.61361012099129
-212.2526981296513,904.8663241028648,51.284354056275035
-212.58397987473234,904.2785685942372,52.94473873295518
-212.89535218614066,903.6708599489092,54.5967135831578
-213.18681797908286,903.0431952634399,56.2422490065372
-213.45838016887137,902.3955716348129,57.88333422926658
-213.71004167092448,901.7279861604374,59.53269363073631
-213.9418054007663,901.0404359381475,61.20205271562889
-214.1536742740267,900.332918066203,62.8914114750674
-214.34565120644143,899.6054296432884,64.6007699000686
-214.51773911385195,898.8579677685137,66.33012798154287
-214.66994091220548,898.0905295414143,68.07948571029428
-214.80225951755503,897.3031120619506,69.84884307702049
-214.9146978460593,896.4957124305085,71.63820007231287
-215.01307442313637,895.6721399021521,73.42963304545952
-215.10331072904611,894.8362705525744,75.20596294126484
-215.18564577695227,893.9882857969936,76.9686032215044
-215.26037640958313,893.1284615921961,78.71881036798892
-215.32785146731354,892.2571519632,80.45767716630628
-215.38846213686128,891.3747718974419,82.18613448680244
-215.44262987940766,890.4817807308862,83.90496048514949
-215.49079352539087,889.5786669537465,85.61479518926696
-215.5263569597285,888.6691932494301,87.32076545997738
-215.54227928292573,887.7577216831013,89.0295032586118
-215.5383380032352,886.8462727953777,90.74440086405198
-215.5145329386432,885.937350203353,92.46826411577611
-215.47086352637353,885.0336110109151,94.20306321040042
-215.40732882466003,884.1375382930873,95.94992582472324
-215.32392755884015,883.2511731436534,97.70925572753153
-215.22065820022263,882.3759281538229,99.48088807640117
-215.11751901851298,881.5134719871055,101.25835034549678
-215.03299088975416,880.6668526852801,103.03536253636528
-214.96357092213836,879.839065522593,104.81215735611755
-214.90561066216347,879.0312336654158,106.58920343092387
-214.84477089750933,878.2233934532483,108.37648661966506
-214.76908071465073,877.3955432680027,110.18376923209959
-214.68000053226322,876.5476810490483,112.01105125861716
-214.57903701991376,875.6798049535856,113.85833268950108
-214.46763135650986,874.7919133550266,115.72561351492836
-214.34707816892876,873.8840048270032,117.61289372496961
-214.2184865067038,872.9560781186548,119.52017330958913
-214.08277418434577,872.0081321268328,121.44745225864484
-213.9399072538418,871.041703423353,123.3849283357069
-213.79017289479816,870.0587759195065,125.32309876923212
-213.63489446180083,869.06017806513,127.26239137555694
-213.47513453147744,868.0466117973333,129.20294210387507
-213.31174122354756,867.0186651116188,131.14468783172785
-213.14538727330014,865.9768300851466,133.08744000547028
-212.97660370309325,864.9215213730757,135.03093671363163
-212.8058083962616,863.853092938946,136.97487660887367
-212.64417990077436,862.7681744667851,138.90895909368666
-212.50271448552408,861.6632338925086,140.8230408398527
-212.38141506812534,860.5382741569756,142.7171218371935
-212.28028456608547,859.3932982014708,144.59120207563723
-212.1993258216569,858.2298547593276,146.44528154521834
-212.1385412132212,857.0528490372353,148.28566136017082
-212.09793220684898,855.8694328400535,150.12586020295734
-212.07749918046585,854.6872564586997,151.97957693969056
-212.077241215704,853.5176281815478,153.84275910830843
-212.0971557578983,852.3680013378196,155.7025036580232
-212.1372398900806,851.2383788693237,157.5542069582992
-212.1974906951754,850.1287637174432,159.3935557849898
-212.27790525599994,849.0391588231358,161.21654814467328
-212.37848065526435,847.9695671269338,163.0204002828451
-212.49921397557145,846.9199915689439,164.804251554156
-212.64010229941692,845.8904350888475,166.56810194912032
-212.78114314151114,844.8720069531948,168.33195145834983
-212.90233571741288,843.8563967910297,170.1158000724563
-213.00367952795452,842.8448755484894,171.919647781954
-213.08517387844623,841.838811384177,173.7434945772509
-213.14681788212928,840.8394204582987,175.5873404486486
-213.18861050106045,839.847517683895,177.4511853863423
-213.21055061774777,838.8633604153118,179.33502938042096
-213.21263711864316,837.8866464879173,181.2388724208671
-213.2148694575099,836.9065642171408,183.1475695018743
-213.23724921848677,835.9111643078777,185.0448015319937
-213.27977883156566,834.8978412992719,186.9282061659326
-213.34246104814153,833.8649682474262,188.79534875279265
-213.42529876324193,832.8121058070851,190.64373661354074
-213.52829489328875,831.7392569180022,192.47212346053942
-213.6514523545966,830.646424520356,194.28050928406608
-213.7947740633729,829.5336115547508,196.0688940745046
-213.95826196343043,828.4208209621803,197.83727782234513
-214.14191410932494,827.3280556836384,199.58566051818417
-214.34572758321755,826.2553186597286,201.3140421527246
-214.56969946716214,825.2026128306292,203.02242271677568
-214.81382684310537,824.1699411360926,204.71080220125302
-215.07810679288679,823.157306515446,206.37918059717853
-215.36253639823872,822.1647119075906,208.02755789568056
-215.66711274078637,821.1921602510021,209.65593408799376
-215.97183329454367,820.2315800345469,211.27093296001183
-216.25669705872002,819.2758164060061,212.87888800782102
-216.52170320262684,818.3266812816488,214.4792247389997
-216.76685063846597,817.385859355662,216.07141954255255
-216.99213805253254,816.4547225719559,217.65509268503376
-217.19756396681584,815.5341121182398,219.23011116909242
-217.38312682878518,814.6241909231046,220.7966494782355
-217.5488251107532,813.7244749002978,222.35516303130245
-217.69465773577315,812.8269416452061,223.9008243582884
-217.82062513489507,811.9238605012167,225.42919051980095
-217.9267281307361,811.01508934117,226.94175030394643
-218.01296755858948,810.1005989904983,228.44008767084355
-218.07934424881833,809.1804759022828,229.9254727131178
-218.12585901322555,808.254873600447,231.39848423594637
-218.1525126392047,807.3239623870235,232.8588186330926
-218.15930589002306,806.3878928745978,234.3053349213163
-218.1550799101479,805.4459039721803,235.74054957670816
-218.14859006973992,804.4973593542547,237.16729979561458
-218.1396665117656,803.542646218105,238.58465214597635
-218.12814134684712,802.5821654142237,239.99156453937786
-218.11384831307092,801.6163350178499,241.38688305245617
-218.0966221363906,800.6455960373811,242.7693394597517
-218.07629762200506,799.6704211722836,244.13754995054617
-218.05270870137585,798.6913276961,245.49001582695954
-218.02816279089492,797.7004089069318,246.8417651860986
-218.00489164848355,796.6894866347449,248.20921965639582
-217.98257043153853,795.6589355173923,249.59356123646145
-217.9608687464324,794.6101808135058,250.99586736968595
-217.93947057943942,793.5452737799563,252.4170969900717
-217.91808953431712,792.4661516340918,253.85801157420707
-217.8964714188473,791.3746120207759,255.31892480842995
-217.87439512147182,790.272283082286,256.79983668497186
-217.84846694330957,789.1549412551578,258.2942366311568
-217.81584445238715,788.0175951475167,259.7947835717274
-217.77734623456135,786.8602438446521,261.2999512990065
-217.7336457398407,785.6828865403501,262.80846125567746
-217.6852952432108,784.4855225175013,264.3192418181423
-217.6327468445396,783.2681511320036,265.831393793664
-217.57636991175536,782.030771799467,267.3441613164959
-217.51646513406993,780.7733839842119,268.8569068706189
-217.4643920309093,779.501945235742,270.37949468576994
-217.43194202858632,778.2229426159771,271.9220810631546
-217.4196825550869,776.9366284456714,273.48466599457015
-217.42761474626406,775.6418452205274,275.06724947170744
-217.45573999214463,774.33629087347,276.66983148615105
-217.50406009282918,773.0166808249425,278.29241202937914
-217.5725773791586,771.6791161234347,279.93499109276354
-217.66129466861176,770.3215628876818,281.5975686675697
-217.77021487757924,768.9440240639278,283.2801447449569
-217.89934092234418,767.5465025988422,284.9827193159778
-218.04867571908227,766.1290014395195,286.70529237157893
-218.21822218386174,764.6915235334799,288.44786390260043
-218.40798323264335,763.2340718286686,290.2104338997761
-218.61796178128034,761.7566492734561,291.99300235373335
-218.8481607455185,760.2592588166384,293.79556925499327
-219.09858304099603,758.7419034074364,295.61813459397064
-219.35560721885713,757.2245853331683,297.4406983609827
-219.60670056191023,755.7273042850985,299.2432605463468
-219.85388681669082,754.2500595496849,301.0258211404776
-220.0988945217779,752.7928506864744,302.78838013389634
-220.34319764956967,751.3556774880915,304.5309375172305
-220.5880503505382,749.9385399457097,306.2534932812139
-220.83451682230233,748.5414382192241,307.9560474166868
-221.08349722667532,747.1643726114798,309.6385999145957
-221.3440413664904,745.8073439491009,311.3211507659848
-221.62478548937423,744.4703547583409,313.0236999618981
-221.9257266769717,743.1534079850156,314.7462474932822
-222.24686201082014,741.8565065745152,316.48879335097746
-222.5881885723496,740.5796534718038,318.2513375257177
-222.9497034428827,739.3228516214203,320.0338800081305
-223.33140370363478,738.0861039674778,321.8364207887371
-223.73328643571378,736.8694134536636,323.6589598579524
-224.1353487201292,735.6727820509518,325.501497206085
-224.51758763788962,734.4962078407412,327.364032823337
-224.88000027010008,733.3396879317175,329.24656669980436
-225.22258369797115,732.2032194321405,331.1490988254766
-225.54533500281875,731.0867994498444,333.0716291902368
-225.84825126606435,729.9904250922377,335.01415778386195
-226.13132963326953,728.9127762694598,336.97668459602244
-226.39456761200552,727.8503572931114,338.95920961628246
-226.63796399953247,726.7844824663338,340.94173283410873
-226.86152090893106,725.6986416904828,342.9042542389679
-227.0652412558748,724.5928320723197,344.8467738204241
-227.24912795614276,723.4670507190309,346.769291568148
-227.4131839256194,722.3212947382284,348.67180747191645
-227.55741208029468,721.1555612379492,350.55432152161274
-227.68181533626404,719.9698473266556,352.4168337072265
-227.78639660972823,718.7641501132351,354.25934401885365
-227.8718409687876,717.5384667401634,356.10185244668776
-227.93866487774724,716.2927944747937,357.9643589809223
-227.98645228014527,715.0271305731098,359.8468636116533
-228.0146925446928,713.7414722218437,361.74936632887045
-228.0231254092767,712.4358165448037,363.67186712245706
-228.01175379071447,711.1101606534298,365.6143659821902
-227.9805806059289,709.7645016595872,367.5768628977404
-227.92960877194812,708.3988366755661,369.55935785867206
-227.858840233618,707.0331628140475,371.54835868030057
-227.76827304674,705.6874771877118,373.5299109689206
-227.6579042949334,704.3617769088498,375.50328705190907
-227.52773106192274,703.0560590893269,377.4682261043441
-227.37786660242102,701.7703208462309,379.42485665295516
-227.21232848433172,700.50455950862,381.373258808378
-227.0375835263386,699.2587732947142,383.3133430045116
-226.8578076192885,698.0329611894131,385.2451252704109
-226.67295354892474,696.8127762754524,387.1682495682005
-226.48113966117444,695.5843882080986,389.08144569407796
-226.28190453194102,694.3489679899795,390.983008874458
-226.07475238665558,693.1079774473455,392.87123731747994
-225.85914947133838,691.8631989647652,394.7444197809184
-225.63453503905987,690.6167655504618,396.6007873830293
-225.4003533400202,689.3711825200298,398.4384391740006
-225.1561061672702,688.1293275558503,400.25623502832326
-224.9128560875386,686.8928944522327,402.05402875427075
-224.6817411950619,685.661630702687,403.8318203422832
-224.46239123474564,684.4347701683807,405.5896097829072
-224.25430347589418,683.2116872722502,407.3273970667955
-224.05685664824966,681.991900858571,409.0451821847074
-223.86934227219226,680.7750626983957,410.74296512750846
-223.6910059722066,679.560934539627,412.4207458861706
-223.52108937131808,678.3493608173746,414.0785244517722
-223.3526649655358,677.1292041351462,415.7163008154979
-223.17982013205875,675.8892047738635,417.33407496863873
-223.0038253643715,674.6291799593074,418.93184690259204
-222.825916709773,673.3491293228635,420.5096166088617
-222.64726741712678,672.0491790642035,422.0673840790577
-222.46897075082796,670.7296816617819,423.60514930489666
-222.2920299296108,669.3911609191325,425.1229122782014
-222.11735714013076,668.0342745398815,426.620672990901
-221.94174423148445,666.6583726497357,428.0984314350312
-221.7609745737377,665.2624447855909,429.5561876027339
-221.57383432264882,663.8464901084144,430.9939414862574
-221.37898151263389,662.4105075927959,432.4116930779564
-221.1749448904304,660.9544960082133,433.80944237029183
-220.96011906900893,659.4784538998762,435.18718935583115
-220.73275484731062,657.9823795685227,436.5449340272481
-220.49094317899116,656.4662710483652,437.88267637732275
-220.25152211715786,654.9501270024604,439.21546893399204
-220.03232423216528,653.4539495133827,440.55678395016116
-219.8333466083167,651.9777415303307,441.90341601060265
-219.65458632980787,650.5215060020778,443.2521250442515
-219.49604048072703,649.0852458769718,444.5997689800811
-219.35583810687825,647.6689640121222,445.9434683937455
-219.22685225106747,646.2726626454414,447.28099992137675
-219.1022561538805,644.8963428253148,448.61140098328826
-218.96917144810206,643.5295569960349,449.9452025908965
-218.81628961573668,642.1623234146722,451.29601453076583
-218.6436106703179,640.7951901392363,452.6668240708355
-218.45113459857336,639.4279911874557,454.0576312038162
-218.23886145465852,638.0599938432241,455.4684359223122
-218.0067914296387,636.6900787246309,456.89923821882155
-217.75492489654638,635.3168837659191,458.35003808573583
-217.48326243931723,633.9388822590671,459.8208355153403
-217.2118051831966,632.5480578449797,461.2916304998228
-216.9605556956225,631.1371953142665,462.74242303137123
-216.72951689479336,629.7062976143044,464.17321310227084
-216.51869169880007,628.2553676928957,465.5840007049133
-216.328083025626,626.7844084982681,466.9747858317968
-216.15769379314705,625.2934229790754,468.3455684755257
-216.00752691913164,623.7824140843965,469.69634862881065
-215.8775853212406,622.2513847637359,471.02854711233397
-215.75770731902708,620.7203374728899,472.34216391901157
-215.63753313517282,619.2092726818205,473.6357782139932
-215.51665100087752,617.7181903178016,474.9093899904001
-215.39459981043436,616.2470902446614,476.1629992414596
-215.27084999290994,614.7959722542458,477.3966059605057
-215.14477974562948,613.364836054759,478.61021014097867
-215.01564625276603,611.9536812552765,479.803811776425
-214.8825517512282,610.5625073456835,480.9774108604976
-214.74761176215057,609.1913138272118,482.13735710504704
-214.61336635196557,607.8401006809655,483.2900642397688
-214.47968243036476,606.5088679984858,484.43566815140133
-214.34643011328978,605.1976158521658,485.57431994021033
-214.2134805247138,603.9063442955545,486.70618504165395
-214.08070393125502,602.6350533633629,487.83144272546446
-213.94796815240255,601.3837430712214,488.95028595545716
-213.81513721535936,600.1524134152203,490.06292155594565
-213.67925142403038,598.9210642342276,491.1825054987335
-213.53721395118868,597.6696947916735,492.3220868296232
-213.3886134497731,596.3983041603079,493.4816655425549
-213.23304589745297,595.1068913533919,494.6612416313625
-213.07011668565383,593.7954553259294,495.8608150897736
-212.89944174060375,592.4639949761339,497.08038591140934
-212.72064769547345,591.1125091469887,498.3199540897846
-212.53337121040863,589.7409966277683,499.5795196183078
-212.33186605250054,588.369455893313,500.8512575772599
-212.11056285538143,587.017884327049,502.12845694680254
-211.86945870336578,585.6862790413561,503.41327890826886
-211.60855068087338,584.3746371481886,504.7077656613516
-211.32783587242923,583.0829557590758,506.0138636436777
-211.02731136266377,581.8112319851217,507.3334395985416
-210.7069742363127,580.559462937005,508.6682945929535
-210.36682157821713,579.3276457249794,510.0201779217249
-210.02685144560203,578.0957784311964,511.3910057840261
-209.7070657848413,576.8438630269576,512.7818309269693
-209.4074675144977,575.5719024562418,514.1926533431588
-209.12805955302673,574.279899663454,515.6234730250923
-208.86884481877647,572.9678575934244,517.0742899651615
-208.62982617431388,571.6369244026267,518.5451041556516
-208.41100618330577,570.2898135855913,520.0359155887414
-208.21238697193675,568.9296836850465,521.5467242565035
-208.0139696886046,567.5703116550255,523.0719296255273
-207.7957530449987,566.223674344865,524.6071206788697
-207.55773520472604,564.8894780829477,526.1547814061878
-207.29991435756662,563.5676442042195,527.7176318367109
-207.02228869174147,562.2582617307784,529.2986348765942
-206.72485637215252,560.9615519857873,530.8994814888042
-206.40761552309078,559.677842700258,532.5203252779189
-206.07056421430266,558.4075459803063,534.1611662353195
-205.72746610862978,557.1398974674037,535.8066397516287
-205.39240489920098,555.8638884286511,537.4412427105561
-205.06604183273876,554.5794711135825,539.0646874075251
-204.7490895604026,553.2865841818518,540.676666279181
-204.44231826253952,551.9851503517812,542.2768560351872
-204.1465620255753,550.6750736364074,543.8649244579245
-203.86272505054134,549.3562361980283,545.440541069817
-203.5917872526889,548.0284947901974,547.0033933591485
-203.32536713882027,546.7062429636628,548.5608861798898
-203.0544476349537,545.4039519565326,550.1208128178278
-202.7787632543328,544.121621093602,551.6836509896959
-202.49801890245365,542.8592496587876,553.249877900924
-202.21188993237956,541.616836890812,554.8199710694905
-201.92002223534183,540.3943819789014,556.3944090083932
-201.62203230177676,539.1918840584927,557.9736718799862
-201.31750731860254,538.0093422069523,559.5582420815344
-201.01969530852546,536.826756104831,561.1555853677004
-200.7420604388437,535.6241280401912,562.7729256698825
-200.48460562789595,534.4014609559425,564.4102629794805
-200.24733379391353,533.1587577954207,566.0675972877879
-200.03024785502052,531.8960215023865,567.7449285859915
-199.8333507292336,530.6132550210267,569.4422568651722
-199.65664533446204,529.3104612959536,571.1595821163043
-199.50013458850788,527.9876432722048,572.8952019567519
-199.3510232232295,526.6648032730795,574.6291163772946
-199.19685520044055,525.361941150044,576.343027742225
-199.03826029452787,524.0790562128451,578.0369360424294
-198.87577230068823,522.816147855809,579.7108412689001
-198.70984822571364,521.5732155453164,581.3647434127362
-198.54088237709652,520.350258809681,582.998642465143
-198.36921707088277,519.1472772308181,584.6125384174321
-198.19515101065247,517.9642704372975,586.2064312610215
-198.03004064878814,516.8012386378479,587.7906228886524
-197.8851017156321,515.656000925796,589.3749743188986
-197.76033197522048,514.5233031937498,590.9586604991805
-197.65573004419912,513.3970124978968,592.5410194577335
-197.5712954303954,512.2710580876814,594.1216057974688
-197.50702851739248,511.13952315607935,595.7001455752596
-197.46293053271657,509.99678463073474,597.2763956391536
-197.4390034883992,508.8377675814852,598.8499846478854
-197.43006699053666,507.6721133091879,600.4158610002628
-197.43072313553222,506.5115199851194,601.9680702981511
-197.4405408632758,505.3554325477122,603.5044551164768
-197.45908384827277,504.2033695588896,605.0230646023064
-197.48590524605248,503.0548869364313,606.5223194323794
-197.52055196624013,501.90955559545,608.0015710372464
-197.5625706945588,500.76694851565225,609.4608194090414
-197.61151569430262,499.626635441038,610.9000645400046
-197.65732131105906,498.4887515005041,612.3274783449244
-197.69105880393164,497.35498478255414,613.7517807417295
-197.71451532571461,496.2281940442668,615.1744954055589
-197.72926934368581,495.11141242135284,616.5977005822347
-197.73655745349356,494.0075677147593,618.0235711988136
-197.73727905171708,492.9193790535893,619.4541742635988
-197.73205372764124,491.84935040686037,620.8914249199822
-197.72128395859158,490.79900142476333,622.3371096593438
-197.6978962290004,489.76057652533217,623.7774427832178
-197.65466264650578,488.7295617877733,625.1977725901306
-197.59158163224953,487.71262895110533,626.5980990725296
-197.50865076106254,486.7142864983595,627.9784222229686
-197.40586718453343,485.7359305030622,629.3387420341073
-197.28322798634647,484.7775580696204,630.6790584987124
-197.14073025029143,483.83916630201566,631.9993716096567
-196.97837106026373,482.9207523038043,633.2996813599193
-196.8031842974856,482.01304077411515,634.5999877425768
-196.62245609593953,481.1067896879324,635.9202907507059
-196.4366524106391,480.2020536946805,637.2605903772859
-196.24617420441996,479.29887214987497,638.6208866151898
-196.05136596916006,478.3972716354192,640.0011794571839
-195.85252327200985,477.49726801949845,641.4014688959285
-195.6498994153864,476.5988681589226,642.8217549239776
-195.44371130041964,475.7020713324953,644.2620375337785
-195.2258574594482,474.81605929056354,645.7223167176728
-194.9881344955358,473.95001402729685,647.2025924678951
-194.73053949308422,473.10393264470764,648.7028647765741
-194.45306953660088,472.2778122443833,650.2231336357319
-194.15572171069897,471.47164992748606,651.7633990372844
-193.83849310009728,470.6854427947528,653.3236609730412
-193.50138078962038,469.91918794649547,654.9039194347056
-193.14438186419858,469.17288248260064,656.5041744138744
-192.77213588544097,468.42652372820913,658.104425902047
-192.388929748249,467.6601098937036,659.6846738907228
-191.9940330837118,466.8736393278511,661.2449183714989
-191.58667440054407,466.06711026991957,662.7851593360784
-191.1660395115277,465.24052084356623,664.3053967762713
-190.73126988938157,464.39386905049173,665.8056306839934
-190.28146100737268,463.52715276385214,667.2858610512673
-189.81566067039108,462.64036972142907,668.7460878702216
-189.33168813345506,461.7335174612284,670.1863111330915
-188.82785233864527,460.8065931684695,671.6065308322187
-188.30415620550326,459.8595939464458,673.006746960051
-187.76060265367613,458.8925168988766,674.3869595091426
-187.19719460291654,457.90535912990697,675.7471684721543
-186.61393497308282,456.8981177441078,677.087373841853
-186.0108266841388,455.87078984647593,678.4075756111122
-185.38787265615386,454.82337254243396,679.7077737729115
-184.76507580929405,453.75586391011785,680.9985654251203
-184.1624390637246,452.66826591723924,682.2906952989719
-183.57996533951237,451.560581504223,683.5844432712182
-183.01765755661702,450.43281361192,684.8800578958851
-182.47551863489102,449.2849651816068,686.1777555042407
-181.9535514940795,448.117039154986,687.4777196088669
-181.4517590538204,446.9290384741858,688.780100493221
-180.97014423364436,445.72096608176037,690.0850148190785
-180.50870938163038,444.50457750131136,691.3812189625671
-180.06745454863804,443.2918696430296,692.6574194296078
-179.6463791555658,442.0833248315518,693.9136162134143
-179.2454825537884,440.8794185383215,695.1498093073069
-178.86476402617035,439.6806191641413,696.365998704712
-178.50422278811732,438.4873877664121,697.5621843991622
-178.16385798867503,437.300177614711,698.738366384297
-177.8436687117141,436.1194335003215,699.894544653862
-177.52365366514334,434.9520096462954,701.0507192017002
-177.18381025629645,433.80453767439786,702.2268900216546
-176.82413557011824,432.67701469258634,703.4230571074711
-176.44462669165895,431.56943780839293,704.6392204527889
-176.04528070607432,430.4818041289246,705.875380051141
-175.62609469862556,429.4141107608633,707.1315358959539
-175.18706575467942,428.3663548104659,708.4076879805481
-174.72819095970812,427.33853338356414,709.7038362981376
-174.26946739928056,426.3306445578522,711.01998084183
-173.83089215896482,425.34269029974905,712.3561216046268
-173.41246232423072,424.3746735475358,713.7122585794227
-173.014174980441,423.4265972390687,715.0883917590065
-172.6360272128512,422.4984643117789,716.4845211360606
-172.2780161066098,421.5902777026723,717.9006467031609
-171.9401387467583,420.7020403483299,719.336768452777
-171.62165820848855,419.8337551492239,720.7928863772727
-171.32257254891925,418.9654248983868,722.2690004689046
-171.04361772395808,418.07705249590134,723.7651107198234
-170.78479665195076,417.1686408779241,725.2812171220735
-170.54611225113587,416.240192981037,726.817319667593
-170.32756743964498,415.2917117422479,728.3734183482135
-170.12916513550252,414.32320009898996,729.9495131556604
-169.95090825662584,413.334660989122,731.5456040815527
-169.79279972082517,412.3260973509284,733.1616911174032
-169.63514907111832,411.31620752633717,734.7777742546272
-169.45795461728,410.32498965241575,736.3738534846398
-169.26090597254807,409.35374448813985,737.9499287989537
-169.044000221108,408.4024691376998,739.5060001891881
-168.8072344472509,407.47116070486067,741.0420676470685
-168.5506057353734,406.55981629296224,742.5581311644269
-168.27411116997789,405.66843300491917,744.0541907332014
-167.97774783567223,404.7970079432208,745.5302463454367
-167.6784738295425,403.9255390344686,746.9862979932838
-167.39292128382849,403.03402748723533,748.422345669
-167.1204418078979,402.1224752552157,749.8383893649492
-166.86040510988008,401.19088419882934,751.2344290736014
-166.6122015582386,400.239256088048,752.610464787533
-166.37524461555134,399.26759260558856,753.966496499427
-166.14897301289102,398.27589535044353,755.3025242020726
-165.9328526524085,397.26416584170784,756.6185478883654
-165.7317534855783,396.25240578399047,757.9145675513073
-165.55080307736367,395.26035353579385,759.1905831840066
-165.38999859425303,394.28737462148933,760.4465947796782
-165.2493373070382,393.33270783126255,761.682602331643
-165.12881660051164,392.39555517741303,762.8986058333286
-165.02843397886295,391.47508203551496,764.0946052782689
-164.94818707076357,390.5704215055878,765.2706006601039
-164.88807363345992,389.680683637006,766.4265919725802
-164.83916642516968,388.78817910808334,767.562579209551
-164.792573711722,387.8756676143411,768.6785623649754
-164.74837130050864,386.9431494986507,769.7745414329191
-164.70665225946004,385.9906251161981,770.8505164075543
-164.6675271516488,385.0180948370127,771.9064872831594
-164.63112463610386,384.02555904855944,772.9424540541193
-164.59759233565345,383.0130181584381,773.958416714925
-164.56709796893574,381.980472597228,774.9543752601742
-164.54824515716453,380.9279232305793,775.9303296845708
-164.54954993604247,379.8553725842653,776.886279982925
-164.571015222425,378.7628235983445,777.8222261501537
-164.61264393306027,377.65027921330073,778.7381681812799
-164.67443898458924,376.51774237004344,779.6341060714329
-164.75640329354567,375.3652160099073,780.5100398158486
-164.856131851705,374.1927029575926,781.3659694098692
-164.9690734753646,373.00020546565094,782.2018948489431
-165.08871471071464,371.8077250402173,783.0277460313087
-165.2102414598028,370.63526221193075,783.8538336172533
-165.33278843963666,369.48281719211155,784.6809312747113
-165.45553822509896,368.3503900693533,785.5098393159458
-165.5777245028887,367.23798081670276,786.3413892623512
-165.69863760820067,366.1455892994996,787.1764484543617
-165.81763053359265,365.0732152840834,788.0159252569582
-165.93412326582285,364.0208584472814,788.8607751795115
-166.04158833007676,362.9685180938505,789.6985547472949
-166.1352459091905,361.89619237077227,790.5163301158226
-166.2177770196363,360.8038794663037,791.3141012807462
-166.29136441744768,359.69157792252753,792.0918682378235
-166.3577991837105,358.5592865695621,792.8496309829187
-166.41861022065098,357.4070044782192,793.5873895120023
-166.47516102286755,356.2347309292815,794.3051438211512
-166.52871357541036,355.04246539437975,795.0028939065488
-166.59116212471488,353.8411229626448,795.7006397644758
-166.67378838929918,352.6419433469337,796.4183813912132
-166.7765920096757,351.44553601685374,797.1561187829442
-166.89957254466174,350.2524074026891,797.9138519357459
-167.04272948869698,349.0629402804083,798.6915808455891
-167.20606228284376,347.8775325815754,799.4874220969314
-167.3883177768232,346.6969142389028,800.295238798947
-167.58599016420442,345.5221627190937,801.108387886659
-167.78626799919112,344.35847510872117,801.9234701196917
-167.97960375000736,343.21195481899775,802.739371123723
-168.1677503649605,342.08477707161944,803.555730817756
-168.35195491217448,340.9776264643867,804.3719208988095
-168.53305269023105,339.8905024875463,805.1871182001895
-168.71158738295776,338.82340473047304,806.0003659960172
-168.8879126249052,337.7763328469364,806.8106072117132
-169.06226570546858,336.74928653304437,807.6167050371969
-169.24575667484854,335.73120388336486,808.4225962055981
-169.44711400752405,334.71157591914454,809.2313782816188
-169.66336565302487,333.69123306459215,810.042023442756
-169.89440554937,332.67067177619754,810.8563634133948
-170.14249607460474,331.6503791083075,811.6781027490064
-170.41002822017848,330.63108320239627,812.5123707288855
-170.69771160076115,329.61395559790344,813.3641775963008
-171.0055457919121,328.6006042914958,814.2358274334072
-171.3335307592492,327.57961291620626,815.1273760264706
-171.68166881927434,326.53867084482596,816.0388233707504
-172.04996288699869,325.4777810167573,816.970266375691
-172.4384158773261,324.39694637182794,817.9217050363396
-172.8470307050533,323.29616985029037,818.8931393476369
-173.27581028486975,322.1754543928224,819.8845693044169
-173.72475753135777,321.0348029405269,820.895994901408
-174.19387535899233,319.8742184349317,821.9274161332318
-174.66316570986265,318.7137028456669,822.9788329944034
-175.11262663690724,317.5732542532123,824.0502454793321
-175.54225522087376,316.45286976537017,825.1416535823206
-175.95204854261524,315.35254648951684,826.2530572975653
-176.34200368309033,314.272281532603,827.384456619156
-176.71353180112123,313.2120720698982,828.5358515410767
-177.06946993510596,312.17191562054245,829.7072420572048
-177.41250294285385,311.1518101106137,830.8986281613111
-177.7406957394083,310.1450480950201,832.0900098470695
-178.05079106475594,309.14412504080275,833.2613871081534
-178.34278616393738,308.1473480688513,834.412759938334
-178.61691445995268,307.1529262080271,835.544128331489
-178.89227078594158,306.14925355605794,836.6727214910176
-179.1877777999437,305.1256225322976,837.8165621617648
-179.50343841725,304.0820360757978,838.977010938596
-179.8392555530443,303.0184971260355,840.1552672934894
-180.19523212240316,301.93500862291273,841.3527414098074
-180.571371040296,300.8315735067566,842.5702110521783
-180.96767522158498,299.70819471831953,843.8076762141279
-181.38414758102513,298.56487519877885,845.0651368890761
-181.8103111677013,297.42161738027676,846.3225930703452
-182.2356446809105,296.29842165528896,847.5600447512572
-182.66005428394146,295.1952878961552,848.7774919252322
-183.08342575720664,294.11221596005294,849.9749345857962
-183.50562383257818,293.04920568597333,851.1523727265817
-183.92649183766815,292.0062568916207,852.3098063413277
-184.34585174446667,290.98336937028927,853.4472354238794
-184.76350480925845,289.98054288778627,854.5646599681886
-185.1703253817555,288.99777674646623,855.6620799683132
-185.55729077517498,288.0350684892912,856.7394954184176
-185.92439807059682,287.0924152203071,857.7969063127726
-186.2716443492066,286.1698140431342,858.8343126457554
-186.59902672843268,285.2665187176151,859.8517144118496
-186.906542528771,284.3805814383959,860.8491116056449
-187.19418940764368,283.509418932226,861.8268319291283
-187.46196543182452,282.64994808575955,862.7881421131298
-187.71851833170018,281.78549014034854,863.732714445247
-187.97251951092667,280.90106942479844,864.657282184428
-188.2240360577604,279.996685571296,865.5618453257565
-188.47318421093786,279.07233822531083,866.4464038644222
-188.72013552231843,278.12802705323446,867.3109577957216
-188.96512129909854,277.16375175079185,868.1555071150573
-189.2084354500513,276.179512051982,868.9800518179384
-189.45043610438714,275.17530773833766,869.7845918999802
-189.68195329263833,274.1623515545895,870.5891273568959
-189.8936210818495,273.15140761671984,871.4136581843984
-190.0857819947806,272.141328687363,872.258184378103
-190.2598794163471,271.13067844791294,873.1190049375987
-190.41821779277075,270.11829692718,873.9893081133825
-190.56323463937915,269.1037208596238,874.8642480768257
-190.69734125038107,268.08711445719143,875.741393544392
-190.82276691659388,267.0689671752857,876.6199379728362
-190.94056879888797,266.0441681011741,877.4913301608552
-191.05039252617527,265.0068472640181,878.3476593508072
-191.15141685522303,263.95585975987615,879.1899313121595
-191.24260381946905,262.8896598132453,880.0190644164015
-191.32268233391005,261.8062812675488,880.8359417691706
-191.390162198971,260.7037729259754,881.6414748269988
-191.4433871959958,259.58127340730204,882.4366637167325
-191.48062732759354,258.4387805066247,883.2226351869961
-191.5114345269,257.2762923147463,883.9970204081756
-191.54546210600273,256.0938088693946,884.757793771906
-191.5812696055195,254.8913305328655,885.5067119193437
-191.617599537536,253.6688574709365,886.2452937912459
-191.6533594837151,252.4263896782412,886.9748465354791
-191.68760450525681,251.16392700105857,887.6964916403107
-191.71951988139824,249.88146915755746,888.4111895184583
-191.74840435431372,248.57901575555945,889.1197614864166
-191.77769466618682,247.2765665043483,889.8354573575446
-191.81097361816927,245.99412182009482,890.571148496916
-191.8478881660018,244.73168225873277,891.3268349006186
-191.88808828378498,243.4892483249284,892.102516564634
-191.9312270898661,242.26682047252385,892.8981934848376
-191.97696140378696,241.0643991050318,893.7138656569983
-192.02495268040948,239.88198457623884,894.5495330767787
-192.07486823443543,238.7195771909682,895.4051957397352
-192.13574887582934,237.5675714733039,896.2614108961175
-192.21680060284362,236.41499444648943,897.1013443195402
-192.31802370493236,235.25900036160667,897.9304695837491
-192.43858809465547,234.0963790864934,898.7547685105189
-192.57173856632045,232.92315030178034,899.580606722514
-192.7089864877675,231.73574044057236,900.4128919188595
-192.8466889575763,230.5320436132839,901.254248546289
-192.98329265061875,229.3107372665872,902.1063403538373
-193.12903273347453,228.07270431172694,902.9741464257544
-193.2925429300884,226.81769655899902,903.8619476960491
-193.47087899947252,225.54337759469024,904.7697441600008
-193.66297230970912,224.24908564752832,905.6975358127818
-193.86899352413653,222.93482272249025,906.6453226494588
-194.09027062127274,221.6005909334391,907.6131046649917
-194.32932132498024,220.24639267428145,908.6008818542344
-194.58814074883975,218.8722307100207,909.6086542119344
-194.8471651446039,217.47810699384644,910.6364217327327
-195.0863974277665,216.06401961129018,911.6841844111641
-195.30584046753705,214.6309197298982,912.7519422416569
-195.5054968923274,213.1808976849286,913.8396952185336
-195.68536902369388,211.71589323207067,914.9474433360099
-195.8454589658494,210.23682682735082,916.075186588195
-195.98576880277122,208.74295092067766,917.2229249690924
-196.10630087493757,207.2314622839112,918.3906584725988
-196.20705786308548,205.7020330215422,919.5583870925136
-196.28804220601907,204.15674239729054,920.7061108226362
-196.34925622805852,202.59491978584484,921.8338296568636
-196.39070250857694,201.01426393747724,922.941543589199
-196.4123839078587,199.41361269244297,924.0292526137521
-196.41430334265084,197.79296316838284,925.0969567247389
-196.3964637298055,196.15231248336306,926.1446559164818
-196.35886798627988,194.49165775587528,927.1723501834098
-196.30151902913622,192.81099610483653,928.1800395200578
-196.22441977554178,191.1103246495893,929.1677239210676
-196.1275731427689,189.38964050990154,930.135403381187
-196.0109820481949,187.64894080596667,931.0830778952703
-195.87464940930207,185.88822265840358,932.0107474582784
-195.71857814367766,184.10748318825668,932.9184120652781
-195.54277116901395,182.3067195169959,933.806071711443
-195.3472314031081,180.48592876651674,934.6737263920529
-195.15196176385342,178.64510903142758,935.5413761024852
-194.9769651691417,176.7842622959122,936.429020838117
-194.8222445367658,174.90339151686743,937.3366605942284
-194.6878027844108,173.00249965161552,938.264295365993
-194.57364282965392,171.0815896579043,939.2114447865397
-194.47976758996455,169.14066449390705,940.1763386987408
-194.40617998270423,167.17972711822262,941.1563173312695
-194.35288292512655,165.19878048987528,942.1494043958421
-194.31987904531806,163.2037735302564,943.1587400153121
-194.30716973319616,161.20233829274815,944.1880706194761
-194.31475563772366,159.19872163228226,945.2373962028604
-194.3426366685161,157.1987672761637,946.3067167598854
-194.39081181109844,155.20908377743913,947.3960322848646
-194.45917327274012,153.2358971845747,948.5053427720059
-194.54654619823728,151.28241492907574,949.6346482154102
-194.6509628986611,149.34894668104974,950.7839486090724
-194.7628473089347,147.4278807046151,951.953243946881
-194.8735779749107,145.5113840241677,953.1425342226185
-194.98322288448307,143.59904077695242,954.3518194299605
-195.09179143611254,141.69047164915074,955.5810995624768
-195.19926744184787,139.78531916200342,956.8303746136303
-195.30562416080141,137.8832408777174,958.0996445767781
-195.41083103587223,135.98390635578778,959.3889094451708
-195.51485675196983,134.08699574840048,960.6981692119526
-195.61608604405754,132.19599558274763,962.0074238701703
-195.71142185219202,130.31380518460188,963.2966734128709
-195.79729007452033,128.4387220345092,964.5659178331986
-195.86893019537698,126.56852630586694,965.8151571244041
-195.92225223825912,124.70043822695845,967.0443912798445
-195.955849860855,122.83192215065803,968.2536202929833
-195.96972322170038,120.96202975810492,969.4428441573905
-195.9638724682132,119.09179272273467,970.6120628667422
-195.95829805824414,117.21186359302598,971.7812764148122
-195.9730024074998,115.31193512905124,972.9704847953742
-196.0079884327643,113.39201028854058,974.1796880021047
-196.06325905071395,111.45209202964955,975.4088860285735
-196.137206903603,109.49218323267654,976.6580788682444
-196.22685578001796,107.51228639866949,977.9272665144747
-196.33000375044014,105.5124036439941,979.2164489605154
-196.445315995531,103.49253683193858,980.5256261995113
-196.57660957947076,101.47268789783355,981.8547982245007
-196.7281994205213,99.47285959206414,983.2039650284156
-196.90008269991966,97.49102038390522,984.5731266040818
-197.09225715159917,95.52190549735927,985.9622829442188
-197.3047214053856,93.55882134318037,987.3714340414397
-197.53747510383118,91.59455998682668,988.800579888251
-197.790518989182,89.62120748391834,990.2497204770533
-198.06385495947544,87.63124542287675,991.7188558001408
-198.35748479487472,85.64132470586519,993.2079858497011
-198.67140654924356,83.6714482924977,994.7171106178159
-199.00561730405036,81.72161914199819,996.2462300964602
-199.3601141406556,79.79184021316486,997.7953442775029
-199.7348941403119,77.88211446437028,999.3644531527063
-200.129954384164,75.99244485356128,1000.9535567137269
-200.54529195324884,74.12283433825905,1002.5626549521145
-200.9809039284955,72.27328587555904,1004.1917478593124
-201.4367873907253,70.44380242213093,1005.8408354266579
-201.9129394206517,68.6343869342187,1007.509917645382
-202.4093570988804,66.84504236764052,1009.1989945066091
-202.92603750590933,65.07577167778882,1010.9080660013577
-203.46297772212873,63.32657781963022,1012.6371321205396
-204.02017482782105,61.5974637477055,1014.3861928549603
-204.59762590316103,59.88843241612964,1016.1552481953191