
72.09111342727499,731.9680750355046,-196.55735192865626
72.06111855565439,731.9980784380491,-196.58735036086316
72.01113066818459,732.0480876730965,-196.63734774769742
71.94115268199371,732.1181056562777,-196.70734408889317
71.8511875143162,732.2081353027985,-196.79733938407819
71.74123808249277,732.3181795274387,-196.9073336327739
71.63130633167411,732.4282402723011,-197.0373268343955
71.54139031786103,732.5183155903385,-197.18731898825163
71.47148712466935,732.5884025626061,-197.35731009354478
71.42159393164265,732.6404736982084,-197.54730014937098
71.39170839424533,732.6783917005693,-197.75728915471996
71.38182872201342,732.7059071098702,-197.98727710847507
71.39195366972449,732.7267548558191,-198.23726400941334
71.42208253952838,732.7447066705573,-198.50724985620548
71.4522146320829,732.7521571400807,-198.79723464741582
71.46234749238275,732.7396046733854,-199.10721838150232
71.45247820351173,732.7070521874347,-199.43720105681663
71.42260384865999,732.654502599617,-199.78718267160409
71.37272151112406,732.581958827746,-200.1571632240036
71.30282827430686,732.4894237900611,-200.5471427120478
71.21292122171774,732.3769004052269,-200.95712113366292
71.10299743697244,732.2443915923334,-201.38709848666895
70.97305497608062,732.1119002708602,-201.81707476878825
70.82309578430812,731.9994293602872,-202.2270499777433
70.6531227793147,731.9069817797039,-202.61702411135403
70.46313887886652,731.8345604477745,-202.98699716754672
70.25314700083615,731.7821682827375,-203.33696914435404
70.02315006320258,731.749808202406,-203.66694003991498
69.77315098405113,731.7374831241675,-203.97690985247488
69.50315268157354,731.7451959649838,-204.26687858038548
69.21315710178041,731.7529496414267,-204.556846222096
68.90316230163893,731.7407470700674,-204.86681277605567
68.57316536593517,731.7085911678673,-205.1967782406162
68.22316337956158,731.6564848522129,-205.546742614023
67.85315342751701,731.5844310409154,-205.91670589441512
67.46313259490667,731.4924326522117,-206.30666807982522
67.05309796694219,731.3804926047635,-206.71662916817968
66.62304662894162,731.2486138176574,-207.14658915729854
66.17297566632945,731.0967992104055,-207.58639732525725
65.70288216463663,730.9250517029446,-208.0273506019415
65.2127632095006,730.733374215637,-208.47207353534785
64.70261588666524,730.5217696692696,-208.92266256890943
64.17243825426843,730.3102409850189,-209.38664386952692
63.622232259704276,730.1187910840613,-209.87062405671085
63.052000822760874,729.9474228871825,-210.3746031278876
62.461746817550356,729.7951975680324,-210.89858108037728
61.851472822009846,729.6588487623228,-211.44255791139355
61.22118078084631,729.5332759837281,-212.00653361804382
60.57087182871581,729.4124723183133,-212.59050819732911
59.90054615544928,729.2894811602724,-213.1944816461441
59.21590806913671,729.1535842691854,-213.79845396128601
58.52556409911333,728.9977877144793,-214.38242513955203
57.834139116288846,728.822091962389,-214.94639517783688
57.14442154389359,728.6264969512739,-215.4903640731416
56.458123239913434,728.4110022970832,-216.01433182257358
55.776183775871495,728.1756074240584,-216.51829842334664
55.0988952853379,727.920311668019,-217.0022638727809
54.426020775214155,727.6451143622438,-217.46622816830285
53.765214390213146,727.350014502334,-217.92629118002728
53.12436437317951,727.035009561202,-218.39655096134112
52.50346781065868,726.700096628561,-218.87305524114498
51.902521789089974,726.3452727945498,-219.35199041493607
51.32152339480664,725.9705351497317,-219.82977215771666
50.76046971403583,725.5758807850951,-220.30316245749475
50.21935783289866,725.1613067920532,-220.7693805571881
49.69818483741019,724.7268102624444,-221.22616034056045
49.19620148754591,724.2729089155965,-221.68002614294858
48.71113148824201,723.8004088881444,-222.1387076346059
48.24020588316728,723.309949442812,-222.60191808566506
47.78131830281842,722.802332998821,-223.0684515165812
47.333061337541274,722.2785507236595,-223.53686148167407
46.89454928627577,721.73974524031,-224.0057165388153
46.465187361479266,721.1871463629218,-224.47363971355233
46.04451274284825,720.6220053885472,-224.93930262984614
45.61803471348827,720.0609356513443,-225.3935085630748
45.17147704670963,719.5199295773001,-225.82771329777023
44.70484266174925,718.9989900946788,-226.24191683162357
44.218134477950805,718.4981201313186,-226.6361191624322
43.71135541476473,718.017322614632,-227.0103202881
43.184508391748174,717.5566004716057,-227.36452020663708
42.637596328564996,717.1159566288005,-227.69871891616
42.07062214498576,716.6953940123517,-228.01291641489163
41.489053837792184,716.2749152822752,-228.3071127011612
40.892889465501895,715.8345223014012,-228.58130777340432
40.27666006523079,715.3742177301349,-228.83550163016292
39.64036272339339,714.8940044950348,-229.06969427008536
38.98399452651089,714.3938855230847,-229.28388569192626
38.30755256121125,713.873863741693,-229.47807589454663
37.61103391422916,713.3339420786931,-229.6522648769139
36.89443567240606,712.7741234623431,-229.8064526381018
36.17775589496876,712.2144098490035,-229.96063917728156
35.48099653029426,711.674799305884,-230.13482449362442
34.80416049894995,711.1552889275166,-230.32900858620417
34.14725072139726,710.6558758080075,-230.5431914539882
33.51027011799168,710.1765570410365,-230.77737309583753
32.8932214810329,709.7146977861736,-231.03155351050694
32.296106653100956,709.2586573375372,-231.30566380321224
31.71892542525975,708.7958847112822,-231.5975025221489
31.161676750509372,708.328772666433,-231.89441963372715
30.62436038278474,707.8595243234937,-232.1890426445349
30.10697549215098,707.3813863983447,-232.48676185423065
29.609520385715857,706.8893945207807,-232.79200024249147
29.131992794870822,706.3805527881242,-233.1095406736933
28.674390127720425,705.8533035624246,-233.4445341070675
28.23670963183136,705.3069079216948,-233.79952629907905
27.818948481522174,704.7410571268122,-234.17451724784019
27.401104318517298,704.1658206162331,-234.54950695136574
26.963176797444724,703.5922427694557,-234.9044954076706
26.505166267816566,703.021782754223,-235.23948261486706
26.027073262060206,702.4556282867402,-235.5544685711738
25.528898484398432,701.8948789304753,-235.84945327491587
25.010642755852192,701.3398982787635,-236.1244367245247
24.472306867737263,700.789937081068,-236.37941891853802
23.913891431068368,700.2433220867241,-236.61439985559997
23.35539636150244,699.6894955921762,-236.82937953446103
22.816819794826632,699.1214529084679,-237.024357953978
22.298159963567,698.5431417185081,-237.19933511311413
21.7994155368094,697.9567336779875,-237.35431101093891
21.320585415751715,697.3633360225488,-237.48928564662828
20.86166861992056,696.7635436672282,-237.60425901946448
20.422664246496826,696.1578880270337,-237.69923112883615
20.0035714808678,695.5470472203416,-237.77420197423825
19.60438980634459,694.9357070076634,-237.82917155527215
19.225119438341995,694.325620877093,-237.86413987164553
18.8657602503753,693.7131025669905,-237.87910692317246
18.52631177860374,693.0971582481674,-237.87407270977334
18.20677361427656,692.4796302054335,-237.84903723147494
17.907145865982844,691.8659049712543,-237.80400048841037
17.627429719763363,691.2653860033427,-237.73896248081914
17.35455025084809,690.6843498008936,-237.6539232090471
17.06850937818327,690.1033541875187,-237.54933675508155
16.762382588251125,689.5024017558969,-237.42520311947868
16.436167442651588,688.8913039425821,-237.2810682213634
16.092764197651814,688.2884028307972,-237.11693206150218
15.736344576923619,687.7038920765042,-236.93279464076784
15.36872003035946,687.1394341337859,-236.7286559601395
14.990728102020297,686.5950305697954,-236.50451602070268
14.602770155907669,686.0706828626068,-236.26037482364927
14.219844716697715,685.5633962499712,-235.9962323702775
13.85684615706278,685.0621795895296,-235.712088661992
13.513774444173151,684.5562617646557,-235.40794370030366
13.190628557338119,684.0416393737896,-235.0837974868298
12.887407071054534,683.5164367020543,-234.7396500232941
12.604108346979666,682.9794418016581,-234.37550131152662
12.340730569367075,682.4293377794014,-233.99135135346367
12.09727170144503,681.864395377405,-233.587200151148
11.85920888735382,681.281562885272,-233.1830477067199
11.61904714681695,680.6787654368222,-232.79889402231953
11.385635247861883,680.0560025663854,-232.4347390999897
11.161330844820343,679.4132730863571,-232.09058294166684
10.946772100494611,678.7505756114027,-231.76642554918098
10.74201738227483,678.0679087123689,-231.46226692425586
10.546936564724131,677.3652709678728,-231.17810706850887
10.36135048299037,676.6426609799377,-230.91381170038525
10.17636142006219,675.9000778009035,-230.66938082129047
9.982018575982568,675.1375222554832,-230.44494871559004
9.777796378958943,674.3549957891315,-230.24051538447736
9.56697919711089,673.552499652847,-230.05608082903953
9.35576852095581,672.7300343774833,-229.89164505025727
9.149925885302025,671.8875995683519,-229.747208049005
8.952801296819876,671.0251941715927,-229.62276982605073
8.766171938609569,670.1428167745933,-229.51833038205623
8.595050935140605,669.2604655713503,-229.4138897175857
8.443802583510642,668.3927766482967,-229.29675885881963
8.312428374603096,667.5318430175695,-229.1789699404316
8.196388263069219,666.673804871776,-229.06766285753034
8.082672702340904,665.815914103123,-228.9662079653586
7.966596968181899,664.9575869394642,-228.875023437292
7.85012254299516,664.0994176915937,-228.793698530579
7.7322194313191766,663.2413961756055,-228.72217893771455
7.608202442670112,662.3935793572349,-228.6454729136136
7.477209523846465,661.5653874317356,-228.54876567368692
7.343204502200895,660.7568209994164,-228.4320572184488
7.20532882549147,659.9682743880342,-228.2953475485198
7.063312750343108,659.1997481852651,-228.13863666462692
6.917032196664099,658.4512430040489,-227.96192456760346
6.76637680656672,657.7227594746685,-227.76521125838912
6.611255038657603,657.0142982420057,-227.5484967380299
6.446939157323582,656.3058601893334,-227.33178100766938
6.266672150564371,655.5774472138509,-227.13351083435137
6.067339736205628,654.8290618939816,-226.94996856967202
5.847896815523084,654.0607071118268,-226.77785115932238
5.608340472821314,653.2723858005781,-226.61874217183632
5.348667792511843,652.4641008938522,-226.4774978974445
5.0688758591131675,651.6358553256911,-226.35625241873757
4.7689617572507705,650.787652030562,-226.2550057363603
4.448923025652104,649.9288326419661,-226.15375785085988
4.108758895231003,649.0661901541001,-226.03250876278358
3.7484684236201593,648.194468119211,-225.89125847277614
3.3680498793395692,647.3081160545441,-225.73000698158867
2.9675007863372604,646.4030575801512,-225.54875429007865
2.5468182899993703,645.47805899121,-225.34750039920988
2.1059994757005738,644.5331232242513,-225.12624531005258
1.6450414289226214,643.568253216231,-224.88498902378322
1.1839420055249787,642.5992956187229,-224.6437315416759
0.7427020202035366,641.639577841994,-224.4224728650046
0.32132246882393817,640.6845270204238,-224.22121299494592
-0.08019625660019736,639.7304003673713,-224.03995193257003
-0.46185425919181433,638.7741226119299,-223.8786896788408
-0.8236520494452833,637.8131599566271,-223.73742623461578
-1.1655904736126732,636.8454236257202,-223.61616160064614
-1.4876706543333735,635.869197632993,-223.5148957775767
-1.789894169945576,634.8783626187004,-223.4136287659548
-2.0722636758386637,633.8675702338064,-223.2923605663278
-2.3347820873734486,632.836817582953,-223.15109117934057
-2.577452320016302,631.7861017712073,-222.9898206057443
-2.8002772893391383,630.7154199040616,-222.80854884639658
-3.0032599110194016,629.6247690874335,-222.60727590226128
-3.1864031008400473,628.5141464276659,-222.38600177440873
-3.349709774689529,627.3835490315266,-222.14472646401555
-3.4931818762743383,626.2529740061738,-221.89792801877553
-3.6168174602566707,625.142418458765,-221.66440197031196
-3.7206136091167608,624.051879496068,-221.44967027344694
-3.8045674054403396,622.981354224425,-221.25493739900253
-3.8686759319186512,621.9308397497527,-221.08020334801424
-3.9129362713484683,620.9003331775426,-220.92546812141126
-3.93856041904612,619.8898316719225,-220.79073172001637
-3.9455454580130214,618.8993325737816,-220.67599414454605
-3.9526745312142695,617.9088340187201,-220.58125539561047
-3.979949583177977,616.8983379724255,-220.50651547371336
-4.026510250325491,615.867847331295,-220.45177437925216
-4.074586208236335,614.8173640022129,-220.41703211251794
-4.110076896522249,613.7468866986876,-220.4022886736955
-4.135571976640998,612.6564138476454,-220.4075440628632
-4.150891002835441,611.5459439719117,-220.43279827999308
-4.155971034476044,610.4154755861587,-220.47805132495085
-4.145964135894321,609.2850069565328,-220.54330319749593
-4.124551190516492,608.1745358308373,-220.62855389728128
-4.109981003921821,607.0840618425042,-220.7338034238536
-4.110523507451067,606.0135868689233,-220.85905177665322
-4.124876715788665,604.9631129755359,-221.00429895501412
-4.15326510228517,603.932642199501,-221.16954495816393
-4.195681446948785,602.9221765862641,-221.35478978522394
-4.252153532421538,601.9317181838435,-221.56003343520914
-4.325730110075105,600.9608692676247,-221.7852759070281
-4.419447079094691,600.0065244550001,-222.0305171994831
-4.53330245867763,599.0626541757322,-222.29575731127008
-4.660710369345491,598.1219969179788,-222.58099624097855
-4.793964082234013,597.1798931768681,-222.8862339870918
-4.931854801946213,596.2355093220152,-223.21147054798664
-5.074265323800622,595.2887723968214,-223.55670592193366
-5.2212177930513635,594.3398972572406,-223.92194010709704
-5.380536969944807,593.3842397514644,-224.2871731015435
-5.559996658242824,592.412794912475,-224.63240490333973
-5.759599570258285,591.4213777152854,-224.95763551065
-5.979348621792119,590.4099910978591,-225.2628649217448
-6.219246728538125,589.3786379985844,-225.54809313500112
-6.479296806082958,588.3273213562749,-225.8133201489022
-6.759501769906116,587.2560441101693,-226.0585459620377
-7.059864535379921,586.1648091999319,-226.2837705731036
-7.360387045490925,585.0736185933288,-226.50899398089342
-7.64106735407506,584.0024703689762,-226.75421618420066
-7.901902542777469,582.951361632813,-227.01943718172132
-8.142889693348819,581.9202894903522,-227.30465697204508
-8.364025887645319,580.9092510466813,-227.60987555365526
-8.565308207628739,579.9182434064622,-227.93509292492885
-8.746733735366425,578.947263673931,-228.2803090841365
-8.912650512330375,577.9963091644179,-228.6455240294425
-9.063056593063434,577.04537782742,-229.0187652998323
-9.193602962041627,576.074466977877,-229.3881749314333
-9.304292535433094,575.0835737195995,-229.7543842840038
-9.395872332942936,574.0726951929972,-230.1184854590773
-9.470416329218896,573.0418287481108,-230.48171452642293
-9.529869418226966,571.9909720595158,-230.845604431768
-9.575256003748896,570.9201230060777,-231.21205061232465
-9.607335458780454,569.8292795930412,-231.58322978402066
-9.623017182217975,568.7384397465026,-231.94735153138868
-9.618856692096971,567.6676007401459,-232.29147204537307
-9.601534287669248,566.6167600048082,-232.61559132414396
-9.584601098789445,565.5859166045242,-232.9197093659778
-9.578093257829389,564.5750714179087,-233.20382616925747
-9.58676888006374,563.5842263506898,-233.46794173247213
-9.612982951109851,562.61338380912,-233.71205605421736
-9.65775442362497,561.6625464377205,-233.93616913319505
-9.722000212737903,560.7317169999482,-234.1402809682135
-9.806380476755729,559.8204066504903,-234.32439155818727
-9.910892529729658,558.9258261922894,-234.48850090213742
-10.0355342817503,558.0431087001413,-234.6326089991912
-10.17231744810647,557.1661911060204,-234.7567158485824
-10.30998859883181,556.2902660323829,-234.860821449651
-10.444731159417003,555.413633243865,-234.94492580184348
-10.575806899243483,554.5356464166421,-235.00902890471255
-10.695161684192664,553.6668623845661,-235.0669633675647
-10.80558084157403,552.8180948490373,-235.1242379543564
-10.917349797363103,551.9893435247288,-235.17009377702004
-11.02943712114896,551.1806085405233,-235.19984149662983
-11.140580759273853,550.3918898491902,-235.21040739114324
-11.250075512332845,549.623187249771,-235.20097203492153
-11.358057629713278,548.8745005031736,-235.17153542801492
-11.465085984444682,548.1458294278208,-235.12209757057988
-11.575051422752965,547.4185157962906,-235.0615509370499
-11.688196554611647,546.6778342275453,-235.00162361325962
-11.799862622352348,545.9285954418431,-234.9458810788047
-11.908478980137973,545.1713342261096,-234.8949497101333
-12.013553755595638,544.4053392403822,-234.84858954398484
-12.114583014617383,543.629872041941,-234.80650232850033
-12.211042426983683,542.8441915790469,-234.76833429364765
-12.30239798286577,542.0475579061581,-234.73366746515788
-12.38112673318519,541.2372883010179,-234.71063762354623
-12.439975018591731,540.4110220286191,-234.7076065338393
-12.478945137202198,539.5695431169248,-234.72457419605325
-12.498039159642312,538.7150782822079,-234.7615406100978
-12.497258764956332,537.8506579386017,-234.8185057757764
-12.476605164086928,536.9796043915492,-234.89546969278615
-12.436079079341257,536.1052650907343,-234.99243236071777
-12.375680750815828,535.2308852422492,-235.10939377905567
-12.315409581008474,534.3672728618957,-235.24635394717788
-12.27526310175083,533.5236531589662,-235.40331286435614
-12.255238396394052,532.7000290682956,-235.58027052975578
-12.255332548182293,531.8964035242934,-235.77722694243582
-12.275542640252727,531.1127794609438,-235.99418210134897
-12.315865755635556,530.3491598118054,-236.2311360053415
-12.376298977254036,529.6055475100117,-236.48808865315345
-12.45683938792448,528.8819454882703,-236.76504004341845
-12.557485042643728,528.158356678899,-237.06199017466378
-12.678237885451475,527.4147840142159,-237.37893904531037
-12.819100832567939,526.6512304269282,-237.71588665367287
-12.980076800106401,525.8676988501692,-238.07283299795952
-13.161168704073187,525.0641922174968,-238.44977807627225
-13.35136347852514,524.2445614471641,-238.84672188660664
-13.537861327424903,523.4126261727667,-239.2636644268519
-13.717874508234459,522.5668607481269,-239.70060569479094
-13.90420707716382,521.7034453374894,-240.151518616627
-14.11066724750143,520.8200585698748,-240.61011743719175
-14.332461506333463,519.916703147793,-241.06938058145988
-14.561444343767377,518.9933806785215,-241.5161890355929
-14.79091952441172,518.0500917220475,-241.9435914412838
-15.015456134126584,517.0868359235064,-242.35099256043551
-15.231903297154096,516.1036123080925,-242.7383923908817
-15.438695170241772,515.1004195680866,-243.10579093056234
-15.639492529413296,514.0972564489932,-243.46386633818642
-15.83756424036661,513.1127634851916,-243.82394419148812
-16.031211462593397,512.1428955823332,-244.18738177500538
-16.21884534762313,511.1816686083246,-244.55541090786517
-16.39884412437434,510.2221098820303,-244.9285900230735
-16.56960032568752,509.2570431111133,-245.3063853075538
-16.72979884241198,508.28016308872867,-245.68718604963064
-16.878570160080418,507.28673539234995,-246.068702133831
-17.01154124585811,506.2740781430979,-246.43995038571435
-17.124661749165224,505.2414388391925,-246.7911973271489
-17.217934586262565,504.1888145857756,-247.12244295626687
-17.291362673516478,503.1162024884145,-247.43368727130687
-17.34494892739883,502.0235996531016,-247.7249302706138
-17.378696264486997,500.9110031862548,-247.99617195263903
-17.39260760146386,499.77841019471725,-248.24741231594015
-17.386685855117772,498.6258177857577,-248.4786513591812
-17.380932970046235,497.47322403932213,-248.7076476784987
-17.3953470016961,496.34063092450634,-248.95186828221148
-17.429925033128388,495.22804138230356,-249.21068291713675
-17.484664147296904,494.13545835328165,-249.48331140144433
-17.559561427048244,493.062884777583,-249.76860503010988
-17.65461395512181,492.01032359492467,-250.06457136854613
-17.76981881414983,490.9777777445981,-250.36765425282346
-17.905173086657367,489.96525016546923,-250.67200371623727
-18.040674174711523,488.96616780672747,-250.9717200245821
-18.156321209219698,487.96469145101673,-251.261260045392
-18.252115644312802,486.9473932198177,-251.53485445044302
-18.32806019397644,485.9101075120575,-251.78920193823296
-18.384157774669102,484.8528314329798,-252.02354808712917
-18.420411302954808,483.7755620882534,-252.2378928958855
-18.436823695503108,482.6782965839726,-252.43223636336214
-18.433397869089053,481.561032026657,-252.6065784885257
-18.430135799427948,480.4431261279968,-252.77096624772622
-18.447035666477646,479.34458085635237,-252.9329069850474
-18.484094584417026,478.2660395195021,-253.08845344115736
-18.541309636186693,477.20750505729205,-253.23502482685623
-18.618677904620075,476.1689804091429,-253.37021758382667
-18.705262068790365,475.15046798248056,-253.49193986059313
-18.798304878833626,474.15196845569807,-253.60271091834423
-18.900512177414686,473.1734832998854,-253.70599305631313
-19.01463569703358,472.2084855129863,-253.81557085083742
-19.148899987235186,471.2455833826525,-253.9451472956749
-19.301416462108925,470.2730771382411,-254.09472239013658
-19.467487104798284,469.2823633714328,-254.26429613342708
-19.64375350298223,468.27167458171226,-254.45379913625513
-19.831420055358073,467.24101228793666,-254.65969940660963
-20.03480340039878,466.1903784478165,-254.87352962486466
-20.257405141627764,465.1197756483908,-255.08483259365207
-20.480164328524666,464.03894713402104,-255.30214501876895
-20.683081588691365,462.95599170832855,-255.5394560862941
-20.86615747755932,461.8675734840322,-255.79676579496564
-21.0293930506466,460.77012271776664,-256.0740741434153
-21.17278995934049,459.65869738433327,-256.37138113016846
-21.296350613632878,458.5287607151018,-256.68868675364416
-21.400077858304943,457.37884062002263,-257.02599101215515
-21.483974609667438,456.2089342067422,-257.38329390390777
-21.548042811849122,455.0390385832967,-257.76059542700204
-21.592280519934427,453.8891508577224,-258.1578955794317
-21.616684816825785,452.7592681376656,-258.575194359084
-21.631443350635838,451.64938802575483,-259.01249176374
-21.649085976482436,450.55951021969014,-259.4697877910743
-21.672480001407187,449.4896353932828,-259.94708243865523
-21.702463603393692,448.4397644516806,-260.44437570394473
-21.739730261293907,447.4098984047902,-260.9616675842984
-21.790904163296926,446.38003865537803,-261.4852943506418
-21.862230068720446,445.3301878388072,-261.99554286924837
-21.953710894047518,444.2603488943214,-262.48607686373737
-22.065349555654016,443.17052476158966,-262.9566094624514
-22.19714896980862,442.0607183807063,-263.4071406628884
-22.349112052672805,440.93093269219094,-263.83767046265274
-22.521241720300832,439.7811706369885,-264.24819885945493
-22.713540888639713,438.6114351564692,-264.63872585111204
-22.91830450623481,437.4417288177224,-265.0147546723155
-23.128496903594346,436.2920527218849,-265.3824356888
-23.345263840563693,435.1624077490669,-265.74319952071045
-23.569393096225287,434.05279491945805,-266.0986808096825
-23.80138542989292,432.9632153464025,-266.450597001106
-24.04151575931646,431.89367019912834,-266.8006578747556
-24.289884146016664,430.84416067364833,-267.15050191944584
-24.54645769591939,429.8146879704142,-267.5016547642668
-24.797185150960445,428.80525260081333,-267.8438266105265
-25.028058759729014,427.815852350348,-268.16599703252115
-25.23907560413509,426.8464843232585,-268.46833476499535
-25.430232766194248,425.8971456233597,-268.75626918484846
-25.601527328027675,424.9678333540408,-269.0400595120987
-25.75295637186218,424.0585446182656,-269.32763933278454
-25.888297464704884,423.1692767023581,-269.62858068736097
-26.027164381508115,422.3000283972278,-269.9495206081641
-26.18577469227501,421.43080177528327,-270.2704590934962
-26.356986924303165,420.54365985038345,-270.5713961416594
-26.532156605258546,419.65203037780617,-270.8523317510536
-26.709854146177083,418.76874212462326,-271.11326592018486
-26.889444231002887,417.8954085550872,-271.35419864766567
-27.070389956728484,417.03180030048225,-271.5751299322148
-27.252448232642685,416.17706388107774,-271.7760597726575
-27.435736419327736,415.3304129254191,-271.95698816792526
-27.60977509606042,414.49766092101976,-272.12538797953476
-27.773685357139893,413.68493332339585,-272.28376113015054
-27.937729484965764,412.8922296282574,-272.4273469570921
-28.10200306539299,412.119549884694,-272.5572306441695
-28.26595060462088,411.3668940788924,-272.6752024638809
-28.429929429189293,410.63426217394033,-272.78308180875615
-28.595193852950377,409.91984225348426,-272.8827749258365
-28.76287882177988,409.2203780329305,-272.9762786536374
-28.942013053689465,408.5236538155592,-273.0571842702176
-29.141249871953413,407.820409185194,-273.11808843481043
-29.360590129490365,407.1112156944038,-273.1611455874941
-29.60003470063095,406.39694581160194,-273.1988082088271
-29.859583838696974,405.6858850406899,-273.2489218581982
-30.139236198569932,404.9896862687373,-273.31903405454466
-30.438989113592616,404.31352974795556,-273.40914479749364
-30.758839665308745,403.6574184096596,-273.519254086566
-31.078785907451472,403.00135421248655,-273.62936192118497
-31.378829782903217,402.3253352259235,-273.71946830077405
-31.658974206930807,401.62935854755983,-273.78957322485405
-31.919222094906882,400.9134212754102,-273.8396766930521
-32.15957636230989,400.1775205079143,-273.8697787051019
-32.380039924724066,399.4216533439372,-273.8798792608433
-32.5806156978394,398.64581688276905,-273.86997836022266
-32.76130659745166,397.85000822412536,-273.8400760032925
-32.9406213566221,397.045627965468,-273.81017219020305
-33.13187122077687,396.244163924209,-273.8002669211045
-33.32865201137183,395.44580881494824,-273.81036019604943
-33.52950479510209,394.6508233295396,-273.84045201498424
-33.73418895059635,393.85951280560136,-273.8905423777489
-33.942787771469206,393.07217055774146,-273.960631284077
-34.15545755568883,392.2890646381886,-274.05071873359594
-34.37235896237162,391.51043862391174,-274.1608047258266
-34.59388244709208,390.7366017352382,-274.27088926019246
-34.818941004089474,389.9672130965254,-274.360972336117
-35.04545957949471,389.2016824088796,-274.43105395312125
-35.272445101418526,388.44005909107136,-274.4811341108325
-35.49945498945801,387.68261879662316,-274.51121280898445
-35.726348861517316,386.92972896951545,-274.5212900474172
-35.95316305766627,386.1817919721761,-274.5113658260771
-36.180042920217836,385.43920928037045,-274.4814401450169
-36.40614489593962,384.68941855843036,-274.4515130043869
-36.62825917495223,383.91966057637035,-274.44158440433745
-36.843059893717765,383.12993448042283,-274.4516543449213
-37.04908530731247,382.3202390817135,-274.4817228260849
-37.245835438532296,381.4905730562367,-274.5317898476683
-37.43331060729186,380.6409350468476,-274.60185540940535
-37.61182626045085,379.7713237206317,-274.6919195109234
-37.78193928521267,378.8817378088736,-274.80198215174363
-37.938083036039586,377.9921758316779,-274.91204333128957
-38.074355668523125,377.122635177976,-275.00210304898485
-38.19631739926728,376.27311321993756,-275.0721613043505
-38.313605361644974,375.44360860929663,-275.12221809701407
-38.43057885797876,374.63412107446686,-275.1522734267093
-38.547244359707925,373.84465058369904,-275.16232729327646
-38.66285300723432,373.0751970421846,-275.152379696662
-38.77636684508693,372.32576022240806,-275.1224306369189
-38.898604516194354,371.5763403172471,-275.0724801142064
-39.04095356265909,370.8069397061264,-275.0025281287901
-39.19044942708533,370.0175606919587,-274.912574681042
-39.328861505040734,369.2082028004541,-274.80261977144033
-39.453819075453254,368.3788640439329,-274.6726634005699
-39.566560469978874,367.529542661032,-274.5227055691217
-39.6664725107683,366.6602367598142,-274.3527462778931
-39.75394814453646,365.770944538983,-274.16278552778795
-39.83295727457337,364.8616643461976,-273.97282331980745
-39.90578200786053,363.93239528218504,-273.8028596549529
-39.96859964666077,362.9831361455337,-273.6528945341281
-40.01929101525631,362.0138853015392,-273.5229279581305
-40.0570247816975,361.02464091044754,-273.4129599276512
-40.08121016223735,360.01540104415267,-273.32299044327493
-40.09054887178978,358.9861636444882,-273.2530195054801
-40.08262542449672,357.936926384739,-273.2030471146389
-40.07539389113609,356.870333262455,-273.17307327101696
-40.08831975357332,355.78638627109314,-273.1630979747737
-40.1214057999822,354.6824426349559,-273.1731212259621
-40.17465494704912,353.5585052944801,-273.20314302452897
-40.24807011135325,352.4145771905277,-273.25316337031455
-40.34165420936653,351.2506612643864,-273.318218816438
-40.45541015745365,350.0667604577688,-273.39069722571594
-40.589340871872025,348.8628777128132,-273.4659277288914
-40.72344926878067,347.6390149997955,-273.5515224624018
-40.83773826433764,346.39517040026726,-273.6571157412784
-40.932210774797525,345.13134102391786,-273.78270756495976
-41.00686971652029,343.8475239808621,-273.92829793277804
-41.061718005971265,342.54371638163997,-274.093886843959
-41.09675855972112,341.2199153372169,-274.2794742976222
-41.111994294445836,339.8761179589837,-274.4850602927807
-41.107428126926735,338.5123213587565,-274.7106448283413
-41.083062974050414,337.1285226487769,-274.93622790311326
-41.038901752808776,335.72471894171184,-275.141809515906
-40.97494738029897,334.3009073506538,-275.32738966562624
-40.89120277372341,332.85708498912055,-275.49296835128723
-40.78767085038973,331.3932489710555,-275.6385455720084
-40.664354527710806,329.9093964108274,-275.76412132701574
-40.52125654950211,328.4090974937504,-275.8696956156414
-40.35837869484796,326.9014768545596,-275.955268437324
-40.1957219328508,325.3829595103218,-276.02083979160847
-40.05328873750041,323.8444199184135,-276.0664096781462
-39.9310820264165,322.2858610285154,-276.09197809669485
-39.82245853982232,320.707285467634,-276.0975450471185
-39.70869065870523,319.10869398332886,-276.0831105293875
-39.582286276808425,317.4900848736988,-276.0486745435786
-39.44639362874265,315.8514566720251,-275.99423708987496
-39.30014936107423,314.19280788240906,-275.919798168566
-39.1591416108195,312.5141377811034,-275.83002085072417
-39.03706515292249,310.8154485272307,-275.73467962717905
-38.926861583639244,309.09674247476306,-275.64181938597676
-38.821171630174796,307.35802071826,-275.55476331257665
-38.71759968662386,305.599283721027,-275.4737433562941
-38.61490975209561,303.8205316939265,-275.39826429356117
-38.512345418971314,302.02176470668115,-275.327587999932
-38.40938538323862,300.2029827376339,-275.2608957387529
-38.29625075964095,298.38418524298106,-275.1859857281572
-38.16338054888089,296.5853698093078,-275.09107425425424
-38.01077183480265,294.80653355810193,-274.97616131754853
-37.8384217013554,293.047673610426,-274.8412469186512
-37.65475478195176,291.30878749661724,-274.68633105827973
-37.46660927283986,289.58987430826414,-274.5114137372578
-37.27038200696164,287.89093313983494,-274.3164949565155
-37.06249860968327,286.2119625409238,-274.1015747170894
-36.84072719615169,284.55296062726785,-273.8666530201224
-36.604151800032724,282.9139252961595,-273.6117298668636
-36.35344826625031,281.2948544095733,-273.3368052586686
-36.09119938026287,279.69574607725616,-273.04187919699933
-35.81412610929571,278.09659853686037,-272.74695168341526
-35.517288095741705,276.47740914592396,-272.4720227194758
-35.200688258041644,274.8381750221081,-272.2170923066428
-34.86432951474139,273.17889328349963,-271.98216044627196
-34.508214784491884,271.499561048611,-271.76722713961254
-34.13322360729505,269.80017547899666,-271.57229238780747
-33.744338075665326,268.0807341065455,-271.3973561918933
-33.34623235792054,266.3412353316072,-271.2424185528003
-32.95393019937303,264.58167856756893,-271.08915590683097
-32.58188664832883,262.802066066215,-270.9175682548092
-32.230104453683325,261.00589656518275,-270.7259791621776
-31.898585309665396,259.2043779966304,-270.51438862995496
-31.587329094874292,257.4082353235461,-270.2827966592664
-31.295665977054934,255.62105926381196,-270.0312032513434
-31.020709624793902,253.84315071986077,-269.7596084075239
-30.75872647054594,252.0742253514002,-269.46801212925203
-30.492599910131332,250.3197681362645,-269.1764144180696
-30.206728256105563,248.58527066859435,-268.9048152755183
-29.901108593126445,246.8707300684911,-268.6532147030423
-29.5757380059568,245.17614345563103,-268.4216127019796
-29.235436154077817,243.50150818371165,-268.21000927356164
-28.90020039194914,241.84127921616647,-268.01840441891375
-28.582193994388767,240.19390318482087,-267.8467981390547
-28.274947309925746,238.5641073382864,-267.69519043489714
-27.98147004736495,236.95344866021952,-267.54496654590287
-27.708226679309305,235.36274865603662,-267.37612647287955
-27.455214290349474,233.79201027649933,-267.1872849780782
-27.222429964968537,232.2412364719441,-266.978442062503
-27.009870787542006,230.71043019228213,-266.74959772726453
-26.817533842337852,229.19959438699945,-266.5007519735796
-26.64541621351651,227.70873200515678,-266.2319048027715
-26.493514985130897,226.23784599538956,-265.9430562162698
-26.341827241135288,224.78693833362058,-265.63420621561045
-26.170350065482832,223.35600710619755,-265.3053548024359
-25.97908054222304,221.94504942675545,-264.9631126416674
-25.77308234295655,220.55406265481292,-264.62747973511597
-25.56636667582685,219.18304556967817,-264.3118454213849
-25.36955880556997,217.83199901816204,-264.0162097021525
-25.184972412400285,216.50092463935914,-263.74057257899085
-25.013500104461585,215.18982428992692,-263.48493405336575
-24.84745525429446,213.8786995213201,-263.22929412664536
-24.67794019719531,212.54762149241424,-262.9536528001979
-24.50393846284884,211.20308992747567,-262.6580100754892
-24.325337596894038,209.85212257622365,-262.3423659540913
-24.141986036042287,208.49526532127592,-262.0067204376826
-23.953668034046924,207.13230615252743,-261.65107352804796
-23.76015310903655,205.7628796410012,-261.2754252270786
-23.561206972017118,204.3865861755628,-260.879775536772
-23.349586844526968,203.0167424049103,-260.4841244592232
-23.118165415672678,201.66686632701263,-260.10847199652727
-22.866939769822515,200.3369550537736,-259.7528181506817
-22.607682698796815,199.01531225839912,-259.41716292357773
-22.35120818502151,197.69387329941546,-259.1015063170002
-22.097937017585544,196.37550572194408,-258.80584833262765
-21.849235961056923,195.06100181475838,-258.53018897203225
-21.605773288747635,193.752056327634,-258.2745282366799
-21.375367348075464,192.4359433181693,-258.03886612792996
-21.165155155256947,191.09979817810827,-257.82320264703566
-20.975139628272228,189.74362385278283,-257.6275377951438
-20.805323684994047,188.36742328795043,-257.4518715732948
-20.655710243187738,186.97119942979407,-257.29620398242275
-20.526302220511205,185.55495522492228,-257.1605350233555
-20.41710253451491,184.1186936203691,-257.0448646968145
-20.325915489476024,182.6624174567099,-256.94919300341473
-20.25274303045432,181.2061292542575,-256.85351994367386
-20.19978182642984,179.76983185397725,-256.7378455181095
-20.167028960821895,178.35352820332895,-256.60216972733673
-20.154481516942315,176.95722124934693,-256.44649257207703
-20.162136577995494,175.58091393864018,-256.2708140531582
-20.1899912270784,174.22460921739227,-256.0751341715144
-20.238042547180594,172.88831003136136,-255.85945292818622
-20.305228880568848,171.5720192744102,-255.6237703243205
-20.37154828231988,170.25573871331397,-255.36808636117055
-20.418061437280148,168.91946638010813,-255.09240104009598
-20.44477126206465,167.56319938640064,-254.79671436256274
-20.45168067339368,166.1869348442248,-254.48102633014318
-20.43879258809282,164.79066986603925,-254.14533694451598
-20.406109923092938,163.37440156472817,-253.78964620746612
-20.35363559543015,161.93812705360102,-253.4139541208851
-20.281372522245814,160.48184344639276,-253.01826068677065
-20.18932264849908,159.0255478572284,-252.61173478768546
-20.07748403010454,157.58923740023292,-252.19819261698603
-19.94585375079458,156.17290918914148,-251.76846529641278
-19.79442889440682,154.77656033726396,-251.31873663705608
-19.623206544884148,153.40018795748486,-250.84900664130737
-19.43218378627472,152.04378916226347,-250.35927531166448
-19.22135770273198,150.70736106363378,-249.84954265073156
-18.99072537851468,149.39090077320455,-249.31980866121918
-18.760284623217352,148.07948816635093,-248.77007334594418
-18.5500362975138,146.75511897000456,-248.20033670782985
-18.359982684635757,145.41271433737205,-247.61059874990576
-18.190126605531056,144.05028345952854,-247.0008594753079
-18.040470977965246,142.66782928235804,-246.37244573340072
-17.908285662107858,141.2680714037831,-245.73348686960142
-17.78417865830429,139.85569559353138,-245.09446405032799
-17.66103411224761,138.43249275101624,-244.45897252910652
-17.548247026233177,137.01377964001605,-243.81520430017386
-17.45566567242495,135.61505155326466,-243.15143477474965
-17.383287134452907,134.23631143741636,-242.4676639563635
-17.331108495839597,132.8775622387001,-241.7638918486514
-17.299126840000156,131.5388069029195,-241.04011845535572
-17.287339250242322,130.22004837545276,-240.29634378032515
-17.29574280976645,128.9212896012527,-239.5325678275147
-17.324334601665523,127.64253352484677,-238.74879060098584
-17.36295951013817,126.38378259679419,-237.94501210490634
-17.40068726521625,125.14503725537408,-237.12123234355036
-17.435892969170414,123.92629725299487,-236.27745132129834
-17.466849978679313,122.72756209665425,-235.41366904263717
-17.492041672416743,121.54883105027895,-234.52988551216004
-17.510885095316002,120.39010321366858,-233.6261007345665
-17.52421367417945,119.25137770417683,-232.70231471466255
-17.533648359108074,118.13265383413088,-231.75852745736037
-17.53163808202895,117.0275777951793,-230.79473896767868
-17.509788953089405,115.92501027504173,-229.81094925074245
-17.468101222908125,114.81704866827673,-228.81182680552868
-17.41404430161935,113.69896379112565,-227.80941121745164
-17.3540567463004,112.57022522744299,-226.81093142684182
-17.287746634267346,111.43259554048932,-225.81765335082565
-17.216143953846473,110.28754233410373,-224.83220639803656
-17.140083626234453,109.13666758528511,-223.85711173813084
-17.059720817846735,107.99328414291428,-222.89784254418745
-16.97264842272031,106.86988854239436,-221.95857216496398
-16.871417509101196,105.76647934007948,-221.03930060545503
-16.750521096584702,104.68305394417735,-220.14002787054886
-16.609781504318274,103.61960946940549,-219.26075396502742
-16.449195816187977,102.57614302156011,-218.40147889356632
-16.268761116185406,101.55265170601209,-217.56220266073475
-16.068474488407706,100.54913262770702,-216.74292527099564
-15.868333017048721,99.56558386345274,-215.94364672870555
-15.688333786301525,98.60200737878156,-215.16436703811465
-15.528473880260945,97.658406111088,-214.40508620336684
-15.38875038291472,96.73478299734128,-213.6658042284996
-15.26916037814351,95.83114097408539,-212.94652111744415
-15.169700949720914,94.94748297743894,-212.24723687402528
-15.090369181313484,94.08381194309526,-211.56795150196146
-15.031162156480747,93.24013080632236,-210.90866500486487
-14.972077930971517,92.39644152971087,-210.26937738624127
-14.893118449683724,91.53274218670173,-209.6500886494901
-14.794286629899565,90.64902987883842,-209.05079879790446
-14.675585389006912,89.74530170808991,-208.47150783467112
-14.537017644499292,88.82155477685066,-207.91221576287052
-14.378586313975873,87.87778618794061,-207.3729225854767
-14.20029431514145,86.91399304460523,-206.85362830535732
-14.002144565806425,85.93017245051554,-206.35433292527384
-13.804139983877937,84.92632248205555,-205.87503644788126
-13.626283487262349,83.90244510518457,-205.41573887572827
-13.468577993767749,82.85854325857494,-204.9764402112572
-13.331026421095071,81.79461988132451,-204.55714045680406
-13.213631686838081,80.71067791295665,-204.1578396145985
-13.116396708483359,79.60672029342027,-203.77853768676377
-13.03932439310914,78.48296185807834,-203.4192346753169
-12.982416644495581,77.35940554769078,-203.07993058216846
-12.93349302506532,76.25584181597505,-202.76062540912275
-12.892132904097416,75.17227121479254,-202.46131915787768
-12.866527981263589,74.10869581713328,-202.1820118300248
-12.854097996851753,73.06511762190958,-201.92270342704938
-12.855564689216724,72.04153863368184,-201.6833939503303
-12.870748752747913,71.03796085755528,-201.46408340114007
-12.89972613507665,70.05438630200197,-201.2647717806449
-12.94250475769512,69.090816978564,-201.08545908990465
-12.99354181942555,68.14725463148618,-200.92272417489846
-13.048343893149331,67.22369997641132,-200.7764805420459
-13.10882594939956,66.32015370743902,-200.65014934709902
-13.176120808410914,65.43661674921866,-200.54381708517533
-13.250600161002916,64.57309012729978,-200.45748375684025
-13.332429593678407,63.72957490173108,-200.39114936255288
-13.421857802756758,62.90607216042137,-200.34481390266598
-13.519325249723874,62.1017121639764,-200.31847737742592
-13.631006280544186,61.29649639819843,-200.29213978698164
-13.762806421190833,60.47129838741144,-200.24580113148198
-13.910588001927769,59.62612086476976,-200.1794614111734