
3.238519,2.361311,-10.0
3.4997716,2.4509964,-10.0
3.7694151,2.545804,-10.0
4.046749,2.6463008,-10.0
4.331006,2.7530303,-10.0
4.6213183,2.8665543,-10.0
4.916751,2.987392,-10.0
5.2163906,3.116065,-10.0
5.5193872,3.2530293,-10.0
5.824953,3.3987355,-10.0
6.132473,3.5535622,-10.0
6.44158,3.7178884,-10.0
6.7521286,3.8920283,-10.0
7.0642715,4.0762606,-10.0
7.3785095,4.270857,-10.0
7.6956263,4.4760566,-10.0
8.016737,4.6920366,-10.0
8.34322,4.918996,-10.0
8.676758,5.1570873,-10.0
9.01922,5.406474,-10.0
9.372668,5.667305,-10.0
9.739347,5.939761,-10.0
10.0,6.2239943,-10.0
10.0,6.5171604,-10.0
10.0,6.812378,-10.0
10.0,7.109396,-10.0
10.0,7.4079533,-10.0
10.0,7.707904,-10.0
10.0,8.009153,-10.0
10.0,8.31162,-10.0
10.0,8.615356,-10.0
10.0,8.920438,-10.0
10.0,9.226978,-10.0
10.0,9.535169,-10.0
10.0,9.845213,-10.0
10.0,10.0,-10.0
10.0,10.0,-10.0
10.0,10.0,-10.0
10.0,10.0,-10.0
10.0,10.0,-10.0
10.0,10.0,-10.0
10.0,10.0,-10.0
10.0,10.0,-10.0
10.0,10.0,-10.0
10.0,10.0,-10.0
10.0,10.0,-10.0
10.0,10.0,-10.0
10.0,10.0,-10.0
10.0,10.0,-10.0
10.0,10.0,-10.0
10.0,10.0,-10.0
10.0,10.0,-10.0
10.0,10.0,-10.0
10.0,10.0,-10.0
10.0,10.0,-10.0
10.0,10.0,-10.0
10.0,10.0,-10.0
10.0,10.0,-10.0
10.0,10.0,-10.0
10.0,10.0,-10.0
10.0,10.0,-10.0
10.0,10.0,-10.0
10.0,10.0,-10.0
10.0,10.0,-10.0
10.0,10.0,-10.0
10.0,10.0,-10.0
10.0,10.0,-10.0
10.0,10.0,-10.0
10.0,10.0,-10.0
10.0,10.0,-10.0
10.0,10.0,-10.0
10.0,10.0,-10.0
10.0,10.0,-10.0
10.0,10.0,-10.0
10.0,10.0,-10.0
10.0,10.0,-10.0
10.0,10.0,-10.0
10.0,10.0,-10.0
10.0,10.0,-10.0
10.0,10.0,-10.0
10.0,10.0,-10.0
10.0,10.0,-10.0
10.0,10.0,-10.0
10.0,10.0,-10.0
10.0,10.0,-10.0
10.0,10.0,-10.0
10.0,10.0,-10.0
10.0,10.0,-10.0
10.0,10.0,-10.0
10.0,10.0,-10.0
10.0,10.0,-10.0
10.0,10.0,-10.0
10.0,10.0,-10.0
10.0,10.0,-10.0
10.0,10.0,-10.0
10.0,10.0,-10.0
10.0,10.0,-10.0
10.0,10.0,-10.0
10.0,10.0,-10.0
10.0,10.0,-10.0
10.0,10.0,-10.0
10.0,10.0,-10.0
10.0,10.0,-10.0
10.0,10.0,-10.0
10.0,10.0,-10.0
10.0,10.0,-10.0
10.0,10.0,-10.0
10.0,10.0,-10.0
10.0,10.0,-10.0
10.0,10.0,-10.0
10.0,10.0,-10.0
10.0,10.0,-10.0
10.0,10.0,-10.0
10.0,10.0,-10.0
10.0,10.0,-10.0
10.0,10.0,-10.0
10.0,10.0,-10.0
10.0,10.0,-10.0
10.0,10.0,-10.0
10.0,10.0,-10.0
10.0,10.0,-10.0
10.0,10.0,-10.0
10.0,10.0,-10.0
10.0,10.0,-10.0
10.0,10.0,-10.0
10.0,10.0,-10.0
10.0,10.0,-10.0
10.0,10.0,-10.0
10.0,10.0,-10.0
10.0,10.0,-10.0
10.0,10.0,-10.0
10.0,10.0,-10.0
10.0,10.0,-10.0
10.0,10.0,-10.0
10.0,10.0,-10.0
10.0,10.0,-10.0
10.0,10.0,-10.0
10.0,10.0,-10.0
10.0,10.0,-10.0
10.0,10.0,-10.0
10.0,10.0,-10.0
10.0,10.0,-10.0
10.0,10.0,-10.0
10.0,10.0,-10.0
10.0,10.0,-10.0
10.0,10.0,-10.0
10.0,10.0,-10.0
10.0,10.0,-10.0
10.0,10.0,-10.0
10.0,10.0,-10.0
10.0,10.0,-10.0
10.0,10.0,-10.0
10.0,10.0,-10.0
10.0,10.0,-10.0
10.0,10.0,-10.0
10.0,10.0,-10.0
10.0,10.0,-10.0
10.0,10.0,-10.0
10.0,10.0,-10.0
10.0,10.0,-10.0
10.0,10.0,-10.0
10.0,10.0,-10.0
10.0,10.0,-10.0
10.0,10.0,-10.0
10.0,10.0,-10.0
10.0,10.0,-10.0
10.0,10.0,-10.0
10.0,10.0,-10.0
10.0,10.0,-10.0
10.0,10.0,-10.0
10.0,10.0,-10.0
10.0,10.0,-10.0
10.0,10.0,-10.0
10.0,10.0,-10.0
10.0,10.0,-10.0
10.0,10.0,-10.0
10.0,10.0,-10.0
10.0,10.0,-10.0
10.0,10.0,-10.0
10.0,10.0,-10.0
10.0,10.0,-10.0
10.0,10.0,-10.0
10.0,10.0,-10.0
10.0,10.0,-10.0
10.0,10.0,-10.0
10.0,10.0,-10.0
10.0,10.0,-10.0
10.0,10.0,-10.0
10.0,10.0,-10.0
10.0,10.0,-10.0
10.0,10.0,-10.0
10.0,10.0,-10.0
10.0,10.0,-10.0
10.0,10.0,-10.0
10.0,10.0,-10.0
10.0,10.0,-10.0
10.0,10.0,-10.0
10.0,10.0,-10.0
10.0,10.0,-10.0
10.0,10.0,-10.0
10.0,10.0,-10.0
10.0,10.0,-10.0
10.0,10.0,-10.0
10.0,10.0,-10.0
10.0,10.0,-10.0
10.0,10.0,-10.0
10.0,10.0,-10.0
10.0,10.0,-10.0
10.0,10.0,-10.0
10.0,10.0,-10.0
10.0,10.0,-10.0
10.0,10.0,-10.0
10.0,10.0,-10.0
10.0,10.0,-10.0
10.0,10.0,-10.0
10.0,10.0,-10.0
10.0,10.0,-10.0
10.0,10.0,-10.0
10.0,10.0,-10.0
10.0,10.0,-10.0
10.0,10.0,-10.0
10.0,10.0,-10.0
10.0,10.0,-10.0
10.0,10.0,-10.0
10.0,10.0,-10.0
10.0,10.0,-10.0
10.0,10.0,-10.0
10.0,10.0,-10.0
10.0,10.0,-10.0
10.0,10.0,-10.0
10.0,10.0,-10.0
10.0,10.0,-10.0
10.0,10.0,-10.0
10.0,10.0,-10.0
10.0,10.0,-10.0
10.0,10.0,-10.0
10.0,10.0,-10.0
10.0,10.0,-10.0
10.0,10.0,-10.0
10.0,10.0,-10.0
10.0,10.0,-10.0
10.0,10.0,-10.0
10.0,10.0,-10.0
10.0,10.0,-10.0
10.0,10.0,-10.0
10.0,10.0,-10.0
10.0,10.0,-10.0
10.0,10.0,-10.0
10.0,10.0,-10.0
10.0,10.0,-10.0
10.0,10.0,-10.0
10.0,10.0,-10.0
10.0,10.0,-10.0
10.0,10.0,-10.0
10.0,10.0,-10.0
10.0,10.0,-10.0
10.0,10.0,-10.0
10.0,10.0,-10.0
10.0,10.0,-10.0
10.0,10.0,-10.0
10.0,10.0,-10.0
10.0,10.0,-10.0
10.0,10.0,-10.0
10.0,10.0,-10.0
10.0,10.0,-10.0
10.0,10.0,-10.0
10.0,10.0,-10.0
10.0,10.0,-10.0
10.0,10.0,-10.0
10.0,10.0,-10.0
10.0,10.0,-10.0
10.0,10.0,-10.0
10.0,10.0,-10.0
10.0,10.0,-10.0
10.0,10.0,-10.0
10.0,10.0,-10.0
10.0,10.0,-10.0
10.0,10.0,-10.0
10.0,10.0,-10.0
10.0,10.0,-10.0
10.0,10.0,-10.0
10.0,10.0,-10.0
10.0,10.0,-10.0
10.0,10.0,-10.0
10.0,10.0,-10.0
10.0,10.0,-10.0
10.0,10.0,-10.0
10.0,10.0,-10.0
10.0,10.0,-10.0
10.0,10.0,-10.0
10.0,10.0,-10.0
10.0,10.0,-10.0
10.0,10.0,-10.0
10.0,10.0,-10.0
10.0,10.0,-10.0
10.0,10.0,-10.0
10.0,10.0,-10.0
10.0,10.0,-10.0
10.0,10.0,-10.0
10.0,10.0,-10.0
10.0,10.0,-10.0
10.0,10.0,-10.0
10.0,10.0,-10.0
10.0,10.0,-10.0
10.0,10.0,-10.0
10.0,10.0,-10.0
10.0,10.0,-10.0
10.0,10.0,-10.0
10.0,10.0,-10.0
10.0,10.0,-10.0
10.0,10.0,-10.0
10.0,10.0,-10.0
10.0,10.0,-10.0
10.0,10.0,-10.0
10.0,10.0,-10.0
10.0,10.0,-10.0
10.0,10.0,-10.0
10.0,10.0,-10.0
10.0,10.0,-10.0
10.0,10.0,-10.0
10.0,10.0,-10.0
10.0,10.0,-10.0
10.0,10.0,-10.0
10.0,10.0,-10.0
10.0,10.0,-10.0
10.0,10.0,-10.0
10.0,10.0,-10.0
10.0,10.0,-10.0
10.0,10.0,-10.0
10.0,10.0,-10.0
10.0,10.0,-10.0
10.0,10.0,-10.0
10.0,10.0,-10.0
10.0,10.0,-10.0
10.0,10.0,-10.0
10.0,10.0,-10.0
10.0,10.0,-10.0
10.0,10.0,-10.0
10.0,10.0,-10.0
10.0,10.0,-10.0
10.0,10.0,-10.0
10.0,10.0,-10.0
10.0,10.0,-10.0
10.0,10.0,-10.0
10.0,10.0,-10.0
10.0,10.0,-10.0
10.0,10.0,-10.0
10.0,10.0,-10.0
10.0,10.0,-10.0
10.0,10.0,-10.0
10.0,10.0,-10.0
10.0,10.0,-10.0
10.0,10.0,-10.0
10.0,10.0,-10.0
10.0,10.0,-10.0
10.0,10.0,-10.0
10.0,10.0,-10.0
10.0,10.0,-10.0
10.0,10.0,-10.0
10.0,10.0,-10.0
10.0,10.0,-10.0
10.0,10.0,-10.0
10.0,10.0,-10.0
10.0,10.0,-10.0
10.0,10.0,-10.0
10.0,10.0,-10.0
10.0,10.0,-10.0
10.0,10.0,-10.0
10.0,10.0,-10.0
10.0,10.0,-10.0
10.0,10.0,-10.0
10.0,10.0,-10.0
10.0,10.0,-10.0
10.0,10.0,-10.0
10.0,10.0,-10.0
10.0,10.0,-10.0
10.0,10.0,-10.0
10.0,10.0,-10.0
10.0,10.0,-10.0
10.0,10.0,-10.0
10.0,10.0,-10.0
10.0,10.0,-10.0
10.0,10.0,-10.0
10.0,10.0,-10.0
10.0,10.0,-10.0
10.0,10.0,-10.0
10.0,10.0,-10.0
10.0,10.0,-10.0
10.0,10.0,-10.0
10.0,10.0,-10.0
10.0,10.0,-10.0
10.0,10.0,-10.0
10.0,10.0,-10.0
10.0,10.0,-10.0
10.0,10.0,-10.0
10.0,10.0,-10.0
10.0,10.0,-10.0
10.0,10.0,-10.0
10.0,10.0,-10.0
10.0,10.0,-10.0
10.0,10.0,-10.0
10.0,10.0,-10.0
10.0,10.0,-10.0
10.0,10.0,-10.0
10.0,10.0,-10.0
10.0,10.0,-10.0
10.0,10.0,-10.0
10.0,10.0,-10.0
10.0,10.0,-10.0
10.0,10.0,-10.0
10.0,10.0,-10.0
10.0,10.0,-10.0
10.0,10.0,-10.0
10.0,10.0,-10.0
10.0,10.0,-10.0
10.0,10.0,-10.0
10.0,10.0,-10.0
10.0,10.0,-10.0
10.0,10.0,-10.0
10.0,10.0,-10.0
10.0,10.0,-10.0
10.0,10.0,-10.0
10.0,10.0,-10.0
10.0,10.0,-10.0
10.0,10.0,-10.0
10.0,10.0,-10.0
10.0,10.0,-10.0
10.0,10.0,-10.0
10.0,10.0,-10.0
10.0,10.0,-10.0
10.0,10.0,-10.0
10.0,10.0,-10.0
10.0,10.0,-10.0
10.0,10.0,-10.0
10.0,10.0,-10.0
10.0,10.0,-10.0
10.0,10.0,-10.0
10.0,10.0,-10.0
10.0,10.0,-10.0
10.0,10.0,-10.0
10.0,10.0,-10.0
10.0,10.0,-10.0
10.0,10.0,-10.0
10.0,10.0,-10.0
10.0,10.0,-10.0
10.0,10.0,-10.0
10.0,10.0,-10.0
10.0,10.0,-10.0
10.0,10.0,-10.0
10.0,10.0,-10.0
10.0,10.0,-10.0
10.0,10.0,-10.0
10.0,10.0,-10.0
10.0,10.0,-10.0
10.0,10.0,-10.0
10.0,10.0,-10.0
10.0,10.0,-10.0
10.0,10.0,-10.0
10.0,10.0,-10.0
10.0,10.0,-10.0
10.0,10.0,-10.0
10.0,10.0,-10.0
10.0,10.0,-10.0
10.0,10.0,-10.0
10.0,10.0,-10.0
10.0,10.0,-10.0
10.0,10.0,-10.0
10.0,10.0,-10.0
10.0,10.0,-10.0
10.0,10.0,-10.0
10.0,10.0,-10.0
10.0,10.0,-10.0
10.0,10.0,-10.0
10.0,10.0,-10.0
10.0,10.0,-10.0
10.0,10.0,-10.0
10.0,10.0,-10.0
10.0,10.0,-10.0
10.0,10.0,-10.0
10.0,10.0,-10.0
10.0,10.0,-10.0
10.0,10.0,-10.0
10.0,10.0,-10.0
10.0,10.0,-10.0
10.0,10.0,-10.0
10.0,10.0,-10.0
10.0,10.0,-10.0
10.0,10.0,-10.0
10.0,10.0,-10.0
10.0,10.0,-10.0
10.0,10.0,-10.0
10.0,10.0,-10.0
10.0,10.0,-10.0
10.0,10.0,-10.0
10.0,10.0,-10.0
10.0,10.0,-10.0
10.0,10.0,-10.0
10.0,10.0,-10.0
10.0,10.0,-10.0
10.0,10.0,-10.0
10.0,10.0,-10.0
10.0,10.0,-10.0
10.0,10.0,-10.0
10.0,10.0,-10.0
10.0,10.0,-10.0
10.0,10.0,-10.0
10.0,10.0,-10.0
10.0,10.0,-10.0
10.0,10.0,-10.0
10.0,10.0,-10.0
10.0,10.0,-10.0
10.0,10.0,-10.0
10.0,10.0,-10.0
10.0,10.0,-10.0
10.0,10.0,-10.0
10.0,10.0,-10.0
10.0,10.0,-10.0
10.0,10.0,-10.0
10.0,10.0,-10.0
10.0,10.0,-10.0
10.0,10.0,-10.0
10.0,10.0,-10.0
10.0,10.0,-10.0
10.0,10.0,-10.0
10.0,10.0,-10.0
10.0,10.0,-10.0
10.0,10.0,-10.0
10.0,10.0,-10.0
10.0,10.0,-10.0
10.0,10.0,-10.0
10.0,10.0,-10.0
10.0,10.0,-10.0
10.0,10.0,-10.0
10.0,10.0,-10.0
10.0,10.0,-10.0
10.0,10.0,-10.0
10.0,10.0,-10.0
10.0,10.0,-10.0
10.0,10.0,-10.0
10.0,10.0,-10.0
10.0,10.0,-10.0
10.0,10.0,-10.0
10.0,10.0,-10.0
10.0,10.0,-10.0
10.0,10.0,-10.0
10.0,10.0,-10.0
10.0,10.0,-10.0
10.0,10.0,-10.0
10.0,10.0,-10.0
10.0,10.0,-10.0
10.0,10.0,-10.0
10.0,10.0,-10.0
10.0,10.0,-10.0
10.0,10.0,-10.0
10.0,10.0,-10.0
10.0,10.0,-10.0
10.0,10.0,-10.0
10.0,10.0,-10.0
10.0,10.0,-10.0
10.0,10.0,-10.0
10.0,10.0,-10.0
10.0,10.0,-10.0
10.0,10.0,-10.0
10.0,10.0,-10.0
10.0,10.0,-10.0
10.0,10.0,-10.0
10.0,10.0,-10.0
10.0,10.0,-10.0
10.0,10.0,-10.0
10.0,10.0,-10.0
10.0,10.0,-10.0
10.0,10.0,-10.0
10.0,10.0,-10.0
10.0,10.0,-10.0
10.0,10.0,-10.0
10.0,10.0,-10.0
10.0,10.0,-10.0
10.0,10.0,-10.0
10.0,10.0,-10.0
10.0,10.0,-10.0
10.0,10.0,-10.0
10.0,10.0,-10.0
10.0,10.0,-10.0
10.0,10.0,-10.0
10.0,10.0,-10.0
10.0,10.0,-10.0
10.0,10.0,-10.0
10.0,10.0,-10.0
10.0,10.0,-10.0
10.0,10.0,-10.0
10.0,10.0,-10.0
10.0,10.0,-10.0
10.0,10.0,-10.0
10.0,10.0,-10.0
10.0,10.0,-10.0
10.0,10.0,-10.0
10.0,10.0,-10.0
10.0,10.0,-10.0
10.0,10.0,-10.0
10.0,10.0,-10.0
10.0,10.0,-10.0
10.0,10.0,-10.0
10.0,10.0,-10.0
10.0,10.0,-10.0
10.0,10.0,-10.0
10.0,10.0,-10.0
10.0,10.0,-10.0
10.0,10.0,-10.0
10.0,10.0,-10.0
10.0,10.0,-10.0
10.0,10.0,-10.0
10.0,10.0,-10.0
10.0,10.0,-10.0
10.0,10.0,-10.0
10.0,10.0,-10.0
10.0,10.0,-10.0
10.0,10.0,-10.0
10.0,10.0,-10.0
10.0,10.0,-10.0
10.0,10.0,-10.0
10.0,10.0,-10.0
10.0,10.0,-10.0
10.0,10.0,-10.0
10.0,10.0,-10.0
10.0,10.0,-10.0
10.0,10.0,-10.0
10.0,10.0,-10.0
10.0,10.0,-10.0
10.0,10.0,-10.0
10.0,10.0,-10.0
10.0,10.0,-10.0
10.0,10.0,-10.0
10.0,10.0,-10.0
10.0,10.0,-10.0
10.0,10.0,-10.0
10.0,10.0,-10.0
10.0,10.0,-10.0
10.0,10.0,-10.0
10.0,10.0,-10.0
10.0,10.0,-10.0
10.0,10.0,-10.0
10.0,10.0,-10.0
10.0,10.0,-10.0
10.0,10.0,-10.0
10.0,10.0,-10.0
10.0,10.0,-10.0
10.0,10.0,-10.0
10.0,10.0,-10.0
10.0,10.0,-10.0
10.0,10.0,-10.0
10.0,10.0,-10.0
10.0,10.0,-10.0
10.0,10.0,-10.0
10.0,10.0,-10.0
10.0,10.0,-10.0
10.0,10.0,-10.0
10.0,10.0,-10.0
10.0,10.0,-10.0
10.0,10.0,-10.0
10.0,10.0,-10.0
10.0,10.0,-10.0
10.0,10.0,-10.0
10.0,10.0,-10.0
10.0,10.0,-10.0
10.0,10.0,-10.0
10.0,10.0,-10.0
10.0,10.0,-10.0
10.0,10.0,-10.0
10.0,10.0,-10.0
10.0,10.0,-10.0
10.0,10.0,-10.0
10.0,10.0,-10.0
10.0,10.0,-10.0
10.0,10.0,-10.0
10.0,10.0,-10.0
10.0,10.0,-10.0
10.0,10.0,-10.0
10.0,10.0,-10.0
10.0,10.0,-10.0
10.0,10.0,-10.0
10.0,10.0,-10.0
10.0,10.0,-10.0
10.0,10.0,-10.0
10.0,10.0,-10.0
10.0,10.0,-10.0
10.0,10.0,-10.0
10.0,10.0,-10.0
10.0,10.0,-10.0
10.0,10.0,-10.0
10.0,10.0,-10.0
10.0,10.0,-10.0
10.0,10.0,-10.0
10.0,10.0,-10.0
10.0,10.0,-10.0
10.0,10.0,-10.0
10.0,10.0,-10.0
10.0,10.0,-10.0
10.0,10.0,-10.0
10.0,10.0,-10.0
10.0,10.0,-10.0
10.0,10.0,-10.0
10.0,10.0,-10.0
10.0,10.0,-10.0
10.0,10.0,-10.0
10.0,10.0,-10.0
10.0,10.0,-10.0
10.0,10.0,-10.0
10.0,10.0,-10.0
10.0,10.0,-10.0
10.0,10.0,-10.0
10.0,10.0,-10.0
10.0,10.0,-10.0
10.0,10.0,-10.0
10.0,10.0,-10.0
10.0,10.0,-10.0
10.0,10.0,-10.0
10.0,10.0,-10.0
10.0,10.0,-10.0
10.0,10.0,-10.0
10.0,10.0,-10.0
10.0,10.0,-10.0
10.0,10.0,-10.0
10.0,10.0,-10.0
10.0,10.0,-10.0
10.0,10.0,-10.0
10.0,10.0,-10.0
10.0,10.0,-10.0
10.0,10.0,-10.0
10.0,10.0,-10.0
10.0,10.0,-10.0
10.0,10.0,-10.0
10.0,10.0,-10.0
10.0,10.0,-10.0
10.0,10.0,-10.0
10.0,10.0,-10.0
10.0,10.0,-10.0
10.0,10.0,-10.0
10.0,10.0,-10.0
10.0,10.0,-10.0
10.0,10.0,-10.0
10.0,10.0,-10.0
10.0,10.0,-10.0
10.0,10.0,-10.0
10.0,10.0,-10.0
10.0,10.0,-10.0
10.0,10.0,-10.0
10.0,10.0,-10.0
10.0,10.0,-10.0
10.0,10.0,-10.0
10.0,10.0,-10.0
10.0,10.0,-10.0
10.0,10.0,-10.0
10.0,10.0,-10.0
10.0,10.0,-10.0
10.0,10.0,-10.0
10.0,10.0,-10.0
10.0,10.0,-10.0
10.0,10.0,-10.0
10.0,10.0,-10.0
10.0,10.0,-10.0
10.0,10.0,-10.0
10.0,10.0,-10.0
10.0,10.0,-10.0
10.0,10.0,-10.0
10.0,10.0,-10.0
10.0,10.0,-10.0
10.0,10.0,-10.0
10.0,10.0,-10.0
10.0,10.0,-10.0
10.0,10.0,-10.0
10.0,10.0,-10.0
10.0,10.0,-10.0
10.0,10.0,-10.0
10.0,10.0,-10.0
10.0,10.0,-10.0
10.0,10.0,-10.0
10.0,10.0,-10.0
10.0,10.0,-10.0
10.0,10.0,-10.0
10.0,10.0,-10.0
10.0,10.0,-10.0
10.0,10.0,-10.0
10.0,10.0,-10.0
10.0,10.0,-10.0
10.0,10.0,-10.0
10.0,10.0,-10.0
10.0,10.0,-10.0
10.0,10.0,-10.0
10.0,10.0,-10.0
10.0,10.0,-10.0
10.0,10.0,-10.0
10.0,10.0,-10.0
10.0,10.0,-10.0
10.0,10.0,-10.0
10.0,10.0,-10.0
10.0,10.0,-10.0
10.0,10.0,-10.0
10.0,10.0,-10.0
10.0,10.0,-10.0
10.0,10.0,-10.0
10.0,10.0,-10.0
10.0,10.0,-10.0
10.0,10.0,-10.0
10.0,10.0,-10.0
10.0,10.0,-10.0
10.0,10.0,-10.0
10.0,10.0,-10.0
10.0,10.0,-10.0
10.0,10.0,-10.0
10.0,10.0,-10.0
10.0,10.0,-10.0
10.0,10.0,-10.0
10.0,10.0,-10.0
10.0,10.0,-10.0
10.0,10.0,-10.0
10.0,10.0,-10.0
10.0,10.0,-10.0
10.0,10.0,-10.0
10.0,10.0,-10.0
10.0,10.0,-10.0
10.0,10.0,-10.0
10.0,10.0,-10.0
10.0,10.0,-10.0
10.0,10.0,-10.0
10.0,10.0,-10.0
10.0,10.0,-10.0
10.0,10.0,-10.0
10.0,10.0,-10.0
10.0,10.0,-10.0
10.0,10.0,-10.0
10.0,10.0,-10.0
10.0,10.0,-10.0
10.0,10.0,-10.0
10.0,10.0,-10.0
10.0,10.0,-10.0
10.0,10.0,-10.0
10.0,10.0,-10.0
10.0,10.0,-10.0
10.0,10.0,-10.0
10.0,10.0,-10.0
10.0,10.0,-10.0
10.0,10.0,-10.0
10.0,10.0,-10.0
10.0,10.0,-10.0
10.0,10.0,-10.0
10.0,10.0,-10.0
10.0,10.0,-10.0
10.0,10.0,-10.0
10.0,10.0,-10.0
10.0,10.0,-10.0
10.0,10.0,-10.0
10.0,10.0,-10.0
10.0,10.0,-10.0
10.0,10.0,-10.0
10.0,10.0,-10.0
10.0,10.0,-10.0
10.0,10.0,-10.0
10.0,10.0,-10.0
10.0,10.0,-10.0
10.0,10.0,-10.0
10.0,10.0,-10.0
10.0,10.0,-10.0
10.0,10.0,-10.0
10.0,10.0,-10.0
10.0,10.0,-10.0
10.0,10.0,-10.0
10.0,10.0,-10.0
10.0,10.0,-10.0
10.0,10.0,-10.0
10.0,10.0,-10.0
10.0,10.0,-10.0
10.0,10.0,-10.0
10.0,10.0,-10.0
10.0,10.0,-10.0
10.0,10.0,-10.0
10.0,10.0,-10.0
10.0,10.0,-10.0
10.0,10.0,-10.0
10.0,10.0,-10.0
10.0,10.0,-10.0
10.0,10.0,-10.0
10.0,10.0,-10.0
10.0,10.0,-10.0
10.0,10.0,-10.0
10.0,10.0,-10.0
10.0,10.0,-10.0
10.0,10.0,-10.0
10.0,10.0,-10.0
10.0,10.0,-10.0
10.0,10.0,-10.0
10.0,10.0,-10.0
10.0,10.0,-10.0
10.0,10.0,-10.0
10.0,10.0,-10.0
10.0,10.0,-10.0
10.0,10.0,-10.0
10.0,10.0,-10.0
10.0,10.0,-10.0
10.0,10.0,-10.0
10.0,10.0,-10.0
10.0,10.0,-10.0
10.0,10.0,-10.0
10.0,10.0,-10.0
10.0,10.0,-10.0
10.0,10.0,-10.0
10.0,10.0,-10.0
10.0,10.0,-10.0
10.0,10.0,-10.0
10.0,10.0,-10.0
10.0,10.0,-10.0
10.0,10.0,-10.0
10.0,10.0,-10.0
10.0,10.0,-10.0
10.0,10.0,-10.0
10.0,10.0,-10.0
10.0,10.0,-10.0
10.0,10.0,-10.0
10.0,10.0,-10.0
10.0,10.0,-10.0
10.0,10.0,-10.0
10.0,10.0,-10.0
10.0,10.0,-10.0
10.0,10.0,-10.0
10.0,10.0,-10.0
10.0,10.0,-10.0
10.0,10.0,-10.0
10.0,10.0,-10.0
10.0,10.0,-10.0
10.0,10.0,-10.0
10.0,10.0,-10.0
10.0,10.0,-10.0
10.0,10.0,-10.0
10.0,10.0,-10.0
10.0,10.0,-10.0
10.0,10.0,-10.0
10.0,10.0,-10.0
10.0,10.0,-10.0
10.0,10.0,-10.0
10.0,10.0,-10.0
10.0,10.0,-10.0
10.0,10.0,-10.0
10.0,10.0,-10.0
10.0,10.0,-10.0
10.0,10.0,-10.0
10.0,10.0,-10.0
10.0,10.0,-10.0
10.0,10.0,-10.0
10.0,10.0,-10.0
10.0,10.0,-10.0
10.0,10.0,-10.0
10.0,10.0,-10.0
10.0,10.0,-10.0
10.0,10.0,-10.0
10.0,10.0,-10.0
10.0,10.0,-10.0
10.0,10.0,-10.0
10.0,10.0,-10.0
10.0,10.0,-10.0
10.0,10.0,-10.0
10.0,10.0,-10.0
10.0,10.0,-10.0
10.0,10.0,-10.0
10.0,10.0,-10.0
10.0,10.0,-10.0
10.0,10.0,-10.0
10.0,10.0,-10.0
10.0,10.0,-10.0
10.0,10.0,-10.0
10.0,10.0,-10.0
10.0,10.0,-10.0
10.0,10.0,-10.0
10.0,10.0,-10.0
10.0,10.0,-10.0
10.0,10.0,-10.0
10.0,10.0,-10.0
10.0,10.0,-10.0
10.0,10.0,-10.0
10.0,10.0,-10.0
10.0,10.0,-10.0
10.0,10.0,-10.0
10.0,10.0,-10.0
10.0,10.0,-10.0
10.0,10.0,-10.0
10.0,10.0,-10.0
10.0,10.0,-10.0
10.0,10.0,-10.0
10.0,10.0,-10.0
10.0,10.0,-10.0
10.0,10.0,-10.0
10.0,10.0,-10.0
10.0,10.0,-10.0
10.0,10.0,-10.0
10.0,10.0,-10.0
10.0,10.0,-10.0
10.0,10.0,-10.0
10.0,10.0,-10.0
10.0,10.0,-10.0
10.0,10.0,-10.0
10.0,10.0,-10.0