
5.567933,2.1271691,-8.141577
5.879319,2.2858024,-8.400981
6.1999636,2.4520617,-8.677735
6.528247,2.6268978,-8.971598
6.8622856,2.8112907,-9.282355
7.200015,3.0062308,-9.609908
7.5392904,3.2126937,-9.954331
7.877939,3.4316144,-10.0
8.215605,3.6616673,-10.0
8.551436,3.9030824,-10.0
8.884886,4.156301,-10.0
9.216107,4.4216323,-10.0
9.545955,4.69924,-10.0
9.875999,4.989153,-10.0
10.0,5.2912564,-10.0
10.0,5.5997524,-10.0
10.0,5.910784,-10.0
10.0,6.2237625,-10.0
10.0,6.5381613,-10.0
10.0,6.853505,-10.0
10.0,7.169409,-10.0
10.0,7.4855165,-10.0
10.0,7.8016033,-10.0
10.0,8.117429,-10.0
10.0,8.432924,-10.0
10.0,8.748026,-10.0
10.0,9.062739,-10.0
10.0,9.377216,-10.0
10.0,9.691617,-10.0
10.0,10.0,-10.0
10.0,10.0,-10.0
10.0,10.0,-10.0
10.0,10.0,-10.0
10.0,10.0,-10.0
10.0,10.0,-10.0
10.0,10.0,-10.0
10.0,10.0,-10.0
10.0,10.0,-10.0
10.0,10.0,-10.0
10.0,10.0,-10.0
10.0,10.0,-10.0
10.0,10.0,-10.0
10.0,10.0,-10.0
10.0,10.0,-10.0
10.0,10.0,-10.0
10.0,10.0,-10.0
10.0,10.0,-10.0
10.0,10.0,-10.0
10.0,10.0,-10.0
10.0,10.0,-10.0
10.0,10.0,-10.0
10.0,10.0,-10.0
10.0,10.0,-10.0
10.0,10.0,-10.0
10.0,10.0,-10.0
10.0,10.0,-10.0
10.0,10.0,-10.0
10.0,10.0,-10.0
10.0,10.0,-10.0
10.0,10.0,-10.0
10.0,10.0,-10.0
10.0,10.0,-10.0
10.0,10.0,-10.0
10.0,10.0,-10.0
10.0,10.0,-10.0
10.0,10.0,-10.0
10.0,10.0,-10.0
10.0,10.0,-10.0
10.0,10.0,-10.0
10.0,10.0,-10.0
10.0,10.0,-10.0
10.0,10.0,-10.0
10.0,10.0,-10.0
10.0,10.0,-10.0
10.0,10.0,-10.0
10.0,10.0,-10.0
10.0,10.0,-10.0
10.0,10.0,-10.0
10.0,10.0,-10.0
10.0,10.0,-10.0
10.0,10.0,-10.0
10.0,10.0,-10.0
10.0,10.0,-10.0
10.0,10.0,-10.0
10.0,10.0,-10.0
10.0,10.0,-10.0
10.0,10.0,-10.0
10.0,10.0,-10.0
10.0,10.0,-10.0
10.0,10.0,-10.0
10.0,10.0,-10.0
10.0,10.0,-10.0
10.0,10.0,-10.0
10.0,10.0,-10.0
10.0,10.0,-10.0
10.0,10.0,-10.0
10.0,10.0,-10.0
10.0,10.0,-10.0
10.0,10.0,-10.0
10.0,10.0,-10.0
10.0,10.0,-10.0
10.0,10.0,-10.0
10.0,10.0,-10.0
10.0,10.0,-10.0
10.0,10.0,-10.0
10.0,10.0,-10.0
10.0,10.0,-10.0
10.0,10.0,-10.0
10.0,10.0,-10.0
10.0,10.0,-10.0
10.0,10.0,-10.0
10.0,10.0,-10.0
10.0,10.0,-10.0
10.0,10.0,-10.0
10.0,10.0,-10.0
10.0,10.0,-10.0
10.0,10.0,-10.0
10.0,10.0,-10.0
10.0,10.0,-10.0
10.0,10.0,-10.0
10.0,10.0,-10.0
10.0,10.0,-10.0
10.0,10.0,-10.0
10.0,10.0,-10.0
10.0,10.0,-10.0
10.0,10.0,-10.0
10.0,10.0,-10.0
10.0,10.0,-10.0
10.0,10.0,-10.0
10.0,10.0,-10.0
10.0,10.0,-10.0
10.0,10.0,-10.0
10.0,10.0,-10.0
10.0,10.0,-10.0
10.0,10.0,-10.0
10.0,10.0,-10.0
10.0,10.0,-10.0
10.0,10.0,-10.0
10.0,10.0,-10.0
10.0,10.0,-10.0
10.0,10.0,-10.0
10.0,10.0,-10.0
10.0,10.0,-10.0
10.0,10.0,-10.0
10.0,10.0,-10.0
10.0,10.0,-10.0
10.0,10.0,-10.0
10.0,10.0,-10.0
10.0,10.0,-10.0
10.0,10.0,-10.0
10.0,10.0,-10.0
10.0,10.0,-10.0
10.0,10.0,-10.0
10.0,10.0,-10.0
10.0,10.0,-10.0
10.0,10.0,-10.0
10.0,10.0,-10.0
10.0,10.0,-10.0
10.0,10.0,-10.0
10.0,10.0,-10.0
10.0,10.0,-10.0
10.0,10.0,-10.0
10.0,10.0,-10.0
10.0,10.0,-10.0
10.0,10.0,-10.0
10.0,10.0,-10.0
10.0,10.0,-10.0
10.0,10.0,-10.0
10.0,10.0,-10.0
10.0,10.0,-10.0
10.0,10.0,-10.0
10.0,10.0,-10.0
10.0,10.0,-10.0
10.0,10.0,-10.0
10.0,10.0,-10.0
10.0,10.0,-10.0
10.0,10.0,-10.0
10.0,10.0,-10.0
10.0,10.0,-10.0
10.0,10.0,-10.0
10.0,10.0,-10.0
10.0,10.0,-10.0
10.0,10.0,-10.0
10.0,10.0,-10.0
10.0,10.0,-10.0
10.0,10.0,-10.0
10.0,10.0,-10.0
10.0,10.0,-10.0
10.0,10.0,-10.0
10.0,10.0,-10.0
10.0,10.0,-10.0
10.0,10.0,-10.0
10.0,10.0,-10.0
10.0,10.0,-10.0
10.0,10.0,-10.0
10.0,10.0,-10.0
10.0,10.0,-10.0
10.0,10.0,-10.0
10.0,10.0,-10.0
10.0,10.0,-10.0
10.0,10.0,-10.0
10.0,10.0,-10.0
10.0,10.0,-10.0
10.0,10.0,-10.0
10.0,10.0,-10.0
10.0,10.0,-10.0
10.0,10.0,-10.0
10.0,10.0,-10.0
10.0,10.0,-10.0
10.0,10.0,-10.0
10.0,10.0,-10.0
10.0,10.0,-10.0
10.0,10.0,-10.0
10.0,10.0,-10.0
10.0,10.0,-10.0
10.0,10.0,-10.0
10.0,10.0,-10.0
10.0,10.0,-10.0
10.0,10.0,-10.0
10.0,10.0,-10.0
10.0,10.0,-10.0
10.0,10.0,-10.0
10.0,10.0,-10.0
10.0,10.0,-10.0
10.0,10.0,-10.0
10.0,10.0,-10.0
10.0,10.0,-10.0
10.0,10.0,-10.0
10.0,10.0,-10.0
10.0,10.0,-10.0
10.0,10.0,-10.0
10.0,10.0,-10.0
10.0,10.0,-10.0
10.0,10.0,-10.0
10.0,10.0,-10.0
10.0,10.0,-10.0
10.0,10.0,-10.0
10.0,10.0,-10.0
10.0,10.0,-10.0
10.0,10.0,-10.0
10.0,10.0,-10.0
10.0,10.0,-10.0
10.0,10.0,-10.0
10.0,10.0,-10.0
10.0,10.0,-10.0
10.0,10.0,-10.0
10.0,10.0,-10.0
10.0,10.0,-10.0
10.0,10.0,-10.0
10.0,10.0,-10.0
10.0,10.0,-10.0
10.0,10.0,-10.0
10.0,10.0,-10.0
10.0,10.0,-10.0
10.0,10.0,-10.0
10.0,10.0,-10.0
10.0,10.0,-10.0
10.0,10.0,-10.0
10.0,10.0,-10.0
10.0,10.0,-10.0
10.0,10.0,-10.0
10.0,10.0,-10.0
10.0,10.0,-10.0
10.0,10.0,-10.0
10.0,10.0,-10.0
10.0,10.0,-10.0
10.0,10.0,-10.0
10.0,10.0,-10.0
10.0,10.0,-10.0
10.0,10.0,-10.0
10.0,10.0,-10.0
10.0,10.0,-10.0
10.0,10.0,-10.0
10.0,10.0,-10.0
10.0,10.0,-10.0
10.0,10.0,-10.0
10.0,10.0,-10.0
10.0,10.0,-10.0
10.0,10.0,-10.0
10.0,10.0,-10.0
10.0,10.0,-10.0
10.0,10.0,-10.0
10.0,10.0,-10.0
10.0,10.0,-10.0
10.0,10.0,-10.0
10.0,10.0,-10.0
10.0,10.0,-10.0
10.0,10.0,-10.0
10.0,10.0,-10.0
10.0,10.0,-10.0
10.0,10.0,-10.0
10.0,10.0,-10.0
10.0,10.0,-10.0
10.0,10.0,-10.0
10.0,10.0,-10.0
10.0,10.0,-10.0
10.0,10.0,-10.0
10.0,10.0,-10.0
10.0,10.0,-10.0
10.0,10.0,-10.0
10.0,10.0,-10.0
10.0,10.0,-10.0
10.0,10.0,-10.0
10.0,10.0,-10.0
10.0,10.0,-10.0
10.0,10.0,-10.0
10.0,10.0,-10.0
10.0,10.0,-10.0
10.0,10.0,-10.0
10.0,10.0,-10.0
10.0,10.0,-10.0
10.0,10.0,-10.0
10.0,10.0,-10.0
10.0,10.0,-10.0
10.0,10.0,-10.0
10.0,10.0,-10.0
10.0,10.0,-10.0
10.0,10.0,-10.0
10.0,10.0,-10.0
10.0,10.0,-10.0
10.0,10.0,-10.0
10.0,10.0,-10.0
10.0,10.0,-10.0
10.0,10.0,-10.0
10.0,10.0,-10.0
10.0,10.0,-10.0
10.0,10.0,-10.0
10.0,10.0,-10.0
10.0,10.0,-10.0
10.0,10.0,-10.0
10.0,10.0,-10.0
10.0,10.0,-10.0
10.0,10.0,-10.0
10.0,10.0,-10.0
10.0,10.0,-10.0
10.0,10.0,-10.0
10.0,10.0,-10.0
10.0,10.0,-10.0
10.0,10.0,-10.0
10.0,10.0,-10.0
10.0,10.0,-10.0
10.0,10.0,-10.0
10.0,10.0,-10.0
10.0,10.0,-10.0
10.0,10.0,-10.0
10.0,10.0,-10.0
10.0,10.0,-10.0
10.0,10.0,-10.0
10.0,10.0,-10.0
10.0,10.0,-10.0
10.0,10.0,-10.0
10.0,10.0,-10.0
10.0,10.0,-10.0
10.0,10.0,-10.0
10.0,10.0,-10.0
10.0,10.0,-10.0
10.0,10.0,-10.0
10.0,10.0,-10.0
10.0,10.0,-10.0
10.0,10.0,-10.0
10.0,10.0,-10.0
10.0,10.0,-10.0
10.0,10.0,-10.0
10.0,10.0,-10.0
10.0,10.0,-10.0
10.0,10.0,-10.0
10.0,10.0,-10.0
10.0,10.0,-10.0
10.0,10.0,-10.0
10.0,10.0,-10.0
10.0,10.0,-10.0
10.0,10.0,-10.0
10.0,10.0,-10.0
10.0,10.0,-10.0
10.0,10.0,-10.0
10.0,10.0,-10.0
10.0,10.0,-10.0
10.0,10.0,-10.0
10.0,10.0,-10.0
10.0,10.0,-10.0
10.0,10.0,-10.0
10.0,10.0,-10.0
10.0,10.0,-10.0
10.0,10.0,-10.0
10.0,10.0,-10.0
10.0,10.0,-10.0
10.0,10.0,-10.0
10.0,10.0,-10.0
10.0,10.0,-10.0
10.0,10.0,-10.0
10.0,10.0,-10.0
10.0,10.0,-10.0
10.0,10.0,-10.0
10.0,10.0,-10.0
10.0,10.0,-10.0
10.0,10.0,-10.0
10.0,10.0,-10.0
10.0,10.0,-10.0
10.0,10.0,-10.0
10.0,10.0,-10.0
10.0,10.0,-10.0
10.0,10.0,-10.0
10.0,10.0,-10.0
10.0,10.0,-10.0
10.0,10.0,-10.0
10.0,10.0,-10.0
10.0,10.0,-10.0
10.0,10.0,-10.0
10.0,10.0,-10.0
10.0,10.0,-10.0
10.0,10.0,-10.0
10.0,10.0,-10.0
10.0,10.0,-10.0
10.0,10.0,-10.0
10.0,10.0,-10.0
10.0,10.0,-10.0
10.0,10.0,-10.0
10.0,10.0,-10.0
10.0,10.0,-10.0
10.0,10.0,-10.0
10.0,10.0,-10.0
10.0,10.0,-10.0
10.0,10.0,-10.0
10.0,10.0,-10.0
10.0,10.0,-10.0
10.0,10.0,-10.0
10.0,10.0,-10.0
10.0,10.0,-10.0
10.0,10.0,-10.0
10.0,10.0,-10.0
10.0,10.0,-10.0
10.0,10.0,-10.0
10.0,10.0,-10.0
10.0,10.0,-10.0
10.0,10.0,-10.0
10.0,10.0,-10.0
10.0,10.0,-10.0
10.0,10.0,-10.0
10.0,10.0,-10.0
10.0,10.0,-10.0
10.0,10.0,-10.0
10.0,10.0,-10.0
10.0,10.0,-10.0
10.0,10.0,-10.0
10.0,10.0,-10.0
10.0,10.0,-10.0
10.0,10.0,-10.0
10.0,10.0,-10.0
10.0,10.0,-10.0
10.0,10.0,-10.0
10.0,10.0,-10.0
10.0,10.0,-10.0
10.0,10.0,-10.0
10.0,10.0,-10.0
10.0,10.0,-10.0
10.0,10.0,-10.0
10.0,10.0,-10.0
10.0,10.0,-10.0
10.0,10.0,-10.0
10.0,10.0,-10.0
10.0,10.0,-10.0
10.0,10.0,-10.0
10.0,10.0,-10.0
10.0,10.0,-10.0
10.0,10.0,-10.0
10.0,10.0,-10.0
10.0,10.0,-10.0
10.0,10.0,-10.0
10.0,10.0,-10.0
10.0,10.0,-10.0
10.0,10.0,-10.0
10.0,10.0,-10.0
10.0,10.0,-10.0
10.0,10.0,-10.0
10.0,10.0,-10.0
10.0,10.0,-10.0
10.0,10.0,-10.0
10.0,10.0,-10.0
10.0,10.0,-10.0
10.0,10.0,-10.0
10.0,10.0,-10.0
10.0,10.0,-10.0
10.0,10.0,-10.0
10.0,10.0,-10.0
10.0,10.0,-10.0
10.0,10.0,-10.0
10.0,10.0,-10.0
10.0,10.0,-10.0
10.0,10.0,-10.0
10.0,10.0,-10.0
10.0,10.0,-10.0
10.0,10.0,-10.0
10.0,10.0,-10.0
10.0,10.0,-10.0
10.0,10.0,-10.0
10.0,10.0,-10.0
10.0,10.0,-10.0
10.0,10.0,-10.0
10.0,10.0,-10.0
10.0,10.0,-10.0
10.0,10.0,-10.0
10.0,10.0,-10.0
10.0,10.0,-10.0
10.0,10.0,-10.0
10.0,10.0,-10.0
10.0,10.0,-10.0
10.0,10.0,-10.0
10.0,10.0,-10.0
10.0,10.0,-10.0
10.0,10.0,-10.0
10.0,10.0,-10.0
10.0,10.0,-10.0
10.0,10.0,-10.0
10.0,10.0,-10.0
10.0,10.0,-10.0
10.0,10.0,-10.0
10.0,10.0,-10.0
10.0,10.0,-10.0
10.0,10.0,-10.0
10.0,10.0,-10.0
10.0,10.0,-10.0
10.0,10.0,-10.0
10.0,10.0,-10.0
10.0,10.0,-10.0
10.0,10.0,-10.0
10.0,10.0,-10.0
10.0,10.0,-10.0
10.0,10.0,-10.0
10.0,10.0,-10.0
10.0,10.0,-10.0
10.0,10.0,-10.0
10.0,10.0,-10.0
10.0,10.0,-10.0
10.0,10.0,-10.0
10.0,10.0,-10.0
10.0,10.0,-10.0
10.0,10.0,-10.0
10.0,10.0,-10.0
10.0,10.0,-10.0
10.0,10.0,-10.0
10.0,10.0,-10.0
10.0,10.0,-10.0
10.0,10.0,-10.0
10.0,10.0,-10.0
10.0,10.0,-10.0
10.0,10.0,-10.0
10.0,10.0,-10.0
10.0,10.0,-10.0
10.0,10.0,-10.0
10.0,10.0,-10.0
10.0,10.0,-10.0
10.0,10.0,-10.0
10.0,10.0,-10.0
10.0,10.0,-10.0
10.0,10.0,-10.0
10.0,10.0,-10.0
10.0,10.0,-10.0
10.0,10.0,-10.0
10.0,10.0,-10.0
10.0,10.0,-10.0
10.0,10.0,-10.0
10.0,10.0,-10.0
10.0,10.0,-10.0
10.0,10.0,-10.0
10.0,10.0,-10.0
10.0,10.0,-10.0
10.0,10.0,-10.0
10.0,10.0,-10.0
10.0,10.0,-10.0
10.0,10.0,-10.0
10.0,10.0,-10.0
10.0,10.0,-10.0
10.0,10.0,-10.0
10.0,10.0,-10.0
10.0,10.0,-10.0
10.0,10.0,-10.0
10.0,10.0,-10.0
10.0,10.0,-10.0
10.0,10.0,-10.0
10.0,10.0,-10.0
10.0,10.0,-10.0
10.0,10.0,-10.0
10.0,10.0,-10.0
10.0,10.0,-10.0
10.0,10.0,-10.0
10.0,10.0,-10.0
10.0,10.0,-10.0
10.0,10.0,-10.0
10.0,10.0,-10.0
10.0,10.0,-10.0
10.0,10.0,-10.0
10.0,10.0,-10.0
10.0,10.0,-10.0
10.0,10.0,-10.0
10.0,10.0,-10.0
10.0,10.0,-10.0
10.0,10.0,-10.0
10.0,10.0,-10.0
10.0,10.0,-10.0
10.0,10.0,-10.0
10.0,10.0,-10.0
10.0,10.0,-10.0
10.0,10.0,-10.0
10.0,10.0,-10.0
10.0,10.0,-10.0
10.0,10.0,-10.0
10.0,10.0,-10.0
10.0,10.0,-10.0
10.0,10.0,-10.0
10.0,10.0,-10.0
10.0,10.0,-10.0
10.0,10.0,-10.0
10.0,10.0,-10.0
10.0,10.0,-10.0
10.0,10.0,-10.0
10.0,10.0,-10.0
10.0,10.0,-10.0
10.0,10.0,-10.0
10.0,10.0,-10.0
10.0,10.0,-10.0
10.0,10.0,-10.0
10.0,10.0,-10.0
10.0,10.0,-10.0
10.0,10.0,-10.0
10.0,10.0,-10.0
10.0,10.0,-10.0
10.0,10.0,-10.0
10.0,10.0,-10.0
10.0,10.0,-10.0
10.0,10.0,-10.0
10.0,10.0,-10.0
10.0,10.0,-10.0
10.0,10.0,-10.0
10.0,10.0,-10.0
10.0,10.0,-10.0
10.0,10.0,-10.0
10.0,10.0,-10.0
10.0,10.0,-10.0
10.0,10.0,-10.0
10.0,10.0,-10.0
10.0,10.0,-10.0
10.0,10.0,-10.0
10.0,10.0,-10.0
10.0,10.0,-10.0
10.0,10.0,-10.0
10.0,10.0,-10.0
10.0,10.0,-10.0
10.0,10.0,-10.0
10.0,10.0,-10.0
10.0,10.0,-10.0
10.0,10.0,-10.0
10.0,10.0,-10.0
10.0,10.0,-10.0
10.0,10.0,-10.0
10.0,10.0,-10.0
10.0,10.0,-10.0
10.0,10.0,-10.0
10.0,10.0,-10.0
10.0,10.0,-10.0
10.0,10.0,-10.0
10.0,10.0,-10.0
10.0,10.0,-10.0
10.0,10.0,-10.0
10.0,10.0,-10.0
10.0,10.0,-10.0
10.0,10.0,-10.0
10.0,10.0,-10.0
10.0,10.0,-10.0
10.0,10.0,-10.0
10.0,10.0,-10.0
10.0,10.0,-10.0
10.0,10.0,-10.0
10.0,10.0,-10.0
10.0,10.0,-10.0
10.0,10.0,-10.0
10.0,10.0,-10.0
10.0,10.0,-10.0
10.0,10.0,-10.0
10.0,10.0,-10.0
10.0,10.0,-10.0
10.0,10.0,-10.0
10.0,10.0,-10.0
10.0,10.0,-10.0
10.0,10.0,-10.0
10.0,10.0,-10.0
10.0,10.0,-10.0
10.0,10.0,-10.0
10.0,10.0,-10.0
10.0,10.0,-10.0
10.0,10.0,-10.0
10.0,10.0,-10.0
10.0,10.0,-10.0
10.0,10.0,-10.0
10.0,10.0,-10.0
10.0,10.0,-10.0
10.0,10.0,-10.0
10.0,10.0,-10.0
10.0,10.0,-10.0
10.0,10.0,-10.0
10.0,10.0,-10.0
10.0,10.0,-10.0
10.0,10.0,-10.0
10.0,10.0,-10.0
10.0,10.0,-10.0
10.0,10.0,-10.0
10.0,10.0,-10.0
10.0,10.0,-10.0
10.0,10.0,-10.0
10.0,10.0,-10.0
10.0,10.0,-10.0
10.0,10.0,-10.0
10.0,10.0,-10.0
10.0,10.0,-10.0
10.0,10.0,-10.0
10.0,10.0,-10.0
10.0,10.0,-10.0
10.0,10.0,-10.0
10.0,10.0,-10.0
10.0,10.0,-10.0
10.0,10.0,-10.0
10.0,10.0,-10.0
10.0,10.0,-10.0
10.0,10.0,-10.0
10.0,10.0,-10.0
10.0,10.0,-10.0
10.0,10.0,-10.0
10.0,10.0,-10.0
10.0,10.0,-10.0
10.0,10.0,-10.0
10.0,10.0,-10.0
10.0,10.0,-10.0
10.0,10.0,-10.0
10.0,10.0,-10.0
10.0,10.0,-10.0
10.0,10.0,-10.0
10.0,10.0,-10.0
10.0,10.0,-10.0
10.0,10.0,-10.0
10.0,10.0,-10.0
10.0,10.0,-10.0
10.0,10.0,-10.0
10.0,10.0,-10.0
10.0,10.0,-10.0
10.0,10.0,-10.0
10.0,10.0,-10.0
10.0,10.0,-10.0
10.0,10.0,-10.0
10.0,10.0,-10.0
10.0,10.0,-10.0
10.0,10.0,-10.0
10.0,10.0,-10.0
10.0,10.0,-10.0
10.0,10.0,-10.0
10.0,10.0,-10.0
10.0,10.0,-10.0
10.0,10.0,-10.0
10.0,10.0,-10.0
10.0,10.0,-10.0
10.0,10.0,-10.0
10.0,10.0,-10.0
10.0,10.0,-10.0
10.0,10.0,-10.0
10.0,10.0,-10.0
10.0,10.0,-10.0
10.0,10.0,-10.0
10.0,10.0,-10.0
10.0,10.0,-10.0
10.0,10.0,-10.0
10.0,10.0,-10.0
10.0,10.0,-10.0
10.0,10.0,-10.0
10.0,10.0,-10.0
10.0,10.0,-10.0
10.0,10.0,-10.0
10.0,10.0,-10.0
10.0,10.0,-10.0
10.0,10.0,-10.0
10.0,10.0,-10.0
10.0,10.0,-10.0
10.0,10.0,-10.0
10.0,10.0,-10.0
10.0,10.0,-10.0
10.0,10.0,-10.0
10.0,10.0,-10.0
10.0,10.0,-10.0
10.0,10.0,-10.0
10.0,10.0,-10.0
10.0,10.0,-10.0
10.0,10.0,-10.0
10.0,10.0,-10.0
10.0,10.0,-10.0
10.0,10.0,-10.0
10.0,10.0,-10.0
10.0,10.0,-10.0
10.0,10.0,-10.0
10.0,10.0,-10.0
10.0,10.0,-10.0
10.0,10.0,-10.0
10.0,10.0,-10.0
10.0,10.0,-10.0
10.0,10.0,-10.0
10.0,10.0,-10.0
10.0,10.0,-10.0
10.0,10.0,-10.0
10.0,10.0,-10.0
10.0,10.0,-10.0
10.0,10.0,-10.0
10.0,10.0,-10.0
10.0,10.0,-10.0
10.0,10.0,-10.0
10.0,10.0,-10.0
10.0,10.0,-10.0
10.0,10.0,-10.0
10.0,10.0,-10.0
10.0,10.0,-10.0
10.0,10.0,-10.0
10.0,10.0,-10.0
10.0,10.0,-10.0
10.0,10.0,-10.0
10.0,10.0,-10.0
10.0,10.0,-10.0
10.0,10.0,-10.0
10.0,10.0,-10.0
10.0,10.0,-10.0
10.0,10.0,-10.0
10.0,10.0,-10.0
10.0,10.0,-10.0
10.0,10.0,-10.0
10.0,10.0,-10.0
10.0,10.0,-10.0
10.0,10.0,-10.0
10.0,10.0,-10.0
10.0,10.0,-10.0
10.0,10.0,-10.0
10.0,10.0,-10.0
10.0,10.0,-10.0
10.0,10.0,-10.0
10.0,10.0,-10.0
10.0,10.0,-10.0
10.0,10.0,-10.0
10.0,10.0,-10.0
10.0,10.0,-10.0
10.0,10.0,-10.0
10.0,10.0,-10.0
10.0,10.0,-10.0
10.0,10.0,-10.0
10.0,10.0,-10.0
10.0,10.0,-10.0
10.0,10.0,-10.0
10.0,10.0,-10.0
10.0,10.0,-10.0
10.0,10.0,-10.0
10.0,10.0,-10.0
10.0,10.0,-10.0
10.0,10.0,-10.0
10.0,10.0,-10.0
10.0,10.0,-10.0
10.0,10.0,-10.0
10.0,10.0,-10.0
10.0,10.0,-10.0
10.0,10.0,-10.0
10.0,10.0,-10.0
10.0,10.0,-10.0
10.0,10.0,-10.0
10.0,10.0,-10.0
10.0,10.0,-10.0
10.0,10.0,-10.0
10.0,10.0,-10.0
10.0,10.0,-10.0
10.0,10.0,-10.0
10.0,10.0,-10.0
10.0,10.0,-10.0
10.0,10.0,-10.0
10.0,10.0,-10.0
10.0,10.0,-10.0
10.0,10.0,-10.0
10.0,10.0,-10.0
10.0,10.0,-10.0
10.0,10.0,-10.0
10.0,10.0,-10.0
10.0,10.0,-10.0
10.0,10.0,-10.0
10.0,10.0,-10.0
10.0,10.0,-10.0
10.0,10.0,-10.0
10.0,10.0,-10.0
10.0,10.0,-10.0
10.0,10.0,-10.0
10.0,10.0,-10.0
10.0,10.0,-10.0
10.0,10.0,-10.0
10.0,10.0,-10.0
10.0,10.0,-10.0
10.0,10.0,-10.0
10.0,10.0,-10.0
10.0,10.0,-10.0
10.0,10.0,-10.0
10.0,10.0,-10.0
10.0,10.0,-10.0
10.0,10.0,-10.0
10.0,10.0,-10.0
10.0,10.0,-10.0
10.0,10.0,-10.0
10.0,10.0,-10.0
10.0,10.0,-10.0
10.0,10.0,-10.0
10.0,10.0,-10.0
10.0,10.0,-10.0
10.0,10.0,-10.0
10.0,10.0,-10.0
10.0,10.0,-10.0
10.0,10.0,-10.0
10.0,10.0,-10.0
10.0,10.0,-10.0
10.0,10.0,-10.0
10.0,10.0,-10.0
10.0,10.0,-10.0
10.0,10.0,-10.0
10.0,10.0,-10.0
10.0,10.0,-10.0
10.0,10.0,-10.0
10.0,10.0,-10.0
10.0,10.0,-10.0
10.0,10.0,-10.0
10.0,10.0,-10.0
10.0,10.0,-10.0
10.0,10.0,-10.0
10.0,10.0,-10.0
10.0,10.0,-10.0
10.0,10.0,-10.0
10.0,10.0,-10.0
10.0,10.0,-10.0
10.0,10.0,-10.0
10.0,10.0,-10.0
10.0,10.0,-10.0
10.0,10.0,-10.0
10.0,10.0,-10.0
10.0,10.0,-10.0
10.0,10.0,-10.0
10.0,10.0,-10.0
10.0,10.0,-10.0
10.0,10.0,-10.0
10.0,10.0,-10.0
10.0,10.0,-10.0
10.0,10.0,-10.0
10.0,10.0,-10.0
10.0,10.0,-10.0
10.0,10.0,-10.0
10.0,10.0,-10.0
10.0,10.0,-10.0
10.0,10.0,-10.0
10.0,10.0,-10.0
10.0,10.0,-10.0
10.0,10.0,-10.0
10.0,10.0,-10.0
10.0,10.0,-10.0
10.0,10.0,-10.0
10.0,10.0,-10.0
10.0,10.0,-10.0
10.0,10.0,-10.0
10.0,10.0,-10.0
10.0,10.0,-10.0
10.0,10.0,-10.0
10.0,10.0,-10.0
10.0,10.0,-10.0
10.0,10.0,-10.0
10.0,10.0,-10.0
10.0,10.0,-10.0
10.0,10.0,-10.0
10.0,10.0,-10.0
10.0,10.0,-10.0
10.0,10.0,-10.0
10.0,10.0,-10.0
10.0,10.0,-10.0
10.0,10.0,-10.0
10.0,10.0,-10.0
10.0,10.0,-10.0
10.0,10.0,-10.0
10.0,10.0,-10.0
10.0,10.0,-10.0
10.0,10.0,-10.0
10.0,10.0,-10.0
10.0,10.0,-10.0
10.0,10.0,-10.0
10.0,10.0,-10.0
10.0,10.0,-10.0
10.0,10.0,-10.0
10.0,10.0,-10.0
10.0,10.0,-10.0
10.0,10.0,-10.0
10.0,10.0,-10.0
10.0,10.0,-10.0
10.0,10.0,-10.0
10.0,10.0,-10.0
10.0,10.0,-10.0
10.0,10.0,-10.0
10.0,10.0,-10.0
10.0,10.0,-10.0
10.0,10.0,-10.0