
-172.90960259229337,532.791433088161,-73.55245712278472
-174.02221110939897,532.2705033476279,-74.40281123297409
-175.1148998232813,531.7297344207698,-75.23316494753136
-176.18767164499224,531.1691234026327,-76.04351826204113
-177.2405294856896,530.5886673886876,-76.83387117219426
-178.27347625663705,529.9883634748294,-77.60422367378803
-179.2865148692042,529.368208757378,-78.35457576272603
-180.2796482348665,528.728200333078,-79.08492743501824
-181.2528792652052,528.0683352990983,-79.79527868678096
-182.22620989961112,527.4086117252847,-80.49838687850429
-183.21963818832478,526.7690315706318,-81.20655668631456
-184.23316120920126,526.1495977660312,-81.918859275346
-185.26677603998877,525.5503132419482,-82.6343183654136
-186.32047975832867,524.9711809284217,-83.35190904655491
-187.3942694417555,524.4122037550648,-84.07055623789768
-188.48814216769705,523.8733846510638,-84.78913269639365
-189.60209501347418,523.3547265451793,-85.506456491495
-190.71612505630998,522.856231393458,-86.21285123160476
-191.81022937342703,522.3778972623704,-86.89954292806145
-192.88440504214512,521.9197212456735,-87.56719922552868
-193.93864913988986,521.481700436698,-88.21657463133535
-194.97295874419297,521.0638319283485,-88.84845186450116
-195.9873309326921,520.666112813103,-89.46364193393377
-196.98176278313096,520.2885401830138,-90.06298375886212
-197.95625137335927,519.9311111297066,-90.64734314267837
-198.9307947536114,519.5738237167038,-91.23443078897814
-199.92539486327115,519.1966798966774,-91.84151795012507
-200.94005461391203,518.7996825949755,-92.46860462289095
-201.97477691700087,518.3828347373708,-93.11569080394119
-203.0295646838978,517.9461392500609,-93.78277648983489
-204.10442082585627,517.489599059668,-94.46986167702478
-205.19934825402296,517.0132170932386,-95.17694636185725
-206.31434987943788,516.5169962782439,-95.90403054057234
-207.42942861304314,516.0009385702923,-96.65111420930373
-208.52458736578043,515.4650420362667,-97.41722224734949
-209.59982904868852,514.9093037711875,-98.20036589254948
-210.6551565729121,514.3337208704994,-98.998568719384
-211.6905728497017,513.7382904300716,-99.80994910320227
-212.7060807904138,513.1230095461982,-100.63270775189453
-213.70168330651072,512.4878753155975,-101.46511764463749
-214.67738330956058,511.832884835413,-102.30551600959522
-215.63318273894996,511.17803520317676,-103.15950023723964
-216.56907964502142,510.5433235164205,-104.03348391631901
-217.48507110593596,509.9287468722851,-104.9274670421859
-218.38115419996043,509.33430236748535,-105.84144961008647
-219.25732600546758,508.75998709830986,-106.7754316151606
-220.11358360093593,508.2057981606213,-107.72941305244179
-220.94992406494995,507.6717326498562,-108.70339391685717
-221.7663444762001,507.157787661025,-109.69713390972485
-222.56284288577004,506.64396028874745,-110.69063302576944
-223.3394212339993,506.1102476276429,-111.66413155321952
-224.0960824336207,505.55664677271983,-112.61762948689845
-224.83282939747295,504.9831548194117,-113.55112682173596
-225.54966502576244,504.390030890363,-114.46462355276812
-226.24659212681104,503.7783782477352,-115.35811967513736
-226.92361329107763,503.1498831752484,-116.23161518409248
-227.58073086253322,502.5062359299898,-117.08511007498862
-228.23794614304265,501.86548336773507,-117.91860434328726
-228.91525704843994,501.2448281212448,-118.73209798455626
-229.61266065826112,500.64427312111445,-119.52559099446982
-230.33015405193538,500.06382129751387,-120.29908336880851
-231.06773430878508,499.50347558018666,-121.05257510345923
-231.82539850802578,498.9632388984506,-121.78606619441524
-232.60297914174544,498.4431141731961,-122.49955663777618
-233.40010012667744,497.9431042827427,-123.19304642974802
-234.21692312874157,497.4632120745647,-123.8665355666431
-235.05381838900138,497.0034404581347,-124.52002404488007
-235.91078298614434,496.56379236064043,-125.153511860984
-236.78781399875118,496.14427070884346,-125.76699901158628
-237.6849085052959,495.7448784290793,-126.36048549342465
-238.6020635841458,495.36561844725736,-126.93397130334323
-239.53927631356157,495.00649368886104,-127.48745643829247
-240.49654377169716,494.6675070789475,-128.02094089532918
-241.46298665759173,494.3486610133994,-128.55442467160768
-242.4276308654718,494.0499557680712,-129.10790776428226
-243.3902806308621,493.77139106644114,-129.68139017040977
-244.35073343728374,493.5129666029513,-130.27487188694064
-245.30877935059073,493.27468204197635,-130.88835291071905
-246.2642003399549,493.0565370166904,-131.52183323848274
-247.21676952827914,492.85853112783514,-132.17531286686318
-248.1662502671344,492.68066394236274,-132.84879179238544
-249.1041398234407,492.5229345906123,-133.52227001147713
-250.02205488899963,492.38534056706214,-134.17574752056584
-250.9199925420678,492.2678789583572,-134.80922431617668
-251.79794986100805,492.17054685071633,-135.4227003949411
-252.67592392428062,492.09334230221975,-136.01617575359688
-253.57391181034563,492.0362672596713,-136.58965038898825
-254.49191059756564,491.9993246417363,-137.14312429806566
-255.42991736419683,491.9825173666538,-137.67659747788602
-256.38792918838897,491.9858483522368,-138.19006992561253
-257.36594314818547,492.0093205158723,-138.6835416385148
-258.36395632152335,492.05293677452084,-139.1570126139688
-259.3819657862333,492.11670004471705,-139.61048284945673
-260.39996959233594,492.1806122703173,-140.06395234255845
-261.39796967900173,492.22467150602733,-140.5374210908537
-262.37596895778614,492.24887483465477,-141.03088909182486
-263.3339703403509,492.2532193394317,-141.5443563428478
-264.2719767384641,492.237702104015,-142.0778228411922
-265.19039823143476,492.20232023228033,-142.63128858402126
-266.09025309111945,492.1470709372717,-143.20475356839194
-266.9727256594579,492.07195159838716,-143.79821779125479
-267.8368025164544,491.99695965922257,-144.3916812494629
-268.6808931156422,491.9420922823261,-144.96514393986936
-269.5049945356706,491.90734655262656,-145.51860585942475
-270.309103855295,491.89271955462675,-146.05206700518602
-271.0932181533773,491.8982083724034,-146.56552737431647
-271.8573345088854,491.92381008960734,-147.05898696408573
-272.60145000089386,491.96952178946316,-147.5324457718698
-273.3255617085835,492.0353405547697,-147.98590379515102
-274.0300963605943,492.12126348878684,-148.41936103151812
-274.7154386686874,492.22728777585445,-148.8328174786662
-275.3816525353617,492.35341061789427,-149.22627313439662
-276.0289792437797,492.49962924210473,-149.5997279966172
-276.65770097552723,492.6659409141516,-149.95318206334204
-277.2682655369077,492.8523429496053,-150.28663533269165
-277.86158712969876,493.0588327593723,-150.6003332538663
-278.43921452398405,493.2854079338588,-150.89537721794332
-279.0051791724836,493.52416382623153,-151.1823719472795
-279.56288966940025,493.7671655606261,-151.4714592315687
-280.1129444181584,494.01431328072556,-151.76338033397423
-280.6558991579622,494.26544729063016,-152.0587826446204
-281.19227413656876,494.52037265516503,-152.35821407965986
-281.722559797203,494.7788776335957,-152.66212304252753
-282.24722088652936,495.04074670171883,-152.97086262451603
-282.7666991641631,495.3057691415283,-153.28469789561402
-283.28171937342495,495.57275847698793,-153.60892608868548
-283.7930473745655,495.8403632674843,-153.94842634023547
-284.30115610420046,496.1081004705786,-154.3026127157273
-284.80644634945844,496.3755813208995,-154.67095181751057
-285.3092604740984,496.64248913597055,-155.05295921712846
-285.80989277794595,496.9085631419101,-155.44819533067874
-286.30859751459116,497.17358649454314,-155.85626118211815
-286.80559521187024,497.4373772889966,-156.27679430532578
-287.2965779402075,497.6995598618804,-156.69458584244322
-287.7772823532598,497.9597118797666,-157.09520475525972
-288.2480094144898,498.2175903621775,-157.47984942497575
-288.70907077057683,498.4729816827685,-157.84969116950697
-289.1607845132521,498.72569605258343,-158.20586882422373
-289.60347321203443,498.9755636502233,-158.54948413426752
-290.03746333455484,499.22243198863475,-158.88159769523043
-290.46308541583153,499.46616417010335,-159.2032252924706
-290.88155660947217,499.70472913137667,-159.5178240542315
-291.293929265871,499.9360441057036,-159.82836943841463
-291.7001991225515,500.15986562262674,-160.13487545951998
-292.10034759951935,500.3759290925748,-160.43732583645874
-292.494341693161,500.58394857254814,-160.7356738313823
-292.88213378579064,500.7836163350876,-161.02984175281804
-293.26366138398834,500.9746022138112,-161.31972012645016
-293.6388467852871,501.156552700476,-161.60516652949173
-294.0059469793709,501.3335556652773,-161.89435494161094
-294.36163379761325,501.50974638628196,-162.1961490115881
-294.702119512481,501.6846979940039,-162.51205747156706
-295.0239143716649,501.85755848529936,-162.8443284883355
-295.3256889586772,502.02697348764633,-163.19545509401135
-295.60744389354727,502.1914184280931,-163.56658083187776
-295.8691799982665,502.3497181514801,-163.95770569996122
-296.11089822424293,502.501268237756,-164.36882969618193
-296.34402668759793,502.64236362838915,-164.77995281836257
-296.57936870921264,502.7709234860222,-165.17107506432583
-296.81584771169867,502.8895433166554,-165.54219643199193
-297.05267698180694,503.000243687208,-165.89331691938736
-297.2892701503399,503.10462188234607,-166.22443652464503
-297.52518412791386,503.2039593356279,-166.53555524600424
-297.76008125914706,503.29929938694096,-166.82667308181055
-297.993703409969,503.39150433847425,-167.09779003051594
-298.22123886359765,503.47569144714015,-167.34890609067872
-298.43731480981194,503.54673944177915,-167.5800212609636
-298.6403546112956,503.6050635005352,-167.79113554014157
-298.82823403572735,503.6513292786169,-167.98224892709004
-298.99807032038944,503.68652512820603,-168.15336142079275
-299.14805459022,503.7120425314433,-168.3044730203398
-299.27804051596945,503.7295449670663,-168.43558372492765
-299.3880291436521,503.74074723236646,-168.5466935338591
-299.4822397301414,503.7451992123437,-168.6441982828938
-299.5647604938169,503.74174184538793,-168.7347153778786
-299.6353326947191,503.73068569120403,-168.8187199381611
-299.693693211256,503.7123645930648,-168.89674779713
-299.7395560135694,503.6871360863627,-168.96938906800992
-299.7725960400314,503.655382726571,-169.0372824296803
-299.7924373373655,503.6175142074128,-169.10111108643068
-299.7986461080231,503.5739699978882,-169.16160070706692
-299.7879289682179,503.51770099569103,-169.23060701678892
-299.7572262758639,503.4414289730598,-169.3196124266092
-299.7065409479868,503.34515101545173,-169.42861693605454
-299.6358759017184,503.2288642087499,-169.55762054454524
-299.54523405429677,503.09256563926255,-169.70662325139534
-299.4346183230662,502.9362523937235,-169.8756250558125
-299.3040316254773,502.7599215592921,-170.06462595689803
-299.1534768790868,502.56357022355303,-170.27362595364693
-299.0029570015487,502.3471964468041,-170.50262504494785
-298.8724749105168,502.1108021789183,-170.75162322958303
-298.7620335235474,501.85439034248157,-171.02062050622843
-298.67163575809,501.57796386050546,-171.30961687345362
-298.60128453148775,501.28152565642694,-171.6186123297219
-298.5509827609769,500.96507865410837,-171.94760687339013
-298.52073336368744,500.6286257778377,-172.29660050270888
-298.51053925664246,500.2721699523283,-172.66559321582235
-298.520402384471,499.91571410268335,-173.03458501077728
-298.55032082706566,499.57875678045656,-173.38357588562036
-298.60029187098814,499.25913068809353,-173.71256583849583
-298.6703132341682,498.9534652157531,-174.0215548676543
-298.7603831332462,498.65829150052434,-174.31054297145263
-298.8705002991111,498.3700321406458,-174.5795301483542
-299.0006639898282,498.0850565997678,-174.8285163969286
-299.15087398878313,497.7998276778151,-175.05750171585183
-299.303196055353,497.5045421463303,-175.28401002681875
-299.4406609371407,497.1919665773313,-175.5258258716544
-299.56501814771053,496.8636938456145,-175.78358168201027
-299.67772949014847,496.5211378172249,-176.0580642960005
-299.780089074583,496.16558749553525,-176.3501004190515
-299.87329658224945,495.79823772054476,-176.66048362012845
-299.95849162676666,495.4202001071301,-176.98993505465452
-300.03676375441404,495.0325048339463,-177.3390863746633
-300.12187222798195,494.63023395400876,-177.6909629551024
-300.22696189405184,494.2079769456156,-178.02985660080552
-300.35035857680583,493.7658258766184,-178.35878325158905
-300.4892276953809,493.30511975439896,-178.6802986327078
-300.6413185261207,492.82820415818304,-178.9962457929312
-300.80477148652244,492.3371402988754,-179.3078018655693
-300.9779967690318,491.8337289015857,-179.61557927548455
-301.1596079472154,491.3195199056129,-179.91975415967968
-301.34197628694625,490.8031778007191,-180.21519474044507
-301.5177974064099,490.29348437915417,-180.49600661203942
-301.6863720697615,489.792234454185,-180.76050454223827
-301.8468948582934,489.3015057894691,-181.00666864171183
-301.9984541760793,488.82369213164475,-181.23311490074414
-302.1400404923103,488.3615792446516,-181.4395601960685
-302.270560335056,487.91807920374004,-181.6260045265871
-302.3888610911005,487.4945973214753,-181.7924478913086
-302.50102818458686,487.07545955768956,-181.95233277419754
-302.61382146875155,486.645004030678,-182.11913189430555
-302.72743686220434,486.20327146632246,-182.29290516557296
-302.84211948585477,485.7503462035476,-182.4737103632884
-302.95817528497093,485.2863693949701,-182.66160061687867
-303.07598510646915,484.8115553994584,-182.85662082337777
-303.1960215408619,484.3262121041745,-183.05880253859334
-303.31886878715085,483.830766067729,-183.26815670820096
-303.4533222890986,483.32040147434077,-183.48033944936302
-303.60785652205385,482.7900579543531,-183.69161080266656
-303.77898452649583,482.2419894948138,-183.90308261715998
-303.9610165182723,481.6800464468426,-184.1155154900799
-304.15040021288377,481.1067920359245,-184.32927321662004
-304.3449094171656,480.5238496054596,-184.5445057564
-304.543076049947,479.9323634071571,-184.76124959633145
-304.74389350115126,479.3331970746849,-184.9794806446737
-304.9396680191741,478.7388666465602,-185.19682676832375
-305.1221446461862,478.160634658465,-185.41054207395987
-305.2889388919303,477.59735451269574,-185.61992112016316
-305.43722928977724,477.04920739928616,-185.8242686073872
-305.56560330842643,476.517852901617,-186.02263216294855
-305.67405833443354,476.0055064051638,-186.21381668000183
-305.76259149942456,475.51317427343196,-186.39655205622213
-305.8311998860663,475.04085360074237,-186.56953907055316
-305.894119219683,474.5795799224784,-186.7273224274684
-305.9653800450595,474.12025136331124,-186.86510479145997
-306.0445573763486,473.6625943235444,-186.98288616179516
-306.1312084788082,473.20634515225987,-187.08121215876574
-306.2248836429291,472.75125083209036,-187.1619996424284
-306.3251412939887,472.29707409191695,-187.22785170311556
-306.43155956239167,471.84359404655163,-187.28109894121448
-306.54374115589246,471.3906008885189,-187.32381562573585
-306.6495446402139,470.93038453924913,-187.3684874384576
-306.73702459034104,470.4537576924036,-187.42712077733793
-306.8061980132271,469.9581409210981,-187.50088925132124
-306.85707239069416,469.4425329040102,-187.59127977131143
-306.8896014268782,468.90693096980954,-187.69999525297243
-306.9036934873822,468.35133243653894,-187.82831940525165
-306.8992507266264,467.77573460804166,-187.97664255873482
-306.87618955560686,467.1801347748153,-188.14496471263325
-306.83384799529745,466.56453018751023,-188.3332858660519
-306.7716025704214,465.92891797352377,-188.54160601798935
-306.68945619817214,465.273295230227,-188.76992516733782
-306.5874117958487,464.5976590554165,-189.0182433128832
-306.46547228085615,463.9020065473143,-189.28656045330504
-306.32364057070515,463.1863348045679,-189.57487658717662
-306.1619195830122,462.4506409262503,-189.88319171296473
-305.98031223549964,461.69492201186,-190.21150582902996
-305.7788204737081,460.93917516128573,-190.53981893363527
-305.5574423541341,460.20339747441625,-190.84813102504376
-305.3161749610925,459.4875860507505,-191.13644210161593
-305.0550153790039,458.79173798936233,-191.4047521618187
-304.7739606923948,458.1158503889002,-191.65306120422525
-304.47300798589725,457.45992034758746,-191.88136922751525
-304.15215434424937,456.8239449632224,-192.08967623047462
-303.811396852295,456.207921333178,-192.2779822119957
-303.4507326390789,455.610939512854,-192.44628717107716
-303.07015901410733,455.0320078063748,-192.59459110682403
-302.66967335195693,454.4709392755504,-192.72289401844768
-302.2492730569495,453.9275099372849,-192.83119590526587
-301.80895556796975,453.40146677444545,-192.91949676670268
-301.34871836212056,452.89253565708634,-192.9877966022886
-300.86855895723465,452.4004290862903,-193.03609541166043
-300.36847491327904,451.92485359468725,-193.0643931945613
-299.8684647118778,451.4474330305629,-193.09268995083193
-299.3885303863837,450.9499410073212,-193.14098568031292
-298.9286748562112,450.4323804531033,-193.20928038274752
-298.488901040668,449.89475429647626,-193.29757405777255
-298.0692118589549,449.33706546643276,-193.40586670491848
-297.6696102301659,448.75931689239127,-193.5341583236095
-297.2900990732883,448.16151150419597,-193.68244891316337
-296.93068130720246,447.54365223211676,-193.85073847279156
-296.59135985068195,446.90574200684915,-194.01902700160807
-296.2721376223934,446.24778375951445,-194.16731449872682
-295.9730175408967,445.5697804216595,-194.29560096335936
-295.6940025246447,444.87173492525693,-194.40388639482347
-295.4350954919835,444.15365020270485,-194.49217079254333
-295.196299361152,443.41552918682714,-194.5604541560495
-294.9776170502825,442.6573748108732,-194.6087364849789
-294.7782466745059,441.8791899693929,-194.63701777907477
-294.5981911517447,441.08097743998684,-194.66529803817784
-294.43825820271286,440.26274011805623,-194.7135772621289
-294.2984507451232,439.4244809385527,-194.7818554506712
-294.17877169658146,438.56620283685334,-194.87013260344168
-294.0792239745864,437.68790874876083,-194.9784087199709
-293.9998104965297,436.78960161050327,-195.1066837996831
-293.94000982973887,435.87141735364446,-195.25416209318593
-293.89812294938105,434.93466181588843,-195.41879857816204
-293.854676815945,433.98003120323324,-195.6013890024463
-293.7913759750456,433.00622042403364,-195.8039783866008
-293.70822330364757,432.01239896518024,-196.02656672954828
-293.60522171905546,430.998563931633,-196.2691540301051
-293.4823741386793,429.96471242877726,-196.53174028698132
-293.33968348003464,428.9108415624239,-196.8143254987806
-293.1771526607426,427.8369484388094,-197.11690966400027
-292.99478459852975,426.7430301645955,-197.43949278103136
-292.7925822112282,425.6290838468697,-197.76207484816734
-292.57054841677547,424.49510659314507,-198.06465586370174
-292.3286861332146,423.3410955113601,-198.34723582602555
-292.06699827869403,422.16704770987894,-198.6098147336362
-291.78548777146756,420.9729602974914,-198.85239258513735
-291.48415752989456,419.75883038341277,-199.0749693792391
-291.1630104724396,418.5246550772841,-199.27754511475786
-290.82204951767284,417.2704314891719,-199.46011979061646
-290.4612766119821,416.01615672953324,-199.62269340584405
-290.08068981271106,414.7818279088251,-199.76526595957608
-289.6802862050211,413.56744213711494,-199.88783745105448
-289.2600628741791,412.37299652404516,-199.99040787962744
-288.8200169055573,411.19848817883303,-200.07297724474955
-288.36014538463326,410.0439142102707,-200.13554554598173
-287.8804453969901,408.90927172672536,-200.17811278299126
-287.38091402831634,407.79455783613906,-200.2006789555518
-286.8615483644059,406.6997696460289,-200.2032440635434
-286.3223454911583,405.62490426348705,-200.18580810695232
-285.76330249457834,404.5699587951804,-200.14837108587133
-285.1844164607765,403.5349303473512,-200.09093300049952
-284.58568447596866,402.5198160258165,-200.01349385114227
-283.96710362647633,401.52461293596855,-199.91605363821142
-283.3286709987265,400.5493181827745,-199.79861236222507
-282.6703836792518,399.5939288707768,-199.66117002380776
-282.0122397269689,398.6384430764157,-199.52372662368145
-281.37424108994355,397.66286276528183,-199.4062821625682
-280.7563906884306,396.66719087564377,-199.30883664109246
-280.15869144257795,395.6514303461958,-199.23139005977242
-279.58114627242617,394.61558411605824,-199.1739424190199
-279.0237580979087,393.5596551247773,-199.13649371914042
-278.48652983885177,392.4836463123249,-199.11904396033307
-277.96946441497454,391.3875606190988,-199.12159314269067
-277.47256377360134,390.2914009858872,-199.1241412662085
-276.99582597279965,389.2151703534787,-199.1066883308819
-276.5392480982421,388.1588716622723,-199.06923433680367
-276.10282723549443,387.12250785224194,-199.011779284173
-275.68656047001485,386.1060818629365,-198.93432317329535
-275.2904448871546,385.1095966334797,-198.83686600458262
-274.91447757215775,384.13305510257044,-198.71940777855306
-274.55865561016117,383.17646020848224,-198.58194849583123
-274.20297705849094,382.2198139168116,-198.42448815714812
-273.8274438636222,381.24311430400553,-198.247026763341
-273.4320589444141,380.2463584746139,-198.04956431535356
-273.0168252198315,379.2295435336122,-197.8321008142358
-272.58174560894474,378.1926665864016,-197.59463626114407
-272.1268230309297,377.1357247388091,-197.33717065734115
-271.65206040506786,376.0587150970874,-197.05970400419608
-271.15746065074603,374.961634767915,-196.76223630318432
-270.66302668744777,373.84448183068355,-196.46476755587884
-270.18876143465576,372.70725825436034,-196.18729776385254
-269.7346678117542,371.5499669806259,-195.9298269285809
-269.3007487380201,370.37261095158647,-195.692355051433
-268.8870071326232,369.175193109774,-195.47488213367166
-268.49344591462585,367.9577163981462,-195.2774081764533
-268.12006800298326,366.72018376008657,-195.09993318082797
-267.7668763165431,365.46259813940424,-194.94245714773942
-267.43387377404594,364.184962480334,-194.78498007803387
-267.1210632941248,362.8872797275364,-194.60750197255763
-266.82844779530535,361.5695528260976,-194.4100228322544
-266.5560301960059,360.2317847215294,-194.19254265817435
-266.3038134145375,358.8739783597691,-193.95506145147388
-266.0718003691036,357.4961366871799,-193.69757921341582
-265.8599939778002,356.09826265055034,-193.42009594536935
-265.66839715861596,354.68035919709456,-193.12261164881
-265.49701282943204,353.24242927445243,-192.8251263253108
-265.3458439080221,351.7844758306892,-192.5476399764448
-265.21489331205237,350.30650181429564,-192.29015260368752
-265.1041639590815,348.8085101741882,-192.05266420840817
-265.0136587665606,347.29050385970874,-191.83517479186963
-264.94338060582385,345.7534322355703,-191.63768435522837
-264.8933320996873,344.19956882746493,-191.4601928995346
-264.86351547866576,342.63206512832096,-191.30270042573213
-264.8382782664532,341.04865275240564,-191.1517993163801
-264.80228449117504,339.4452359037198,-190.99378125786828
-264.7560457712093,337.8218130537878,-190.82805938990361
-264.6998836834464,336.1783827335372,-190.6540764638215
-264.63401435229207,334.51494351240416,-190.47130519091837
-264.55859335056044,332.8314939865395,-190.2792475448417
-264.4737408469109,331.12803277198054,-190.07743359691779
-264.3795557335792,329.40455850061636,-189.86542001745525
-264.29085528232514,327.68107053390065,-189.6381985063256
-264.22240894853695,325.977571107832,-189.39097598679353
-264.17421381571626,324.29406317612126,-189.12375246017365
-264.146266967257,322.6305496920541,-188.83652792788692
-264.13856548644554,320.98703360849066,-188.5293023914607
-264.1511064564604,319.3635178778657,-188.20207585252862
-264.1838869603726,317.76000545218875,-187.8548483128308
-264.23690408114555,316.1764992830437,-187.4876197742136
-264.2928450952957,314.61300148008377,-187.12039023862093
-264.3381034284237,313.06951096668735,-186.77315970799668
-264.3786236183533,311.5460266539501,-186.44592818418727
-264.41795564831943,310.0425481323154,-186.13869566893277
-264.45820619797894,308.55907539460475,-185.8514621638669
-264.50068512014474,307.0956086771789,-185.58422767051704
-264.5462551769923,305.65214837192764,-185.33699219030424
-264.5955149776771,304.2286949757611,-185.1097557245432
-264.65684965278274,302.8052494465415,-184.89362124576155
-264.73839760733546,301.3618143365105,-184.68003690670082
-264.840161757764,299.89839259384837,-184.4695483005662
-264.96214502038947,298.41498716716086,-184.26279823357615
-265.10435031142566,296.9116010054789,-184.06084927835514
-265.2667805469786,295.38823705825877,-183.86490788643886
-265.44943864304696,293.84489827538204,-183.67595862746475
-265.65232751552173,292.2815876071556,-183.4946589216419
-265.8754500801864,290.6983080043115,-183.30731306643403
-266.11880925271674,289.09506241800716,-183.09996623648857
-266.3824079486811,287.4718537998251,-182.87261843290807
-266.66624908354004,285.82868510177303,-182.62526965690148
-266.9703355726466,284.165559276284,-182.35791990978407
-267.29467033124615,282.48247927621617,-182.0705691929775
-267.6392562744762,280.77944805485276,-181.76321750800977
-268.00409631736693,279.05646856590226,-181.43586485651525
-268.389192402553,277.33354376346284,-181.08851124023462
-268.7945425834118,275.63067660163233,-180.72115666101502
-269.22014394092554,273.94787003411824,-180.33380112080982
-269.6659935559687,272.28512701420243,-179.9264446216788
-270.13208850930823,270.642450494741,-179.49908716578815
-270.61842588160323,269.01984342816434,-179.05172875541032
-271.1250027534052,267.417308766477,-178.5843693929242
-271.6518162051582,265.83484946125776,-178.09700908081496
-272.17886428949475,264.25246749140763,-177.60023681855668
-272.68614894819603,262.65016094667743,-177.1062870944118
-273.17367309542686,261.02792694492,-176.6185913399147
-273.6414396454571,259.38576260441334,-176.14087835175496
-274.08945151266175,257.7236650438604,-175.6772072335758
-274.5177116115207,256.0416313823893,-175.23161470811692
-274.9262228566191,254.33965873955302,-174.80602125084567
-275.31498816264696,252.61774423532975,-174.40042686402515
-275.704009472103,250.89588596237473,-173.9961752883763
-276.11328483833483,249.19408590249267,-173.57342418844922
-276.5428113423038,247.5123470093855,-173.1308298279366
-276.9925860648636,245.85067223632936,-172.66823454680036
-277.4626060867601,244.2090645361747,-172.1856383475004
-277.95286848863174,242.5875268613462,-171.68304123260293
-278.4633703510091,240.98606216384272,-171.16044320478056
-278.9941087543152,239.40467339523738,-170.6178442668122
-279.5250817511619,237.82336253442543,-170.05524442158315
-280.0362912833094,236.22212767115204,-169.47264367208507
-280.5277402649017,234.6009659232644,-168.870042021416
-280.99943161018774,232.9598744090347,-168.2474394727803
-281.45136823352163,231.2988502471603,-167.60483602948864
-281.88388584641285,229.61789057294217,-166.94223169495814
-282.29796200617693,227.91699261802424,-166.25962647271223
-282.694897078493,226.19615378733772,-165.5570203663807
-283.0937183630633,224.47537253792774,-164.8344133796997
-283.51279366511426,222.7746509308468,-164.09180551651173
-283.95212006555505,221.09399191979105,-163.32919678076564
-284.4116946451872,219.43339845803092,-162.54658717651665
-284.89151448470454,217.79287349841107,-161.74397670792632
-285.3915766646934,216.17241999335042,-160.9213653792626
-285.91187826563225,214.5720408948421,-160.07875319489972
-286.45241636789206,212.99173915445343,-159.21614015931837
-287.01318902402363,211.41151772336136,-158.3335262771055
-287.59419817561985,209.81137955274244,-157.43091155295448
-288.19544673645356,208.1913275941627,-156.508295991665
-288.8169376201899,206.5513647996131,-155.56567959814313
-289.4586737403863,204.8914941215096,-154.60306237740127
-290.12065801049266,203.211718512693,-153.6204443345582
-290.8028933438512,201.51204092642908,-152.617825474839
-291.5053826536965,199.7924643164084,-151.59520580357523
-292.2281288531552,198.05299163674647,-150.55258532620468
-292.97113485524653,196.2936258419836,-149.48996404827156
-293.7344035728818,194.514369887085,-148.4073419754264
-294.51793791886456,192.7152267274406,-147.30471911342605
-295.3217408058907,190.89619931886526,-146.1820954681338
-296.1458151465483,189.05729061759854,-145.03947104551932
-296.99016385331754,187.19850358030476,-143.87684585165854
-297.854789838571,185.31984116407307,-142.69421989273377
-298.73969504228575,183.44130632638186,-141.49159317503367
-299.6448775151814,181.5829020247089,-140.2689657049533
-300.57033433558234,179.7446312161412,-139.02633748899405
-301.51606258170506,177.92649685733974,-137.76370853376366
-302.4820593316582,176.12850190453938,-136.48107884597624
-303.46832166344274,174.3506493135488,-135.1784484324522
-304.4748466549518,172.5929420397505,-133.8558173001184
-305.5016313839709,170.8553830381009,-132.51318545600796
-306.528673900474,169.1179742908781,-131.1505529072604
-307.53597614358347,167.36071389120968,-129.7679196611216
-308.5235410248053,165.58359896032502,-128.3652857249438
-309.4913714557503,163.78662661987804,-126.94265110618556
-310.43947034813436,161.96979399194734,-125.50001581241182
-311.36784061377824,160.1330981990362,-124.03737985129388
-312.2764851646076,158.2765363640725,-122.55474323060938
-313.16540691265305,156.40010561040893,-121.05210595824231
-314.0546087700411,154.50380403411023,-119.54946804217418
-314.9640936488969,152.58763362081567,-118.0668294903865
-315.89386446124644,150.65159732887665,-116.60419031076323
-316.843924119008,148.6956981170693,-115.16155051108207
-317.8142755339919,146.7199389445944,-113.73891009901432
-318.8049216179006,144.7243227710773,-112.33626908212494
-319.8158652823286,142.70885255656822,-110.95362746787256
-320.8471094387625,140.67353126154177,-109.59098526360947
-321.87865602630234,138.6383608745744,-108.22834247659043
-322.8905030948967,136.62333949509198,-106.84569911407023
-323.88264772230286,134.62846424984218,-105.44305518340116
-324.8550869863826,132.65373226514652,-104.02041069204184
-325.8078179651027,130.69914066690026,-102.57776564755727
-326.74083773653444,128.7646865805726,-101.11512005761881
-327.65414337885426,126.85036713120657,-99.63247393000412
-328.54773197034325,124.95617944341909,-98.12982727259728
-329.441601561666,123.06212161372387,-96.60718009338868
-330.3557540926353,121.14819562778368,-95.06453240047507
-331.2901924752524,119.214404443938,-93.50188420205959
-332.24491962141076,117.260751020951,-91.91923550645167
-333.21993844289585,115.28723831801152,-90.31658632206715
-334.2152518513853,113.29386929473304,-88.6939366574282
-335.2308627584488,111.28064691115371,-87.05128652116333
-336.2667740755481,109.24757412773627,-85.38863592200745
-337.3029877417584,107.2146529330452,-83.72598486879292
-338.3195018070036,105.20188142649438,-82.08333337035211
-339.316313349016,103.20925673481955,-80.46068143541991
-340.2934194456327,101.2367759843302,-78.85802907262486
-341.25081717479554,99.28443630090969,-77.27537629048913
-342.18850361455117,97.35223481001523,-75.7127230974286
-343.106475843051,95.44016863667787,-74.17006950175272
-344.0047309385514,93.54823490550253,-72.64741551166466
-344.90326695169216,91.65643171299094,-71.12476113527008
-345.82208582226116,89.74476104479389,-69.58210638067462
-346.76119046223494,87.81322585923887,-68.01945125608144
-347.7205837834821,85.86182911507805,-66.43679576980004
-348.7002686977633,83.89057377148826,-64.8341399302463
-349.7002481167314,81.89946278807099,-63.211483745942374
-350.7205249519313,79.88849912485236,-61.56882722551686
-351.7611021147998,77.85768574228311,-59.906170377704676
-352.80198154438744,75.82702462891571,-58.223513211347075
-353.82316129059325,73.81651388415204,-56.520855735391685
-354.8246384311247,71.82615063471579,-54.79819795889247
-355.806410043794,69.85593200690444,-53.055539891009765
-356.76847320651837,67.90585512658932,-51.29288154101024
-357.7108249973195,65.97591711921558,-49.510222918266926
-358.63346249432414,64.06611510980228,-47.70756403225921
-359.53638277576374,62.17644622294228,-45.88490489257282
-360.43958291996586,60.30690855508981,-44.062245508890996