
-135.30210497481258,734.396467867045,-153.8950384350635
-135.32713061956497,732.8391051089623,-155.32734287414928
-135.33238701199204,731.2617445590573,-156.76807639983699
-135.31787706892814,729.6643833343336,-158.2252134841372
-135.28360370731278,728.0470185522199,-159.7023497270575
-135.2295698441905,726.4096473305704,-161.1994851207431
-135.15577839671104,724.7522667876644,-162.71661965723294
-135.07956610627906,723.0748748848803,-164.23375332846842
-135.01863357539605,721.3774729724022,-165.73088612639097
-134.9742894616042,719.6600633600573,-167.20801804303952
-134.94883899675895,717.922648625079,-168.6651490705593
-134.94364553334316,716.1652316554623,-170.10227920120198
-134.9587119882468,714.3878154057642,-171.51940842732552
-134.99404127825204,712.5904028309668,-172.91653674139428
-135.04963632003341,710.7729968864779,-174.29366413597896
-135.12549905787012,708.9556005280951,-175.67079060374772
-135.22162754678388,707.1582167116161,-177.06791613736874
-135.3380188694012,705.3808483924483,-178.48504072941276
-135.47467010824084,703.6234985255738,-179.92216437234413
-135.63157834571382,701.8861700655492,-181.37928705852087
-135.80874066412343,700.1688659665056,-182.85640878019467
-136.0061541456653,698.4715891821485,-184.35352952951084
-136.22381587242734,696.7943426657578,-185.87064929850837
-136.46172292638977,695.1371293701878,-187.3937371190431
-136.7198723894252,693.4999522478676,-188.90922796532172
-136.9982613432986,691.8828142508002,-190.41800172735645
-137.29688686966725,690.2857183305632,-191.92084282095212
-137.6157460500809,688.7086674383088,-193.41845752931562
-137.95483596598166,687.1516645247632,-194.91149149725408
-138.31415369870408,685.6147125402271,-196.40054695834405
-138.69369632947513,684.0978144345753,-197.88619976373695
-139.07346191171058,682.5809721850053,-199.3802924348244
-139.4334523879747,681.0441838795645,-200.89438404568756
-139.7736706732156,679.4874466344021,-202.42847458827518
-140.09411968248645,677.9107575660929,-203.98256405442967
-140.3948023309456,676.3141137916366,-205.5566524358871
-140.67572153385643,674.6975124284581,-207.15073972427712
-140.9368802065875,673.0609505944076,-208.7648259111231
-141.1782812646124,671.4044254077603,-210.39891098784204
-141.3999276235098,669.7279339872167,-212.05299494574464
-141.6018221989634,668.0314734519026,-213.7270777760352
-141.78396790676194,666.3150409213689,-215.4211594698117
-141.94636766279922,664.578633515592,-217.13524001806576
-142.08902438307396,662.822248354973,-218.86931941168265
-142.21194081723357,661.0493065753782,-220.62339764144136
-142.31511879174994,659.2685251771215,-222.39747469801443
-142.39855865166336,657.4910649530232,-224.19155057196818
-142.46225908050872,655.7282031451884,-225.9856252537713
-142.50621742420117,653.9853491880347,-227.7596987338926
-142.53043076564464,652.2625002021018,-229.51377100289835
-142.53489618784803,650.5596533075045,-231.24784205146116
-142.51961077392528,648.876805623932,-232.96714732110235
-142.48457160709535,647.2139542706481,-234.68658763580268
-142.42977577068223,645.5710963664912,-236.42092753566777
-142.35522034811495,643.9482290298745,-238.17526617834304
-142.28090242291879,642.345350351073,-239.92960355450853
-142.22681907861775,640.7624623090862,-241.66393965484437
-142.1929673986371,639.199567854776,-243.3782744701281
-142.17934446629454,637.6566699385785,-245.07260799124367
-142.18594736480014,636.1337715105045,-246.74694020918136
-142.2127731772565,634.6308755201397,-248.40127111503782
-142.25981898665862,633.1479849166442,-250.03560070001603
-142.32708187589398,631.6851026487525,-251.64992895542542
-142.41455892774263,630.2422316647738,-253.26425587267278
-142.52224722487708,628.8193749125921,-254.89858144316503
-142.65014384986233,627.4165353396654,-256.5529056582115
-142.79824588515598,626.0337158930266,-258.2272285090153
-142.96655041310814,624.6709195192828,-259.9215499866731
-143.15505451596155,623.3281491646159,-261.63587008217524
-143.36375527585147,622.0054077747818,-263.3701887864057
-143.5926497748058,620.7026982951114,-265.1245060901423
-143.8417360670325,619.4000236705451,-266.8988219840562
-144.11101609578196,618.0773868460233,-268.69313645871244
-144.40049277648455,616.7347907668759,-270.50744950456965
-144.7101690244633,615.3722383788582,-272.3417611119801
-145.04004775493382,613.9897326281507,-274.19607127118974
-145.3901318830043,612.5872764613589,-276.07037997233823
-145.76042432367544,611.1648728255136,-277.9646872054588
-146.15092799184055,609.7225246680706,-279.8789929604784
-146.54164483000685,608.2802339645879,-281.81329722721756
-146.91257289153066,606.8579988014736,-283.76636512448044
-147.2637092575772,605.455816292458,-285.7356629733645
-147.595051009417,604.0736835508457,-287.71859682266427
-147.90659522842577,602.7115976895155,-289.71255620346244
-148.19833899608454,601.3695558209209,-291.7148385981382
-148.4702793939796,600.0475550570894,-293.7225114093758
-148.7224135038026,598.7455925096232,-295.73221108585125
-148.95473902125877,597.4510371664375,-297.7330098329167
-149.16725615650287,596.150050325054,-299.7176867918525
-149.35996603021965,594.8401528116532,-301.68997944752573
-149.5328701326543,593.5187555034936,-303.6536002490112
-149.6859703355345,592.1832320761974,-305.61241055213753
-149.81926888610587,590.8310924161293,-307.57069420573964
-149.93276837216115,589.460180813045,-309.53340417562885
-150.02647163372887,588.0694036527398,-311.5061872447313
-150.10038097774805,586.671055285657,-313.47549606216955
-150.15449629527524,585.2776994286648,-315.424803212694
-150.1888168461273,583.8894533235188,-317.3541086859389
-150.20334189417676,582.5061725026526,-319.2634124716452
-150.19807072684873,581.1277366988342,-321.15271455966007
-150.17300263064863,579.7542928976497,-323.02201493993704
-150.1281369049047,578.3851155841616,-324.8713136025359
-150.0634731244699,577.0170155153941,-326.70061053762305
-149.97901181225114,575.6382931124415,-328.52990573546214
-149.8747554291419,574.239556947865,-330.379199186317
-149.75070689255892,572.8208041349026,-332.24849088035387
-149.60686912002413,571.3820317872177,-334.1377808076327
-149.4432450291647,569.9232370188992,-336.04706895810705
-149.25983753771308,568.4444169444614,-337.9763553216242
-149.05664956350688,566.9455686788444,-339.9256398879252
-148.83368402448886,565.4266893374138,-341.8949226466444
-148.590943838707,563.8877760359605,-343.864203587319
-148.3284319243144,562.3288258907014,-345.8134826994862
-148.0461511995693,560.7498360182786,-347.7427599727805
-147.74410458283506,559.1508035357602,-349.6520353969429
-147.4222949925802,557.5317255606396,-351.5413089618206
-147.08072534737823,555.892599210836,-353.4105806573675
-146.71939856590785,554.2334216046942,-355.2598504736435
-146.33831756695275,552.5541898609847,-357.08911840081504
-145.95748429710537,550.8749020711559,-358.89838442915493
-145.596896813807,549.2155602158059,-360.68764854904225
-145.25655220211283,547.5761672474307,-362.4569107509625
-144.9364475469703,545.9567261181013,-364.20617102550756
-144.63657993321925,544.3572397794635,-365.9354293633756
-144.35694644559194,542.7777111827377,-367.6446857553712
-144.0966664803055,541.2181432360512,-369.33394019240535
-143.84959987289142,539.6785384207427,-371.0031926654953
-143.61662236849617,538.1388984506902,-372.6724431657559
-143.40387268239584,536.5890898881736,-374.36169168430195
-143.21135084218534,535.0491156833183,-376.0709382121507
-143.03905442478572,533.5291148753827,-377.8001827402132
-142.88698051425084,532.0290904138927,-379.5494252592941
-142.755126194527,530.5490452479492,-381.3186657600917
-142.64348854945308,529.0889823262277,-383.107904233198
-142.55206466276033,527.6489045969782,-384.9171406690986
-142.46085161808145,526.2288140357384,-386.7463750581728
-142.34984649904803,524.8287087284704,-388.59560739069354
-142.219046389388,523.4485857884238,-390.46483765682746
-142.06844837293463,522.0884423284227,-392.35406584663474
-141.8980495336263,520.7482754608662,-394.2632919500694
-141.70784695550685,519.428082297728,-396.192515956979
-141.49783772272536,518.1278599505563,-398.1417378571047
-141.26801891953622,516.8476055304743,-400.11095764008155
-141.0183876302992,515.5873161481799,-402.1001752954381
-140.7489409394794,514.3469889139458,-404.1093908125965
-140.45967593164727,513.1266209376195,-406.1386041808726
-140.15058969147867,511.92620932862326,-408.1878153894761
-139.82167930375488,510.7457511959542,-410.2570244275101
-139.47294185336256,509.5852436481843,-412.34623128397146
-139.10437442529383,508.4446837934604,-414.4554359477508
-138.7159741046462,507.3240687395041,-416.58463840763227
-138.3077379766227,506.2233955936121,-418.7338386522937
-137.8796631265318,505.1426614626559,-420.9030366703066
-137.43174663978752,504.08186345308184,-423.0922324501362
-136.96398560190934,503.0409986709113,-425.30142598014123
-136.4963780708009,502.00006519406344,-427.5106172485832
-136.04892599351464,500.93906498960763,-429.69980624372334
-135.62163228929234,499.8580009972909,-431.86899295392055
-135.21449987726842,498.7568761572861,-434.01817736764013
-134.82753167647022,497.6356934101918,-436.1473594734536
-134.46073060581773,496.49445569703215,-438.25653926003895
-134.11409958412378,495.3331659592572,-440.3457167161805
-133.78764153009396,494.1518271387426,-442.41489183076897
-133.48135839003908,492.97044217775414,-444.4840645927925
-133.19524822101292,491.80901401855795,-446.5732349912393
-132.9293081076746,490.66754560303036,-448.68240301500015
-132.6835351345759,489.54603987262266,-450.8115686528593
-132.4579263861614,488.4444997683607,-452.96073189349494
-132.25247894676852,487.3629282308453,-455.12989272547867
-132.06718990062737,486.30132820025193,-457.31905113727595
-131.9020563318609,485.2597026163309,-459.52820711724576
-131.73707532449376,484.23805344611975,-461.7373606536497
-131.5522439625498,483.23637876708096,-463.92651173474934
-131.34755933014952,482.2546756839644,-466.0956603489037
-131.12301851151904,481.2929413010946,-468.2448064845783
-130.87861859099002,480.3511727223708,-470.37395013034484
-130.61435665299973,479.42936705126715,-472.48309127488153
-130.3302297820911,478.5275213908325,-474.5722299069729
-130.02623506291266,477.64563284369046,-476.64136601550985
-129.72236958020972,476.78369948432703,-478.6904995894896
-129.4386304187269,475.94172327595277,-480.7196306180158
-129.17501466311066,475.1197071536405,-482.72875909029847
-128.9315193979005,474.3176540520379,-484.7178849956539
-128.7081417075289,473.53556690536726,-486.6870083235048
-128.50487867632134,472.7734486474258,-488.6361290633803
-128.32172738849636,472.0313022115856,-490.56524720491586
-128.15868492816548,471.3091305307933,-492.4743627378533
-127.99641581357405,470.58693559771797,-494.36347565204073
-127.81520687938969,469.8447156269276,-496.2325859374327
-127.61439458149408,469.08246780544306,-498.08169358409015
-127.39369694859627,468.3001892467621,-499.91079858218035
-127.1531168987322,467.4978770509583,-501.7199009219769
-126.89265735004345,466.67552831853084,-503.5090005938598
-126.61232122077739,465.83314015040435,-505.27809758831546
-126.31211142928703,464.97070964792925,-507.0271918959366
-126.01202992173478,464.10823488513347,-508.7562835074223
-125.73207475513259,463.26571782519505,-510.46537241357805
-125.4722430141068,462.44316140318966,-512.1544586053157
-125.23253178317677,461.6405685537678,-513.8235420736532
-125.01293814675485,460.85794221115475,-515.4726228097155
-124.8134591891464,460.0952853091506,-517.1017008047334
-124.63409199454985,459.35260078113015,-518.7107760500439
-124.47483364705664,458.62989156004295,-520.299848537091
-124.33568123065133,457.9271605784133,-521.8889182574156
-124.21663182921155,457.24441076834023,-523.4979852025592
-124.117682526508,456.5816450614974,-525.1270493639653
-124.03883040620455,455.9388663891332,-526.7761107329712
-123.98007255185816,455.3160776820706,-528.4451693008081
-123.94140604691894,454.7132818707074,-530.1342250586005
-123.9228279747302,454.1304818850159,-531.8432779973668
-123.92433541852837,453.56768065454304,-533.5723281080192
-123.94592546144314,453.02488110841034,-535.301375381372
-123.98759518649736,452.50208617531393,-537.01041980824
-124.04934167660711,451.9992987835246,-538.6994613795351
-124.13116201458175,451.51652186088745,-540.3685000862758
-124.23305328312385,451.05375833482236,-542.0175359195869
-124.35501256482928,450.6110111323237,-543.6465688706995
-124.49703694218718,450.18828317996025,-545.2555989309511
-124.65912349758,449.7855774038753,-546.8446260917858
-124.82127028557983,449.38289575753475,-548.4336503447448
-124.96347924990818,448.96023630525445,-550.0426716813696
-125.08575330667117,448.51759613945273,-551.6716900931041
-125.18809537208092,448.05497235297315,-553.320705571286
-125.27050836245557,447.57236203908474,-554.9897181071465
-125.33299519421921,447.06976229148165,-556.6787276918104
-125.37555878390188,446.5471702042836,-558.3877343162966
-125.39820204813957,446.0045828720355,-560.1167379715171
-125.4209269313779,445.4619983619596,-561.8457386482868
-125.46373148891229,444.9394186304282,-563.5547363374205
-125.52661280365278,444.4368466057107,-565.2437310298305
-125.60956795840268,443.9542852156512,-566.9127227165357
-125.71259403585854,443.4917373876685,-568.5617113886608
-125.83568811861021,443.0492060487556,-570.1906970374373
-125.97884728914076,442.6266941254803,-571.7996796542031
-126.14206862982662,442.2242045439847,-573.3886592304024
-126.325350195225,441.8217402300209,-574.9576357575854
-126.52869392893614,441.39930410934096,-576.5066092274093
-126.75210274674109,440.95689910808665,-578.0355796316371
-126.99557956431418,440.4945281528249,-579.5445469621387
-127.25912729722306,440.012194170548,-581.0335112108899
-127.54205261859644,439.509900054826,-582.5073001773974
-127.83779178625194,438.98764827887805,-583.9834037305636
-128.1359700394737,438.4454399218373,-585.4769940551062
-128.42315695108766,437.883274467469,-586.9905325764923
-128.69042935477555,437.30114944510245,-588.5200175013972
-128.93779016597838,436.6990619505564,-590.0578869883094
-129.16524214645037,436.08017260612735,-591.597166658098
-129.37640051790336,435.45271800052535,-593.1311628127573
-129.57793954038655,434.82462969780164,-594.6547778741904
-129.7747854815033,434.1999914599445,-596.1655520788754
-129.96992914322897,433.5804604990917,-597.6626243238277
-130.17482962042052,432.97244088791604,-599.1427585695556
-130.39756876638222,432.38169208910836,-600.6028896293185
-130.6336702024505,431.8090814837995,-602.0430174953522
-130.8797422016588,431.25609897656375,-603.4631421599987
-131.13395083192088,430.7231529667729,-604.8632636157065
-131.3952146857196,430.2102445561229,-606.2433818550303
-131.66286481725766,429.71737472088097,-607.6034968706313
-131.93650046417352,429.24454436060677,-608.9436086552769
-132.20308991080353,428.78538230460447,-610.2735025192576
-132.44974816999706,428.3279621036237,-611.6096925522313
-132.67647560822107,427.8651551096085,-612.9623934296673
-132.88327320864883,427.3945466076011,-614.335091047634
-133.0701422401046,426.9143494918233,-615.7277853988321
-133.23708424315282,426.4226482578064,-617.1404764758557
-133.384101035113,425.9175963762983,-618.573164271193
-133.51119468850118,425.39754012076037,-620.0258487772254
-133.6183665989703,424.8796015522934,-621.4985299862282
-133.7056147192561,424.3816771612735,-622.9912078903703
-133.7729361320322,423.90376404174026,-624.5038824817144
-133.82032792007837,423.4458592873078,-626.0365537522167
-133.84778716628023,423.00795999116485,-627.5892216937273
-133.85531095362944,422.59006324607464,-629.1618862979896
-133.84289636522368,422.19216614437505,-630.7545475566409
-133.81054048426665,421.81426577797856,-632.3672054612123
-133.75824039406805,421.45635923837216,-633.9798600031371
-133.6859931780437,421.1184436166176,-635.5725111738489
-133.5937959197154,420.80051600335116,-637.1451589648785
-133.48164570271115,420.5025734887838,-638.6978033678635
-133.34953961076494,420.2246131627013,-640.2304443745475
-133.19747472771692,419.9666321144639,-641.7430819767806
-133.0254481375134,419.72862743300675,-643.2357161665193
-132.83345692420679,419.5105962068396,-644.7083469358264
-132.6414991442343,419.2925364963698,-646.1609742768712
-132.46957674318267,419.0544502511548,-647.5935981819292
-132.31769263882845,418.7963403934293,-649.0062186433825
-132.1858497488416,418.5182098458539,-650.3988356537192
-132.07405099078557,418.2200615315144,-651.771449205534
-131.9822992821171,417.9018983739222,-653.124059291528
-131.9105975401865,417.5637232970143,-654.4566659045088
-131.85894868223733,417.20553922515296,-655.7692690373899
-131.81492335617827,416.8389450275416,-657.0818686831828
-131.7659707289391,416.4754080725359,-658.4144648348987
-131.7118535941526,416.1146762007059,-659.7670574854515
-131.65233809236952,415.7565097203464,-661.1396466276487
-131.58719358348463,415.4006796334067,-662.5322322541916
-131.5161924011557,415.0469659165892,-663.9448143576749
-131.43910944725863,414.69515584924835,-665.3773929305871
-131.3557217446077,414.3450425431665,-666.8299679653104
-131.27915217676235,414.0057206300176,-668.3025394541208
-131.2226327332728,413.686389011846,-669.7951073891877
-131.1861604975773,413.38705061261174,-671.3076717625744
-131.16973255300746,413.10770835584935,-672.8402325662375
-131.1733459827883,412.848365164668,-674.3927897920278
-131.19699787003827,412.6090239617516,-675.9653434316893
-131.2406852977693,412.38968766935835,-677.5578934768602
-131.30440534888672,412.1903592093213,-679.1704399190717
-131.3881551061894,412.01104150304786,-680.7918298504886
-131.49193165236966,411.85173747152015,-682.4118584103896
-131.61573207001334,411.71245003529475,-684.0324023635167
-131.75955344159976,411.59318211450267,-685.6552719324604
-131.92339284950185,411.4939366288495,-687.2821457413266
-132.10724737598605,411.4147164976153,-688.9144895426484
-132.31111412176142,411.35514308505157,-690.5534659797607
-132.53499028960388,411.31426226404204,-692.1998435290172
-132.77887316611435,411.2924585072295,-693.8400570228252
-133.0427598796598,411.2906917778022,-695.4602668271104
-133.32664751197467,411.3089649929692,-697.0604729332572
-133.63053314468704,411.34728106951405,-698.6406753327564
-133.95441385931866,411.4056429237946,-700.200874017205
-134.29828673728497,411.48405347174304,-701.741068978307
-134.66214885989504,411.582515628866,-703.2612602078719
-135.0459973083517,411.70103231024444,-704.7614476978163
-135.4386668150092,411.83960588788284,-706.2616314401538
-135.82856653215035,411.9982365420686,-707.7818114268983
-136.21474630096407,412.1769238018953,-709.3219876499663
-136.5960542290701,412.3756670434045,-710.8821601011676
-136.9711137441672,412.5944654585831,-712.4623287722061
-137.33829362005687,412.83331802048826,-714.0624936546791
-137.6956706307657,413.09222344348524,-715.6826547400775
-138.04098072433803,413.37118013727894,-717.3228120197862
-138.36962550355912,413.65018605891623,-718.9629654850922
-138.6782332540312,413.9092384499655,-720.5831151272831
-138.96680689097556,414.14833438837667,-722.1832609377435
-139.23534932972007,414.36747095252474,-723.7634029079645
-139.483863485699,414.56664522120997,-725.3235410295437
-139.71235227445322,414.7458542736577,-726.8636752941849
-139.92081861163007,414.9050951895187,-728.3838056936983
-140.10926541298332,415.04436504886877,-729.8839322200006
-140.29769559436437,415.16366190449656,-731.3840548651059
-140.5061120716247,415.26298769876564,-732.9041736210285
-140.73451776051837,415.34234534675227,-734.4442884796849
-140.98291557669313,415.40173776395795,-736.0043994328856
-141.25130843569048,415.4411678663095,-737.5845064723345
-141.53969925294552,415.4606385701589,-739.1846095896294
-141.84809094378704,415.4601527922833,-740.8047087762616
-142.1764864234375,415.439713449885,-742.444804023616
-142.52488860701294,415.39932346059146,-744.1048953229716
-142.89330040952305,415.3389857424553,-745.7849826655007
-143.28172474587112,415.2587032139542,-747.4850660422693
-143.690164530854,415.15847879399115,-749.205145444237
-144.11834396879695,415.0383153883447,-750.9452208622573
-144.56459183851214,414.90183697316405,-752.7052922870772
-145.02652934058642,414.75693531388885,-754.4853597093374
-145.50219968544081,414.61108121871905,-756.2802464542686
-145.97815719005516,414.45638667588213,-758.0723568769201
-146.44100874996138,414.28176061482867,-759.8489103681738
-146.88878680102673,414.0872009837677,-761.6088894692042
-147.31922500447948,413.8727054232304,-763.350621397292
-147.73040214731523,413.6382712516689,-765.0727192279692
-148.12161729155667,413.38389559176784,-766.77481299034
-148.4928733519858,413.1095755324197,-768.4569026753535
-148.84417324349076,412.815308162942,-770.118988274065
-149.19155817774177,412.52109135278107,-771.7703533506638
-149.55019510117043,412.24692604802595,-773.4203578008919
-149.91892316463367,411.99281379088416,-775.0693416051606
-150.29745041065044,411.75875602483546,-776.7178995951085
-150.68596378736513,411.54475418796846,-778.3667271532664
-151.08502765614173,411.3508097733591,-780.0165830228544
-151.49560458502182,411.17523683799226,-781.6682986615356
-151.91874542733638,411.0136462896257,-783.3227086440472
-152.34796207239418,410.85944058308354,-784.9740437019033
-152.77659882339378,410.7085359495748,-786.6166803646018
-153.2051830112353,410.5605825403417,-788.2516231624206
-153.63413432038058,410.4152817686076,-789.8797328788254
-154.0637954103109,410.272378404339,-791.5017554248626
-154.4944535770022,410.131647729781,-793.1183301356454
-154.92635550392654,409.99288130311385,-794.7299858638614
-155.35971679855987,409.8558723633741,-796.3371285848655
-155.8021727309465,409.71386852652745,-797.932097809854
-156.25903842930268,409.56310541864866,-799.5108497466827
-156.7278352651648,409.4096161156955,-801.0798305351108
-157.2081948970753,409.25905374855006,-802.6427013110501
-157.6997611578687,409.1155023001985,-804.2007128412882
-158.20196471928602,408.9813237829755,-805.754070398321
-158.71416541186736,408.85754903457587,-807.3026116547052
-159.23577823399035,408.7443832664675,-808.8461020255043
-159.7519729777709,408.6265375856731,-810.3873959498741
-160.2481889099875,408.4887657314073,-811.9291914767923
-160.72442894486383,408.33106479011053,-813.4709677526474
-161.18069599672978,408.1534318486481,-815.012336036331
-161.61699298002148,407.9558639943105,-816.5531902386377
-162.03332280928117,407.73835831481324,-818.0938017298912
-162.42968839915733,407.50091189829686,-819.6348624763002
-162.80609266440462,407.243521833327,-821.1775116784632
-163.1751413105834,406.96994512037486,-822.7224006119178
-163.5490726075331,406.68413806540667,-824.2659631986091
-163.92671304420952,406.3861633965643,-825.8006594592194
-164.30633202429897,406.0754143646351,-827.3189167406423
-164.68614996975887,405.7507124449468,-828.8171696227612
-165.06467311959722,405.410565507326,-830.2954180976092
-165.44075265047127,405.05336875341027,-831.7536621573256
-165.8134383516456,404.67745660891455,-833.1919017941563
-166.17423711811577,404.3017899595624,-834.610137000453
-166.51509186167794,403.94617447591304,-836.0083677686746
-166.84705391866112,403.61060778645077,-837.3919475154555
-167.184088931604,403.2950898104942,-838.7695306175709
-167.5296426117067,402.99962159701624,-840.14535726416
-167.8842986892101,402.72420444268846,-841.5209451101929
-168.2480630876365,402.46745093057757,-842.8974511889502
-168.62028854174648,402.2241468703225,-844.2756207266478
-169.00078895414518,401.98670506854364,-845.6447030548273
-169.38639520269572,401.7488430103231,-846.9937808862547
-169.7718340191812,401.5066641579977,-848.322854213756
-170.15467023910244,401.2580226825729,-849.6319230302639
-170.53380407889992,401.0016245010143,-850.9209873288173
-170.90869233332043,400.7365150937083,-852.1900471025615
-171.2790195509442,400.4618603856178,-853.4391023447483
-171.6445628550389,400.1768591613502,-854.6681530487358
-172.01523446159283,399.8878315179431,-855.8785528075362
-172.4030889859875,399.60248870548645,-857.0703016147129
-172.81057908762546,399.32245132217287,-858.2420458643813
-173.2381123450267,399.0485508887008,-859.3937855503104
-173.68568784844572,398.7810271550572,-860.5255206663759
-174.1533046718023,398.51990986175844,-861.6372512065595
-174.64096188978013,398.2651737402975,-862.7289771649497
-175.14865858352235,398.0167546927062,-863.8006985357412
-175.67639448097728,397.7615098476461,-864.8524153132349
-176.22417185941606,397.4863434306546,-865.8841274918384
-176.79199363278818,397.1912583648562,-866.8958350660655
-177.37986271493654,396.87625757380033,-867.8875380305363
-177.98778201959743,396.5413439814615,-868.8592363799776
-178.61575446040058,396.18652051223916,-869.810930109222
-179.263782950869,395.8117900909576,-870.742619213209
-179.93187040441907,395.41715564286596,-871.6543036869841
-180.600018762082,395.0226191213156,-872.5459835256996
-181.24822607573878,394.6481785905074,-873.4176587246141
-181.87648942508028,394.2938311419645,-874.2693292790921
-182.4848058899033,393.95957386678396,-875.1009951846048
-183.0731725501108,393.6454038556371,-875.91265643673
-183.64158648571174,393.35131819876926,-876.7043130311514
-184.19004477682122,393.077313986,-877.4759649636595
-184.7185445036605,392.82338830672296,-878.227612230151
-185.22708371884434,392.56953824994156,-878.9592548266289
-185.71566436424348,392.2957609046587,-879.6708927492026
-186.18428935412214,392.0020533602669,-880.3625259940881
-186.6329616028507,391.6884127065836,-881.0341545576074
-187.0616840249057,391.3548360338515,-881.6857784361891
-187.4704595348697,391.0013204327381,-882.3173976263683
-187.85929104743133,390.6278629943363,-882.9308701932517
-188.22818147738525,390.23446081016374,-883.5303821973417
-188.57713373963225,389.82111097216335,-884.1294386708447
-188.90615074917906,389.3878105727033,-884.7389877097067
-189.21523542113843,388.9345567045767,-885.3585314545467
-189.50439067072912,388.461346461002,-885.9874877811747
-189.7736194132759,387.96817693562264,-886.6251926409128
-190.0229245642094,387.4550452225073,-887.270922845785
-190.2523090390663,386.9219484161499,-887.9239346084067
-190.46177575348912,386.3688836114697,-888.583508235937
-190.66221984894742,385.81584843334144,-889.2361863064324
-190.8644140828214,385.2828426191433,-889.8688596483755
-191.06811699938538,384.7698664065512,-890.481528258402
-191.27304649492194,384.2769199959751,-891.0741921332542
-191.4788284766669,383.8040035403093,-891.6468512697804
-191.68499358738077,383.3501958660377,-892.1995056649356
-191.89097702383197,382.9130597819196,-892.7321553157808
-192.096177336999,382.48968577286877,-893.2449712190106
-192.29087131168998,382.0795921062116,-893.7499353836879
-192.4656272763828,381.6806453564831,-894.2624565104478
-192.62044403932148,381.28702139798924,-894.7856293259872
-192.75532112702334,380.8953215464223,-895.3144667981526
-192.8702582957514,380.5054507810395,-895.8396687813708
-192.96525520341862,380.11847196815864,-896.3526564195439
-193.04031136433966,379.7351924663292,-896.847653111493
-193.0954262102142,379.35596010676863,-897.3226450344152
-193.13059875801903,378.98879338359427,-897.7958930471739
-193.1458264767489,378.64163033572135,-898.2860146732984
-193.14110644946058,378.31446805412105,-898.7941168866911
-193.11643575931677,378.00730362933933,-899.3215821585952
-193.0718114895864,377.7201341514966,-899.8690426482997
-193.00723072364437,377.452956710288,-900.4364983528933
-192.9226905449718,377.2057683949831,-901.0239492693587
-192.8181880371559,376.97856629442646,-901.6313953945721
-192.71372028388117,376.77134846932444,-902.2388367253122
-192.62928436883197,376.5841168691081,-902.8262732583577
-192.56487737559493,376.4168744150703,-903.3937049905849
-192.5204963876502,376.2696240280789,-903.9411319189765
-192.49613848837149,376.14236862857615,-904.4685540406215
-192.49180076102596,376.035111136579,-904.9759713527153
-192.5074802887744,375.94785447167914,-905.4633838525597
-192.54317415467105,375.88060155304265,-905.9307915375629
-192.59888041395126,375.8133552994457,-906.3981944052305
-192.67460093709678,375.7276366350328,-906.8855924530682
-192.7703381781626,375.6268881456798,-907.3929856784841
-192.88609405388675,375.51488020545776,-907.9203740787804
-193.02186994330964,375.39521497125725,-908.4677576511524
-193.1776667143635,375.2713005666289,-909.0351363926897
-193.35348475180956,375.1463678512391,-909.6225103003749
-193.5493239775089,375.0235591324209,-910.2298793710847
-193.74935769514104,374.9057107914948,-910.8494159250583
-193.93753604846333,374.79518683345594,-911.4725458951078
-194.11343814156675,374.6942368757841,-912.097694011619
-194.27656150890422,374.60513002242175,-912.7230732618799
-194.42616977582475,374.5300764094975,-913.3466414051055
-194.5612861767053,374.4713204717316,-913.9661262138228
-194.68069797323074,374.4312500982018,-914.5790615443494
-194.7829225744194,374.4111504973537,-915.1827980361084
-194.88614856145358,374.39106541634476,-915.771247006578
-195.00938204400023,374.3509968490777,-916.339691107394
-195.1526259382664,374.2909477137208,-916.8895870396723
-195.3158831603527,374.2109209288675,-917.4241058114586
-195.49915662625332,374.1109194135364,-917.9464991327083
-195.702449251856,373.99094608717166,-918.4597133052018
-195.92576395294208,373.8510038696425,-918.9665083626775
-196.1691036451864,373.69109568124344,-919.4689950792214
-196.42468706089804,373.5183009208883,-919.9796242139512
-196.68460481170533,373.33984375732695,-920.5099056583982
-196.94863931799486,373.1560002540576,-921.0594157437425
-197.2166420998548,372.967003544725,-921.6275984329741
-197.4885353470614,372.77302426977434,-922.213740671276
-197.7643205926843,372.57414464951023,-922.8169344908254
-198.04409501085692,372.37032093009424,-923.4360155655622
-198.32807784385713,372.16132431056826,-924.0694605610298
-198.61418950429763,371.94388666890046,-924.7108685830354
-198.9003185500844,371.7139540834579,-925.3541439161054
-199.1866844376985,371.4690845229195,-925.9982069762741
-199.47349169496022,371.20602411070695,-926.6421149500585
-199.76091421280373,370.92300557036316,-927.2851526169214
-200.0490581756631,370.6200290005042,-927.9268409861075
-200.33794210527182,370.29709450868785,-928.5667595718077
-200.6275246993695,369.95420220028615,-929.2043270474726
-200.9074686094232,369.6113516731939,-929.8305414060462
-201.16761575381486,369.2885405267361,-930.4367508202049
-201.41489074935276,368.98576621762027,-931.0271209647476
-201.6610148689766,368.7014695783037,-931.6092521332672
-201.91279319262347,368.43385197908145,-932.1871170584292
-202.17287516345905,368.18348758479397,-932.7607920783129
-202.44269886042417,367.95217674800597,-933.3289226563152
-202.72355709601666,367.7409060521037,-933.8893023577887
-203.0120415373411,367.5411426957312,-934.4414091148296
-203.30355529356459,367.34356751368387,-934.9858938639665
-203.59709039579388,367.14662618688885,-935.5224534461664
-203.8917725416351,366.9487823070806,-936.0507263220737
-204.18682217062806,366.74848541516485,-936.5702675535576
-204.48152698487658,366.54413595155614,-937.0805306390802
-204.775223157144,366.33404903383945,-937.5808529692122
-205.06728421511195,366.1164184869441,-938.0704433325494
-205.34839372452902,365.8845679183067,-938.5444506093564
-205.6095417790946,365.6327568919003,-938.9984528954119
-205.85073129428238,365.36098249669686,-939.4324501883016
-206.07326375630453,365.06924188522254,-939.846841076759
-206.27948568826466,364.75753251374937,-940.2441364962704
-206.47099158822607,364.42585213188903,-940.6276369942286
-206.64860951865222,364.0746804174704,-940.999135823446
-206.81293468358305,363.7054014912089,-941.3596001474167
-206.96994998494688,363.3242301555799,-941.7233976123424
-207.12488122920738,362.9360840883865,-942.1050293754732
-207.2768976206055,362.53997358780765,-942.5055962505522
-207.42522159448802,362.1345381518552,-942.9259307702391
-207.5690588169991,361.7181358242312,-943.3662602758579
-207.70759555253824,361.28894964095963,-943.8265847650672
-207.8400337710308,360.84507503378535,-944.3069042354191
-207.96560524622487,360.3845849729261,-944.8072186843594
-208.0828871301623,359.9135477005379,-945.3075281092367
-208.1914072952509,359.43881345942896,-945.7878325073995
-208.29207917523954,358.9600078791337,-946.2481318762935
-208.38545266114846,358.47674204188627,-946.6884262134712
-208.4718647939034,357.98862973150716,-947.1087155165912
-208.55151525949748,357.4952918208267,-947.5089997834187
-208.6245083045836,356.99635559670344,-947.8892790118252
-208.69087770839803,356.4914521123527,-948.2495531997884
-208.76397538789297,355.97347803932524,-948.6071361795753
-208.85577711464614,355.4355160244376,-948.9735986893829
-208.95275365882225,354.87756807099504,-949.3364230490075
-209.04181401320497,354.2996337064192,-949.6875171207362
-209.12191001896346,353.7017116797002,-950.0246212066962
-209.19286520830263,353.0838006694476,-950.3458456223261
-209.25453904887792,352.44589933254866,-950.6492761956534
-209.30676914588724,351.7880063038116,-950.9333240035185
-209.3442848356862,351.11527267118254,-951.1973667547534
-209.36190269300087,350.4326888638422,-951.4424264358687
-209.36357421866364,349.73977311274393,-951.6711435065281
-209.35540362864958,349.03597213603535,-951.8857752086709
-209.3400589644561,348.3209740370562,-952.0869409211527
-209.31815139723864,347.5946655066843,-952.274428481363
-209.28977842016297,346.856988807801,-952.4478119706795
-209.25492067438574,346.1078988981977,-952.6066162242438
-209.2268667622024,345.3630892957246,-952.7680073178641
-209.21892335492052,344.6382770683063,-952.9491491624939
-209.23108753572,343.93346514870893,-953.1468359132459
-209.26335638767387,343.248656469273,-953.3548748686858
-209.31572699374814,342.58385396191363,-953.5666559941981
-209.38819643680205,341.9390605581206,-953.7756494829991
-209.4807617995879,341.31427918895827,-953.9762478315197
-209.59342016475114,340.7095127850654,-954.1641309526926
-209.72426784559752,340.12476418425064,-954.33673908638
-209.8698684233269,339.5600357797655,-954.4913590063005
-210.0271762490189,339.0153295005724,-954.6259738506708
-210.19332517713175,338.4906468412785,-954.7405836187751
-210.36577864524452,337.98598890212696,-954.835188310004
-210.54235140318383,337.4991666462666,-954.9097879238544
-210.72130791306557,337.0263619320821,-954.9643824599298
-210.90137203824523,336.56472247911273,-954.9989719179396
-211.09175240379523,336.1180674793672,-955.0229744409683
-211.30219981787715,335.69144170864337,-955.0449521054528
-211.53271136250962,335.2848480933694,-955.0627528345562
-211.78314681720593,334.89828955287294,-955.0734835951575
-212.0524136546264,334.5317689330608,-955.0738725084818
-212.33880536989926,334.1852888510331,-955.0608743155294
-212.6410084596179,333.85885170388633,-955.0320058186816
-212.9580562830844,333.55245972334683,-954.985219878448
-213.2723470882139,333.24611419897536,-954.9190055049354
-213.56668742912365,332.91981305690007,-954.8327860535986
-213.84108022111081,332.57355338769554,-954.726561524896
-214.09552837957864,332.20733228236173,-954.6003319193926
-214.33003482003642,331.8211468323238,-954.4540972377596
-214.54460245809946,331.4149941294319,-954.2878574807745
-214.73923420948913,330.9888712659617,-954.1016126493215
-214.91393299003278,330.5427753346139,-953.8953627443908
-215.06870074337633,330.0967034284792,-953.6844524831445
-215.2035355241219,329.670652640648,-953.4812582461884
-215.31843441469013,329.26462006382064,-953.2818908034001
-215.4133944976078,328.8786027902721,-953.0854692975377
-215.48894989049577,328.5125979379594,-952.8919172825165
-215.55072449903588,328.16660297628147,-952.7008250322694
-215.60695984301293,327.840616543428,-952.5119329357292
-215.6627392883511,327.53463823195034,-952.3254183993768
-215.728916883104,327.2460220538283,-952.1444145920656
-215.8138600683962,326.9701975149893,-951.9711442451552
-215.9159451914439,326.7042944449749,-951.8041787218247
-216.0327230994491,326.4473803755887,-951.6422481600721
-216.16149019892907,326.2001001682097,-951.4842168450361
-216.299938004209,325.96396082941806,-951.329161906087
-216.44648006939477,325.7407339392125,-951.1764489113762
-216.6002340751432,325.53217443981555,-951.0257349215044
-216.7514334911402,325.33052950304864,-950.8759961807696
-216.89077229844216,325.12613150946765,-950.7274871773632
-217.01856189822627,324.91696738828585,-950.5825020284516
-217.13494485274518,324.70126058054046,-950.4432344934119
-217.23564653481841,324.48238018622266,-950.3066437552482
-217.31638348904863,324.2653682476632,-950.1692994243305
-217.3799067067019,324.05284730969447,-950.0333659906573
-217.43378452417474,323.8493037037437,-949.9027041870286
-217.48626517253047,323.6595926503423,-949.7813760630492
-217.54241566992522,323.4870519657566,-949.6717513112119
-217.60459006198522,323.3336007570588,-949.5746786698161
-217.6738553038306,323.20005889826035,-949.4902441979945
-217.73685112551212,323.0724978211058,-949.4220892707825
-217.7798693500158,322.94226658733544,-949.3739292949589
-217.80290957098097,322.8203695918272,-949.3457642707796
-217.80596987950227,322.71545261186117,-949.3375941983943
-217.78904750560824,322.6305346210872,-949.3494190778466
-217.75213953252654,322.5656127049558,-949.3812389090737
-217.69524304359112,322.5206839484924,-949.4330536919061
-217.61835512224218,322.4957454362967,-949.5048634260685
-217.54147382430483,322.47079522486627,-949.5766681111878
-217.48460109475394,322.4258352598482,-949.628467746891
-217.44773985075423,322.3608684595673,-949.6623913092469
-217.43089300936404,322.27589774277374,-949.6838547021179
-217.4340634875353,322.170926028643,-949.6993158247188
-217.4572542021135,322.045956236776,-949.7149586970073
-217.50046806983758,321.90099128719925,-949.7365863877737
-217.56370800734013,321.73603410036435,-949.7694836278121
-217.63097780996515,321.5510868193612,-949.7992604724004
-217.68541846242388,321.34614843461117,-949.8090322663892
-217.7250072765652,321.1212169348651,-949.7987990097262
-217.74700474407717,320.87628996444766,-949.768560702466
-217.74943850762008,320.61136478517517,-949.7183173447694
-217.73191584080922,320.3264385055609,-949.6480689369035
-217.6944396606001,320.02150821530955,-949.557815479242
-217.6370128840543,319.69657100455123,-949.4475569722647
-217.5651590217259,319.3612418569275,-949.3336315546542
-217.48417357241547,319.02601303896665,-949.2324665932658
-217.39351839841095,318.6927277523135,-949.1442759744214
-217.29247332885447,318.36342252566493,-949.0693588538251
-217.18011915752297,318.04034832300516,-949.0081244993007
-217.05532913153598,317.72599640704385,-948.9611096819942
-216.9167719707407,317.42312716922277,-948.928990972094
-216.76292802719306,317.1348018174866,-948.9125966120723
-216.6110605850867,316.8551301767879,-948.9142887407635
-216.4792373079518,316.57650144844865,-948.9359758235431
-216.3674580570373,316.298709278132,-948.977657860296
-216.2757227211721,316.0215889372806,-949.0393348508003
-216.2040312094846,315.74503396625727,-949.1210067947283
-216.15238344177885,315.46901092613854,-949.2226736916455
-216.12077933724873,315.19356613952453,-949.3443355410113
-216.10921880333422,314.91881523931016,-949.485992342179
-216.11770223635054,314.63444811675146,-949.6476440943951
-216.14623204830318,314.3300836932208,-949.8292907968
-216.19481115590276,314.0057248925572,-950.0309324484278
-216.26344247575327,313.6613746390252,-950.2511233122756
-216.34722299574253,313.297035618816,-950.4853513398837
-216.4369801090694,312.9140727584015,-950.7287854440882
-216.52721790925852,312.5144860265522,-950.9791436507107
-216.6163012045658,312.0990555670732,-951.2357283129943
-216.70291750444255,311.66578155617196,-951.5053334497476
-216.78675608056193,311.2125199606627,-951.7949335268113
-216.86920104765665,310.73927047160777,-952.1045285426457
-216.95215587913134,310.2460330166966,-952.4341184956041
-217.03837841710404,309.7328078584947,-952.7837033839344
-217.1319148046361,309.1995957502115,-953.1532832057773
-217.23825636808604,308.64639814224347,-953.5428579591675
-217.36258878637128,308.07321730442885,-953.9524276420335
-217.5070097237122,307.4800560644922,-954.3619922522064
-217.6715220962032,306.86691735241845,-954.7515517875171
-217.8561288198318,306.2338040986177,-955.121106245894
-218.06083281047867,305.5807192339255,-955.470655625372
-218.28563698391758,304.9076656896024,-955.8001999240925
-218.5305442558155,304.21464639733443,-956.1097391403028
-218.79555754173242,303.5016642892327,-956.3992732723574
-219.08067975712143,302.76872229783345,-956.6688023187163
-219.3859138173287,302.0158233560983,-956.9183262779464
-219.7112626375935,301.2429703974139,-957.1478451487209
-220.0567291330481,300.45016635559216,-957.3573589298192
-220.42231621871775,299.6374141648701,-957.5468676201272
-220.80802680952075,298.80471675990987,-957.7163712186373
-221.21386382026841,297.95207707579874,-957.865869724448
-221.639830165665,297.079498048049,-957.9953631367644
-222.08592876030772,296.1869826125982,-958.1048514548978
-222.54954667014667,295.27453357864084,-958.1943346782663
-223.02756037906877,294.3421532223038,-958.2638128063938
-223.51898573703335,293.3898435705206,-958.313285838911
-224.02290466448503,292.41760651156306,-958.3427537755548
-224.53846105155904,291.42544380437425,-958.3522166161683
-225.0648572371202,290.4133570873393,-958.3416743607014
-225.60135075864517,289.38134788657646,-958.31112700921
-226.14725114788052,288.329417623749,-958.2605745618567
-226.6877686323299,287.2575669356187,-958.2100170189015
-227.20844750782373,286.16579363154506,-958.179454380604
-227.7092906884556,285.0540948184161,-958.1688866471272
-228.1903010884246,283.92246760354476,-958.178313818527
-228.65148162203525,282.77090909466904,-958.2077358947535
-229.09283520369752,281.59941639995185,-958.2571528756499
-229.5143647479268,280.40798662798136,-958.3265647609537
-229.91607316934395,279.1966168877707,-958.4159715502957
-230.2979624103877,277.9853042887226,-958.5053732432094
-230.66003052445248,276.7940459402395,-958.5747698392281
-231.00227459275064,275.6228389513338,-958.6241613379831
-231.32469169659996,274.47168043059185,-958.6535477392114
-231.6272789174236,273.3405674861746,-958.6629290427569
-231.91003333675027,272.22949722581734,-958.6523052485696
-232.17295203621404,271.1384667568296,-958.6216763567062
-232.4160320975545,270.06747318609547,-958.5710423673295
-232.63927157490423,268.9965136201087,-958.5204032806998
-232.84267241165097,267.905585165363,-958.4897590970777
-233.02623752357547,266.7946849287418,-958.479109816626
-233.18996982656392,265.6638100175538,-958.4884554394014
-233.33387223660802,264.51295753953303,-958.517795965354
-233.45794766980487,263.3421246028387,-958.567131394328
-233.562199042357,262.15130831605535,-958.636461726061
-233.64662927057245,260.9405057881929,-958.7257869601843
-233.71124127086452,259.7097141286866,-958.8351070962229
-233.75603795975195,258.4589304473969,-958.9644221335956
-233.78102221050239,257.1890437003113,-959.1137320716147
-233.78619667282496,255.90197623577433,-959.2830369094861
-233.77156369515853,254.59993245548935,-959.4723366463097
-233.7371252817322,253.28543696144405,-959.6816312810788
-233.68288304520513,251.96130896782122,-959.9109208126805
-233.60883818955713,250.6301951845837,-960.1602052398954
-233.52628842212596,249.2906478955594,-960.4294845613981
-233.44649289383952,247.94005445388257,-960.7187587757567
-233.3693798102226,246.57843777881882,-961.0280278814329
-233.29488562354987,245.20581042097785,-961.3572918767821
-233.22295328907254,243.8221753654238,-961.7065507600535
-233.15353094648134,242.42752661331002,-962.0758045293898
-233.0865708931221,241.02184964127588,-962.4650531828274
-233.02202878030621,239.60512179585834,-962.8742967182968
-232.9487905469796,238.18466505861494,-963.2835351336304
-232.85576330712328,236.7600705571114,-963.672768426661
-232.74294861336185,235.31952712917314,-964.0419965953188
-232.61034918548742,233.85896580521927,-964.3912196376403
-232.45796794106744,232.37838369999525,-964.7204375517688
-232.2858077977745,230.87777792867206,-965.0296503359534
-232.09387167338642,229.35714560684625,-965.3188579885499
-231.8854465949003,227.81648401019476,-965.5880605080205
-231.68053450799044,226.27579186603683,-965.8488759883264
-231.49584936004865,224.7550713118769,-966.1127121391048
-231.33138823519462,223.25432529746215,-966.3791260153799
-231.18714821744058,221.7735567721145,-966.6476424913761
-231.0631263906912,220.31276868473057,-966.9177372393412
-230.95931983874362,218.87196398378174,-967.1887784295313
-230.87357048438457,217.45114551254218,-967.4600388304334
-230.8019738982843,216.04801681512805,-967.7309435504685
-230.7266837441784,214.64257900305967,-968.0115689927633
-230.63160370348317,213.21712876729575,-968.3121892875957
-230.5167366935666,211.7716632218303,-968.6328044333673
-230.38208563190182,210.3061794810828,-968.973414428373
-230.22765343606716,208.8206746598983,-969.3340192708017
-230.05344302374618,207.31514587354724,-969.714618958736
-229.85945731272753,205.78959023772566,-970.1152134901519
-229.64569922090507,204.24400486855518,-970.5358028629191
-229.41217166627783,202.6783868825829,-970.9563870748103
-229.15887756694994,201.09273339678163,-971.3569661235977
-228.8858198411306,199.4870415285496,-971.737540007151
-228.59300140713415,197.8613083957108,-972.0981087234468
-228.28042518337998,196.21553111651477,-972.4386722705675
-227.94809408839257,194.54970680963666,-972.7592306467023
-227.59601104080144,192.86383259417735,-973.0597838501466
-227.22417895934115,191.15790558966336,-973.3403318793022
-226.8325997905638,189.45192291601143,-973.6008747326772
-226.42127159197676,187.7658816931386,-973.8414124088862
-225.99019144890494,186.09977904057226,-974.0619449066501
-225.53935644677833,184.45361207741476,-974.2624722247962
-225.06876367113193,182.82737792234335,-974.4429943622581
-224.57841020760583,181.22107369361024,-974.603511318076
-224.06829314194513,179.6346965090426,-974.7440230913963
-223.53840956000016,178.06824348604266,-974.8645296814718
-223.00875654771738,176.52171271387496,-974.9850310876529
-222.49933119104205,174.9951061705289,-975.12552730929
-222.00936558596814,173.48842676866684,-975.2860183456359
-221.53675306801085,172.00167720668506,-975.4665041958372
-221.0794209005105,170.53485984949327,-975.6669848589341
-220.63618145185882,169.08797683227846,-975.8874603338608
-220.2062756983131,167.6610301513422,-976.1279306194446
-219.78918856213508,166.25402171149747,-976.3883957144068
-219.38850805008065,164.86695354641438,-976.6488556173714
-219.00803187798593,163.4998284182041,-976.8893103269622
-218.6477571310118,162.152649273318,-977.1097598419005
-218.30768089421167,160.82541905778228,-977.3102041610141
-217.98780025253166,159.5181407171981,-977.4906432832372
-217.68811229081035,158.23081719674136,-977.6510772076102
-217.40861409377908,156.96345144116285,-977.7915059332801
-217.14930274606172,155.7160463947882,-977.9119294595
-216.89017533218373,154.48860402923037,-978.0123477856296
-216.6112289366696,153.28112242652736,-978.092760911135
-216.3124606441403,152.09359869600456,-978.1531688355884
-215.99386762869054,150.92419163537,-978.1935715586687
-215.65544754531194,149.76852338270945,-978.2139690801612
-215.29719865724002,148.62352989855964,-978.2143613999573
-214.9191194681744,147.4883742240475,-978.1947485180549
-214.5212085806176,146.36247648016746,-978.1551304345583
-214.12346537027176,145.23104378412245,-978.095507149678
-213.74589205005188,144.07955455075245,-978.0158786637314
-213.38849153882808,142.90801172190996,-977.9162449771418
-213.05126675536314,141.71641823987315,-977.7966060904389
-212.73422061831263,140.50477704734584,-977.656962004259
-212.43735604622478,139.27309108745757,-977.4973127193446
-212.16067595754052,138.02136330376348,-977.3176582365446
-211.9041832672566,136.74966527809207,-977.1179985568144
-211.64788088026103,135.45799898256087,-976.9183336812068
-211.37177171145112,134.14629386271395,-976.7386636107748
-211.0758586791574,132.81454703008134,-976.5789883464736
-210.76014470181573,131.46275559661865,-976.4393078891524
-210.4246326979673,130.09091667470722,-976.3195446924806
-210.0693255862585,128.69902737715398,-976.2173382529456
-209.694226285441,127.28708481719153,-976.1280024253108
-209.29933771437177,125.85508610847818,-976.0467687640845
-208.9046627920041,124.40302933738539,-975.9584009625612
-208.5302044372902,122.9309164798601,-975.8500279713355
-208.17596556908356,121.43875048456238,-975.7216497909839
-207.84194910613022,119.926534300578,-975.5732664221889
-207.52815796706864,118.39427087741839,-975.4048778657395
-207.23459507042972,116.84196316502064,-975.2164841225313
-206.9612633346369,115.2696141137475,-975.008085193566
-206.7081656780059,113.6772266743873,-974.7796810799517
-206.4751870458777,112.08480379243066,-974.5312717829031
-206.2623254949163,110.51234839630463,-974.262857303741
-206.069695109971,108.95986343111024,-973.9744376438928
-205.89729297520387,107.42735184721114,-973.6660128048921
-205.7451161746693,105.91481659454577,-973.337582788379
-205.61316179231423,104.42226062262723,-972.9891475960999
-205.50142691197794,102.9496868805434,-972.6207072299078
-205.4099086173923,101.49709831695678,-972.2322616917618
-205.31860399219045,100.06449690781714,-971.8238109837273
-205.20751012000449,98.65188073949915,-971.3953551079765
-205.0766240845628,97.25924692566468,-970.9468940667875
-204.92594296969912,95.88659257955031,-970.4784278625453
-204.7554638593523,94.53391481396733,-969.9899564977409
-204.56821726194266,93.20121088876975,-969.4814799749716
-204.3705217328151,91.88847881310475,-968.9529982969415
-204.16792385662143,90.59571749248677,-968.4052861561346
-203.96228081259994,89.3229264120961,-967.8474510383697
-203.75539306213255,88.07010519576158,-967.2879009027328
-203.55045452878824,86.83725392433296,-966.7269108853319
-203.34890214855463,85.62437300010544,-966.1648812748709
-203.15139157974522,84.4314629704967,-965.6022028156866
-202.95824256031824,83.25852445069928,-965.0392574954815
-202.76963543058764,82.10555809094784,-964.4764363752171
-202.58569350970222,80.97256456304235,-963.9141480787202
-202.4141946182372,79.83954492806699,-963.342228193626
-202.26286565914208,78.68650175194627,-962.7503031859169
-202.1317095500839,77.51343797653875,-962.1383730587402
-202.02072920862244,76.32035654412851,-961.5064378153498
-201.92992755221016,75.10726039742511,-960.8544974591063
-201.85930749819224,73.87415247956359,-960.1825519934763
-201.80887196380652,72.6210357341045,-959.4906014220329
-201.77862386618352,71.34791310503377,-958.7786457484557
-201.76322173529437,70.05478727694882,-958.0515941524011
-201.75917283683967,68.74165998549148,-957.314054742439
-201.77044481319595,67.40853316928302,-956.5655375131836
-201.80053623240914,66.05540933578668,-955.8057356792173
-201.85082967274104,64.68229136404412,-955.0344115431643
-201.92132805078649,63.289182200593714,-954.2512840689346
-202.01203428303296,61.87608479239924,-953.4560304457515
-202.12295128586044,60.443002086849795,-952.6483550769526
-202.23408100326287,59.00993605943691,-951.8323163545874