
108.926947222281,764.0191426786699,-170.84982400590837
108.41444574822398,763.5351174072401,-171.1517481778266
107.92187395888705,763.0311654272834,-171.44468618082252
107.432400724452,762.52728465051,-171.7245447182429
106.92840028080825,762.0434763000108,-171.98517126723047
106.40821921309876,761.5797426136077,-172.2257969016865
105.87013411877862,761.1360860765466,-172.44642162033148
105.31263343984234,760.7125094156411,-172.6470454219922
104.73507412958722,760.3090155251141,-172.8276683056019
104.13745910794678,759.9256073301661,-172.98829027020005
103.51979129496121,759.5622877555717,-173.12891131493254
102.89649071358464,759.2190590248008,-173.24953143905162
102.28275549253661,758.8959205195573,-173.3501506419159
101.6797840418259,758.5928707486411,-173.4307689229903
101.08811584873209,758.3099080956417,-173.49138628184616
100.50793931338144,758.0470308970329,-173.53200271816112
99.93948145249638,757.8042374625052,-173.55261823171924
99.38309031783594,757.5815260583079,-173.55323282241085
98.83903128325387,757.3788949025133,-173.53384649023266
98.30284067951709,757.1763424098328,-173.50770076999189
97.7701425214392,756.953867866203,-173.48866910494806
97.24117798745485,756.711470742517,-173.4779408963516
96.71602489538323,756.4491504867763,-173.47658761118186
96.19462336675714,756.1669065459282,-173.48561967501317
95.67679355419835,755.8647383845783,-173.5060347417583
95.16224883656669,755.5431578162883,-173.53885927243263
94.65061818309029,755.2035916762347,-173.58512151564807
94.15031819054329,754.8494882558527,-173.6283536486142
93.66996724433453,754.4846821909064,-173.6515848583111
93.20956397410689,754.1119491992264,-173.65745546729934
92.76910743683545,753.734348884173,-173.65152991531878
92.34859714730273,753.3550613878026,-173.63865826882218
91.94803308246881,752.9772175840824,-173.6217936954344
91.56741567136238,752.6039068331493,-173.602077300062
91.2067458106064,752.2385452396003,-173.5787975994508
90.86551614149818,751.8785878172341,-173.5579235712925
90.54083444543855,751.5169518251652,-173.5453810501128
90.22866271630042,751.1486971803475,-173.53922901477526
89.92638792486648,750.7698641506228,-173.53736967602595
89.63254241665318,750.3775375292646,-173.5378930261604
89.34637471232894,749.9696083829773,-173.5391604638734
89.06755223470368,749.5445203078278,-173.5397589759391
88.79598243126298,749.1010806768622,-173.53843289633727
88.5290155466333,748.6566967396263,-173.53043799266092
88.2637268778341,748.2299741747428,-173.51109975376042
87.99961077839531,747.8222356143706,-173.47942782996944
87.73625326710773,747.4343326318357,-173.4345468008864
87.47332161813972,747.0664680235859,-173.37569895295562
87.21056087812407,746.7186417469876,-173.30225780448038
86.94778106132493,746.3908537916643,-173.2137161217549
86.68484405592885,746.0831041710351,-173.1096657288281
86.43177945493937,745.7953924232339,-173.00776972696488
86.19867573306716,745.5277161276199,-172.9258728051147
85.98553580841407,745.2800723728234,-172.86397496371302
85.7923625989758,745.0524582470491,-172.82207620308904
85.6191590226419,744.8448708380765,-172.80017652346555
85.46592799719572,744.6573072332592,-172.798275924959
85.33267244031441,744.4897645195252,-172.81637440757945
85.21939526956886,744.3422397833774,-172.85447197123068
85.10609940243263,744.2147310831803,-172.89256861571903
84.97278775637938,744.1072403660228,-172.91066434085073
84.8194632408398,744.019603099951,-172.90875914652952
84.64612866426265,743.9502451637783,-172.8868530327656
84.45278648765553,743.896416622733,-172.84494599967542
84.23943877734885,743.8554390582277,-172.78303804748182
84.00608720160966,743.8244824977713,-172.70112917651403
83.75273298310444,743.8002041708286,-172.59921938720757
83.49937720599553,743.7868024076719,-172.4973086800955
83.26602211064503,743.7917674532108,-172.41539705571088
83.05267051771804,743.8166531987523,-172.35348451448928
82.8593253397727,743.8615686012915,-172.31157105675993
82.68566575278673,743.9265107585563,-172.2896566827457
82.5291022272662,744.0114769410947,-172.28774139256308
82.38548543443257,744.1164649675014,-172.3058251862223
82.25141595197806,744.2414732063418,-172.3439080636272
82.1113723513026,744.3796189667231,-172.3819900245841
81.95135060660375,744.5228338075951,-172.40007106889936
81.77135127925335,744.6686975344867,-172.39815119647687
81.57137456734701,744.8146304961407,-172.37623040732686
81.35142027138797,744.9577334988919,-172.33430870156585
81.11148773472429,745.0946138813289,-172.27238607941678
80.85157576292461,745.2212887412185,-172.1904625412089
80.57168254501336,745.3333509669513,-172.0886209502318
80.27180565037399,745.4269966309752,-171.98686130701822
79.95194223866135,745.5006874873923,-171.9051007492464
79.61208939471398,745.5544264513114,-171.84333927735113
79.25224420347675,745.5882164382662,-171.80157689166083
78.87240375000083,745.602060364215,-171.77981359239757
78.47256511944371,745.5959611455423,-171.77804937967707
78.05272539706925,745.569921699057,-171.79495593395973
77.61341425915423,745.5254955075711,-171.82782186227737
77.1699818630347,745.4826846388058,-171.8724187346628
76.73514800088016,745.4599377635383,-171.92764437612044
76.30510732033956,745.457253914819,-171.99646245613224
75.8768687548508,745.4746326219064,-172.08088876860856
75.44820331869009,745.5120737928419,-172.18219427581502
75.01747632825341,745.5695776152046,-172.30109715500802
74.58348322607816,745.6471444818321,-172.43791294682254
74.14532350707182,745.7447749377853,-172.59266310152745
73.7148953176287,745.8495563343037,-172.7463541938927
73.30448327454395,745.950816357864,-172.88004436767878
72.9140871689928,746.0527170210461,-172.99373362217483
72.54370735652459,746.158857413463,-173.08742195677627
72.19334468731834,746.2724497866803,-173.16110937098492
71.86300046203215,746.3964738405314,-173.21479586440896
71.55267640746813,746.5338175673992,-173.2484814367629
71.26237467912081,746.6875201854276,-173.26216608786757
70.99209786410951,746.8602204564622,-173.27584981764142
70.74184883001803,747.0529586850882,-173.30953262600278
70.51163049503938,747.265731950179,-173.36321451277252
70.30144577726013,747.498537330182,-173.4368954776652
70.11129759466026,747.7513719031193,-173.530575520289
69.9411888651132,748.0242327465875,-173.64425464014582
69.79112250638588,748.3171169377575,-173.77793283663112
69.66110143613857,748.6300215533748,-173.9316101090341
69.54212609640487,748.9615753186889,-174.10528645653753
69.42513139250934,749.3104271935665,-174.2989618782179
69.30999085981584,749.6766140964721,-174.51263637304535
69.19658191296655,750.0601735105054,-174.74630993988362
69.08478716013535,750.4611436095726,-174.99998257749013
68.97449537588513,750.8795634254025,-175.273654284516
68.865602241356,751.315473013483,-175.56732505950595
68.75801074878312,751.7689136532443,-175.88099490089834
68.66108073149115,752.221137607931,-176.19466380703412
68.58421630583223,752.6533742359439,-176.48833177625417
68.52741455535275,753.0656206110673,-176.76199880699693
68.49067256349244,753.4578738075106,-177.01566489780714
68.47398741358435,753.8301308999089,-177.24933004733592
68.47735618885487,754.1823889633225,-177.4629942543407
68.50077597242377,754.5146450732373,-177.6566575176854
68.54424384730417,754.8268963055642,-177.83031983634015
68.58775689641149,755.1191407089275,-177.98398120938148
68.61131220266087,755.3913802215263,-178.11764163599233
68.61490684906472,755.643617754273,-178.23130111546192
68.5985379187416,755.8758562185049,-178.32495964718584
68.56220249491624,756.0880985259848,-178.3986172306661
68.50589766091952,756.2803475889013,-178.45227386551102
68.4296205001885,756.4526063198681,-178.48592955143525
68.33336809626648,756.6048776319241,-178.49958428825983
68.2171385050904,756.7571644384982,-178.49323807591216
68.0809336718532,756.9294696530194,-178.466890914426
67.92475651414148,757.1217961885263,-178.42054280394143
67.74860994964806,757.3341469576325,-178.3541937447049
67.55249689617192,757.5665248725254,-178.26784373706926
67.33642027161822,757.8189328449674,-178.16149278149362
67.10038294739866,758.090415229168,-178.0351408785436
66.84438747648376,758.377298074302,-177.88878802889099
66.56843504321672,758.6605428481365,-177.7224342333141
66.27252352574172,758.9238293231459,-177.53607949269747
65.95665000876994,759.167160410438,-177.32972380803207
65.62081157711876,759.3905390215454,-177.10336718041523
65.26500531571166,759.5939680684261,-176.8570096110506
64.88922830957836,759.7774504634632,-176.59065110124817
64.49347764385472,759.9409891194649,-176.30429165242435
64.07775040378286,760.0845869496646,-175.99793126610186
63.64204439563263,760.223076258697,-175.69156994390093
63.18636029692417,760.371031359993,-175.4052076874418
62.71069942139853,760.5274846599772,-175.13884449824718
62.2150628740297,760.6905380767863,-174.8924803777335
61.699451421498615,760.8575115889131,-174.6661153272108
61.165905799466984,761.0254562357401,-174.45974934788282
60.61827574563464,761.1920608489513,-174.2733824408469
60.059657567943304,761.3561164840651,-174.10701460709407
59.5000909654198,761.5148643024245,-173.9487962827235
58.94788783922814,761.6663573051121,-173.78703017482331
58.40223688827524,761.8114434232659,-173.62199184916258
57.862452219031276,761.9508449691929,-173.45390621663967
57.32342619478521,762.0976098457893,-173.27434727803382
56.780269345093565,762.2644536344726,-173.07478741804118
56.232812168251606,762.4513769506847,-172.85522663772295
55.68092428182109,762.658380431428,-172.61566493824665
55.1244960930106,762.8854647310663,-172.35610232088612
54.563430920849406,763.1326305189519,-172.07653878702166
53.99764203216823,763.3998784777932,-171.77697433813984
53.427051751344734,763.6872093022845,-171.45740897583357
52.855456157167524,763.9927477250362,-171.11840006531207
52.28637362756003,764.3151378176439,-170.75994760837807
51.719199678455986,764.6553986722035,-170.38149424342774
51.15336641845067,765.0145172366061,-169.98303997247353
50.58832677647595,765.3933497263384,-169.56458479763427
50.02354804046935,765.7922645977884,-169.12612872113507
49.4585107351627,766.2112618509565,-168.66767174530747
48.892699974846835,766.6503415610402,-168.18921387258933
48.336407025202014,767.1095033531142,-167.69075510552491
47.800183276541134,767.5887448132436,-167.17229544676476
47.284031648577916,768.0880630142608,-166.63383489906585
46.78795506091936,768.6074550285721,-166.07537346529142
46.311956419037315,769.1466293634768,-165.49691114841116
45.85603855847972,769.7050126426152,-164.89844795150105
45.42020423271144,770.2820498951344,-164.27998387774346
45.00445611591779,770.8772019636131,-163.6415189304271
44.58879687111369,771.4913074974002,-163.0030531129382
44.15396953787345,772.1254750680208,-162.38458642866294
43.7035043142702,772.7797072633364,-161.78611888089006
43.241968859740574,773.4540060064072,-161.20765047280196
42.77222497626551,774.148372686136,-160.64918120747467
42.29600952881261,774.862808362594,-160.1107110878779
41.814368821089616,775.5973138969474,-159.59224011687493
41.327925576663624,776.3518900310956,-159.09376829722282
40.82925219682015,777.1065378153227,-158.6152956315722
40.310688075412884,777.841259778058,-158.15682212246736
39.77223029833699,778.5560588204416,-157.71834777234628
39.21387600366935,779.2520090482227,-157.29987258354055
38.635622663565286,779.9327695847518,-156.90139655827545
38.037468426594806,780.603428782484,-156.5229196986699
37.41941216621091,781.2688119297071,-156.16444200673646
36.78145343207595,781.9333631197544,-155.82596348438136
36.12359178373248,782.588606648104,-155.48748413341335
35.44582482302397,783.2239475725376,-155.12900395564117
34.748149636692155,783.8393887963202,-154.75052295297107
34.03056331158463,784.4349332231423,-154.3520411274156
33.29306293465488,785.0105837571184,-153.9335584810937
32.53564559296226,785.5663433027886,-153.49507501623074
31.758308373672076,786.1022147651174,-153.03659073515834
30.961048364055518,786.6182010494944,-152.55810564031455
30.143863623777175,787.1343050616981,-152.05961973424368
29.306756101757358,787.670529707507,-151.5411330195965
28.449728719309753,788.2268778923083,-151.00264549913004
27.57278439785398,788.8033525210637,-150.4441571757078
26.675926058915564,789.3999564983086,-149.86566805229955
25.759156624125925,790.0166927281522,-149.26717813198144
24.82247901522236,790.6535641142779,-148.64868741793597
23.865896154048027,791.3105735599426,-148.01019591345198
22.909410962543074,791.9877229956899,-147.35962443262065
21.973026362647126,792.6850104624873,-146.70279256469902
21.056745276201788,793.4024330285889,-146.03555009803276
20.16057062494175,794.1399877618227,-145.35386921176988
19.28450533049481,794.8976717295902,-144.65397931398638
18.42855231438181,795.6754819988674,-143.93408864700643
17.592714498016655,796.4734156362039,-143.19419721465812
16.776994802706287,797.291469707723,-142.43430502087583
15.961395177372083,798.109642251445,-141.65441206970036
15.125913681785017,798.9079351945398,-140.8545183652788
14.27054740352548,799.6863514368537,-140.03462391186466
13.395293430279603,800.4448938786575,-139.19472871381774
12.500148849839265,801.1835654206471,-138.33483277560424
11.585110750102121,801.902368963943,-137.4549361017967
10.650176219071607,802.6013074100903,-136.55503869707405
9.695342344856963,803.2803836610591,-135.6351405662215
8.740606215664378,803.9395996469563,-134.6952417141307
7.805964919699523,804.578953409164,-133.73534214579956
6.8914155450700765,805.1984420172015,-132.75544186633243
5.996955179776877,805.7980625410125,-131.75554088094
5.122580911713938,806.3778120509659,-130.73563919493927
4.268289828668466,806.9376876178549,-129.69573681375363
3.4340790183208707,807.4776863128975,-128.6358337429128
2.6199455682447876,807.9978052077367,-127.55592998805291
1.8258865659070875,808.4980413744402,-126.45602555491637
1.0518990986678953,808.9783918855001,-125.33612044935198
0.29798025378060344,809.4388538138336,-124.19621467731491
-0.435872881608111,809.8794242327828,-123.03630824486667
-1.1496632204582715,810.3001002161144,-121.85640115817513
-1.843393675836587,810.7008788380201,-120.6564934235145
-2.517067160916435,811.0817571731166,-119.43658504726535
-3.1706865889778473,811.442732296445,-118.19667603591462
-3.804254873407495,811.7838012834717,-116.95676639604672
-4.417774927698671,812.1049612100879,-115.73685613424607
-5.011249665451278,812.4062091526097,-114.53694525699963
-5.584682000371807,812.687542187778,-113.35703377068796
-6.13807484627333,812.948957392759,-112.19712168158533
-6.6714311170754765,813.1904518451435,-111.05720899585963
-7.184753726804423,813.4120226229473,-109.93729571957239
-7.678045589592875,813.6136668046117,-108.83738185867882
-8.151309619680054,813.7953814690026,-107.73746741903663
-8.60454873141168,813.9571636954107,-106.61755240650355
-9.037765839239958,814.0990105635523,-105.47763682703477
-9.45096385772356,814.2209191535683,-104.31772068669187
-9.844145701527609,814.322886546025,-103.13780399164276
-10.217314285423665,814.4049098219135,-101.93788674816169
-10.570472524289713,814.4669860626503,-100.71796896262931
-10.90362333311014,814.5091123500769,-99.47805064153259
-11.216769456774614,814.5347868116806,-98.21813179146486
-11.509912899852589,814.5487340052368,-96.9382124191258
-11.78305519361404,814.553508659883,-95.63829253132147
-12.036197480711612,814.5518838448721,-94.31837213496425
-12.269340484332643,814.5468217269978,-92.97845123707287
-12.482484488717997,814.5413450161877,-91.61852984477247
-12.675629345081774,814.5383241124847,-90.23860796529448
-12.848774511205313,814.5402418931827,-88.83868560597672
-13.021919526696005,814.5406938787456,-87.43876277425447
-13.215065353544798,814.5318666999665,-86.05883947756305
-13.428213373299668,814.5135362512785,-84.69891572324028
-13.661364956626032,814.4860182074564,-83.35899151851761
-13.914521410751947,814.4498158669712,-82.03906687052017
-14.187683972754197,814.4053614144163,-80.73914178626673
-14.4808538283655,814.3529351075671,-79.4592162726697
-14.794032123338026,814.2928754128346,-78.19929033653519
-15.107220258354241,814.2191390209318,-76.93936398457173
-15.40042084346067,814.1254468478039,-75.65943722348794
-15.673636793960531,814.0117959786171,-74.3595100600899
-15.926871025263308,813.8781834989624,-73.03958250129004
-16.160126452884743,813.7246064948562,-71.69965455410714
-16.373405992446813,813.5510620527401,-70.33972622566634
-16.566712559677722,813.3575472594811,-68.95979752319914
-16.740049070411875,813.1440592023712,-67.55986845404338
-16.91341844058101,812.9105959414152,-66.15118737029808
-17.106823586116697,812.657159426193,-64.74329438741522
-17.32026742285282,812.3837525789969,-63.332447589073944
-17.5537528665167,812.090378322545,-61.91461921917318
-17.807282832729094,811.7770395799803,-60.486253280014395
-18.080860237004174,811.443739274871,-59.04456521660649
-18.3744879947495,811.0904803312103,-57.58707102305941
-18.688168888276614,810.7200012719766,-56.111219122403945
-19.021808200071057,810.3523050172464,-54.61554312043486
-19.37540385079439,810.0046588744594,-53.09986682805355
-19.74904905016773,809.677065763244,-51.564190253319715
-20.14274087934187,809.3695286074757,-50.00851340439939
-20.556476419360997,809.0820503306047,-48.432836289564975
-20.990252752769187,808.8146008108406,-46.837158917195225
-21.444067025684053,808.5659722020852,-45.22148129577523
-21.91791667542323,808.3337414526504,-43.58580343389644
-22.391800291936335,808.0991212808343,-41.93012534025666
-22.845719936830864,807.8445687658423,-40.254447023660056
-23.279678524555408,807.5700809962791,-38.55876849301713
-23.69367896966469,807.2756550611745,-36.84308975734476
-24.087724186819564,806.9612880499832,-35.10741082576614
-24.461817090787008,806.6269770525853,-33.35173170751084
-24.81596059644009,806.2727191592857,-31.576052411914777
-25.15015761875795,805.8985114608145,-29.780372948420226
-25.469378264994468,805.5054008503514,-27.984693326566944
-25.77783378318158,805.0958013328432,-26.209013555894693
-26.074412925402154,804.672558586581,-24.453333645845742
-26.358767635888714,804.2386711333633,-22.717653605756016
-26.631221824463996,803.7971436646524,-21.001973444855086
-26.89267045353751,803.3508608987889,-19.306293172266173
-27.144464956079908,802.9024934159148,-17.630612797006144
-27.388285004343164,802.4544375699661,-15.974932327985528
-27.622573627519277,802.0171167167714,-14.324327829064996
-27.844624945648285,801.5998291465121,-12.6643735249171
-28.05402608089419,801.202573042558,-10.996195296503398
-28.25072011919506,800.8253465489602,-9.32120339858928
-28.43541475684673,800.4681478523534,-7.641104245243655
-28.60975496514129,800.1309753116078,-5.957796908986893
-28.776020242632026,799.813827578456,-4.2731777839621
-28.936589930940322,799.5167036506731,-2.5890067239065173
-29.104908085684364,799.2196034070513,-0.895479020239418
-29.293271491351224,798.9025291731692,0.8180486881805765
-29.501683063801597,798.5654838727013,2.5515763922416914
-29.730145718789572,798.2084704297473,4.305104082725799
-29.97866237196261,797.8314917688324,6.078631750308422
-30.24723593886154,797.4345508149065,7.872159385558732
-30.53586933492053,797.0176504933453,9.68568697893955
-30.844565475467093,796.5807937299492,11.519214520807346
-31.15332646676353,796.1406229767883,13.372742001412236
-31.442151155396605,795.7142664819121,15.246269410897991
-31.711037462176378,795.3026570542271,17.139796739302028
-31.95998318204002,794.9065553984452,19.053323976555415
-32.18898602005666,794.5264106020521,20.986851112482867
-32.3980436415848,794.1623179623891,22.94037813680275
-32.587153715603584,793.8141764859636,24.909557855424627
-32.75631391164476,793.4821959151232,26.88538859181224
-32.921716999336475,793.1484440012584,28.87002282845808
-33.09772422061536,792.794717028135,30.870805673328135
-33.281431871383475,792.4210163119918,32.88840529529487
-33.47103279558188,792.0273428360073,34.92296928475714
-33.66516331665806,791.6136973575491,36.97453036195224
-33.862593697778415,791.180080446982,39.043142838213605
-34.06212353902109,790.7264924978913,41.128905896114226
-34.26257099323322,790.2529337299771,43.23195293406302
-34.45322026673066,789.7794037277195,45.35367852743939
-34.62393782541047,789.3231254826179,47.495403879636285
-34.774721600120024,788.8777383615097,49.657128979264954
-34.90557050919771,788.436452888934,51.838853814830316
-35.016484388885104,787.9935804656724,54.04057837473093
-35.10746378600959,787.5451537833642,56.262302647259006
-35.1785096802035,787.089197988054,58.50402662060041
-35.22962320207964,786.6255582268304,60.76575028283465
-35.26080477554613,786.1682469573967,63.03861969790279
-35.27205214849837,785.7309387819834,65.31518300187723
-35.263362404014224,785.3136307931117,67.59821909638735
-35.23473262527757,784.9163200828776,69.89044064390954
-35.18615990499557,784.538810029764,72.19452352556034
-35.117641638049776,784.1754653040134,74.51298768710579
-35.02917651622581,783.8161176351874,76.84765236584651
-34.920764611179266,783.4520009720552,79.1991140898186
-34.79240630954925,783.0934714801548,81.54895271388914
-34.64409939498726,782.7549218134312,83.87879090432762
-34.47584095141959,782.4363490623039,86.18862864874498
-34.287628062878646,782.1377503167669,88.47846593485856
-34.07945781350293,781.8591226663893,90.748302750492
-33.85132728753707,781.6004632003148,92.99813908357534
-33.60805848521562,781.3617692418221,95.22797492214495
-33.358404956877834,781.1430392431355,97.43781025434356
-33.117538871096286,780.944273201731,99.62764506842025
-32.896700846372624,780.7654734921788,101.79747935273045
-32.69588796701883,780.606643035221,103.94731309573595
-32.515097317240404,780.4677847511748,106.0771462860049
-32.3543259811364,780.3489015599317,108.1869789122118
-32.213571042699385,780.2499963809584,110.27681096313749
-32.092829585815515,780.1710721332958,112.3466424276692
-31.992098694264513,780.1121317355598,114.39647329480046
-31.91137642400713,780.0531781059766,116.4263035536312
-31.850664720047497,779.9742141627722,118.4361331933677
-31.80996649957078,779.8752428245626,120.42596220332256
-31.789284679655722,779.7562670103895,122.39579057291476
-31.788622177274625,779.6172896397196,124.34561829166967
-31.80798190929334,779.4583136324453,126.27544534921893
-31.847366792471245,779.2793419088845,128.1852717353006
-31.90677974346124,779.0803773897802,130.07509743975908
-31.966223011484725,778.8751491138711,131.94866400871103
-32.00569620478306,778.6767989560393,133.80998629759034
-32.025198413109244,778.4840140710093,135.6599882681519
-32.024728927565455,778.2954152171509,137.50075590503928
-32.00428721221874,778.1101194410442,139.33603744489383
-31.963872794697444,777.9281593356138,141.17107927866795
-31.903485135061892,777.7503567932007,143.01207461650108
-31.82312353241506,777.5780793212521,144.86600098277546
-31.72993660424644,777.3989624324163,146.73825137347828
-31.630262317038582,777.1998314995707,148.6305009838837
-31.52285790737537,776.9806854767014,150.54274980392958
-31.407074450096406,776.7415231839211,152.47499782344747
-31.282593540715574,776.4823433731325,154.4272450321625
-31.14927908775833,776.2031447643687,156.3994914196935
-31.007096836478418,775.9039260659241,158.391736975553
-30.85607141775105,775.5846859857525,160.40398168914703
-30.69066071772165,775.2524944239516,162.41622554978431
-30.50529938183695,774.9144657963375,164.40846854677346
-30.299988264860165,774.5704238117423,166.38071066952062
-30.074728278307763,774.2198116640276,168.3329519075383
-29.829520396450963,773.8625614907704,170.26519225044532
-29.5643654946198,773.5002328124406,172.17743168796693
-29.279264095476208,773.1359319430735,174.06967020993466
-28.974216213631838,772.773366034214,175.94190780628642
-28.649221010412255,772.4225898301885,177.81414446705767
-28.304275967588136,772.0917647731119,179.7063801822838
-27.939378170131416,771.7808879532247,181.61861494190276
-27.55452470312013,771.4899564603423,183.55084873574611
-27.14971265173843,771.2189673838554,185.50308155353912
-26.7249391012766,770.9679178127292,187.47531338490066
-26.28020113713107,770.7368048355038,189.4675442193433
-25.815495844804428,770.5256255402945,191.47977404627326
-25.35082128218402,770.3143779871144,193.51200285499039
-24.90617939630681,770.0830641251264,195.5642306346882
-24.481573106399527,769.8316868761715,197.63645737445384
-24.077005331582363,769.5602491625162,199.72868306326816
-23.692478990868953,769.268753906853,201.84090769000565
-23.32799700316637,768.9572040323,203.9731312434344
-22.983562287275088,768.6256024624007,206.12535371221625
-22.659177761888987,768.2739521211248,208.29757508490658
-22.334845635446424,767.9168629403284,210.4697953499634
-21.99056501362474,767.574332983049,212.62201449584464
-21.626333243522016,767.2517513599773,214.75423251110578
-21.24214741021275,766.9491151611633,216.8664493844086
-20.83800459887754,766.6664214762316,218.95866510452134
-20.41390189480311,766.4036673943816,221.0308796603185
-19.969836383382326,766.1608500043881,223.08309304078094
-19.505805150114202,765.9379663946004,225.11530523499596
-19.041806252882502,765.7150146252657,227.14751623214823
-18.597841638720585,765.4719966457814,229.19972602142258
-18.173914226851586,765.2089153782229,231.2719345919062
-17.770026936392085,764.9257737450907,233.36414193258003
-17.386182686352107,764.6225746693118,235.47634803231867
-17.022384395635086,764.2993210742383,237.6085528798903
-16.67863498303787,763.9560158836483,239.76075646395688
-16.354937367250688,763.5926620217456,241.9329587730739
-16.03129446686601,763.209261440872,244.12515979569056
-15.687709200476018,762.8058122046452,246.33735952014973
-15.324184486770067,762.3823114048215,248.5695579346879
-14.940723244543546,761.9387561335824,250.82175502743527
-14.53732839269786,761.4751434835354,253.09395078641563
-14.11400285024041,760.9914705477134,255.38614519954646
-13.670749536284578,760.4877344195755,257.6983382546389
-13.207571370049715,759.9639321930063,260.0305299393977
-12.744471270852259,759.4200619346033,262.3627202414302
-12.301452158008235,758.8561256005399,264.6749091483438
-11.878516950735747,758.2721261197029,266.96709664784316
-11.475668568146105,757.6680664214042,269.2392827277396
-11.092909929243799,757.0439494353818,271.4914673759505
-10.730243952926498,756.3997780917995,273.72365058049985
-10.387673557985027,755.7355553212466,275.9358323295179
-10.061053071109946,755.051283853057,278.12801261124116
-9.732339900616347,754.3469649346756,280.3001914140127
-9.387996961343958,753.6225969272828,282.4523687262818
-9.028758093731144,752.8781776044816,284.58475902367985
-8.655425305028237,752.1137048510459,286.69773140592866
-8.26884644663856,751.3291766734279,288.7915156114719
-7.869826899103884,750.5245911994144,290.8661964699502
-7.459092065996646,749.6999466685528,292.92174206420344
-7.037285561934894,748.8552414201321,294.95803008696794
-6.600156505140352,748.0104736474782,296.99464819677945
-6.143149303462266,747.1856406730504,299.0512647272971
-5.666261042468472,746.3807395975458,301.12787966758475
-5.169488807832519,745.5957675212361,303.2244930065999
-4.652829685333696,744.8307215439681,305.3411047331937
-4.1162807608570375,744.0855987651637,307.47771483611086
-3.5598391203933435,743.3603962838196,309.63432330398996
-2.983501850039196,742.6551111985075,311.81093012536303
-2.3872660359969724,741.9697406073744,313.9875352886648
-1.7711287645748621,741.3042816081423,316.14413878232983
-1.1350871221868806,740.658731298108,318.28074059489035
-0.4791381953528865,740.0330867741436,320.3973407149848
0.1967209293014034,739.4273451326964,322.49393913135805
0.8924931650443989,738.8415034697884,324.5705358328613
1.6081814250386208,738.2755588810171,326.62713080845225
2.343788622340685,737.729508461555,328.6637240471947
3.079317669910151,737.2033502784374,330.7003155382502
3.7947714807069923,736.6970862874242,332.7569052707802
4.490152967789072,736.2107194161381,334.83349323384857
5.165465044320989,735.7442525917769,336.93007941641304
5.820710623574062,735.2976887411136,339.04666380732493
6.455892618926313,734.8710307904962,341.1832463953291
7.071013943862457,734.4642816658478,343.33982716906416
7.666077511973879,734.0774442926668,345.51640611706244
8.241086236958623,733.7105215960263,347.6929832277587
8.796043032621379,733.3635165005749,349.8495584895877
9.330950812873457,733.0364319305356,351.9861318910818
9.845812491732786,732.7292708097071,354.1027034208796
10.340630983323889,732.4420360614627,356.19927306772615
10.815409201877866,732.1747306087508,358.2758408204728
11.270150061732387,731.9273573740948,360.33240666807734
11.70485647733167,731.6999192795929,362.3689705996038
12.119530390939024,731.4724192469538,364.38553260422276
12.514169855774517,731.2248601978865,366.3820926712109
12.8887719528773,730.9572450544906,368.35865078995147
13.243333763393084,730.6695767392908,370.315206949934
13.577852368574138,730.361858175238,372.2517611407544
13.892324849779316,730.0340922857084,374.168313352115
14.186748288474067,729.686281994504,376.06486357382437
14.46111976623045,729.3184302258526,377.94141179579753
14.722779964536674,728.9505395474146,379.7979580080558
14.979031175808528,728.6026111010774,381.6345022007269
15.229800577592558,728.2746456812292,383.45104436404495
15.475028717978368,727.9666440918002,385.24758448835036
15.714662629116704,727.6786071448545,387.02412256408996
15.948651648218883,727.4105356599756,388.78065858181685
16.176944811165146,727.1624304641321,390.5171925321906
16.39948919692634,726.9342923918532,392.2337244059771
16.609129622470427,726.706122630709,393.9331120331548
16.798735575368966,726.4579237558614,395.61765221388265
16.968304137751392,726.189698689413,397.2865270237637
17.117832391853685,725.9014503538921,398.9398845166296
17.247317420018394,725.5931816722524,400.5794542006708
17.35675630469465,725.2648955678732,402.2088064922007
17.446146128438176,724.9165949645593,403.8331699768561
17.515483973911312,724.5482827865409,405.45912584039706
17.564767377517576,724.1692932432188,407.07767603922747
17.593995555189995,723.7861812154024,408.6762240734094
17.603167498250137,723.393333867507,410.25476993444244
17.5922813971921,722.9855674947086,411.81331361393256
17.56251095740781,722.5591694411327,413.3518551035922
17.5204468387157,722.1127767574894,414.87039439524
17.474239380412993,721.6463905772142,416.3689314808011
17.42776186321946,721.1600111833533,417.8474663523069
17.388468941435082,720.6719386898242,419.3059990018953
17.357557708277323,720.2021716835352,420.7445294218104
17.32738519184321,719.7524090702311,422.16305760440275
17.29428940122485,719.3226510428751,423.5615835421292
17.256621485253753,718.9128981633154,424.94010722755314
17.21365176697965,718.5231511586447,426.2986286533441
17.165079640429834,718.1534108273742,427.6371478122781
17.110810053669788,717.803677995145,428.95566469723747
17.05969376211097,717.4630333073496,430.25417930121097
17.02032695525864,717.1207301695265,431.5326916172936
16.992554341926727,716.7771672103879,432.7920253119348
16.97695159401114,716.4329798098146,434.0341954059602
16.974688325986044,716.0893646454085,435.26171347227677
16.986910650004955,715.7486294870271,436.47724532781564
17.012936075425856,715.4150214308613,437.6828519454786
17.048476209688424,715.0948607407051,438.8787648385537
17.097167850021282,714.7759155768474,440.079587768547
17.165812246506817,714.4436924217106,441.30040835838463
17.252251918458036,714.1008099325993,442.54122660157475
17.350809091056338,713.7494895545693,443.80204249151933
17.456614072028753,713.3910667646257,445.08285602151386
17.567751530327442,713.0261274241969,446.38366718474754
17.68340567357424,712.654953689513,447.70447597430325
17.80321404555821,712.2776970140101,449.0452823831576
17.9250085648527,711.8874178718534,450.38608640418954
18.046614624997613,711.4771209776364,451.70688803027815
18.16782605569171,711.046806374689,453.0076872544
18.28849916231712,710.5964741317521,454.28848406963806
18.4085443870119,710.1261243344745,455.5492784691816
18.52791798738526,709.6357570781248,456.7900704463263
18.646613727153476,709.1253724615148,458.0108599944741
18.764654895316415,708.5949705821197,459.2116471071335
18.892338797746497,708.0645510339407,460.3953011293049
19.039947100548833,707.5541114110605,461.5633183811401
19.207482719800833,707.0636488074299,462.71381502826574
19.394948571473947,706.5931603165743,463.8458374589126
19.60234757143364,706.1426430315939,464.95840014383765
19.827465113772885,705.7120941529671,466.05096035633034
20.06546742134902,705.3015114392898,467.1235180905809
20.31173432092416,704.9108933632733,468.1760733408859
20.551104448580432,704.5202395539802,469.20862610164846
20.77041646898007,704.1095522968347,470.22117636737784
20.969667464094538,703.6788345173865,471.2137241326897
21.148854516001986,703.2280891416107,472.18626939230614
21.30797470688725,702.7573190959081,473.13881214105567
21.447025119041875,702.2665273071051,474.071352373873
21.566003057226023,701.7602906975587,474.9838900857994
21.664906958626236,701.2481820796093,475.87642527198227
21.743735989151922,700.7256303858559,476.74895792767563
21.802487696755517,700.1830686594653,477.6014880482397
21.841159164262276,699.6204998287897,478.4340156291411
21.859747474604234,699.0379268226063,479.2465406659528
21.859300746039036,698.4368298082235,480.03906315435415
21.844045985879518,697.8230130115668,480.8115830901309
21.818810333429816,697.2028104518333,481.5641004691752
21.786103474691185,696.5792205850997,482.29661528748534
21.741025990221157,695.9444351594685,483.0091275411662
21.682263186551737,695.2896574140836,483.70163722642906
21.616932325829413,694.614888782752,484.37414433959134
21.549275599664973,693.9201298872483,485.026648877077
21.48179408411227,693.205380868864,485.65915083541626
21.41597692189796,692.4706415843956,486.2716502112458
21.352721013499202,691.7159117203691,486.8641470013086
21.29257394421322,690.9411908601579,487.43664120245404
21.24402809301642,690.1491558254888,488.009132811629
21.21536590535311,689.340526172584,488.60162182578034
21.2065847350967,688.5126213036009,489.21410824175746
21.217681700533745,687.6647162657109,489.8465920563035
21.248653884742907,686.7968081600376,490.4990732660552
21.299498370697158,685.9088940881296,491.1715518675428
21.370212241263808,685.0009711519614,491.8640278571905
21.4607925792045,684.0730364539328,492.57650123131594
21.551237439471553,683.1450880691209,493.29804097135917
21.621548766167763,682.2371279617528,494.01927112768107
21.67172947578157,681.3491590679531,494.7430728307167
21.703252537626938,680.4811842519554,495.4722169551694
21.719733934116565,679.6332059875239,496.2091336195364
21.72464361731718,678.8052261954401,496.955193847368
21.720199174558598,677.9953695915304,497.7109105422018
21.70808892961964,677.1995453759542,498.4764116473498
21.702486112712712,676.3996307385592,499.2368040093719
21.716765521558973,675.579715468418,499.97719371668444
21.750924239220165,674.7397966660577,500.69758076535027
21.80495934865232,673.8798714324307,501.39796515153876
21.87886793270578,672.9999368689148,502.0783468715255
21.966855463409992,672.0999903588687,502.7387259216926
22.060117033883298,671.1800305586464,503.3791022985284
22.155254206558684,670.2400570106971,503.99947599862764
22.255731058800492,669.2909660234889,504.61984701868266
22.36569055457385,668.3444838516406,505.2602153553857
22.48568793939427,667.4025528223318,505.92058100533154
22.616194729553673,666.4677028038916,506.6009439650087
22.757579326151358,665.5430181041692,507.3013042307993
22.910168080191003,664.6319501975191,508.02166179897915
23.074377278553744,663.7380403540952,508.7620166657177
23.250854975154542,662.8635749609774,509.522368827078
23.423602696830056,661.9890837032402,510.28271827902586
23.576221793420295,661.0945687192121,511.02306501752685
23.70870934725138,660.1800329447274,511.74340903864413
23.825375953556684,659.2454791063469,512.4437503385473
23.93380010478132,658.2909089333957,513.1240889135121
24.038886831978196,657.316323230728,513.7844247599209
24.143062058123892,656.3217222874904,514.4247578742622
24.247482386666096,655.3071061421159,515.0450882531312
24.352362922175992,654.2724747304488,515.6454158932291
24.457700660568396,653.2178279930121,516.2257407913639
24.56383931272898,652.1431658390677,516.7860629444494
24.67122816164357,651.0484881206057,517.3263823495062
24.780477985976848,649.9337946131199,517.846699003661
24.892441631958953,648.7990849865276,518.347012904147
25.00832692698943,647.64435876207,518.8273240483039
25.129844015517715,646.469615250195,519.2876324335776
25.24459063845756,645.2748541838037,519.7370926767331
25.3391619568317,644.0600778535863,520.1851753135156
25.416530631581708,642.8252890575293,520.6321172112351
25.482717620667692,641.5704898672296,521.0778384811978
25.54154594128377,640.2956815794855,521.5224699497716
25.593192204967934,639.0008652211887,521.9665845699022
25.634840488183418,637.6860420058349,522.4117195096377
25.660284469899434,636.3512138010237,522.8609821605298
25.681472391261522,634.999631310478,523.3233130321278
25.713551752925994,633.6334495360684,523.8056411209171
25.75532028874464,632.2509307577836,524.3079664243329
25.806198856523732,630.851072721853,524.8302889397041
25.871445330534833,629.4323613533327,525.3587742464393
25.956483848808134,627.9936390257611,525.8812255820332
26.061311494029113,626.5349028528176,526.4007940047638
26.18592534877801,625.0561499486068,526.9206117535931
26.330322495529867,623.5573774276594,527.444385922332
26.49450001665451,622.0385824049307,527.9767865931464
26.678454994416594,620.4997619958024,528.5228796468394
26.8821845109756,618.9409133160812,529.0869858479082
27.08568662068216,617.3820344542515,529.6710155699008
27.268963267037893,615.8431273879477,530.2750424753305
27.432017365930545,614.3241950667017,530.8990665609853
27.57514766217453,612.8252404252388,531.543087823547
27.698357071871076,611.3462663547141,532.2071062595909
27.801352682408194,609.8872757890024,532.8911218655861
27.88413741010052,608.4482716759343,533.5951346378954
27.94671417137018,607.0292569629154,534.3191445727751
27.989084910459294,605.6102345969612,535.0616513058869
28.01124768256767,604.1712075250874,535.8226548332826
28.013199570715134,602.7121786946996,536.6036555114038
27.994937658028977,601.2331510536286,537.4046533360972
27.95645902774398,599.734127550131,538.2256483031038
27.897760763202427,598.2151111328885,539.0666404080577
27.818839947854126,596.6761047510084,539.9276296464869
27.71969366525641,595.1171113540232,540.8086160138133
27.620319971352753,593.5581329195677,541.7095995053519
27.540720811237602,592.019167536127,542.6305801163118
27.480899102196553,590.5002123195088,543.5715578417955
27.44085776141004,589.0012643850953,544.5325326767996
27.420599705953315,587.5223208478432,545.5135046162139
27.420127852796423,586.0633788222837,546.514473654822
27.4394451188042,584.6244354225228,547.5354397873012
27.47855442073626,583.205487762241,548.5764030082224
27.537458675246953,581.8065329546934,549.6173633120592
27.616160798885385,580.4275681127097,550.638320693285
27.714663708095383,579.0685903486942,551.6392751464708
27.832970319215477,577.7295967746262,552.6202266662941
27.97108354847889,576.4105845020592,553.5811752475386
28.12900631201353,575.111550642122,554.5221208850943
28.304508619978233,573.8324924140687,555.4430635739577
28.48827618943364,572.5734078153323,556.3440033092318
28.682543869841172,571.3142958761514,557.2389094731737
28.896387214144074,570.0351541710168,558.1380317842167
29.127963542609706,568.7359799462571,559.0339392771657
29.37444077407108,567.4167708311753,559.9197667441177
29.63359604635595,566.0775248204635,560.7895287541775
29.903645341905253,564.7182402000856,561.6398407826676
30.18320676655305,563.338915486892,562.4701498246166
30.471253313568155,561.9395493722226,563.2804558756092
30.773220746156607,560.5201403755606,564.0773360766717
31.09498019694181,559.0806858957269,564.8673084039011
31.436528747350458,557.6211830464047,565.6494111366835
31.79786355212407,556.1431391956065,566.4213665620922
32.17898215508869,554.6500263480606,567.1802800880298
32.57988265593105,553.1458737011396,567.9231721209999
33.00056375653393,551.6349007605438,568.6473218161224
33.44102478643155,550.1214853465835,569.351468487441
33.881266102523945,548.6179282658919,570.0556121312028
34.30129012945629,547.1343084533464,570.7797527436543
34.70109978185741,545.6706288572869,571.523890320945
35.08069797446362,544.2268924256283,572.288024859118
35.44008762211871,542.8031021058604,573.0721563541098
35.779271639773945,541.3992608450477,573.8762848017508
36.09825294248801,540.0153715898298,574.700410197765
36.397034445427046,538.6514372864208,575.5445325377701
36.69105323648805,537.3074601302874,576.4086518172775
36.995507412809786,535.9834393267989,577.2927680316919
37.30991599719504,534.6793733889563,578.1968811763123
37.63384405006761,533.3952608979566,579.1209912463308
37.96698096327491,532.1311004898605,580.0650982368336
38.30915826995748,530.8868908355995,581.0292021428003
38.66033586109502,529.6626306210437,582.0133029591041
39.02057838683563,528.4583185299712,583.0174006805121
39.395295029289755,527.2739529746661,584.0414953016849
39.78984102304219,526.1095313235664,585.0855868171769
40.20421928285725,524.9650506844852,586.1496752214362
40.63843272339377,523.8405081648102,587.233760508804
41.09248425920513,522.7359008715046,588.3378426735161
41.566376804739214,521.6512259111059,589.4619217097012
42.0601132743384,520.5864803897271,590.605997611382
42.573696582239535,519.5416614130559,591.7700703724748
43.08712964258281,518.5167670586426,592.9541399867899
43.58041533403521,517.5110695907674,594.1582064480306
44.05355631641314,516.5222572655807,595.3822697497942
44.50655482743577,515.5471328980475,596.6263298855719
44.93941263358668,514.582434292293,597.8903868487481
45.35213101974496,513.6248206694561,599.1744406326013
45.744710776185165,512.6708498911571,600.4784912303033
46.1171521815212,511.71694558307894,601.80253863492
46.489455601468244,510.77213460086307,603.1265828394194
46.88162342329541,509.84726787224844,604.4306238367695
47.29365856177966,508.94234249993633,605.7146616200363
47.72556393159229,508.0573555862027,606.9786961823918
48.177342447298955,507.1923042328986,608.2227275171144
48.64899702335962,506.34718554144996,609.4467556175889
49.14053057412857,505.52199661285766,610.6507804773064
49.65194601385437,504.7167345476977,611.8348020898645
50.183245284392434,503.91139644615623,612.9988204489671
50.73442643834265,503.08597940842,614.1428355484244
51.30548655591178,502.240480535066,615.2668473821532
51.89642271720083,501.37489692709727,616.3708559441762
52.50723200220514,500.48922568594253,617.454861228623
53.137911490814396,499.58346391345646,618.5188632297294
53.788458262812576,498.6576087119195,619.5628619418375
54.45886939787804,497.71165718403824,620.5868573593955
55.14914294787096,496.7656064329094,621.5908494769586
55.85928085369566,495.83945356163053,622.5748382891878
56.58928602843825,494.93319567290956,623.5388237908508
57.33916138507924,494.0468298690297,624.4828059768214
58.10890983649343,493.1803532518492,625.4067848420801
58.89853429544999,492.3337629228018,626.3107603817135
59.70803767461237,491.50705598289596,627.1947325909148
60.537422886538316,490.70022953271575,628.0587014649833
61.36669284368871,489.91328164470775,628.9026669993248
62.17585045852506,489.14621428004364,629.7266291894514
62.964898643606965,488.39903037175765,630.5305880309818
63.733840311600936,487.6717328524593,631.3145435196408
64.4826783752804,486.96432465433327,632.0784956512598
65.21141574752572,486.2768087091395,632.8224444217764
65.9200553413241,485.6091879482131,633.5463898272344
66.60860006976966,484.9614653024642,634.2503318637845
67.27705187377592,484.31364370241363,634.9342705276832
67.92540880521344,483.64572607858275,635.5982058152938
68.55366794377223,482.9577153618833,636.2421377230855
69.16182636924914,482.249614483653,636.8660662476345
69.74988116154796,481.5214263756554,637.469991385623
70.31782940067934,480.77315397008,638.0539131338393
70.86566816676087,480.004800199542,638.6178314891786
71.39339454001703,479.21636799708267,639.1617464486422
71.90100657306674,478.4278602961334,639.6856580093378
72.38850620778562,477.6592800301262,640.1895661684795
72.85589635844372,476.91063013210334,640.6734709233876
73.30317993941796,476.1819135346821,641.1373722714891
73.73035986519223,475.4731331700548,641.581270210317
74.1374390503573,474.7842919699886,642.005164737511
74.52442040961085,474.11539286582564,642.4090558508169
74.8913068577574,473.4664387884829,642.7929435480871
75.23810033742089,472.8174326684877,643.1768278272714
75.56479890218235,472.1483774363677,643.5807086863196
75.8713996334422,471.4592760230408,644.0045861230839
76.15789961270775,470.75013135985046,644.4484601353104
76.42429592159321,470.0209463785658,644.9123307206388
76.67058564181967,469.27172401138154,645.3961978766023
76.89676585521515,468.502467190918,645.8990671786696
77.10283364371459,467.71317885022125,646.417296685005
77.28878706164733,466.9238619227272,646.9365979316508
77.45462805259943,466.1545193418721,647.4442116318318
77.60035953255137,465.4051540407024,647.9379049075026
77.72598441759051,464.6757689518392,648.4154496199762
77.83150562391118,463.96636700747825,648.8746186014922
77.9169260678146,463.2769511393901,649.3140412088547
77.98224866570887,462.6075242789199,649.7334603634639
78.02747633410894,461.9580893569875,650.1328760630894
78.05261101734921,461.30864930412275,650.525359174332
78.05765077072112,460.6392070508556,650.9227184583652
78.04765560124157,459.94976528197515,651.3221330729568
78.03152855671036,459.24032551134525,651.7209870124708
78.0147007372915,458.5108881824721,652.117805644431
77.99952258352619,457.7614532060203,652.512065520883
77.9871430453067,456.9920202485502,652.9037089243142
77.97815217024706,456.2025888543545,653.2929089476299
77.97083835552814,455.40982557382387,653.670947905926
77.96333839967335,454.62941827224086,654.0289833883006
77.95574390187757,453.85942347318513,654.3670153928499
77.94813401723324,453.09793461960356,654.6850439177764
77.94057868408458,452.3430984353812,654.9830689613889
77.9331387641728,451.5931318827443,655.2610905221026
77.92586515806036,450.84633761078516,655.5191085984392
77.9187979347649,450.1011164706196,655.7571231890265
77.92178931528213,449.36629508124395,655.9951342925903
77.94445370101936,448.6495679288401,656.2531419078558
77.98658236699156,447.94592535685047,656.5311460334511
78.04839921089166,447.24929184722106,656.8291466678982
78.13011585055199,446.553721948753,657.147143809612
78.23173201208131,445.8533383204448,657.4851374569018
78.35324657641362,445.14243264204976,657.8431276079702
78.49465760764053,444.4155147024369,658.2211142609137
78.65596338136689,443.6877889578796,658.5990974137311
78.83716559201468,442.97859080938963,658.9570770644212
79.0382670851169,442.2893647827533,659.2950532110807
79.2592707764665,441.6201079755846,659.6130258519122
79.50017958175059,440.9708174850723,659.910994985225
79.76099641655046,440.34149040798,660.1889606094345
80.04172419634153,439.732123840646,660.4469227230626
80.34236583649336,439.1427148789835,660.6848813247376
80.642923279991,438.55326159080323,660.9028364131942
80.9233945806702,437.94376593306606,661.1007879872734
81.18377682017721,437.31423083541057,661.2787360459224
81.42406708026513,436.6646592279008,661.4366805881953
81.64426244279385,435.99505404102644,661.5746216132519
81.84435998973014,435.3054182057027,661.692559120359
82.02435680314765,434.59575465327055,661.7904931088891
82.18424996522693,433.86606631549625,661.8684235783218
82.32403655825539,433.1163561245718,661.9263505282423
82.44371366462738,432.34662701311464,661.9642739583429
82.54327836684419,431.5568819141677,661.9821938684217
82.62272774751406,430.7471237611995,661.9801102583837
82.68205888935218,429.9173554881038,661.9580231282397
82.72126887518073,429.0675800292001,661.9159324781073
82.74035478792888,428.1978003192332,661.8538383082101
82.73931371063281,427.3080192933733,661.7727487785156
82.72382738879176,426.41823961087164,661.6926638894461
82.70034030293733,425.5484627888524,661.6325754817814
82.67028173042486,424.69868988772697,661.5924835558411
82.63492201667405,423.8689217716225,661.5723881118386
82.59540042340603,423.05915912905425,661.5722891498804
82.55272798679913,422.26940249170354,661.5921866699672
82.50778604501038,421.49965225325184,661.6320806719932
82.46132777048706,420.74990868823187,661.6919711557463
82.40423110924208,420.01698570741974,661.7718581209078
82.32702983026259,419.2969822016426,661.8717415670533
82.22972566923104,418.5875835293425,661.9916214936515
82.11231992372858,417.8852976910646,662.1314979000647
81.97481341842686,417.18768098293737,662.2913707855492
81.81720686158988,416.49589112973126,662.4712401492552
81.63950140103358,415.81440122164,662.6711059902258
81.4416989371297,415.14869607859254,662.8909683073983
81.22380207043248,414.50225941869223,663.1108270996127
80.98581368192704,413.87585600269057,663.3106823657085
80.7277366897412,413.2694887605849,663.4905341046231
80.44957401210966,412.683160621947,663.6503823154
80.15132856737387,412.11687451592303,663.7902269971892
79.83300327398209,411.57063337123344,663.9100681492471
79.49460105048935,411.0444401161732,664.0099057709365
79.13612481555747,410.5382976786115,664.0897398617265
78.77757748794612,410.05220801370444,664.1495704211925
78.43896198641536,409.58616918703274,664.1893974490165
78.12028119814542,409.1395306903373,664.2092209449866
77.82153783139276,408.71055413004643,664.2090409089973
77.53860995400524,408.29963988731816,664.1888573410497
77.26192642932608,407.90852180734146,664.148670241251
76.98382793188331,407.53744412918337,664.088479609815
76.70106547648558,407.1864073246571,664.0082854470617
76.4202798796478,406.8420268895534,663.9080877534176
76.14866269837975,406.4913780260471,663.7878865294156
75.88528022565464,406.13546432475124,663.6476817756947
75.62924014606602,405.7754155298199,663.4874734930005
75.3796347650308,405.4124036844276,663.3072616821848
75.13550864159829,405.0475521753787,663.1070463442062
74.89584353214237,404.68185008187476,662.8868274801291
74.65956536246387,404.3160902184293,662.6466050911246
74.43049881809674,403.94901844445866,662.3867566561158
74.21411555489023,403.57961588941896,662.1076022667783
74.01347752252254,403.208992491014,661.8095919005634
73.83166731066068,402.8381082720743,661.4943375518915
73.66980421107323,402.4676622157635,661.1641772599285
73.52788832364233,402.09817580553096,660.8213962270249
73.40591982029943,401.7301035513584,660.467996653222
73.30389893331082,401.3638159866908,660.1058622824922
73.22182540418926,400.9885096430229,659.7431934925529
73.15969684970139,400.5932138147602,659.3891097595011
73.11751035331524,400.17792559327813,659.0472079182088
73.09526299839284,399.7426420703775,658.7208809873076
73.09295186819013,399.2873603382844,658.4131640704221
73.1105740458571,398.8120774896504,658.1254436523805
73.14812661443771,398.3167906175525,657.8577197347126
73.20560665686995,397.80149681549307,657.6099923188422
73.26301222828212,397.2861941496519,657.3822614060864
73.30034527295274,396.7908845753587,657.1745269976564
73.31760870754562,396.3155710198406,656.9867890946566
73.31480544883127,395.8602564098994,656.8190476980856
73.2919384136869,395.4249436719115,656.6713028088351
73.24901051909649,395.0096357318278,656.5435544276909
73.1860246821506,394.61433551517393,656.4358025553323
73.10298382004649,394.23904594704993,656.3480471923323
73.01179826593318,393.86376937324707,656.2735086379274
72.92438223057681,393.46850582350373,656.2052460191329
72.84073796363369,393.05325474764555,656.1429489196132
72.7608496101868,392.61801559655413,656.0863288265163
72.6846878808891,392.1627878244527,656.0351156793656
72.61221361298355,391.6875708905931,655.9890552784519
72.54338041674951,391.1923642604931,655.9479073431536
72.47813662862801,390.6771674068408,655.9114440199146
72.42463659634915,390.16197941104883,655.8672657685099
72.39106404176911,389.6667977647611,655.8030840295048
72.37742188192874,389.19161956147934,655.7188988032404
72.3837130337629,388.73644189427995,655.6147100901645
72.40994041410049,388.301261855814,655.490517890831
72.45610693966435,387.8860765383071,655.3463222059005
72.52221552707134,387.49088303355944,655.1821230361395
72.60826909283222,387.1156784329459,654.9979203824213
72.71427055335172,386.76045982741607,654.8137142457165
72.84022282492853,386.4252243074941,654.6495046269958
72.98612882375521,386.10996896327885,654.5052915271325
73.15199146591821,385.81469088444396,654.3810749468932
73.33781366739787,385.5393871602377,654.2768548869386
73.54359834406841,385.2840548794831,654.1926313478228
73.76934841169788,385.048691130578,654.1284043299938
74.01506678594816,384.8332930014949,654.084173833793
74.28075638237497,384.6378575797811,654.0599398594557
74.56642011642784,384.4623819525588,654.0557024071106
74.87206090345002,384.3068632065249,654.0714614767804
75.1976816586786,384.17129842795106,654.1072170683813
75.54328529724441,384.055684702684,654.162969181723
75.90887473417199,383.9600191161451,654.2387178165093
76.29445288437962,383.8842987533307,654.3344629723372
76.70002266267933,383.82852069881204,654.4502046486976
77.10558601149819,383.772683009058,654.5659428449841
77.49114098411358,383.69678762968783,654.6616775605899
77.85668466161299,383.60083747899824,654.7374087950059
78.20221412519028,383.48483547571175,654.7931365478295
78.52772645614576,383.34878453897653,654.8288608187643
78.83321873588615,383.19268758836637,654.8445816076204
79.11868804592466,383.01654754388073,654.8402989143141
79.38413146788096,382.8203673259448,654.8160127388683
79.62954608348124,382.6041498554093,654.7775733535881
79.85492897455816,382.3678980535505,654.7312837717615
80.06027722305089,382.11161484207037,654.6780406990232
80.24558791100516,381.83530314309644,654.6187198435207
80.41085812057324,381.5389658791817,654.5541682805547
80.55608493401398,381.2226059733048,654.4851956749558
80.6812654336928,380.88622634886974,654.4125658546528
80.7863967020817,380.5298299297063,654.3369920878348
80.88829739454897,380.1734188223111,654.2501164947919
81.00335217225293,379.8369918835767,654.1432374227477
81.13071031374916,379.5205472576441,654.0163548722707
81.26956218181736,379.2240832096532,653.8694688440354
81.41913301886053,378.9475981202067,653.702579338823
81.5786775185949,378.69109048069436,653.5156863575211
81.74747563560895,378.45455888931826,653.3087899011232
81.92482970527081,378.2380020476356,653.0818899707297
82.09627534355144,378.0214194276842,652.8349865675469
82.24768924419173,377.78481326427664,652.5680796928881
82.37906848952422,377.5281864791168,652.2811693481723
82.49041016198794,377.251541994334,651.9742555349252
82.58171134412851,376.954882732483,651.647338254779
82.65296911859811,376.6382116165441,651.3004175094719
82.7041805681555,376.3015315699231,650.9334933008488
82.73534277566601,375.9448455164512,650.5465656308608
82.74645282410164,375.5681563803851,650.1396345015653
82.73750779654097,375.1714670864069,649.7126999151263
82.70850477616922,374.75478055962395,649.2657618738141
82.6594408462783,374.31809972556925,648.7988203800052
82.59031309026679,373.861427510201,648.3118754361826
82.50111859163995,373.3847668399028,647.8049270449358
82.39353021525902,372.8881205600166,647.2779752089604
82.27141391938191,372.3714910838255,646.7310199310583
82.15309100653755,371.83487953290296,646.1840612141295
82.05468968593577,371.27828378581376,645.6570990610734
81.97620704123752,370.7017009373435,645.1501334746922
81.91764015599779,370.10512808270306,644.6631644576817
81.87898611366568,369.48856231752876,644.1961920126312
81.86024199758442,368.8520007378821,643.7492161420241
81.86140489099137,368.1954404402502,643.3222368482373
81.88247187701799,367.51887852154533,642.915254133541
81.90344003869882,366.8223130513929,642.5282680000995
81.90430645906886,366.10574598899325,642.1612784499706
81.88506822194519,365.36919433581687,641.8142854851058
81.84572248494372,364.61413466273405,641.4872891073501
81.7862667662057,363.84359095054066,641.1802893184425
81.70669902079754,363.0604074976306,640.8932861200155
81.60701755048355,362.26631549212647,640.6227965385907
81.48722078225175,361.46126653464063,640.3578349751398
81.36730770296765,360.6578280101482,640.0844850187243
81.26727980186888,359.8687762225722,639.7994856091308
81.18713909965219,359.09283795838377,639.5089798376434
81.12688730908809,358.3269155885716,639.2182811282461
81.08652554860205,357.5661000265192,638.9314385895575
81.06605415488748,356.8048062207897,638.6516653414163
81.06547266408106,356.0377226527041,638.3818467441193
81.08477987678157,355.26006985419605,638.1247044444555
81.10397385792184,354.46600221810206,637.8845602754932
81.1030518649969,353.6519332495508,637.6644127145368
81.08201098114931,352.81786588253124,637.4642617627567
81.04084828962864,351.96380305145783,637.2841074212174
80.98264077548534,351.089747541443,637.1239496908768
80.91587248101528,350.197689779711,636.9837885725865
80.84856133358937,349.29117481202013,636.8636240670918
80.78427116455819,348.37234055701856,636.7634561750318
80.715632514932,347.4452439184691,636.6832848969392
80.63734774004695,346.513690517251,636.6223520526222
80.55443508955226,345.57816445750973,636.578303142589
80.4700592385955,344.63888589134586,636.5487242023265
80.38602230498539,343.6959358017077,636.5324124765415
80.30328551179542,342.74931320207133,636.5288116837542
80.22234738003779,341.79896871404384,636.5376828289086
80.14346741749235,340.84482391190943,636.5589404288835
80.07559250394432,339.8934392625342,636.5865537411615
80.02758092403,338.9540151564513,636.6187126912674
79.99943480057448,338.0317567735387,636.6643331790182
79.99115689585147,337.12938666592174,636.7290391885055
80.00275012120682,336.24701631658195,636.8137418121432
80.03421739344115,335.38464282723896,636.9184410494807
80.0855616292495,334.54226329918725,637.0431368999615
80.15678574522116,333.7198748332958,637.1878293629223
80.22789168556113,332.89747550233113,637.3325184376026
80.2788775053253,332.0550672682096,637.457204123242
80.3097402873802,331.19265306552506,637.5618864191774
80.3204771146994,330.31023582929674,637.6465653248521
80.31108507036348,329.40781849496926,637.7112408398158
80.28255199931651,328.4854039502475,637.7559129637245
80.240498398885,327.542994665387,637.780581696341
80.19162124828605,326.58059206155207,637.7852470375337
80.13258718276809,325.59819719553303,637.7699089872782
80.06470741763809,324.5958117473783,637.7345675456558
79.99661676108842,323.5734362611765,637.6792227128544
79.93083808170627,322.53107055148126,637.6038744891684
79.8681628262986,321.4687142135389,637.5085228749986
79.80885053213073,320.3863667727355,637.3931678708518
79.75299087298772,319.2840277310134,637.2578094773415
79.70061169438065,318.16169658234986,637.1024476951875
79.65989243548364,317.0193724212747,636.9470825252071
79.63900659297043,315.8612439866233,636.8117139682174
79.63795249298543,314.6961098738887,636.6963420249385
79.65672980447584,313.53356888322713,636.6009666959836
79.6953396407665,312.383746640405,636.5255879818602
79.75378440869312,311.2528473262706,636.4702058829689
79.83206697279014,310.14193804180167,636.4348203996043
79.93019024950362,309.05101589357935,636.4194315319545
80.04815618288669,307.9600779877951,636.4126793284911
80.18596282773714,306.8491214306404,636.4043207454444
80.34360726645988,305.7181433286969,636.3965823652658
80.5210865813543,304.5671407889716,636.3916739598967
80.71839785461428,303.39611091889714,636.3917884834259
80.9355381683283,302.20505082633167,636.399107467877
81.1725046044794,300.993957619559,636.415806227875
81.42929424494515,299.76282840728834,636.4440567246377
81.68590494322326,298.5275355203723,636.4886240584918
81.92233761692216,297.30348706786367,636.5531880077747
82.13859384282544,296.08977331661436,636.637748572143
82.33467506855992,294.8855400466377,636.742305751147
82.51058262233126,293.69001385210635,636.8668595442308
82.66631772808464,292.5025546745184,637.0114099507321
82.8018815310426,291.3227454213937,637.1759569698821
82.91727513539219,290.1504443292015,637.360500600806
83.01249939383601,288.9806316330468,637.5534542421045
83.08755410789668,287.80674552286763,637.7416809248602
83.14243848133754,286.6261474798879,637.9209225805854
83.17715139377782,285.4370030292424,638.0847400863681
83.19169148355569,284.23767100412414,638.2289781092506
83.18605710293527,283.02571606518006,638.3532127383252
83.16024622315055,281.7988116112711,638.4574439729311
83.1142566932285,280.5583610139321,638.5416718125141
83.06808751254998,279.32223887210944,638.6128320881702
83.04174083600132,278.1061220182915,638.674469678479
83.03521958058496,276.91000756128983,638.721858927559
83.04852666319792,275.7338926094905,638.7569191357136
83.08008874578776,274.5777743474829,638.7883457065074
83.12461211371513,273.4416504468092,638.8264393304194
83.17642737373262,272.3255194735621,638.8787464328843
83.23264290307209,271.22938059966486,638.9495021434554
83.28598432383494,270.15093207862463,639.0336279717399
83.3297550573774,269.0869848094511,639.1244411599156
83.36327638982321,268.0355929653634,639.2218148795446
83.38601738866365,266.9944262065118,639.3255737627537
83.39771182659837,265.9606935961073,639.4354634774027
83.3984825633887,264.9311312427137,639.5511607242145
83.38893316477372,263.9021151084505,639.6723574292918
83.37016948060199,262.86986892132563,639.7989138093232
83.33706123542659,261.8250611448013,639.938145581091
83.29152238052589,260.76025929100814,640.0973739499447
83.24655995216668,259.67577047586576,640.2765989150372
83.20739329491997,258.57194816664645,640.4758204754158
83.17393139348869,257.4488887070918,640.695038630021
83.14613090184766,256.3066872529231,640.9342533776871
83.123955493242,255.1454338224748,641.1934647171421
83.10737436059925,253.96521473871522,641.4726726470076
83.1034970394952,252.77620338241502,641.7518771658076
83.1165356839275,251.578008632054,642.0189546660965
83.13956803171138,250.35995962379795,642.285310286372
83.16782725372842,249.1219068568796,642.5542122444488
83.20031261783433,247.86384965444748,642.8245027122355
83.23659423627394,246.5857874328944,643.0941999652256
83.27627094010104,245.28771966711625,643.3610207182754
83.31884818586066,243.96964589645683,643.6224609170899
83.3526399885679,242.6515662796009,643.8903361127467
83.36624234624907,241.3534832067244,644.1734902245249
83.35965817569415,240.07539962210623,644.4645924952117
83.33289039380048,238.81731846959983,644.7585913352028
83.28594191757274,237.5792426926333,645.0526481747256
83.2188156641229,236.36117523420924,645.3464567954996
83.13151455067025,235.16311903690487,645.6421353905419
83.02404149454132,233.98507704287192,645.9431498958928
82.9150421375481,232.81724990760742,646.2377718572747
82.82097330801938,231.64442512493537,646.5123903822613
82.73818180599699,230.45790983060127,646.7670054693925
82.66422949485386,229.25291359206648,647.0016171173144
82.5973823903247,228.02792760232256,647.2162253247792
82.53619916705168,226.782950932237,647.4108300906458
82.47935517979204,225.51798285319379,647.5854314138796
82.42558611843923,224.23302282518037,647.740029293552
82.3829514915663,222.94807003803598,647.8946237288319
82.36013223624244,221.6831220239261,648.0692147188886
82.3566419601406,220.43817591649,648.2638022627935
82.36301058724888,219.2132293808274,648.4783863595122
82.36835747636562,218.008281944706,648.7129670079033
82.37027865357585,216.82333396629718,648.9675442067196
82.36814115073176,215.65838600056617,649.2421179546072
82.36180420592272,214.51343865248054,649.5366882501063
82.344112020323,213.38849288302376,649.8342737412358
82.30778472261552,212.28355104941147,650.116117831764
82.25265544435632,211.1986158842395,650.3792018706152
82.17905665821219,210.13369011491577,650.622282451049
82.08806821434345,209.08877636500023,650.8453595717729
81.98116095325999,208.0638770642489,651.0484332316004
81.8596756133988,207.05899443253045,651.2315034294517
81.72461383339052,206.07413051868625,651.3945701643534
81.59290103046484,205.10928645981107,651.5576334354296
81.48105027308658,204.1644601620057,651.7406932418043
81.38906447871285,203.23964872831476,651.943749582504
81.31694656469512,202.3348492613574,652.166802456449
81.25922215277768,201.43978739911392,652.3931682229343
81.21273461866038,200.54524306004356,652.6082507255958
81.18277675998056,199.65399303078718,652.8175840364019
81.1725064401773,198.77022802737488,653.0297166662175
81.18210938082123,197.89910643612714,653.25447591279
81.2115878010289,197.04565033571998,653.4979094181061
81.26094450415368,196.2121884865682,653.7613394484033
81.33018240679549,195.39871798934846,654.0447660022807
81.39930355989286,194.58743221387212,654.3481890782309
81.4483064553712,193.75853814272065,654.6716086746408
81.47718832269841,192.90984341296038,655.0150247897903
81.48652619276021,192.04114591021855,655.3784374218535
81.482188576178,191.1524481714362,655.7618465688978
81.47249820095958,190.24375152931316,656.1652522288845
81.46211615616764,189.3150563904839,656.5886543996684
81.4536262513018,188.36636265105014,657.0320530789979
81.45376105928445,187.41766966132127,657.4772168935976
81.4647939561348,186.48897577203533,657.9113765134654
81.48149673974139,185.5802798183281,658.3434585765607
81.50115006640377,184.69158118926933,658.7792209231242
81.52215994216535,183.82287958044833,659.222531509621
81.54356878878205,182.9741748696501,659.6760916495725
81.56480466004562,182.1454670439681,660.1418697954037
81.58553443650031,181.33675615515295,660.6213644340171
81.61589397661659,180.54804179013212,661.1151674503368
81.66614124822684,179.77932154717243,661.6244334256672
81.73627916792617,179.03059252557244,662.1520387868571
81.82631065220397,178.3018518242054,662.6996406270091
81.9362386174438,177.59309654151915,663.2672389432113
82.06606597992345,176.90432377553626,663.8548337324455
82.21579565581486,176.23553062385395,664.4624249915872
82.3854305611842,175.58671418364418,665.0900127174054
82.55497263971313,174.93787252397652,665.7177611102155
82.70441994593412,174.26900760307043,666.3263608805704
82.83376956219014,173.58012235182287,666.9169397241317
82.94301857093103,172.87121970155633,667.4907571001149
83.03216405471352,172.14230258401878,668.0491470155926
83.10120309620125,171.3933739313837,668.59346911916
83.15013277816479,170.62443667625007,669.1252814256529
83.17895018876978,169.8356025296419,669.647046902976
83.1876527519471,169.03345259791718,670.1745816179506
83.17623910514392,168.223432740727,670.7221127692271
83.14470794402108,167.4033511619299,671.2896403538939
83.09305761059477,166.5704653599282,671.8771643689331
83.02128600116227,165.7215073931815,672.4846848112206
82.9293905616265,164.85387164110412,673.1122016775258
82.82237826580965,163.96708766600185,673.759714964512
82.71233572352138,163.06263573478282,674.4272246687359
82.6142511141975,162.15026743381986,675.0951217492574
82.53603434169644,161.22889208094182,675.747785070158
82.47594731892963,160.28811520824584,676.3918113338777
82.43108491720889,159.32734596023687,677.0318191640614
82.4002581728338,158.34658223108656,677.6716124897322
82.38411421259322,157.34582194335485,678.3149821609868
82.3846416362999,156.32506282650095,678.9664298430938
82.40408972435334,155.28430227557968,679.6317702174542
82.44150374569499,154.23926233490326,680.2957100109027
82.49060964656996,153.19702209084372,680.9434256358354
82.54577452234363,152.14671024889532,681.5815377338515
82.60507980906554,151.08542075288668,682.2142341079239
82.66737819307802,150.01245414548148,682.8435066396339
82.73184246948288,148.92811300169913,683.4702540486412
82.79783448711777,147.83322751888323,684.0947541761612
82.86484919155856,146.72890094747808,684.7169247230978
82.94085538439764,145.62907626378083,685.3278753116051
83.03035804367566,144.53975650228168,685.9188222558536
83.12847232288209,143.45026086987352,686.4897655527008
83.2331121271165,142.35523075436134,687.0407051991106
83.34270971159744,141.25146083035787,687.5716411921535
83.45608536248781,140.1371163722496,688.0825735290063
83.57237090714194,139.01123429397748,688.5735022069517
83.6909334213019,137.8734069597853,689.0444272233796
83.82041772184381,136.72012501575372,689.5153485757767
83.969733782065,135.54790600262174,690.0062662616301
84.13887882525779,134.3564629010303,690.5171802783293
84.32785001490235,133.14528435731245,691.0480906231576
84.53664444726235,131.91407680787015,691.5989972932916
84.76525920436518,130.66283736183274,692.1699002858021
85.01369136813285,129.39156312875502,692.7607995976531
85.28193802038197,128.1002512186175,693.3716952257025
85.54999689844522,126.80238569603097,693.9870704735936
85.79786845201299,125.51330389729202,694.5932252424064
86.02555423563905,124.23669970447206,695.1936397332602
86.23305633765243,122.9761795874962,695.7915104378974
86.42037733022907,121.73456956989578,696.3898861440695
86.58752007765007,120.51293370428255,696.991973855405
86.73448749588894,119.31127493330203,697.6015256751291
86.86128250102651,118.12959619917446,698.2230270052048
86.96790800925086,116.96790044369477,698.8617134337367
87.05436693685733,115.82619060823261,699.5203961460251
87.1206622002485,114.70446963373226,700.1987783217417
87.16679671593418,113.60274046071268,700.8955376725811
87.19277340053137,112.52100602926747,701.6083843965797
87.19859517076424,111.45926927906483,702.3344491767081
87.18426494346419,110.41753314934759,703.070974063569
87.14978563556973,109.39580057893316,703.8173520819823
87.09515935801865,108.37749282785244,704.5589277886089
87.0203851887742,107.34996723198238,705.2893126242197
86.92546239711916,106.32193342847911,706.0263221595692
86.81039157551355,105.30236202843967,706.7811435152239
86.67517453848103,104.29902990241555,707.555961112523
86.51981400515325,103.31561791828005,708.3507749473466
86.3443128883063,102.35223006112709,709.1655850154681
86.14867410573578,101.40886926810936,710.0003913125546
85.9329005753443,100.48553847595403,710.8551938341672
85.6969952151416,99.58224062096266,711.7299925757602
85.44096094324442,98.69897863901129,712.6247875326819
85.16480067787657,97.8357554655503,713.5395787001743
84.8685173373689,96.99257403560452,714.4743660733728
84.55211384015921,96.16943728377309,715.4291496473068
84.21559310479233,95.36634814422958,716.4039294168989
83.85895804992006,94.58330955072184,717.3987053769658
83.50221159429229,93.82032346428464,718.4134775222178
83.16535665665948,93.07738795637728,719.4482458472587
82.84839615567522,92.35450012574594,720.503010346586
82.55133300988729,91.65165707071118,721.5777710145911
82.27417013773766,90.96885588916788,722.6725278455589
82.01691045756249,90.3060936785853,723.7872808336678
81.77955688759211,89.6633675360071,724.9174214257814
81.56211234595098,89.04067455805134,726.0541468543396
81.36457877837024,88.41801184094592,727.2020656605062
81.18695424132542,87.77537648091864,728.3699805997279
81.02923581889873,87.11276557458704,729.5578916657943
80.89142059506649,86.430176218994,730.7657988523886
80.77350565369925,85.72760551160763,731.9937021530876
80.67548807856167,85.0050505503214,733.241601561362
80.59736495331265,84.26250843345406,734.5094970705761
80.5391333681228,83.50011238245301,735.7973886739876
80.50079043290954,82.71785949648483,737.1052763647482
80.48233323763193,81.91561075243523,738.4331601359031
80.4837588655258,81.0933632503186,739.7810399803911
80.50506439972125,80.25111409057477,741.1489158910449
80.54624692324263,79.38886037406894,742.5351847426487
80.60730351900865,78.50659920209178,743.9364062278445
80.68778783225622,77.6043276979168,745.350320776213
80.78190964606455,76.68204333126127,746.7776319663371
80.89011006240325,75.7517111077176,748.2222024715371
81.01817648749032,74.82766573262572,749.6867689980165
81.16611018084511,73.91454389383796,751.1713315379875
81.33391309006126,73.01732096329381,752.6758900835558
81.52158783303973,72.13938770165807,754.2004446267208
81.72913729237278,71.28142561969307,755.7449951593755
81.95656438381906,70.44343181859564,757.309541673307
82.20387202303155,69.62540339913737,758.8940841601953
82.45106312556636,68.82733843395202,760.4922680207249
82.67814060698024,68.04923888439797,762.0967177605033
82.885107382928,67.29110768369576,763.7054242317005
83.07196636917142,66.55294776464076,765.3166112865033
83.23872048157921,65.83476205960304,766.9290821828702
83.38537263612695,65.13655350052743,768.5424892750502
83.51192574889714,64.45832501893345,770.1573494187637
83.61838273607917,63.80007954591535,771.7747851134719
83.72474554167296,63.14181903989006,773.3838399499462
83.85101222052917,62.46354157012482,774.9728906739192
83.99717985511404,61.76524423398948,776.5419372769412
84.163245527788,61.04692412927938,778.0909797506687
84.34920632080566,60.30857835421542,779.6200180868645
84.55505931631583,59.55020400744401,781.1290522773978