
-80.06311498696915,784.7888886041989,-235.03239572499476
-80.93439980550164,784.501026098166,-235.99665790809632
-81.78572729553063,784.2214302513843,-236.94091883628184
-82.6170962625431,783.9501328497067,-237.86517850453018
-83.428505508711,783.6871377523669,-238.76943690792652
-84.21995383948328,783.4323854191086,-239.65369404166245
-84.99144007577345,783.1857115378887,-240.51794990103588
-85.7429630729553,782.9467928399661,-241.36220448145104
-86.47452199229998,782.71007243771,-242.1864577784186
-87.18611709933187,782.4690811824369,-242.99070978755555
-87.87774917252119,782.2219735904033,-243.77496050458524
-88.54941920729206,781.9675735705822,-244.53920992533733
-89.20112833495723,781.7051598813457,-245.28345804574795
-89.83287776781746,781.4343193166109,-246.00770486185945
-90.44466876171586,781.1548512468646,-246.71195036982064
-91.03650258972971,780.8667081213346,-247.3961945658867
-91.60838079909963,780.5642736137901,-248.06043744641906
-92.16030603025146,780.2419210557083,-248.7046790078856
-92.69228119711265,779.899647537297,-249.32891924686055
-93.20430921371671,779.5374501491891,-249.93315816002445
-93.69639299420325,779.1553259824427,-250.51739574416422
-94.16853545281789,778.7532721285407,-251.08163199617317
-94.62073950391232,778.3312856793912,-251.62586691305094
-95.05300806194425,777.889363727327,-252.15010049190352
-95.48534349697758,777.4387045431769,-252.65433272994326
-95.93774587773926,776.99304806834,-253.1385636244889
-96.41021415341022,776.5566107847093,-253.60279317296553
-96.90274677038475,776.1321706654742,-254.04702137290457
-97.40958142484678,775.7043165955585,-254.4740802360264
-97.9247365770342,775.2565370561023,-254.8882498847225
-98.4478558442714,774.7888332325268,-255.29245835061803
-98.9787384300831,774.3012062699975,-255.6896912196359
-99.51731285809726,773.7936572940888,-256.0829838366474
-100.06362070045436,773.2661874283264,-256.47542196539837
-100.61780779923515,772.7187978099843,-256.870148178111
-101.18011674864515,772.1514896047626,-257.27036937423503
-101.7566015070015,771.5842642985208,-257.66414758243985
-102.35316914994615,771.0371245331235,-258.03792442051065
-102.9698167574445,770.5100732373081,-258.39169988645983
-103.60654140935515,770.0031133393865,-258.72547397840617
-104.26334018542994,769.5162477672442,-259.03924669457473
-104.94021016531401,769.0494794483412,-259.3330180332971
-105.63714842854573,768.6028113097116,-259.6067879930111
-106.35415205455675,768.1762462779632,-259.8605565722609
-107.09121812267206,767.7697872792781,-260.1140215922592
-107.84834371210994,767.3834372394125,-260.38700478321675
-108.625525901982,767.0171990836964,-260.6797307988333
-109.42276177129321,766.6710757370339,-260.99237790598465
-110.2400483989419,766.3450701239032,-261.32502362528624
-111.07738286371978,766.0391851683562,-261.6776679549691
-111.93476224431194,765.7534237940191,-262.05031089315804
-112.8121836192969,765.4877889240918,-262.44295243787155
-113.70964408466236,765.2419231812846,-262.8555925870217
-114.62714082055263,765.0151770907986,-263.2882313384143
-115.56467109433483,764.806993796372,-263.7408686897487
-116.52223225141087,764.6168639896446,-264.213504638618
-117.49982170847504,764.4443232408336,-264.706139182509
-118.49743694717479,764.2889491453508,-265.218772318802
-119.51507550820104,764.1503582777752,-265.7514040447711
-120.55273498583496,764.028203004682,-266.30403435758404
-121.59041389356965,763.9042590486566,-266.8766632543021
-122.60811426480738,763.7604649740555,-267.46929073188033
-123.60583901099884,763.596817867359,-268.08191678716736
-124.58359104370088,763.4133148154721,-268.7145414169056
-125.54137327457657,763.2099529057243,-269.36716461773096
-126.4791886153952,762.9867292258697,-270.03978638617315
-127.3970399780322,762.7436408640873,-270.7324067186554
-128.29493027446918,762.4806849089805,-271.44502561149466
-129.19286241678503,762.1978594218651,-272.15764306091046
-130.1108393170584,761.8951663536312,-272.8502590631222
-131.04886388727022,761.5726086278812,-273.522873614447
-132.00693903929482,761.2301891686421,-274.17548671130805
-132.98506768489992,760.8679109003656,-274.8080983502351
-133.98325273574662,760.4857767479278,-275.42070852786424
-135.0014971033893,760.0837896366301,-276.0133172409378
-136.03980369927575,759.6619524921975,-276.58592448630463
-137.07817446246844,759.2402672684578,-277.1385302609199
-138.0966074428798,758.8387320300875,-277.67113456184495
-139.09509971823186,758.4573438690851,-278.18373738624774
-140.07364836635284,758.096099877023,-278.67633873140244
-141.03225046517687,757.7549971450474,-279.14893859468964
-141.97090309274424,757.4340327638782,-279.60153697359624
-142.88960332720123,757.1332038238094,-280.03413386571555
-143.78834824680033,756.8525074147087,-280.44672926874716
-144.66713567606422,756.5765919932325,-280.8393231804971
-145.52596640943514,756.2904113404912,-281.21191559887774
-146.36484191421502,755.9945566317398,-281.5645065219078
-147.18376357352773,755.6895870790922,-281.89709594771233
-147.9827326907696,755.3760331072455,-282.2096838745228
-148.76175049351832,755.0544003035873,-282.502270300677
-149.52081813685058,754.7251737421444,-282.7748552246191
-150.25993670598152,754.388822849219,-283.0274386448996
-150.97910754528294,754.0390779441461,-283.26002056017535
-151.67833325181667,753.6694364707241,-283.47260096920957
-152.35761673872685,753.2798955203052,-283.66517987087195
-153.01696091926374,752.8704521846663,-283.83775726413836
-153.65636870678352,752.4411035560091,-283.99033314809117
-154.27584301474846,751.9918467269605,-284.122907521919
-154.87538675672675,751.5226787905722,-284.23548038491685
-155.4550028463927,751.0335968403207,-284.32805173648615
-156.01469322523894,750.5445979700722,-284.40062157613465
-156.5544559457145,750.0756792736925,-284.4531899034764
-157.07428808808677,749.6268378446566,-284.485756718232
-157.57418673272923,749.1980707760142,-284.49832202022816
-158.0541489601213,748.7893751603889,-284.49088580939815
-158.51417212140635,748.3951827003552,-284.46344808578135
-158.95425496474752,748.0034520735852,-284.4160088495238
-159.37439796804298,747.603586281475,-284.34856810087774
-159.79460291204674,747.1876218025794,-284.26112584020177
-160.23487252467334,746.7517200707938,-284.15368206796086
-160.69520972044393,746.2958840126246,-284.0262367847264
-161.17561741377295,745.8201165550031,-283.878789991176
-161.6760985189682,745.3244206252858,-283.7113416880938
-162.19665595023056,744.8087991512541,-283.5238918763702
-162.73729262165438,744.2732550611146,-283.31644055700195
-163.29801144722705,743.7177912834986,-283.0889877310922
-163.87881436854184,743.1624107474272,-282.8415333998504
-164.4796994379354,742.6271163819209,-282.5740775645924
-165.1006637353502,742.1119111156098,-282.2866202267405
-165.74170434062185,741.6167978766981,-281.97916138782324
-166.40281833347927,741.1417795929643,-281.6517010494755
-167.08400279354464,740.6868591917607,-281.30423921343856
-167.7852548003334,740.252039600014,-280.93677588156015
-168.50657143325427,739.8373237442245,-280.54931105579425
-169.23316917728337,739.4227138319059,-280.1618447381923
-169.95049386752464,738.9882092071454,-279.7943769308058
-170.65899671500327,738.5338085504987,-279.44690763558884
-171.3591240627607,738.0595106079635,-279.1194368543891
-172.0513183810117,737.5653141903358,-278.81196458894794
-172.7360199794639,737.0512181727589,-278.52449084090034
-173.41366974436096,736.5172214945944,-278.25701561177493
-174.08471307000252,735.9633231597772,-278.0095389029941
-174.74260860822997,735.389521897709,-277.7620607158826
-175.38059207050978,734.7958151331213,-277.49458105176535
-175.99866637031175,734.1821999621874,-277.2070999120646
-176.59683442121158,733.5486734815055,-276.8996172983091
-177.1750991368908,732.8952327880986,-276.5721332121339
-177.73346343113673,732.2218749794148,-276.22464765528036
-178.27193021784262,731.528597153327,-275.8571606295963
-178.79050241100748,730.8153964081334,-275.46967213703584
-179.28918195244862,730.1022698425214,-275.06218217965954
-179.76796689493943,729.4092145551781,-274.63469075963417
-180.2268543190716,728.7362276444004,-274.18719787923294
-180.66584130554267,728.0833062080593,-273.71970354083544
-181.08492493515595,727.4504473436,-273.2322077469276
-181.48410228882065,726.8376481480421,-272.7247105001017
-181.86337044755174,726.2449057179795,-272.1972118030564
-182.22272649247014,725.6722171495801,-271.64971165859663
-182.58216787000515,725.1120680950014,-271.08221006963385
-182.96169337901384,724.5591782445496,-270.49470703918576
-183.36130167088754,724.0174038574007,-269.8872025703764
-183.78099091551877,723.4895504293672,-269.2596966664362
-184.2207589329693,722.9776533877989,-268.61218933070194
-184.68060329018903,722.4831812623161,-267.94468056661685
-185.16052137231355,722.0071841380135,-267.25717037773046
-185.66051043533614,721.5504027142948,-266.54965876769853
-186.18056764163802,721.113419347795,-265.8221457402834
-186.7206900850249,720.6965132912827,-265.0746312993536
-187.28087484576227,720.2996874709216,-264.3071154488841
-187.861119004009,719.9229448124499,-263.51959819295615
-188.46141963981734,719.5662882411797,-262.7120795357575
-189.08177383313276,719.229720681997,-261.8845594815821
-189.7221786637942,718.9132450593626,-261.0370380348304
-190.38263121153398,718.6168642973105,-260.16951520000913
-191.06312952826516,718.320581319485,-259.2819909817313
-191.7636755549441,718.0043990495295,-258.37446538471653
-192.48427220470788,717.6683204114771,-257.4469384137905
-193.22492239058704,717.3123483297854,-256.49941007388543
-193.98562902550543,716.9364857293372,-255.53188037003986
-194.76639502228034,716.5407355354398,-254.54434930739865
-195.56722329362228,716.1251006738255,-253.53681689121305
-196.38811675213515,715.6895840706512,-252.5092831268407
-197.22907762239666,715.2483391899647,-251.4817480197367
-198.0901054560734,714.8138970613239,-250.47421157535612
-198.97119951277242,714.3829828631898,-249.48667379905666
-199.87235953431835,713.9522664627472,-248.51913469608954
-200.7935857515984,713.5183771006529,-247.57159427159974
-201.73487889010786,713.0779069635716,-246.64405253062583
-202.6962401755699,712.6274074096057,-245.73650947810006
-203.67767134040787,712.1633814305259,-244.84896511884838
-204.6791739587117,711.696112951749,-243.9614194575992
-205.70074733552596,711.2379077512528,-243.0538724990809
-206.7423901281745,710.7892699844548,-242.12632424811952
-207.80410092306644,710.350672789268,-241.17877470964723
-208.88587824004733,709.9225605653722,-240.21122388870273
-209.98772053642008,709.50535146711,-239.22367179043104
-211.1096262105665,709.0994401615033,-238.21611842008352
-212.25159360516543,708.7052008170606,-237.18856378301786
-213.39362081631728,708.326972411916,-236.14100788469813
-214.51570512314197,707.9689091093468,-235.07345073069482
-215.61784360281047,707.6310080006044,-233.98589232668465
-216.7000333325997,707.3132661765142,-232.87833267845085
-217.76227138989276,707.0156807274752,-231.75077179188287
-218.80455485217885,706.7382487434603,-230.6032096729766
-219.8268807970532,706.4809673140159,-229.43564632783423
-220.82924630221723,706.2438335282624,-228.24808176266438
-221.81164844547848,706.026844474894,-227.04051598378197
-222.77408430475066,705.8299972421787,-225.81294899760832
-223.7165509580536,705.6532889179584,-224.56538081067103
-224.63904548351337,705.4967165896488,-223.29781142960414
-225.54156495936223,705.3602773442394,-222.01024086114802
-226.4241064639387,705.2439682682938,-220.7026691121494
-227.28666707568743,705.1477864479491,-219.37509618956136
-228.12924387315942,705.0717289689168,-218.02752210044335
-228.97183393500302,705.0157938887695,-216.65994685196114
-229.8344343398665,704.9799831538036,-215.2723704513869
-230.71704216630064,704.9642996821768,-213.86479290609915
-231.6196544927498,704.9687463916209,-212.43721422358274
-232.54226839755194,704.9933261994413,-210.98963441142894
-233.4848809589387,705.0380420225175,-209.5220534773353
-234.44748925503535,705.1028967773029,-208.03447142910574
-235.43009036386084,705.1878933798247,-206.5268882746506
-236.43268136332784,705.2930347456838,-204.9993040219865
-237.45525933124267,705.4183237900552,-203.45171867923645
-238.4978213453054,705.5637634276874,-201.88413225462986
-239.5603644831098,705.7293565729029,-200.2965447565024
-240.64288582214343,705.9151061395983,-198.68895619329624
-241.7453824397876,706.1210150412431,-197.06136657355972
-242.86785141331737,706.3470861908814,-195.4137759059477
-244.01028981990166,706.5933225011306,-193.7461841992213
-245.152694736612,706.8597259118944,-192.07859146223916
-246.27506324052015,707.1462944735006,-190.43099770385996
-247.37739240879554,707.453025263563,-188.80340293284482
-248.45967931871414,707.7799153592694,-187.1958071578486
-249.52192104765848,708.1269618373814,-185.60821038741977
-250.5641146731177,708.494161774234,-184.04061263000045
-251.58625727268756,708.8815122457363,-182.49301389392645
-252.58834592407044,709.2890103273712,-180.96541418742717
-253.5703786773628,709.6966530942306,-179.45781351862576
-254.53235747191755,710.0844376214058,-177.9702118955389
-255.47428521948157,710.4523609843774,-176.50260932607705
-256.3961648319085,710.8004202590505,-175.05500581804426
-257.2979992211585,711.1286125217549,-173.6274013791382
-258.1797912992983,711.4369348492452,-172.21979601695028
-259.0415439785013,711.7253843187005,-170.83218973896547
-259.8832601710474,711.993958007725,-169.4645825525625
-260.7249418170268,712.2626539665994,-168.09697446502247
-261.58658696737996,712.5514741347533,-166.70936548362664
-262.46819270066277,712.8604214235135,-165.30175561575368
-263.36975609532493,713.1894987437806,-163.8741448688886
-264.29127422971,713.5387090060291,-162.42653325062284
-265.23274418205534,713.9080551203073,-160.95892076865417
-266.1941630304924,714.2975399962374,-159.47130743078665
-267.17552785304645,714.7071665430157,-157.96369324493077
-268.17683572763667,715.1369376694119,-156.43607821910334
-269.19808373207627,715.5868562837697,-154.88846236142754
-270.23926894407236,716.056925294007,-153.3208456801329
-271.30038844122606,716.547147607615,-151.73322818355527
-272.3814393010325,717.057526131659,-150.12560988013695
-273.4824186008808,717.5880637727778,-148.49799077842647
-274.60332341805406,718.138763437184,-146.85037088707884
-275.7441508297295,718.7096280306641,-145.18275021485536
-276.8848988852747,719.2806594863263,-143.49512877062367
-278.0055695232075,719.8318558481279,-141.7875065633578
-279.10616565443087,720.3632141881283,-140.05988360213811
-280.18669018995473,720.8747315788108,-138.31225989615135
-281.24714604089564,721.3664050930838,-136.5446354546906
-282.2875361184769,721.8382318042801,-134.75701028715528
-283.3078633340285,722.290208786157,-132.9493844030512
-284.30813059898713,722.7223331128965,-131.12175781199048
-285.28833985260866,723.15460185907,-129.27413052369164
-286.24848914510596,723.6070120992475,-127.40650254797954
-287.18857555451103,724.079560907609,-125.51887389478539
-288.1085961589626,724.5722453579077,-123.61124457414674
-289.00854803670603,725.0850625234714,-121.68361459620755
-289.8884282660935,725.618009477201,-119.73598397121806
-290.74823392558386,726.171083291572,-117.76835270953491
-291.5879620937427,726.7442810386335,-115.7807208216211
-292.4076108215299,727.3175997900439,-113.77308831804595
-293.20718204916176,727.8710366174612,-111.74545520948516
-293.98667868924883,728.4045885929324,-109.69782150672079
-294.7461036545085,728.9182527889297,-107.63018722064122
-295.4854598577647,729.4120262783499,-105.54255236224122
-296.20475021194824,729.8859061345144,-103.43491694262191
-296.9039776300966,730.3398894311698,-101.30728097299074
-297.583145025354,730.7739732424875,-99.15964446466153
-298.24225531097113,731.1881546430635,-96.99200742905444
-298.88131140030555,731.582430707919,-94.80436987769603
-299.5003162068213,731.9567985125,-92.59673182221916
-300.0992726440891,732.3112551326772,-90.36909327436305
-300.6781836257864,732.6457976447466,-88.1214542459733
-301.23705206569707,732.960423125429,-85.85381474900186
-301.77588087771164,733.2551286518699,-83.56617479550701
-302.2952334349639,733.5299113288866,-81.25853439765342
-302.8065760628806,733.7847689007466,-78.93089356771206
-303.32072269740496,734.0197012550808,-76.58325231806032
-303.8377344821117,734.2347087994083,-74.21561066118188
-304.35819925199684,734.4297919875395,-71.82796860966681
-304.8831998485991,734.6049513969167,-69.42032617621153
-305.41412114208885,734.7601877878187,-66.9926833736188
-305.95246869771927,734.8955021328201,-64.54504021479774
-306.4998235182496,735.010895629152,-62.07739671276382
-307.0598327837586,735.1063698073242,-59.59600278908338
-307.6343617891112,735.1819267413293,-57.10410511527511
-308.2214460714066,735.2375684062017,-54.59584007239027
-308.81906071235494,735.2732964861692,-52.06796101544292
-309.4251386297615,735.289112366515,-49.52008168163026
-310.03759665099335,735.285017129795,-46.952202084500776
-310.6543411968898,735.2610115539358,-44.3643222377093
-311.2732749193462,735.2170961111477,-41.75644215501702
-311.8827861117301,735.1532705052385,-39.12856185029148
-312.4723130399929,735.0695323350219,-36.48068133750658
-313.041858617862,734.9658786861432,-33.812800630742565
-313.59142575917116,734.8423066446724,-31.124919744186023
-314.12101737786037,734.6988132971044,-28.417038692129918
-314.63063638797576,734.5353957303594,-25.68915748897355
-315.1202857036698,734.3520510317824,-22.94127614922257
-315.58996823920114,734.1487762891433,-20.173394687488987
-316.03968690893447,733.9255685906372,-17.405513118482293
-316.4694446273407,733.6824250248845,-14.657631456911986
-316.8792443089969,733.4193426809302,-11.929749717390076
-317.26908886858627,733.1363186482445,-9.22186791442222
-317.63898122089813,732.8333500167229,-6.533986062407722
-317.9889242808279,732.5104338766857,-3.866104175639541
-318.3189209633771,732.1675673188786,-1.2182222683042818
-318.62897418365316,731.8047474344722,1.4096596455178028
-318.93908588457344,731.4419722873146,4.037541551843947
-319.2692541199052,731.0992438304031,6.685423436691383
-319.61947597103034,730.7765649886323,9.353305285979859
-319.9897485192243,730.4739386864713,12.04118708552277
-320.3800688456557,730.1913678479634,14.74906882102716
-320.7904340313868,729.9288553967261,17.476950478093723
-321.220841157373,729.6864042559514,20.224832042216804
-321.67128730446336,729.4640173484054,22.99271349878439
-322.12177052569655,729.2416966241765,25.780594833078126
-322.5522927632609,728.999440144203,28.588476030273306
-322.96285693172933,728.7372449975255,31.416357075438864
-323.353465945781,728.4551082736093,34.264237953537396
-323.7241227202012,728.1530270623452,37.132118649425145
-324.0748301698812,727.830998454049,40.019999147852
-324.4055912098184,727.4890195394614,42.9278794334615
-324.7164087551164,727.1270874097486,45.85575949079083
-325.0246276937884,726.7651999995826,48.79263732063313
-325.34711695211064,726.4233585931513,51.729166372646546
-325.68262508397964,726.1015651878239,54.668906438038064
-326.0291068504984,725.7998215450676,57.615988642836236
-326.3832508269517,725.5181290427187,60.5752849501274
-326.73975827245283,725.2564884412898,63.55201073723942
-327.09030496774085,725.0148995225778,66.54873618640136
-327.425355263991,724.7933607072243,69.56546128167795
-327.74044260379526,724.5718693009204,72.60218600702761
-328.03556893005305,724.3304223923125,75.6589103463024
-328.31073715805735,724.0690170704366,78.735634283248
-328.56595020320725,723.7876504247541,81.83235780150379
-328.80121098100796,723.4863195451517,84.94908088460276
-329.01652240707085,723.1650215219411,88.08580351597158
-329.21188739711323,722.8237534458591,91.24252567893053
-329.3873088669586,722.4625124080682,94.4192473566936
-329.5427887602491,722.1012955001202,97.6159685323684
-329.67832513158294,721.7600998135672,100.8326891889562
-329.79391506337714,721.438922439571,104.06940930935188
-329.8895556381548,721.1377604688679,107.32612887634404
-329.9652439385448,720.8566109917688,110.60284787261489
-330.02097704728254,720.5954710981591,113.89956628074029
-330.0567520472093,720.3543378774988,117.21628408318978
-330.0725660212724,720.1332084188223,120.55300126232652
-330.068417024813,719.9120798107741,123.90971780040735
-330.04430700242796,719.6709491419988,127.28643367958276
-330.00023887110785,719.4098135015308,130.68314888189684
-329.93621554794936,719.1286699788301,134.0998633892874
-329.85223995015525,718.8275156637819,137.5365771835859
-329.7483149950343,718.5063476466972,140.9932902465174
-329.6244436000016,718.1651630183122,144.47000255970065
-329.4806286825781,717.8039588697889,147.96671410464808
-329.33687218809456,717.4427332649663,151.47021333780813
-329.2131721727317,717.1014881568336,154.96738555549805
-329.10952572028486,716.7802264702777,158.45843675566186
-329.02592991444305,716.47895112976,161.94359911272875
-328.9623818387883,716.1976650593167,165.42313351820025
-328.9188785767963,715.9363711825584,168.89733222041932
-328.89541721183605,715.6950724226707,172.36652203654393
-328.89199482717,715.4737717024135,175.83106770184943
-328.8886085059628,715.2724709718341,179.3033869606638
-328.86525533137905,715.0911682914044,182.7957052660139
-328.82193238668054,714.9298607488837,186.30802259932918
-328.7586367552354,714.7885454316057,189.84033894193269
-328.6753655205178,714.6672194264788,193.39265427504114
-328.57211576610825,714.5658798199862,196.9649685797649
-328.4488845756935,714.4845236981857,200.55728183710804
-328.3056690330665,714.4231481467097,204.1695940279682
-328.1424662221264,714.3817502507653,207.80190513313673
-327.9592732268788,714.3603270951344,211.45421513329862
-327.7560871314355,714.3588757641736,215.1265240090325
-327.5329050200146,714.3773933418142,218.81883174081068
-327.28972397694054,714.4158769115623,222.53113830899912
-327.0265410866441,714.4743235564989,226.26344369385745
-326.7433534336625,714.5527303592795,230.01574787553892
-326.4401581026393,714.6510944021346,233.78805083409046
-326.13695217831554,714.769413739157,237.5803525494526
-325.85373274543235,714.907690313164,241.39265300145962
-325.59049688863337,715.0659270388353,245.22495216983938
-325.3472416924561,715.2441268304252,249.07725003421348
-325.1239642413318,715.4422926017629,252.94954657409704
-324.92066161958536,715.6604272662524,256.841841768899
-324.73733091143555,715.8985337368725,260.75413559792173
-324.5739692009949,716.1566149261768,264.6864280403616
-324.41057454456603,716.4146727740413,268.61871907531713
-324.2271488876016,716.6527053311926,272.5310086818871
-324.02369514793924,716.8707096764599,276.42329683926766
-323.80021624352327,717.0686828890981,280.2955835267614
-323.5567150924043,717.2466220487876,284.14786872377715
-323.29319461273957,717.4045242356342,287.9801524098302
-323.0096577227926,717.5423865301697,291.79243456454225
-322.70610734093344,717.660206013351,295.5847151676412
-322.3825454133511,717.7779797665254,299.3769941989526
-322.0389699971914,717.9157048710407,303.18927163830193
-321.67537817741885,718.0733784078546,307.0215474654172
-321.29176703910457,718.2509974575,310.87382165992
-320.88813366742613,718.4485591000844,314.7460942013257
-320.46447514766754,718.6660604152904,318.63836506904335
-320.0207885652193,718.9034984823755,322.5506342423755
-319.5570710055784,719.1608703801721,326.48290170051854
-319.0733205266358,719.418173187123,330.43516742256236
-318.5695390755388,719.6554039816712,334.40743138749053
-318.04572957182853,719.8725598426503,338.39969357418045
-317.5018949351528,720.0696378493195,342.4119539614029
-316.9380380852657,720.246635081364,346.44421252782263
-316.354161942028,720.4035486188949,350.4964692519978
-315.7502694254067,720.5403755424487,354.56872411238027
-315.1263634554755,720.6571129329883,358.6609770873157
-314.48244695241425,720.7537578719022,362.7732281550433
-313.81852283650943,720.8303074410047,366.90547729369587
-313.13459402815374,720.8867587225362,371.05772448130006
-312.4306634478464,720.9231087991632,375.229969695776
-311.7067340161929,720.9393547539776,379.4222129149376
-310.9628086539051,720.9354936704976,383.63445411649235
-310.1988902818012,720.9115226326676,387.86669327804145
-309.4149818208057,720.8674387248576,392.1189303770798
-308.6310852196531,720.8232400041157,396.39116539099575
-307.86719853792806,720.7989284166406,400.6833982970716
-307.1233188628302,720.7945068805286,404.99562907248315
-306.39944328145293,720.8099783134517,409.32785769429984
-305.6955688807831,720.8453456326567,413.68008413948485
-305.0116927477014,720.9006117549659,418.05230838489496
-304.34781196898183,720.9757795967763,422.4445304072806
-303.7039236312924,721.0708520740604,426.8567501832859
-303.06002579349104,721.1658311301136,431.28896768944867
-302.39612040358537,721.2407148190822,435.74118290220036
-301.71221038196813,721.2955002232153,440.2133957978661
-301.00829864913834,721.330184425188,444.7056063526646
-300.2843881257014,721.3447645081014,449.2178145427083
-299.54048173236913,721.3392375554827,453.75002034400336
-298.7765823899596,721.3136006512847,458.3022237324495
-297.99269301939717,721.2678508798865,462.87442468384006
-297.1888165417126,721.2019853260931,467.46662317386216
-296.3649558780428,721.1160010751355,472.0788191780966
-295.52111394963106,721.0098952126707,476.71101267201766
-294.6572936778269,720.8836648247819,481.3632036309935
-293.7734979840861,720.7373069979783,486.03539203028583
-292.8697297899705,720.5708188191951,490.72757784505006
-291.94599201714834,720.3841973757935,495.43976105033516
-291.002287587394,720.1774397555612,500.1719416210839
-290.05861942257906,719.9505440189992,504.9041195321415
-289.134990444575,719.7035121161844,509.61629475835326
-288.2314035751557,719.4363469699072,514.3084672746619
-287.34786173598826,719.1490515033844,518.9806370561164
-286.4843678486333,718.8416286402587,523.6328040778725
-285.6409248345449,718.5140813045989,528.2649683151919
-284.8175356150703,718.1664124208999,532.8771297434429
-284.01420311145034,717.7986249140826,537.4692883380999
-283.210930244828,717.4107207372064,542.0614440747353
-282.38771993634583,717.0026979546071,546.6735969289209
-281.54457510724365,716.5745536587593,551.3057468761315
-280.68149867886723,716.1262849425632,555.9578938917354
-279.79849357266846,715.6578888993454,560.6300379509945
-278.895562710205,715.1693626228583,565.3221790290644
-277.9727090131406,714.6607032072808,570.0343171009944
-277.02993540324485,714.1319077472175,574.7664521417274
-276.08724383009707,713.6029743099513,579.5185841261002
-275.1646323541263,713.0939048519155,584.290713028843
-274.2620980633763,712.6047023014419,589.0828388245797
-273.37963804578396,712.1353695864373,593.8949614878278
-272.5172493891795,711.685909634384,598.7270809929988
-271.67492918128636,711.2563253723393,603.5791973143976
-270.8526745097214,710.8466197269362,608.4513104262227
-270.0504824619946,710.4567956243825,613.3434203025664
-269.24835109780565,710.0668550182094,618.2355269174237
-268.42628236600365,709.6567959727989,623.1076302447892
-267.58427918782235,709.2266155806363,627.9597302587554
-266.7223444846015,708.7763109346328,632.7918269335208
-265.8404811777867,708.3058791281256,637.6039202433907
-264.9386921889298,707.8153172548782,642.3960101627763
-264.0169804396883,707.3046224090801,647.1680966661955
-263.0753488518258,706.773791685347,651.9201797282726
-262.11468347297705,706.2428222216648,656.6722593237292
-261.13575949761673,705.73171132274,661.4443354272869
-260.1383420919385,705.2404563089949,666.23640801357
-259.12215541423876,704.7690544637346,671.0484770570964
-258.08687464220066,704.3175030265347,675.8805425322777
-257.03212249770706,703.885799185785,680.732604413419
-255.95756580445928,703.4739400757084,685.6046626747193
-254.86307181427296,703.0819227951114,690.4967172902712
-253.7686376160969,702.7097454083518,695.408768234061
-252.6942602988796,702.3574098685123,700.3408154799683
-251.6399369514719,702.0249191005388,705.292859001767
-250.60566466261778,701.7122760289525,710.2648987731243
-249.59144052095476,701.4194835778499,715.2569347676009
-248.5972616150137,701.1465446709029,720.2689669586515
-247.62312503321888,700.893462231359,725.3009953196245
-246.669027863888,700.6602391820406,730.3530198237615
-245.7349671952322,700.446878445346,735.4250404441984
-244.82094011535605,700.2533829432484,740.5170571539644
-243.92694371225758,700.0797555972966,745.6290699259823
-243.05297507382838,699.9259993286145,750.7610787330688
-242.1990312878535,699.7921170579012,755.913083547934
-241.36510944201152,699.6781117054317,761.0850843431821
-240.55120662387452,699.5839861910553,766.2770810913104
-239.75731992090815,699.5097434341972,771.4890737647104
-238.96344642048044,699.4553853815701,776.721062335667
-238.14958320995942,699.4209100903122,781.973046776359
-237.31572737681051,699.4063146448497,787.2450270588583
-236.4618760086055,699.4115961291835,792.5370031551312
-235.58802619302242,699.4367516268903,797.8489750370371
-234.6941750178457,699.4817782211219,803.1809426763294
-233.78031957096613,699.5466729946052,808.5329060446552
-232.84645694038085,699.6314330296424,813.904865113555
-231.8925842141934,699.7360554081114,819.2968198544631
-230.9186984806137,699.8605372114652,824.7087702387075
-229.92479682795815,700.0048755207317,830.14071623751
-228.91087634464952,700.169067416515,835.5926578219858
-227.87693411921705,700.3531099789939,841.0645949631439
-226.8229672402965,700.557000287923,846.5565276318871
-225.74897279663,700.780735422632,852.0684557990116
-224.6549478770663,701.0243124620262,857.6003794352076
-223.56088957055172,701.2877294568736,863.1522985110588
-222.48679496603282,701.5709883466678,868.7242129970423
-221.43266115235878,701.8740920427649,874.3161228635294
-220.39848521827273,702.1970434560966,879.9280280807848
-219.36426522470794,702.519844524918,885.5599286189668
-218.31000312174763,702.822493298335,891.2118244481275
-217.23570183186024,703.1049868535571,896.8837155382126
-216.14136427762077,703.3673222682199,902.5756018590616
-215.02699338171072,703.6094966203856,908.2874833804076
-213.89259206691816,703.831506988542,914.0193600718773
-212.73816325613765,704.0333504516036,919.7712319029912
-211.56370987237028,704.2150240889113,925.5430988431633
-210.36923483872357,704.3765249802319,931.3349608617015
-209.15474107841155,704.5178502057588,937.1468179278072
-207.92023151475465,704.6389968461118,942.9786700105756
-206.66570907117978,704.7399619823369,948.8305170789954
-205.39117667122028,704.8207426959065,954.7023591019491
-204.09663723851585,704.8813360687193,960.594196048213
-202.7820936968126,704.9217391831006,966.5060278864569
-201.44754896996304,704.941949121802,972.4378545852442
-200.09300598192598,704.9419629680017,978.369676113041
-198.7184676567666,704.9217778053039,984.2814924383135
-197.32393691865641,704.8813907177397,990.1733035296252
-195.90941669187325,704.8207987897665,996.0451093556461
-194.4749099008012,704.7399991062682,1001.8969098851526
-193.0204194699307,704.6389887525553,1007.7287050870274
-191.54594832385837,704.5177648143648,1013.5404949302596
-190.05149938728712,704.3763243778602,1019.3322793839446
-188.55707558501726,704.2146655019188,1025.107252968751
-187.0826798418489,704.0327901349947,1030.8718752506009
-185.62831508248453,703.8307011982555,1036.6326950994421
-184.1939840507227,703.6121206265033,1042.3957975733683
-182.77968852751388,703.3856979404803,1048.1660823743214
-181.3854290154427,703.159228149833,1053.948005186795
-180.01120515298368,702.9369656796475,1059.746922795379
-178.65701613715504,702.7209665334431,1065.565834768693
-177.302861627339,702.4983345590223,1071.4047410757948
-175.92874388819337,702.2555036347023,1077.2636416856355
-174.53466584388735,701.9924708491969,1083.1425365670602
-173.12063041869644,701.7092332916461,1089.0414256888075
-171.6866405370021,701.4057880516166,1094.9603090195096
-170.23269912329198,701.0821322191015,1100.8991865276928
-168.75880910215986,700.7382628845204,1106.8580581817766
-167.26497339830553,700.3741771387196,1112.8369239500746
-165.75119493653486,699.9898720729718,1118.8357838007935
-164.2174766417598,699.5853447789764,1124.854637702034
-162.6638214389983,699.1605923488592,1130.8934856217911
-161.09023225337432,698.7156118751727,1136.9523275279525
-159.49671201011788,698.2504004508961,1143.0311633883002
-157.88326363456488,697.7649551694352,1149.1299931705094
-156.24989005215724,697.2592731246224,1155.2488168421492
-154.59659418844285,696.7333514107166,1161.3876343706825
-152.94337896906669,696.1871880946912,1167.546445723466
-151.31024731967327,695.6207851330958,1173.7252508677498
-149.6972021658092,695.0341454551941,1179.9240497706778
-148.1042464329142,694.4272719906766,1186.1428423992875
-146.5313830463213,693.8001676696603,1192.3816287205102
-144.97861493125657,693.152835422689,1198.6404087011706
-143.44594501283927,692.485278180733,1204.9191823079875
-141.93337621608177,691.7974988751893,1211.2179495075732
-140.420910493611,691.1094994655583,1217.5367102664334
-138.88854590890355,690.4412780221923,1223.875464550968
-137.33627955324553,689.7928316427669,1230.2342123274705
-135.76410851802888,689.1641574245339,1236.6129535621276
-134.17202989475138,688.5552524643206,1243.01168822102
-132.56004077501663,687.9661138585301,1249.4304162701224
-130.92813825053418,687.3967387031418,1255.8691376753025
-129.2763194131194,686.8471240937102,1262.3278524023222
-127.62458135468476,686.3172680976539,1268.806560416837
-125.99292116714227,685.8071726711166,1275.305261684396
-124.38133594230604,685.3168407421056,1281.8239561704422
-122.78982277188344,684.8462752382038,1288.3626438403116
-121.21837874747509,684.3954790865702,1294.9213246592349
-119.66700096057491,683.9644552139395,1301.4999985923355
-118.1356865025701,683.5532065466222,1308.0986656046312
-116.62435425200319,683.1617360067022,1314.717325661033
-115.13300227233587,682.7700465044682,1321.3532120828236
-113.66171072881139,682.3581409616165,1328.0063248347155
-112.21048254611573,681.9260223040369,1334.6794305248536
-110.77932064882822,681.4736934580458,1341.3725291177536
-109.36822796142144,681.0011573503859,1348.0856205778243
-107.97720740826131,680.5084169082269,1354.8187048693685
-106.60626191360696,679.9954750591643,1361.5717819565825
-105.2553944016108,679.4623347312206,1368.3448518035568
-103.90510010254309,678.9289979045021,1375.1379143742752
-102.53537707901806,678.4154627419077,1381.950969632615
-101.14572923755544,677.9197804007237,1388.7840175423473
-99.73615433288512,677.4360691372925,1395.6370580671373
-98.30665112643588,676.9573649704578,1402.5100911705435
-96.85721927293623,676.4783094258469,1409.4031168160184
-95.38785911391037,675.9947846640076,1416.3161349669076
-93.89857151849526,675.5036269967312,1423.2491455864508
-92.38935798234223,674.9978554866765,1430.1821486377905
-90.86022115786449,674.4718624153435,1437.0951440840688
-89.31116397005562,673.9256448772712,1443.9881318885255
-87.74218934401515,673.359199967425,1450.8611120145065
-86.1533002049485,672.7725247811967,1457.7140844254645
-84.544499478167,672.1656164144053,1464.5470490849589
-82.91579008908788,671.5384719632959,1471.3600059566545
-81.26717496323421,670.8910885245407,1478.152955004323
-79.60791046327306,670.2234636450881,1484.945896191834
-77.94710386974432,669.5355966644663,1491.7588294830566
-76.28503574200863,668.8274873642342,1498.5917548417628
-74.6228466285992,668.0991356366686,1505.4446722316181
-72.96200101832686,667.350541569951,1512.3175816161815
-71.30393955432265,666.581705466622,1519.2104829589064
-69.65001186102614,665.7926278318133,1526.123376223139
-68.00155983046352,664.9833093657813,1533.0562613721202
-66.34624705568777,664.1537503004832,1540.0060366157497
-64.67105780087017,663.303948369752,1546.9691799596765
-62.97599499178096,662.4339006749532,1553.9448452670201
-61.26106155429604,661.5436043178789,1560.9321734537516
-59.526260414397,660.6330564007484,1567.9302895971568
-57.77159449817107,659.7022540262072,1574.9383003265882
-55.997066731811096,658.751194297328,1581.9552917711626
-54.20268004161556,657.7798743176099,1588.9803284916507
-52.408437353979664,656.7882921632664,1596.0191470229593
-50.63434159529786,655.7764498000878,1603.0779570673415
-48.88039569186632,654.7443501665781,1610.1567585872617
-47.14660256987408,653.6919962016685,1617.2555515450783
-45.432965155403,652.6193908447168,1624.374335903043
-43.73948637442776,651.5265370355077,1631.513111623301
-42.06616915281586,650.4134377142523,1638.6718786678916
-40.41301641632759,649.2800958215887,1645.8506369987479
-38.76003109062484,648.126513326294,1653.0493865776962
-37.08721610136866,646.9526883084226,1660.2681273664568
-35.394574374316655,645.7586178761678,1667.5068593266437
-33.68210883533186,644.5442991381498,1674.7655824197648
-31.94982241038274,643.3097292034153,1682.044296607221
-30.197718025543146,642.0549051814379,1689.3430018503077
-28.425798606992306,640.7798241821182,1696.6616981102134
-26.63406708101483,639.4844833157831,1704.0003853480205
-24.82252540171323,638.1888796931512,1711.3390635247142
-22.991171634145584,636.9130104249422,1718.6577326012796
-21.140002871187896,635.6568726214874,1725.956392538799
-19.26901620582153,634.4204633926943,1733.2355595643305
-17.37820873113322,633.2037798480461,1740.4979743541924
-15.467577540315117,632.0068190966024,1747.7483103316783
-13.537119726664779,630.8295782469986,1754.9917094260054
-11.586832383585188,629.6720544074464,1762.2338221571256
-9.636713576863356,628.5142456580562,1769.486765803723
-7.706765261435167,627.3361539680899,1776.7597000409708
-5.79699036442555,626.1377822794883,1784.0526248301946
-3.9073918128521643,624.919133534619,1791.3655401326141
-2.0379725336253776,623.6802106762767,1798.6984459093424
-0.18873545354825416,622.4210166476827,1806.0513421213864
1.6403165006834612,621.1415543924851,1813.4242287296463
3.449180402481361,619.841826854759,1820.817105694917
5.253023216715086,618.5218362415318,1828.229972977886
7.067450110185081,617.1815817890553,1835.6628305391355
8.893371257576591,615.8210618882351,1843.1156783391402
10.731775896929232,614.4402747916066,1850.5885163382698
12.583745230937877,613.0392186009009,1858.0813444967866
14.450468608892702,611.6178912524946,1865.5941627748473
16.33326401922656,610.1762905002058,1873.1269711325021
18.233603869232088,608.7144138947189,1880.679769529695
20.132998167128058,607.2522597383494,1888.2325579262724
22.01218097935577,605.8098300422845,1895.7653362820806
23.871155212784892,604.3871277540184,1903.278104557064
25.709923774392557,602.9841558206211,1910.7708627112725
27.528489571263343,601.600917188739,1918.2436107048634
29.326855510589258,600.237414804594,1925.6963484981
31.105024499669717,598.8936516139843,1933.1290760513518
32.86299944591154,597.5696305622841,1940.541793325095
34.60078325682893,596.2653545944437,1947.9545002799027
36.31837884004346,594.980826654989,1955.3871968763494
38.015789103284035,593.7160496880219,1962.8398830749106
39.69301695438692,592.4710266372206,1970.3125588359567
41.35006530129569,591.2457604458388,1977.805224119751
42.986937052061236,590.0402540567061,1985.3178788864511
44.60363511484173,588.8545104122283,1992.8505230961082
46.200162397902616,587.6885324543867,2000.4031567086668
47.7965208373203,586.5223221524868,2007.9757796839656
49.41270848002231,585.3358775866851,2015.5683919817366
51.04872240055216,584.1291958652423,2023.1809935616054
52.704559673347916,582.9022740968456,2030.8135843830921
54.380217372742266,581.6551093906088,2038.4661644056096
56.075692572962474,580.3876988560725,2046.1387335884651
57.790982348130434,579.1000396032039,2053.831291890859
59.52608377226268,577.792128742397,2061.5438392718866
61.28099489155782,576.4839633844372,2069.2763756905347
63.05571764125891,575.1955406401112,2077.0289011056857
64.8502549287911,573.9268576198169,2084.8014154761154
66.66460966147416,572.6779114335285,2092.593918760493
68.49878474652249,571.4486991907959,2100.4064109173814
70.3527830910451,570.2392180007452,2108.238891905237
72.22660760204556,569.0494649720785,2116.0913616824105
74.12026118642207,567.8794372130739,2123.963820207146
76.01374577868874,566.7091328039085,2131.8562674375808
77.88705942421088,565.5185537139105,2139.768703331747
79.74019919616467,564.3077028850872,2147.701127847569
81.57316216783363,563.0765832598727,2155.653540942866
83.38594541260856,561.8251977811275,2163.625942575351
85.17963838832547,560.5535493390339,2171.61833270263
86.958529260501,559.2616404562754,2179.6307112822037
88.72865102962965,557.9494728429142,2187.663078271465
90.5057106497979,556.6370468764334,2195.7154336277017
92.30258174496812,555.3443602933912,2203.787777308095
94.11926722244768,554.0714102042084,2211.8801092697195
95.95576998943855,552.8181937188817,2219.992429469544
97.81209295303738,551.5847079469839,2228.1247378644307
99.6882390202354,550.3709499976637,2236.277034411136
101.58421109791841,549.1769169796461,2244.449319066309
103.50001209286683,548.0026060012317,2252.6415917864933
105.41564393947702,546.8280151426205,2260.8538525281265
107.31110468299649,545.6331463731636,2269.0861012475393
109.18639139648369,544.418002634891,2277.338337900956
111.04150115310435,543.1825868702595,2285.6105624444954
112.87643102613151,541.9269020221527,2293.902774834169
114.6911780889455,540.6509510338813,2302.2149750258827
116.48573941503398,539.3547368491826,2310.5471629754356
118.26011207799193,538.0382624122207,2318.8993386385214
120.03429315151288,536.7015296952991,2327.2715019707266
121.82827970929131,535.3445367819984,2335.663652927532
123.64206882492526,533.9672807840383,2344.0757914643114
125.4756575719075,532.5697588135655,2352.5079175363335
127.3290430236255,531.1519679831536,2360.9600310987594
129.20222225336147,529.7139054058026,2369.432132106645
131.0951923342923,528.25556819494,2377.9242205149394
133.00795033948975,526.7769534644196,2386.4362962784853
134.92049431421657,525.2980593007745,2394.968359352019
136.81282619288646,523.8388876796887,2403.520409690171
138.68494888229918,522.3994415487452,2412.0924472474658
140.5368652893619,520.9797238551033,2420.6844719783207
142.36857832108936,519.5797375454983,2429.296483837047
144.1800908846036,518.1994855662414,2437.92848277785
145.97140588713415,516.8389708632196,2446.580468754829
147.7425262360179,515.4981963818964,2455.252441721976
149.51345483869034,514.1771640950234,2463.9444016331777
151.30419460258787,512.8758720857787,2472.6563484422136
153.1147484350505,511.5943174646287,2481.3882821027582
154.9451192433128,510.3324973416159,2490.1402025683783
156.79530993450405,509.0904088263589,2498.9121097925354
158.66532341564806,507.8680490280521,2507.7040037285847
160.55516259366325,506.6654150554661,2516.5158843297745
162.46483037536265,505.48250401694753,2525.3477515492473
164.3943286951664,504.29931302045446,2534.199605340039
166.34365559823937,503.0958391739466,2543.0714456550795
168.31280815735357,501.872079585775,2551.963272447192
170.30178344517563,500.62803136471763,2560.8750856690945
172.31057853426674,499.3636916199795,2569.8068852733973
174.33919049708265,498.0790574611924,2578.7586712126053
176.38761640597383,496.77412599841523,2587.7304434391167
178.45585333318533,495.4488943421339,2596.722201905224
180.54389835085686,494.1033596032612,2605.7139465631217
182.6517485310228,492.737518893137,2614.6856773650047
184.77940094561222,491.3513693235282,2623.6373942631653
186.9268526664489,489.9449080066288,2632.569097210002
189.09410076525128,488.51813205505977,2641.4807861580202
191.2811423136326,487.07103858186923,2650.372461059831
193.48797438310083,485.6036247005323,2659.244121868153
195.7145940450587,484.11588752495123,2668.0957685358107
197.96099934309115,482.62782416942014,2676.9474010157264
200.22719220982768,481.15943174823457,2685.8190192608213
202.51317555008,479.71070737530204,2694.7106232239207
204.81895226855465,478.28164816410646,2703.622212857743
207.1445252698528,476.87225122770803,2712.5537881149
209.48989745847047,475.4825136787434,2721.5053489478983
211.8550717387983,474.1124326294255,2730.4768953091366
214.24005101512168,472.7620051915438,2739.4684271509086
216.6448381916207,471.43122847646424,2748.459944425411
219.0694361723701,470.12009959512915,2757.4314470848385
221.5138478613393,468.82861565805734,2766.3829350814854
223.97807616239226,467.5567737753441,2775.3144083677516
226.46212397928772,466.30457105666113,2784.2258668961435
228.96599421567893,465.0720046112568,2793.1173106192737
231.48968977511373,463.859071547956,2801.9887394898615
234.0332132474539,462.65931860438286,2810.840153460733
236.57656530943487,461.4527438609755,2819.6715524848196
239.09974368938555,460.225799658238,2828.4829365151604
241.60274545702643,458.9784889385767,2837.2743055049004
244.08556768218534,457.71081464482523,2846.045659407291
246.54820743479743,456.42277972024476,2854.79699817569
248.99066178490517,455.11438710852354,2863.5283217635615
251.41292780265834,453.7856397537773,2872.239630124476
253.8150025583141,452.4365406005489,2880.930923212112
256.2162640311944,451.0670916516179,2889.6022009802514
258.6367092916592,449.67729111133144,2898.2534633827854
261.076954501009,448.2671361218864,2906.88471037371
263.5369967294054,446.8366237958101,2915.495941907128
266.01683304690465,445.3857512460573,2924.0871579372483
268.5164605234577,443.91451558600994,2932.6583584183877
271.0358762289103,442.42291392947743,2941.209543304967
273.57507723300307,440.9109433906965,2949.7407125515165
276.13406157765877,439.39860108429576,2958.25186611267
278.71283119384475,437.9058841249058,2966.7430039431692
281.3113889847106,436.4327896267693,2975.214125997862
283.9297378533007,434.9793147037054,2983.665232231703
286.5502483211227,433.5454573262972,2992.0963225997534
289.1529232911131,432.1312190085532,3000.50739705718
291.73539804773463,430.7366025816469,3008.898455559256
294.2976754941172,429.3616109914286,3017.2694980613624
296.839758533498,428.0062471833254,3025.620524518985
299.3616500692218,426.67051410234075,3033.9515348877167
301.86335300474065,425.3544146930547,3042.2625291232575
304.34487024361385,424.057951899624,3050.553507181413
306.80620468950815,422.78112866578175,3058.824469018095
309.2473592461976,421.5239479348376,3067.075414589323
311.66833681756356,420.28641264967786,3075.3063438512218
314.0691403075947,419.068525752765,3083.517256760023
316.469772620378,417.8702892138508,3091.728153272056
318.89023666000156,416.69170111311365,3099.959033343649
321.33053533045666,415.53275855802093,3108.209896931035
323.79067153562926,414.3934586556164,3116.4807439903393
326.2706481792997,413.27379851252056,3124.771574477581
328.77046816514303,412.1737752349302,3133.0823883486737
331.29013439672855,411.0933859286188,3141.4131855594237
333.82964977752016,410.03262769893627,3149.763966065532
336.38901623858874,408.9714976508445,3158.114729822601
338.96823182174984,407.88999288930756,3166.4454767862344
341.567293596426,406.78811051968125,3174.756206912133
344.18619863193425,405.6658476477488,3183.0469201561045
346.8249439974861,404.52320137972106,3191.317616474062
349.4835267621876,403.36016882223606,3199.568295822026
352.16194399503917,402.17674708235944,3207.798958156122
354.8601927649359,400.9729332675844,3216.009603432584
357.5582701406762,399.7487254581188,3224.2002316077514
360.23617319105955,398.5041256237481,3232.37084263807
362.89389898498365,397.23913670697243,3240.5214364800922
365.5314445914536,395.9537616507195,3248.6520130904764
368.14880707958173,394.64800339834443,3256.7625724259883
370.74598351858776,393.3218648936299,3264.853114443499
373.3229709777988,391.97534908078586,3272.9236390999877
375.8797665266492,390.6084589044497,3280.974146352538
378.42906252382653,389.2411966925247,3289.024636158332
380.9777603029651,387.89356258612696,3297.0951084745525
383.5186685096414,386.5655573037513,3305.1855632582838
386.050038641491,385.2571821344132,3313.296000466504
388.57145677948245,383.9684385063423,3321.4264200560865
391.0828788433513,382.6993278761891,3329.5768219837973
393.5843667213618,381.4498516978687,3337.7472062062957
396.0760112839933,380.2200114137223,3345.9375726801354
398.5726722411139,378.9898077345787,3354.141561097942
401.0891586547634,377.7392384888816,3362.3505002811457
403.625467594698,376.4683007854385,3370.5594518583075
406.18159613056844,375.17699173348393,3378.762807902325
408.75754133192004,373.86530844268003,3386.95421466322
411.3533002681927,372.5332480231162,3395.127951115838
413.96887000872096,371.18080758530925,3403.2816695146903
416.6042476227342,369.80798424020355,3411.4153698164187
419.25943017935623,368.41477509917087,3419.5490519777627
421.9344147476057,367.0011772740103,3427.702715955462
424.6291983963958,365.56718787694854,3435.8763617061595
427.34377819453465,364.1128040206397,3444.069989186391
430.07815121072497,362.63802281816544,3452.283598352587
432.83231451356426,361.14284138303486,3460.5171891610707
435.60626517154475,359.6272568291847,3468.7707615680597
438.4000002530535,358.09126627097925,3477.0443155296657
441.21351779865984,356.55486682317473,3485.317851001902
444.0468197379776,355.03805560052973,3493.5713679407822
446.89990897280285,353.540829717415,3501.8048663024183
449.7727884048265,352.06318628777814,3510.018346043028
452.66546093563414,350.60512242514346,3518.2118071189357
455.57792946670617,349.16663524261224,3526.385249486572
458.51019689941774,347.74772185286247,3534.5386731024746
461.46226613503865,346.3483793681491,3542.672077923287
464.4341400747334,344.96860490030394,3550.785463905759
467.4258216195613,343.6083955607357,3558.878831006748
470.4373136704762,342.2677484604299,3566.9521791832167
473.46861912832674,340.94666070994913,3575.0055083922343
476.519740893856,339.6451294194328,3583.0388185909774
479.59068186770185,338.36315169859733,3591.052109736728
482.6814449503967,337.10072465673613,3599.0453817868756
485.7920330423677,335.85784540271953,3607.0186346989153
488.9224490439363,334.6345110449949,3614.9718684304485
492.0726958553187,333.4307186915866,3622.905082939184
495.2427763766257,332.24646545009614,3630.818278182936
498.43269350786255,331.0817484277019,3638.711454119626
501.64245014892896,329.93656473115936,3646.5846107072816
504.8720491996192,328.8109114668012,3654.4377479040363
508.1214935596221,327.7047857405371,3662.2708656681316
511.3907861285208,326.6181846578539,3670.0849608146027
514.6599298058019,325.55110629610283,3677.880033301898
517.9089274909527,324.5035526213623,3685.6550862318777
521.1377820835589,323.4755265715751,3693.410119563198
524.3464964833132,322.4670310842611,3701.1451332546203
527.5350735900154,321.47806909651746,3708.860127265014
530.7035163035723,320.50864354501823,3716.555101553354
533.851827523998,319.55875736601456,3724.230056078721
536.9800101514136,318.62841349533466,3731.8849908003044
540.108067086038,317.7176138960964,3739.519905677398
543.2560012280912,316.82635664184477,3747.1348006694025
546.4238154776963,315.95463883341444,3754.7296757358254
549.6115127348704,315.1024575712171,3762.3045308362807
552.8190958995253,314.26980995524144,3769.859365930489
556.0465678714667,313.45669308505336,3777.3941809782764
559.2939315503946,312.6631040597957,3784.9089759395765
562.5611898359035,311.8890399781886,3792.403750774429
565.8283456274906,311.1344989108165,3799.87850544298
569.0754018246539,310.39948281699094,3807.3332399054816
572.3023613269893,309.68399462788796,3814.7679541222933
575.5092270341996,308.9880372742607,3822.1826480538807
578.6960018460945,308.31161368643944,3829.577321660816
581.8626886625904,307.6547267943315,3836.951974903777
585.0092903837105,307.0173795274212,3844.3066077435496
588.1358099095853,306.39957481477006,3851.641220141024
591.2422491681639,305.7813155850519,3858.9558120571983
594.3286061983528,305.14260476694307,3866.2503834531767
597.3948780668778,304.48344528951225,3873.52493429017
600.4410618405717,303.8038400822559,3880.779464529496
603.4671545863738,303.10379207509817,3888.013974132578
606.4731533713302,302.38330419839116,3895.228463060946
609.4590552625942,301.6423793829146,3902.4229312762363
612.4248573274258,300.88102055987594,3909.597378740192
615.3705566331918,300.09923066091034,3916.771805414654
618.2961502473659,299.2970126180807,3923.966211261463
621.2016352375288,298.4743693638776,3931.1805962423623
624.0870086713682,297.6313038312192,3938.414960318989
626.9522676166785,296.76781895345147,3945.669303452874
629.7974091413613,295.8839176643478,3952.943625605442
632.6224303134251,294.97960289810936,3960.237926738011
635.4273282009852,294.05487758936493,3967.552206811794
638.2120998722644,293.1097446731708,3974.866465787905
640.9767423955919,292.1442070850108,3982.160703627459
643.7212528394044,291.15826776079643,3989.434920291669
646.4456282722455,290.15192963686667,3996.6891157418536
649.1498657627658,289.12519564998803,4003.9232899394383
651.833962379723,288.0780687373545,4011.137442845955
654.4979151919819,287.0105518365876,4018.3315744230417
657.1417212685146,285.92264788573635,4025.5056846324437
659.7653786506877,284.8343598232417,4032.6786661819756
662.3688892691245,283.7656905875467,4039.869379201943
664.9522560268429,282.71664311670656,4047.077825973445
667.5154818269683,281.6872203483529,4054.304120105611
670.0585695727328,280.6774252196941,4061.5484418883843
672.5815221674758,279.68726066751503,4068.811005715005
675.0843425146436,278.71672962817706,4076.092043495707
677.5670335177897,277.76583503761833,4083.3917985084227
680.0295980805746,276.83457983135327,4090.7109633718064
682.4720391067657,275.92296694447293,4098.050106482606
684.8943595002376,275.0309993116449,4105.409227801795
687.2965621649718,274.1586798671131,4112.788327290242
689.6786500050567,273.30601154469815,4120.187404908707
692.040625924688,272.4729972777969,4127.606460617846
694.3824928281679,271.6596399993827,4135.045494378207
696.7042536199057,270.8659426420054,4142.504506150233
699.0059102321302,270.0719081378266,4149.963495894269
701.2874607080274,269.2575394190098,4157.40246357066
703.5489021186028,268.42283941811013,4164.8214091398495
705.7902315349685,267.5678110681099,4172.220332562387
708.011446028344,266.6924573024186,4179.599233798927
710.2125426700554,265.7967810548729,4186.9581128102345
712.393518531536,264.88078525973646,4194.2969695571755
714.5543706843259,263.94447285170014,4201.615804000727
716.69509717236,263.0078467658465,4208.934616101959
718.8156999288295,262.09090993725965,4216.273405821948
720.9161818593205,261.1936653006354,4223.632173121667
722.9965458695258,260.3161157902459,4231.010917961987
725.0567948652453,259.4582643399393,4238.40964030367
727.0969317523858,258.6201138831403,4245.828340107374
729.1169594369612,257.8016673528494,4253.267017333649
731.1168808250922,257.00292768164354,4260.72567194294
733.0966978507189,256.2038978017112,4268.184303895594
735.0564085587387,255.38458064524238,4275.622913151958
736.9960100218683,254.54497914481848,4283.041499672476
738.9180688987307,253.68509610852917,4290.4400634177
740.8313540689558,252.80493354369864,4297.818604348288
742.7442463106427,251.90449202103943,4305.177122425003
744.659691724771,250.98377134865427,4312.515617608718
746.578733200714,250.04277106623863,4319.834089860407
748.4896479489654,249.1014912057826,4327.1325391411565
750.380438796583,248.17993411906602,4334.410965412155
752.2511086503748,247.2781027408093,4341.6693686347
754.1016604172559,246.39600000530885,4348.907748770193
755.9320970042479,245.53362884643727,4356.126105780146
757.7424213184801,244.69099219764303,4363.3244396261725
759.532636267188,243.8680929919507,4370.502750269997
761.3027447577144,243.06493416196082,4377.661037673447
763.0727487252129,242.26151766759787,4384.799301798459
764.8626462156875,241.437841579638,4391.917542607074
766.672434302758,240.59390299696116,4399.015760061441
768.5021100599384,239.72969901887421,4406.093954123814
770.351670560637,238.84522674511075,4413.152124756554
772.2211128781563,237.94048327583127,4420.190271922131
774.1104340856931,237.01546571162305,4427.208395583117
776.0196312563386,236.0701711535002,4434.206495702194
777.9487014630781,235.10459670290385,4441.184572242149
779.8976417787916,234.11873946170186,4448.142625165876
781.8664492762528,233.11259653218912,4455.080654436374
783.8551210281304,232.08616501708738,4461.998660016751
785.863654106987,231.03944201954533,4468.896641870219
787.8920455852801,229.97242464313862,4475.774599960099
789.9402925353611,228.8851099918699,4482.632534249817
792.008392029476,227.7774951701688,4489.4704447029035
794.0963421120528,226.66957728285644,4496.288331282999
796.2041447165633,225.5813534347556,4503.08619395385
798.3318027486617,224.51282073030075,4509.864032679307
800.4793191138965,223.46397627350254,4516.621847423328
802.6466967177104,222.43481716794793,4523.359638149979
804.8339384654404,221.4253405168001,4530.0774048234325
807.0410472623182,220.4355434227986,4536.775147407965
809.2680260134697,219.46542298825915,4543.452865867961
811.5148766681908,218.49531702098034,4550.130560167902
813.781597361165,217.50573590947386,4556.828230272271
816.0681853130419,216.4970187665327,4563.545876145453
818.3746377938136,215.4694989718617,4570.283497751726
820.7009521220214,214.42350449250478,4577.041095055262
823.0471256638646,213.35935603270988,4583.818458730577
825.4131558318365,212.27736236854736,4590.613380642268
827.799040082361,211.17781058227828,4597.421524160575
830.1847758348429,210.05937349826175,4604.245097348662
832.550360230872,208.92058994054082,4611.08864605342
834.895790341007,207.76146284826578,4617.952170238458
837.2210632359137,206.5819951610141,4624.835669867279
839.5261769586523,205.402189818755,4631.719144903287
841.8111334415402,204.24204976145953,4638.582595309889
844.0759355892892,203.10157792871055,4645.426021050588
846.3205863067187,201.98077725966732,4652.249422088994
848.5450884987548,200.87965069306537,4659.052798388823
850.749445070431,199.7982011672166,4665.836149913897
852.9336589268877,198.73643162000923,4672.599476628147
855.0977329733728,197.69434498890774,4679.3427784956075
857.2616701152318,196.6719432386655,4686.086055480412
859.4454732578117,195.66922444446237,4692.849307546693
861.6491453063621,194.68618570876703,4699.632534658487
863.8726891660273,193.72282413362444,4706.435736779724
866.1161077418457,192.7791368206559,4713.258913874228
868.3794039387502,191.85512087105909,4720.102065905716
870.662580661568,190.95077338560793,4726.965192837799
872.9656408150204,190.06609146465277,4733.848294633983
875.2885863314357,189.18107220815574,4740.731371257673
877.6314152538866,188.2757127160808,4747.5944226722795
879.9941246530527,187.35001008878362,4754.437448841307
882.3767115995078,186.40396142704716,4761.260449728366
884.77917316372,185.43756383208162,4768.063425297178
887.2015064160518,184.45081440552443,4774.846375511564
889.64370842676,183.4437102494403,4781.609300335457
892.1050361613206,182.41624850230096,4788.352199732896
894.5654866897922,181.36842738323207,4795.075073668024
897.0057971869126,180.3002488929972,4801.777922105091
899.4259647228428,179.21171596909494,4808.460745008456
901.8259863678513,178.10283154945114,4815.1235423425815
904.2058591923136,176.97359857241895,4821.766314072038
906.5655802667121,175.8240199767788,4828.389060161502
908.9051466616366,174.65409870173832,4834.991780575758
911.224555447784,173.4638376869324,4841.574475279694
913.5238046682458,172.27323987238768,4848.137144238306
915.8028962553706,171.10230819813256,4854.679787416699
918.0618331139013,169.95104560380733,4861.20240478008
920.3006181486885,168.81945502862854,4867.704996293764
922.5192542646895,167.70753941138918,4874.187561923177
924.717744366969,166.6153016904585,4880.650101633844
926.8960913606986,165.54274480378206,4887.0926153914015
929.0542981511574,164.48987168888175,4893.515103161591
931.192367643731,163.45668528285572,4899.917564910259
933.3103027439126,162.44318852237836,4906.300000603362
935.4081063573025,161.44938434370036,4912.66241020696
937.4857813896075,160.47527568264854,4919.0047936872215
939.543330746642,159.52086547462608,4925.32715101042
941.5807573343271,158.5861566546122,4931.629482142936
943.5980640586911,157.67115215716245,4937.911787051256
945.595253825869,156.77585491640843,4944.1740657019745
947.5923285698068,155.88026689380598,4950.416318061791
949.6092863353011,154.96438616166265,4956.638544097512
951.6461241947645,154.02820982039012,4962.84074377605
953.7028392205036,153.07173497082704,4969.022917064424
955.7794284847192,152.094958714239,4975.185063929763
957.8758890595068,151.09787815231866,4981.327184339296
959.9922180168559,150.08049038718565,4987.449278260363
962.1284124286506,149.04279252138664,4993.55134566041
964.264469366678,147.98478263018288,4999.633386506989
966.3803859027262,146.90646267841234,5005.695400767759
968.4761591086811,145.80783560362752,5011.737388410483
970.5517860565362,144.68890434380805,5017.759349403033
972.6072638183919,143.54967183736045,5023.761283713388
974.6425894664557,142.39014102311828,5029.7431913096325
976.6577600730423,141.21031484034214,5035.705072159956
978.6527727105737,140.01019622871956,5041.646926232656
980.6476244515701,138.78978715607764,5047.568753496137
982.6623123685524,137.54908570152057,5053.47055391891
984.6968335339453,136.28808897229212,5059.352327469591
986.7511850200677,135.00679407606304,5065.214074116903
988.8253638991332,133.70519812093107,5071.055793829677
990.9193672432498,132.3832982154209,5076.877486576847
993.0331921244202,131.0410914684843,5082.679152327459
995.1668356145418,129.67857498950002,5088.46079105066
997.3002957577028,128.31574686052596,5094.222402715707
999.4135744871421,126.97260905277132,5099.963987291962
1001.5066747084845,125.64916450934449,5105.685544748894
1003.5795993274623,124.3454161729301,5111.387075056078
1005.6323512499149,123.06136698578898,5117.068578183195
1007.6649333817891,121.79701988975813,5122.730054100034
1009.6773486291386,120.55237782625078,5128.37150277649
1011.6695998981247,119.32744373625628,5133.992924182565
1013.6416891227285,118.10222056037561,5139.594318288366
1015.5936143478883,116.85671123921126,5145.175685064107
1017.5253726463625,115.59091871375722,5150.737024480109
1019.4369610910163,114.30484592543436,5156.278336506799
1021.3283767548226,112.99849581609048,5161.799621114712
1023.1996167108612,111.67187132800025,5167.300878274487
1025.0506780323194,110.32497540386517,5172.782107956872
1026.8815577924918,108.95781098681363,5178.243310132719
1028.7122530647714,107.57038004811339,5183.704484772979
1030.5627609225521,106.16268067030927,5189.185631848604
1032.4330784391316,104.73470996408547,5194.686751330447
1034.323202687702,103.28646504055304,5200.207843189255
1036.23313074135,101.8179430112499,5205.74890739567
1038.162859673057,100.32914098814082,5211.309943920228
1040.1123865556995,98.82005608361753,5216.890952733356
1042.0817084620485,97.2906854104986,5222.491933805378
1044.0708224647697,95.74102608202952,5228.105193258857
1046.0797256364233,94.17107521188278,5233.7219082795245
1048.1084150494648,92.58082991415779,5239.339767970205
1050.156887776244,90.97028730338093,5244.956356026001
1052.2251408890058,89.33944449450556,5250.569152412776
1054.3131714598899,87.68829860291203,5256.175536388404
1056.4209765609305,86.01684674440776,5261.77279149241
1058.548553264057,84.32508603522713,5267.358114899621
1060.6758986411028,82.61301456431907,5272.946747730232
1062.7830097639019,80.8806343102093,5278.555352521657
1064.8698837043871,79.12794822413805,5284.183929244073
1066.936517534599,77.35495925777255,5289.832477867548
1068.9829083266861,75.56167036320707,5295.500998362046
1071.0090531529042,73.74808449296287,5301.189490697424
1073.014949085617,71.91420459998821,5306.8979548434345
1075.0005931972955,70.0600336376583,5312.626390769721
1076.9659835328061,68.20557455973983,5318.354798445832
1078.9111220262726,66.37083032000108,5324.063177841315
1080.836011584214,64.55580387182184,5329.751528925815
1082.740655113257,62.76049816815803,5335.419851669085
1084.6250555201357,60.984916161541626,5341.068146040981
1086.4892157116922,59.22906080408068,5346.696412011471