
-270.7229204846229,718.1474495449796,312.2951203178706
-270.692923560049,718.1774461424426,312.29949372597997
-270.64292512088247,718.2274369065544,312.30666988697584
-270.5729222505268,718.2974189200193,312.31654817530506
-270.4829120324919,718.3873892651158,312.3290253919101
-270.3728915503942,718.4973450236973,312.3439967708326
-270.2428578879563,718.6272832771921,312.3613569603065
-270.0928081290073,718.7772011066028,312.38100093423293
-269.942739357474,718.9470965647943,312.39175980847335
-269.8126486572832,719.136971593356,312.3825170215627
-269.70253311226435,719.3468291057395,312.3532725735501
-269.6123898061406,719.576672014971,312.30402646459106
-269.54221582252893,719.8265032336512,312.23477869494747
-269.4920082449403,720.096325673956,312.14552926498754
-269.4617641567793,720.3861422476355,312.0362781751859
-269.4514806413444,720.6959558660143,311.9070254261234
-269.4411548485255,721.0243966787284,311.77508410022114
-269.41078417758007,721.3704486032996,311.6578975155862
-269.3603660069587,721.7348375416996,311.55572005974363
-269.2898976069197,722.1183171207298,311.4687943417838
-269.19937614232117,722.521527379406,311.39735201538224
-269.0887987093043,722.9447229736728,311.34161544296035
-268.9581623915948,723.3879009782925,311.3018010106557
-268.8074642730249,723.8510584676021,311.278122030829
-268.63670240982117,724.3141925155489,311.2525629959161
-268.44587874746645,724.7573001960805,311.20700230590984
-268.23499620383785,725.1803785835339,311.1414399610525
-268.00405769691906,725.5834247526724,311.0558759616928
-267.7530661448004,725.9664357786846,310.95031030828557
-267.4820244656789,726.3294087371847,310.8247430013923
-267.1909355778581,726.6723407042125,310.6791740416806
-266.87980239974826,726.9952287562334,310.5136034299246
-266.5686268775699,727.3180709423905,310.3280311670047
-266.2774070683939,727.6608692009767,310.1224572539077
-266.0061400569066,728.023626442183,309.8968816917268
-265.75482292768805,728.4063455757748,309.6513044816614
-265.5234527652124,728.8090295110926,309.38572562501747
-265.31202665384757,729.2316811570516,309.1001451232072
-265.12054167785556,729.6743034221417,308.7945629777492
-264.9489949213922,730.1368992144278,308.4689791902684
-264.7973844407949,730.5994714415845,308.1233937624961
-264.66571218144463,731.0420230112869,307.75780669627
-264.55398106090405,731.4645568316002,307.37221799353415
-264.46219399662954,731.8670758110148,306.96662765633886
-264.3903539059715,732.249582858447,306.541035686841
-264.33846370617425,732.612080883238,306.0954420873035
-264.3065263143761,732.9545727951551,305.629846860096
-264.29454464760914,733.2770615043904,305.1442500076942
-264.3025211196493,733.5898997445418,304.6586515326715
-264.33045612827937,733.9035078525228,304.19305143760124
-264.3783495517352,734.2180210242584,303.7474497249592
-264.44620124927525,734.5335687097662,303.321846397115
-264.5340110620061,734.8502747657423,302.91624145633176
-264.6417788136885,735.1682575995629,302.5306349047662
-264.76950431151994,735.4876303371295,302.16502674446895
-264.9171873468936,735.8085009668705,301.8194169773841
-265.08327163220326,736.1401590545638,301.49380560534945
-265.26633820812515,736.4918425995356,301.18819263009647
-265.466659156442,736.8635540984559,300.90257805325024
-265.6845003838035,737.2552960872174,300.6369618763295
-265.92012224256683,737.6670711400816,300.3913441007468
-266.1737800515018,738.0988818689076,300.1657247278081
-266.44572452017417,738.5507309224505,299.96010375871316
-266.7362021065725,739.0226209857155,299.77448119455545
-267.04597361184807,739.5145548045573,299.608857036322
-267.3756761702865,740.0265352548796,299.4632312848935
-267.72530686327235,740.5585652432767,299.33760394104434
-268.094862772084,741.1106476759169,299.2319750054425
-268.4843409778941,741.6827854585429,299.1463444786498
-268.8937385617691,742.2749814964717,299.08071236112147
-269.32305260466984,742.8872386945948,299.03507865320654
-269.772280187451,743.5195599573776,299.0094433551477
-270.22141936315774,744.151947216608,298.9904946666073
-270.65047207398555,744.7643985149239,298.96484163844264
-271.0594412345152,745.3569109230649,298.9323250286371
-271.44832975943433,745.9294815121962,298.89278367451044
-271.8171405635373,746.4821073539077,298.84605442596245
-272.1658765617253,747.0147855202148,298.79197206918
-272.4945406690063,747.5275130835577,298.73036924128394
-272.80313580049483,748.0202871168018,298.6610763607118
-273.0916638991248,748.5131046932023,298.59789498393627
-273.36012301878714,749.0259628860141,298.55471201934154
-273.6085102411919,749.5588587681019,298.5315274671573
-273.836822648156,750.1117894119051,298.5283413275067
-274.04505732160305,750.684751889437,298.5451536004068
-274.23321134356337,751.2777432722858,298.5819642857682
-274.4012817961742,751.8907606316137,298.6387733833951
-274.5492657616794,752.5238010381578,298.71558089298543
-274.6945109961141,753.1568624057096,298.8123868141308
-274.8544290339943,753.7699460247516,298.9291911463164
-275.0291437038837,754.3630540442132,299.0659938889211
-275.2187811245162,754.9361886312503,299.2227950412175
-275.4234697953945,755.4893519715837,299.3995946023718
-275.64334067642073,756.0225462698546,299.59639257144374
-275.87852725560714,756.5357737499866,299.81318894738695
-276.12916564682655,757.0290366555619,300.0499837290486
-276.3975310233959,757.5223373540798,300.3056864286435
-276.68582740340076,758.035678645276,300.5794317722904
-276.9940518684457,758.569063435737,300.8716713004339
-277.3222015000294,759.1224946316242,301.1828588994594
-277.67027337954465,759.6959751386732,301.5134509533244
-278.03826458827825,760.2895078621939,301.8638588448533
-278.42617220741096,760.9030957070704,302.2342651311962
-278.83399331801775,761.5367415777613,302.6246698103832
-279.2617250010677,762.1904483782993,303.0150728803473
-279.70936433742406,762.8642190122915,303.38547433902136
-280.1769084078441,763.5580563829194,303.7358741844358
-280.6643542929793,764.2719633929383,304.0662724147272
-281.1716990733753,765.0059429446782,304.3766690281388
-281.69893982947195,765.7599979400429,304.66706402302003
-282.24607364160335,766.5341312805107,304.9374573978266
-282.8130975899977,767.328345867134,305.18784915112076
-283.38939517552546,768.122644084555,305.4382392815622
-283.9642154319488,768.8970262466104,305.7086277878105
-284.53728519294197,769.6514921179066,305.99901466842795
-285.108332523859,770.3860414233018,306.30939992187035
-285.6770867117214,771.1006738480822,306.6397835464872
-286.24327829669096,771.7953890381442,306.99016554052173
-286.80663906587216,772.4701866001762,307.3605459021107
-287.3669020471149,773.1250661018399,307.7509246292846
-287.9155045672459,773.7800266686132,308.1525353007992
-288.44401469468403,774.4550657801545,308.5566844390379
-288.9524295097566,775.1501805059139,308.9635155347886
-289.44074609289777,775.8653679149154,309.3731672029267
-289.90896152464853,776.6006250757574,309.78577306225117
-290.35707288565686,777.3559490566124,310.2014616482228
-290.7850772566775,778.1313369252273,310.6203563965125
-291.1929717185722,778.9267857489231,311.0425757250168
-291.58075335230967,779.7422925945949,311.4764854988631
-291.9484192389655,780.5778545287126,311.9303936164076
-292.2959664597223,781.43346861732,312.4043000752367
-292.6233920958697,782.3091319260354,312.8982048728302
-292.9306932288041,783.2048415200513,313.41210800656194
-293.2178669400293,784.1205944641346,313.94600947369906
-293.4849103111558,785.0563878226266,314.49990927140266
-293.7318204239012,786.012218659443,315.0738073967272
-293.95859456728624,786.9838220065261,315.667703846621
-294.1652308553633,787.9670122831482,316.281598617926
-294.35172759013545,788.9619464681422,316.9154917073778
-294.5180830502204,789.9687838918525,317.5693831116056
-294.66429549049894,790.9876863448507,318.2432728271323
-294.79036314174914,792.0188181771136,318.9371608503744
-294.8962842102634,793.0623464448865,319.6510471776423
-294.9820568774415,794.1184410651737,320.3849318051397
-295.0476791780063,795.1897712833213,321.118814728973
-295.0931486498462,796.2787140412671,321.83269594524864
-295.11846275519497,797.384855226807,322.5265754501705
-295.1236190164892,798.5077789630737,323.20045324004894
-295.1086150166254,799.6470676047313,323.85432931130043
-295.07344839921944,800.8023017150947,324.48820366044805
-295.01811686887106,801.9730600127341,325.10207628412104
-294.9426181914356,803.1589193543166,325.6959471790552
-294.84695049624895,804.3532435167468,326.26981634209255
-294.73111317154144,805.5496149695281,326.82368377018145
-294.59510591597564,806.7480456922252,327.35754946037673
-294.4389284263439,807.948544923499,327.8714134098396
-294.26258039797204,809.1511191305881,328.3652756158375
-294.0660615251233,810.3557719902358,328.8391360757443
-293.8493715014096,811.562504346728,329.29299478704024
-293.61251002020697,812.7713141603947,329.72685174731185
-293.3754773124249,813.971144055082,330.1407069542521
-293.1582757587395,815.1509408262638,330.5345604056603
-292.96090827716796,816.31070736639,330.90841209944205
-292.78337778562224,817.4504465683364,331.26226203360943
-292.6256872019086,818.5701613254041,331.59611020628085
-292.4878394437279,819.66985453132,331.90995661568104
-292.36983742867557,820.7495290802362,332.2038012601411
-292.2716840742413,821.8091878667308,332.47764413809847
-292.17338132553084,822.8688328134838,332.73774848056377
-292.0549272385009,823.9484619540261,332.9903674075272
-291.91631889691905,825.048072349211,333.2354860462865
-291.75755338465996,826.1676610594665,333.4731001783904
-291.5786277857056,827.3072251447953,333.7032161659673
-291.379539184145,828.4667616647752,333.92585083060857
-291.1602846641747,829.6462676785582,334.1410313489408
-290.9208613100981,830.8457402448713,334.3487951286486
-290.6812671786046,832.0451773943392,334.54914998637236
-290.4615042155344,833.2245810467366,334.74205483818764
-290.26157533891825,834.3839540945156,334.9274562489352
-290.0814834666818,835.523299430554,335.10530462251154
-289.92123151664487,836.642619948155,335.27555422857233
-289.7808224065221,837.7419185410477,335.4381631500802
-289.6602590539223,838.8211981033862,335.593093284259
-289.55954437634887,839.8804615297506,335.7403102360207
-289.4786803189124,840.9397117151105,335.8736615499705
-289.4176649374679,842.0189515544363,335.98701107790293
-289.3764953154776,843.1181839423077,336.0803588192153
-289.3551685362979,844.2374117728796,336.15370477341116
-289.35368168318007,845.3766379398814,336.20704894010055
-289.3720318392696,846.535865336617,336.24039131899974
-289.4102160876066,847.7150968559649,336.2537319099315
-289.46823151112574,848.9143353903783,336.2470707128249
-289.546075791952,850.1212562867405,336.22040772771527
-289.64374900916636,851.3235374037502,336.17374295474445
-289.7612518404838,852.5211855434351,336.1070763941606
-289.89858496310944,853.7142052076596,336.0204080463182
-290.055749054079,854.9025985752362,335.91373791167814
-290.23274479059694,856.0863654580567,335.7870659908076
-290.42957285039046,857.2655032171681,335.6403922843802
-290.64623391206743,858.4400067475151,335.47371679317587
-290.86272874530727,859.6080198732471,335.2897694403743
-291.0590584799329,860.7676975203091,335.09129337527935
-291.2352243334545,861.9190574082492,334.8783147191322
-291.39122752048934,863.0621170651046,334.65085898814493
-291.5270692527927,864.1968938035593,334.4089511449985
-291.6427507392866,865.3234047667192,334.1526155621265
-291.7382731860828,866.4416669233445,333.88187604269564
-291.81363779651133,867.5516970516359,333.59675581774445
-291.868846057601,868.6476193652062,333.29445008303475
-291.9039005999385,869.7235482608454,332.9721425760228
-291.91880434019976,870.7794807994851,332.6298332984225
-291.9135601951679,871.815414042482,332.26752225205405
-291.8881710817331,872.8313450516184,331.8852094388441
-291.8426399168927,873.8272708891022,331.4828948608256
-291.7769696177512,874.8031886175667,331.0605785201378
-291.69116310152003,875.7590953000702,330.61826041902657
-291.5852232855179,876.6949880000968,330.1559405598439
-291.45915308717036,877.6108637815563,329.67361894504813
-291.3129554240102,878.5067197087836,329.17129557720403
-291.1466332136772,879.3825528465394,328.64897045898283
-290.96018937391807,880.2383602600096,328.10664359316195
-290.7536268225865,881.074139014806,327.5443149826252
-290.5269484776433,881.8898861769655,326.9619846303629
-290.2801572571562,882.6855988129512,326.35965253947154
-290.03325607929094,883.4612749619387,325.73998754211715
-289.80624786221387,884.2169165526792,325.1057617000805
-289.59913552399445,884.952526486637,324.4571782175512
-289.41192198259637,885.6681076657017,323.79443368124896
-289.24461015587747,886.3636629921886,323.11771783249475
-289.09720296158974,887.0391953688387,322.4272133183005
-288.96970331737936,887.6947076988183,321.72309543530673
-288.86211414078673,888.3302028857194,321.005531917112
-288.75443834925505,888.9456828612717,320.28134125922634
-288.62667886022814,889.5411456684811,319.55733225236673
-288.47883859124767,890.1165883784913,318.83364908592614
-288.31092045996206,890.6720080628714,318.11043531700966
-288.1229273841266,891.2074017936163,317.3878338582745
-287.9148622816033,891.7227666431462,316.66598695122644
-287.68672807036086,892.218099684307,315.9450361497679
-287.4385276684747,892.69339799037,315.2251223204358
-287.19026399411814,893.1486596073198,314.51576127039124
-286.9619399654648,893.5838864707163,313.8263985478834
-286.7535585005911,893.9990814888322,313.15703415657805
-286.5651225174675,894.3942475703661,312.50766810003444
-286.3966349339583,894.7693876244418,311.87830038170574
-286.24809866782175,895.124504560609,311.26893100493857
-286.1195166367101,895.4596012888427,310.67955997297327
-286.0108917581694,895.7746807195434,310.1101872889439
-285.9022265451096,896.0780661737577,309.5419459944073
-285.77352189299256,896.3780625467731,308.95594471589806
-285.62477829627915,896.6746397620426,308.35213335143743
-285.45599625321734,896.9677715759087,307.7304592490163
-285.2671762652852,897.2574355451789,307.0908672447421
-285.05831883663865,897.5436130070987,306.43329964853467
-284.8294244735603,897.8262890764918,305.7576962403112
-284.5804936839097,898.1054526247788,305.0639943033655
-284.3115264057605,898.3928379848975,304.37062268392276
-284.0225202944339,898.7001826567626,303.6965390587344
-283.7134724346043,899.0274837176357,303.0423470461918
-283.3843799110528,899.3747382443531,302.40815342219645
-283.0352398086671,899.7419433133261,301.79395819012063
-282.6660492124414,900.1290960005407,301.1997613532304
-282.2768052074766,900.5361933815577,300.62556291468536
-281.8675048789802,900.9632325315131,300.0713628775389
-281.4381462845537,901.390210525153,299.52281604134475
-280.98873137105517,901.7971244372238,298.96573982092565
-280.5192630577367,902.1839713428626,298.40045654399654
-280.029744263957,902.5507483176317,297.82728276286434
-279.5201779091816,902.8974524375195,297.2465292792218
-278.9905669129824,903.2240807789401,296.65850115225214
-278.4409141950379,903.5306304187335,296.06349769958103
-277.8712226751333,903.8170984341654,295.4618125392366
-277.2814952731603,904.0834819029274,294.8668584399153
-276.6717349091171,904.3297779031369,294.2919027726148
-276.0419445031085,904.5559835133373,293.7369455403924
-275.39212697534566,904.7620958124978,293.2019867461992
-274.72228524614644,904.9481118800136,292.6870263928799
-274.0324222359351,905.1140287957055,292.19206448317277
-273.3225408652423,905.2598436398206,291.71710101970973
-272.59264405470515,905.3855534930317,291.26213600501654
-271.862733935807,905.507391350179,290.8188152471135
-271.1528094825892,905.6416030646399,290.3787674741287
-270.46286887759453,905.7882088592887,289.9419581701604
-269.7929103008267,905.9472277093287,289.5083521092789
-269.14293192993,906.1186773689942,289.0779133722163
-268.5129319403678,906.3025743534309,288.65060535471133
-267.9029085056031,906.4989339730275,288.2263907810992
-267.3128597972689,906.7077703677477,287.80523169644437
-266.7267677314093,906.9156676140877,287.3755900151466
-266.128641976839,907.1092188116369,286.92594680572256
-265.51853552192443,907.288457846592,286.4563020705632
-264.8965026572757,907.4534201407579,285.966655812166
-264.26259908280304,907.6041427790605,285.45700803313457
-263.61688203811764,907.7406646585342,284.92735873617914
-262.95941041574497,907.8630266301774,284.377707924116
-262.2902448662118,907.9712716350977,283.808055599868
-261.61019196812964,908.062419552502,283.21840176646435
-260.92013940474556,908.133467556965,282.60874642704044
-260.2203085004074,908.1844142062961,281.9790895848383
-259.51091613396216,908.2152580902623,281.329431243206
-258.79217454897366,908.2259978299246,280.6597714055983
-258.06429121734607,908.2166320769517,279.97011007557603
-257.3274687687508,908.1871595129178,279.2604472568065
-256.5819050073147,908.1375788485967,278.53078295306346
-255.82202656516708,908.0678885429321,277.80111716821807
-255.0421638344697,907.9780859569064,277.09144990614146
-254.24231973623188,907.8681681761617,276.4017811706073
-253.42249719156914,907.7381322867661,275.732110965283
-252.58269912170323,907.5879753752139,275.08243929372964
-251.72292844796218,907.4176945284252,274.45276615940173
-250.84318809178018,907.2272868337461,273.8430915656476
-249.94348097469765,907.0167493789489,273.2534155157093
-249.04381001835227,906.7860802245197,272.67254733520383
-248.16417814438157,906.53528132052,272.0893774016469
-247.30458827432534,906.2643555897251,271.5040678942717
-246.46504332961686,905.9733059553365,270.91678110962476
-245.64554623158276,905.6621353409815,270.3276794098282
-244.84609990144307,905.3308466707135,269.7369252172144
-244.06670726031123,904.9794428690121,269.1446810920497
-243.30737122919405,904.6079268607828,268.551109905268
-242.54809375671306,904.236300599034,267.94691524529674
-241.76887290233972,903.8845621476255,267.32271916051224
-240.9697057533553,903.5527085977396,266.6785216542337
-240.1505893971471,903.2407370401344,266.01432272988666
-239.3115209212084,902.9486445651428,265.33012239100304
-238.45249741313873,902.6764282626731,264.62592064122117
-237.57351596064368,902.424085222209,263.9017174842856
-236.6745736515349,902.1916125328091,263.1575129240473
-235.75868193512696,901.9590074296373,262.4048202479497
-234.8288296020655,901.706267732543,261.6551431769359
-233.884964261047,901.4333914017,260.90846256235096
-232.9270290605078,901.1403763893163,260.164759187098
-231.95496257466013,900.8272206389772,259.4240137036494
-230.9686986981115,900.4939220849685,258.686206602337
-229.96816657863098,900.1404786515902,257.9513181527015
-228.95329050747716,899.7668882524563,257.21932833411273
-227.92125345299175,899.3731486567518,256.47878210548333
-226.8692789281177,898.9592570916402,255.71823451302313
-225.79736985531125,898.5252106495917,254.93768556077634
-224.70552915713463,898.0710064235027,254.1371352528936
-223.59375975625613,897.5966415066961,253.31658359363186
-222.46206457544997,897.1021129929209,252.47603058735447
-221.31044653759628,896.5874179763524,251.6154762385311
-220.13890856568125,896.0525535515923,250.7349205517378
-218.96745261050057,895.5175177859202,249.8453471768528
-217.81607673369976,895.0023126357669,248.95770635110748
-216.684778024539,894.5069410294612,248.07193095390144
-215.57355357217176,894.0314058949078,247.18795332675217
-214.48240046564467,893.5757101595864,246.30570539584235
-213.41131579389767,893.1398567505523,245.4251187790703
-212.36029664576398,892.7238485944364,244.54612487688772
-211.3293401099701,892.3276886174449,243.66865495646186
-210.3184432751359,891.9513797453593,242.781929185332
-209.32760322977458,891.5949249035367,241.87520212320504
-208.3568170622926,891.2583270169094,240.9484737749026
-207.40608186098987,890.9415890099853,240.00174414535257
-206.47539471405963,890.6447138068471,239.0350132395893
-205.56475270958856,890.3677043311535,238.04828106275335
-204.6741529355567,890.1105635061382,237.04154762009176
-203.80359247983753,889.87329425461,236.01481291695788
-202.93306904130802,889.6433281460003,234.9709616452802
-202.0425827558989,889.4082440640656,233.91283659072138
-201.13213433427313,889.1683355990509,232.8403563456391
-200.20172444481028,888.9238846969384,231.75344425271905
-199.25135371528052,888.6751619908433,230.65202829530296
-198.28102273447053,888.4224271314557,229.53604098199423
-197.29073205376272,888.1659290831517,228.40541925176788
-196.2804821886727,887.9059064272559,227.26010438718637
-195.270274032725,887.6341056845358,226.09742821053757
-194.2801101012556,887.3421590715307,224.91475083161242
-193.309993316392,887.0300695117656,223.71207225669988
-192.35992660015523,886.6978399291921,222.48939249219526
-191.42991287445963,886.3454732481877,221.2467115446002
-190.51995506111294,885.9729723935561,219.98402942052275
-189.63005608181624,885.5803402905271,218.7013461266773
-188.760218850595,885.1677355578107,217.39866166988455
-187.89044625867015,884.7351601491979,216.08468712104883
-187.00074121996903,884.2824564366992,214.76783905328702
-186.09110665608497,883.8096215135174,213.44752942192503
-185.16154548871737,883.3166524732815,212.12317220993802
-184.21206063967153,882.8035464100466,210.79418373801678
-183.24265503085877,882.2703004182939,209.45998302243726
-182.2533315842962,881.716911592931,208.11999216201684
-181.24409322210698,881.1433770292913,206.77363674867436
-180.2201010936771,880.5603520243061,205.42472462955712
-179.1865348291967,879.9784803570415,204.07735367503352
-178.1434351399235,879.3977357396735,202.73153154478942
-177.09084228348357,878.8180922798593,201.38726626745517
-176.02879598321823,878.2395246084579,200.04456630843572
-174.9573353384566,877.6620079726673,198.70344063332985
-173.87649876719732,877.0855183558529,197.3638987632432
-172.78632394925015,876.5100325797264,196.02595082831337
-171.701533111276,875.9249635770142,194.69186845413935
-170.6368318106084,875.3197378299504,193.36360560918675
-169.59222296977129,874.6943582686689,192.04053062551398
-168.56770951118173,874.0488278237297,190.7219988575518
-167.56329435714994,873.383149426119,189.40735451518793
-166.57898042987932,872.6973260072493,188.09593402213474
-165.61470723403167,871.9913604958763,186.78707163915402
-164.66934482759893,871.2652557568592,185.4801088508386
-163.74295917884527,870.5266472197308,184.17798166460332
-162.83668418684803,869.7838165761964,182.8836376085807
-161.95047064487557,869.0379899877182,181.59647069399873
-161.08391313739415,868.290262908342,180.31592047619466
-160.23632865862734,867.5416016676335,179.04147842754665
-159.40708885720554,866.7928484888622,177.7726913277887
-158.59561456631332,866.0447407854604,176.5091550706135
-157.80137113714355,865.2979269389385,175.25050914905304
-157.01950655378428,864.5477144047389,173.9842229299189
-156.24494429005668,863.7896231814582,172.69802132448729
-155.47672221777822,863.024636191541,171.39255874805227
-154.71388968563178,862.2536328351264,170.06893655929315
-153.95551585844893,861.477391416361,168.72818627274003
-153.2006882030654,860.6966006419785,167.3712744210766
-152.44851356358674,859.9118700569721,165.99910560117095
-151.6981217694962,859.1237391836174,164.61252415539846
-150.9468828588245,858.3355361619134,163.2218489495129
-150.1926802103653,857.5504644488263,161.8370398607664
-149.43567208887774,856.7687880019995,160.4581938875849
-148.67599401273318,855.9907844487792,159.08540957331505
-147.91375800306804,855.2167465109715,157.7187882634047
-147.14905165771765,854.4469835920789,156.3584355440203
-146.38193704168174,853.6818235260367,155.0044629052542
-145.61244938908976,852.9216145181766,153.65698968375872
-144.84204875090853,852.1575065958367,152.31455012456138
-144.07225037892465,851.3808520782745,150.97554252948865
-143.30315059961433,850.5924192258276,149.6398229658081
-142.53478063611388,849.7929820200651,148.3072561616824
-141.767115588154,848.9833116472045,146.97771599254378
-141.00008434040382,848.1641676233772,145.65108567206812
-140.23357973180876,847.3362891950724,144.32725770675677
-139.46746838846786,846.5003875528594,143.00613366526713
-138.70295685665636,845.6596682455372,141.6843859529546
-137.94124739063497,844.8168642968577,140.3587112799255
-137.18218444773998,843.9717300886082,139.02905508708426
-136.4256060616507,843.1240289971923,137.69534356997033
-135.67134353105033,842.2735344960115,136.35748193591886
-134.91922112231399,841.4200312220999,135.01535263308787
-134.16905579183418,840.5633159804883,133.66881355445184
-133.42065693443047,839.7031986863044,132.317696220576
-132.6716865494946,838.8368371500009,130.96747114650276
-131.91980602610175,837.9616250284652,129.6237893964144
-131.16483387249525,837.0778313848971,128.28681801470458
-130.4066163333456,836.1856893865721,126.95670189259214
-129.64502498354057,835.2854020698597,125.63356694743213
-128.8799542022431,834.3771470684754,124.31752287168135
-128.11131866038923,833.4610805054674,123.00866551279195
-127.33905093462887,832.5373401917628,121.70707891288201
-126.56833276342242,831.6118575638347,120.40776977533761
-125.80428409112223,830.6905024843359,119.10575138007083
-125.04672535982056,829.7732792678382,117.80111576107332
-124.29548212464573,828.8601895492602,116.49395532237628
-123.55038522269395,827.9512325297188,115.18436250784023
-122.81127089448164,827.0464051980853,113.87242950634999
-122.07798085839852,826.1457025396803,112.5582479913418
-121.35036235294463,825.2491177251886,111.2419088956166
-120.62122317702028,824.3520307012033,109.91685934398247
-119.88326796927916,823.449487985824,108.57649699539913
-119.13613488774077,822.5408024536041,107.22080571414887
-118.37945125809958,821.6252598788699,105.84975286078465
-117.61283217871426,820.7021178222961,104.46328704050516
-116.83587889781766,819.7706047149104,103.06133563695334
-116.0481769528989,818.8299192231773,101.64380215098856
-115.24929405504476,817.8792299704677,100.21056335444617
-114.44895545206963,816.9226885050434,98.7663800653206
-113.65716863191794,815.9649968814304,97.31596778019995
-112.87405200887548,815.0064062781116,95.85910969132533
-112.09971412107261,814.0471631043529,94.39561087064509
-111.334253010328,813.0875091250759,92.92529724723862
-110.57775579129309,812.1276813841923,91.44801434799031
-109.83029842375433,811.1679119359618,89.96362585229697
-109.09194568668754,810.2084274437717,88.47201199800192
-108.36565907301387,809.2430185072723,86.97166921485152
-107.65495236802904,808.2644594879104,85.4602708697422
-106.96101067532366,807.2708582268509,83.9359433792887
-106.28506921095973,806.2601588512368,82.39657074474644
-105.62843346499969,805.2303284511813,80.83977276628674
-104.99186487577673,804.1804037465201,79.26363251722178
-104.3754525509008,803.1103876725028,77.66749184667705
-103.77919941051204,802.0202831689949,76.05135076314014
-103.18310750849999,800.9279089978868,74.43520927519607
-102.56717544726156,799.8508102098465,72.83906739142994
-101.93140102888435,798.7884409738833,71.26292512032929
-101.27578213531221,797.7402470859083,69.70678247027534
-100.60031672986096,796.7056616977152,68.17063944954297
-99.90500285944674,795.6840998939239,66.65449606630072
-99.18983865764739,794.6749528597973,65.15835232861075
-98.45606476114803,793.6775827412671,63.68220824442887
-97.72284347853186,792.6795035756194,62.20606382161344
-97.008933698429,791.6679953533447,60.70991906802279
-96.31517403573984,790.6419183484776,59.19377399161276
-95.64156668817463,789.6001224075476,57.65762860044551
-94.98811402061415,788.5414695768192,56.1014829026896
-94.35481856347222,787.4648313223549,54.5253369066199
-93.74168301175763,786.3690822129012,52.92919062061765
-93.1487102076351,785.2534530063826,51.313044053170465
-92.55591026698741,784.117737817401,49.67689721287228
-91.943286109838,782.9619347271555,48.02075010842338
-91.31083345034371,781.7860408439329,46.344602748630436
-90.65855520872998,780.5900532760957,44.64845514240644
-90.00645333303137,779.393970104684,42.943735137329604
-89.3745258821317,778.2177932998884,41.2418090273071
-88.76276994252896,777.0615258037975,39.5425547709845
-88.17118260061388,775.9251705580749,37.84585248122427
-87.59976094266989,774.8087305039593,36.15158448637994
-87.04850205487327,773.7122085822643,34.45963539300081
-86.51740302329301,772.6356077333787,32.76989217464352
-86.00646093389096,771.5789308972662,31.082244238868252
-85.49815267671569,770.5404802525211,29.395428329874445
-84.97544267041103,769.5184725590194,27.70807403516323
-84.4392659334594,768.5127405175025,26.01987044406489
-83.8904855272691,767.5231144325454,24.330531403955124
-83.3298966001326,766.5494220221108,22.6397939255939
-82.75823059189456,765.5914883688484,20.94741657922545
-82.17615946007703,764.6491359521212,19.253177922805104
-81.58429982827256,763.7221846968541,17.55687498255884
-80.99314340906838,762.7950872849892,15.849491329145845
-80.41376573018931,761.8514696243673,14.122107591461194
-79.8479702319574,760.8894046276689,12.374723778690342
-79.29765140311805,759.9075712336025,10.607339900125094
-78.7647580439139,758.9056588262023,8.819955965163608
-78.25114241257164,757.8836700845259,7.012571983310397
-77.75767854341521,756.8416079050075,5.18518796417632
-77.28436935593098,755.779475226856,3.337803917478591
-76.83121679721067,754.7172749896704,1.470419853040773
-76.39821892508905,753.6750101330499,-0.41696421920721893
-75.98537282500631,752.6526835962044,-2.324348289229119
-75.59267558229543,751.6502983179186,-4.25173234688231
-75.22012428218227,750.667857236552,-6.199116381917824
-74.86771600978557,749.7053632900391,-8.16650038398034
-74.53544785011695,748.7628194158895,-10.15388434260819
-74.22331688808096,747.8402285511871,-12.161268247233352
-73.91132020848389,746.9375926603038,-14.168652087190317
-73.57945489613134,746.0549098180362,-16.156035851813577
-73.22771805581154,745.1917680736203,-18.12345522179639
-72.85610689452253,744.3472913998344,-20.071455331711444
-72.46461875156768,743.5205588262029,-22.001042069675346
-72.05325109865895,742.7106720402204,-23.913196712429542
-71.62200153624205,741.9167605047863,-25.80887890365999
-71.17086778906241,741.1379867225062,-27.68903002713812
-70.69984852784111,740.3565425555097,-29.57164882926684
-70.2089458262077,739.5550282436293,-31.47426747413787
-69.6981626036349,738.733440887215,-33.396885951633934
-69.16750177970115,737.8917775870426,-35.339504251531395
-68.61696627409063,737.0300354443136,-37.30212236350029
-68.04655900659314,736.1482115606555,-39.284740277104284
-67.45628289710419,735.2463030381215,-41.2873579818007
-66.84614086562492,734.3243069791906,-43.309975466940514
-66.21613485997467,733.4022204867324,-45.33489793570441
-65.56626293892867,732.5000406636168,-47.344803720151646
-64.89652218908033,731.6177646123245,-49.34043882228179
-64.20690969712867,730.7553894349111,-51.32254510331642
-63.49742254987842,729.9129122330073,-53.291853118263205
-62.76805783424002,729.0903301078191,-55.24907565000014
-62.01881263722956,728.2876401601275,-57.19490294471489
-61.24968404596886,727.5048394902886,-59.13000086368031
-60.46692827589961,726.7345371203169,-61.05332617227214
-59.676818923920685,725.9690355712827,-62.963902533797835
-58.87939377486109,725.2077424871285,-64.86250510508583
-58.07470260446398,724.4501115964179,-66.74988240785825
-57.26280483028129,723.6956384356058,-68.62675260892031
-56.443767524134195,722.9438563943363,-70.49380057902482
-55.61766368094688,722.1943331561247,-72.35167573613414
-54.78457072386095,721.4466676076552,-74.20099068213929
-53.938057810663466,720.7018623366048,-76.049465384105
-53.07165410495756,719.9607407008134,-77.9041595062234
-52.18535910961893,719.222565385923,-79.76436558657353
-51.27917243367963,718.4866141096829,-81.62941795130638
-50.35309378991084,717.7521827011414,-83.49869922419076
-49.40712299196169,717.0185880880446,-85.37164612734068
-48.44125995107543,716.285171095052,-87.24775433637424
-47.45585099543018,715.5512989677951,-89.12658220403776
-46.46369387606878,714.8144719411603,-91.00337172950546
-45.477568118566985,714.0723727762838,-92.87298370330437
-44.498137181567564,713.3247406047631,-94.73421447097918
-43.52607865109427,712.5713031680417,-96.5857981170146
-42.56208279331563,711.8117773846577,-98.4264091601641
-41.60685094699132,711.0458701611698,-100.25466600027437
-40.66109377106368,710.2732794212304,-102.06913504770249
-39.725529343549326,709.4936953539757,-103.86833552507366
-38.78529920276443,708.7089246467273,-105.66829843534855
-37.8251843685383,707.9209432907315,-107.48581187777398
-36.84518529171213,707.1297809632518,-109.32088485586121
-35.84530241804849,706.3354733447586,-111.1735218087428
-34.8255361873265,705.5380625336572,-113.04372185872364
-33.78588703237135,704.7375975294425,-114.93147795488137
-32.72635537800919,703.934134769497,-116.83677595753907
-31.64694163993922,703.1277387382493,-118.75959359208466
-30.550656892541525,702.3291684234742,-120.70116406648592
-29.44115290914219,701.5489940863605,-122.6617284163702
-28.319676553012,700.7869247195528,-124.63876838895405
-27.187426823233064,700.042691345005,-126.62923028853753
-26.045571283745154,699.3160325569908,-128.63001358583415
-24.895230876024197,698.606693418727,-130.63799100594477
-23.737465438640008,697.9144236673205,-132.65003101136546
-22.573260580886352,697.2389748914933,-134.66302296666782
-21.40115138660491,696.5645824968304,-136.67206971862043
-20.219184835776428,695.8755439323568,-138.67374492758444
-19.0273266530738,695.1717312750299,-140.6678964389607
-17.82553842899616,694.453008570865,-142.6543715159719
-16.61377729110701,693.719231309787,-144.63301660410573
-15.391995553415295,692.9702458603794,-146.60367707886905
-14.160140337710809,692.205888855465,-148.5661969825744
-12.918153184499012,691.4259865595122,-150.52041874157655
-11.674066639277545,690.6409396098672,-152.46919410133998
-10.435903850735293,689.8612194229482,-154.41543003869094
-9.203585772066678,689.0867865525059,-156.35907689666428
-7.977033492892826,688.3175992788957,-158.30008173397343
-6.756168216705233,687.5536135871616,-160.23838841346407
-5.540911234497683,686.7947831522688,-162.173937712979
-4.331183892677867,686.0410593233787,-164.10666743252767
-3.1269075526373005,685.2923911052575,-166.03651250980022
-1.9285666390299872,684.5432803611891,-167.96737022702763
-0.7364331634254075,683.7884945632165,-169.90344671493565
0.4499932965109943,683.0285451639508,-171.84528685530154
1.631201444137175,682.2640022211986,-173.79341798393338
2.807659977074415,681.4954807584613,-175.7483415991844
3.979811046671059,680.7236258294018,-177.71052787307787
5.148065641333892,679.9490975358,-179.680412882311
6.312800844449184,679.1725570674279,-181.65839816503274
7.476023073623306,678.3984093725375,-183.6388182234381
8.639543602151122,677.6308390604709,-185.61595075278723
9.803342803794388,676.870049993821,-187.59005717068428
10.967424226108918,676.1162170024645,-189.56137992402154
12.131815442953624,675.369484059317,-191.53014211370737
13.296568872166338,674.6299625148552,-193.49654718221743
14.461762537200608,673.8977294435807,-195.46077867493662
15.62750074746847,673.1728261174558,-197.42300009865667
16.801909604727154,672.4502453291944,-199.38199469113005
17.992660053795625,671.7247448314612,-201.3368937112758
19.198999903109492,670.9959016702502,-203.28850137199728
20.420256653548027,670.2633383166634,-205.23753272648835
21.65583505723823,669.5267196617219,-207.1846182264351
22.905212080906008,668.7857491931314,-209.13031074445294
24.167930572126615,668.0401649149211,-211.07509360074314
25.443592511089275,667.2897353451724,-213.01938866297405
26.732505564581924,666.5378284508641,-214.96288138495066
28.03517644186889,665.7876676444712,-216.90534970552264
29.35166822375156,665.0387645008634,-218.847344896826
30.682109940630728,664.2906643509822,-220.7893688326963
32.026687472903724,663.5429425016052,-222.73188205397904
33.38563627853582,662.795200596491,-224.67531093223056
34.75923566650355,662.047063246331,-226.6200539866162
36.14780434769268,661.2981749594913,-228.56648745604826
37.549176602181035,660.5501052785772,-230.51318432375365
38.96114871573848,659.8048587266882,-232.45872462457473
40.38400508283528,659.0629948012589,-234.40349012515435
41.818080348838656,658.3251475863719,-236.34786725191137
43.263768205069645,657.5920305944773,-238.29225180442492
44.721531667494645,656.8644410001854,-240.23705466713682
46.19191486418254,656.1432625213328,-242.18270881760384
47.67555621110387,655.4294660413542,-244.1296779755765
49.16485886817864,654.7204106280756,-246.0722502901938
50.65167319435787,654.0128105492159,-248.00449059686952
52.135604379357524,653.3064037761003,-249.9264365382981
53.61629842513519,652.6009555324446,-251.83813107110223
55.093438102211856,651.8962564311832,-253.73962196944476
56.56673924355579,651.1921205610789,-255.63096138490795
58.03594736732653,650.4883835907759,-257.5122054349827
59.500834600348405,649.7849009171936,-259.3834138125386
60.958256485281964,649.0815952438957,-261.24918043831485
62.40530835924166,648.3787658446397,-263.11424696334063
63.842241138958514,647.6770106101208,-264.9789488749881
65.26928031552828,646.9768888202004,-266.84358049310384
66.68662855244705,646.2789229508207,-268.7083980312127
68.0944680521644,645.5836004440781,-270.5736225506714
69.49296268018203,644.8913754493594,-272.43944278598724
70.8822598652885,644.2026704931367,-274.3060178309897
72.26725960420337,643.5172457218619,-276.1712189118399
73.65292605594159,642.8347571735094,-278.03299086700895
75.03954101072806,642.155409392714,-279.89163177574335
76.42741518864125,641.4794178747768,-281.74745232941046
77.81689129944047,640.8070103275878,-283.6007774254446
79.20834748033512,640.1384281062859,-285.4519479167415
80.60220113866207,639.473927828467,-287.30132247901037
81.99891325079065,638.8137832145824,-289.14927964317116
83.39887671308601,638.1577740948507,-290.9866245857326
84.80163905454611,637.5052378765271,-292.803967980966
86.20602118429002,636.8556033059193,-294.6013098192074
87.61090330930817,636.2083584830489,-296.3786500908994
89.01523068544233,635.5630463645444,-298.1359887865909
90.41801593066715,634.9192602518922,-299.8733258969371
91.81833879975225,634.2766393477319,-301.5906614126997
93.21534420597341,633.6348645128326,-303.28799532474665
94.61557724423163,632.983335944857,-304.9699774109994
96.02590272317137,632.311602424354,-306.6413802994021
97.44614063064711,631.6196624926035,-308.30245174088606
98.87611638897366,630.9075147167425,-309.9534438132576
100.31566083108532,630.1751576889741,-311.5946133169721
101.76461019052316,629.4225900257792,-313.2262221408663
103.22280611955566,628.6498103671286,-314.84853760452626
104.69009578359339,627.8568173756863,-316.4618327553554
106.15686885446893,627.06094703382,-318.0719827089884
107.61348754352404,626.2796753769663,-319.68470085937037
109.059741029015,625.5132846954876,-321.29993658595276
110.49540999070267,624.762066289953,-322.91763278294997
111.92026632841957,624.0263207499178,-324.5377255065992
113.33407289068931,623.3063582212989,-326.16014361467194
114.736583205771,622.6024987014462,-327.7848083871504
116.12754120845563,621.9150723313925,-329.41163316109
117.51339567056168,621.231784325236,-331.0495143778787
118.90074391341899,620.5403491119351,-332.7073938342851
120.28963258849647,619.8411196439495,-334.38527152149317
121.68012731577693,619.1344463836255,-336.0831474305807
123.07231389277979,618.4206783465296,-337.8010215525193
124.46630005299349,617.7001649713999,-339.5388938781739
125.86221768246145,616.9732587484543,-341.29676439830337
127.26022534459358,616.24031840382,-343.07463310356013
128.66885104392833,615.5035905675164,-344.85449865602993
130.09617767993063,614.7646252559214,-346.61771721214245
131.5414773328715,614.0224295317814,-348.36299824566885
133.00400171778355,613.2760726969485,-350.08905285267576
134.48298351872336,612.5246695224911,-351.7951728693068
135.97765902143203,611.7673881682921,-353.481291015257
137.48729313871786,611.0034635301752,-355.14740728156033
139.01118472683194,610.2321959316046,-356.79352165935717
140.53197824198173,609.4482948764897,-358.4318497751884
142.03265844782294,608.6479990675566,-360.07479038423173
143.51322314555148,607.8335762298459,-361.7227166300065
144.97367044911513,607.0070522817117,-363.37599323243893
146.41399875007855,606.1702129407663,-365.0349316966382
147.83420668260717,605.3246035240472,-366.69974828279896
149.2346212752229,604.4715261091538,-368.3705308879522
150.6161676813599,603.6120255701198,-370.04722235547223
151.98450808010003,602.7457202015402,-371.7232365317603
153.34501785132693,601.8717077301163,-373.39225468542037
154.69831864181032,600.9898621137106,-375.05469527700615
156.0450333700718,600.1000662488417,-376.7110065806345
157.38578808336723,599.2022127888526,-378.3616669281233
158.7212136645977,598.296205115361,-380.0071846696504
160.0519473207375,597.3819583767082,-381.64809778465127
161.37863377184223,596.4594005293127,-383.28497310194916
162.70538402688499,595.5326964703917,-384.9140654830179
164.0360122772349,594.605638316701,-386.53133771969937
165.37056966874493,593.6774534857856,-388.13677688062967
166.7091011798309,592.7474403907081,-389.73035318022187
168.05164722520334,591.8149592877072,-391.3120249673362
169.39824497609985,590.8794247366869,-392.8817427488322
170.74892943370398,589.9402993317364,-394.4394523948686
172.10373428858023,588.9970884437747,-395.9850976799687
173.46444382213582,588.052609491451,-397.5284995578612
174.83294761827767,587.1098890654217,-399.07951064045943
176.20949271274728,586.1688703939244,-400.6381320009825
177.59433340883672,585.2294951220227,-402.20435299147493
178.98773180288975,584.2917035258013,-403.7781498466273
180.38995837969455,583.3554347754136,-405.35948410639924
181.80129270853146,582.4206272541253,-406.9483008455233
183.222024271356,581.4872189406647,-408.5445266614908
184.641355786477,580.5628882876892,-410.14516035300693
186.0484228812032,579.6555129377814,-411.7471775228905
187.44338486281296,578.7654415822866,-413.3504469820385
188.82639964602174,577.8930519736103,-414.954834707915
190.19762257450336,577.038755323851,-416.5602047496189
191.55720501564696,576.2030013368595,-418.1664203711614
192.90529270241763,575.3862838813927,-419.7733454918128
194.24202380327648,574.5891165780087,-421.38084648738544
195.57598453111123,573.7935965666594,-422.9820630111234
196.91532120276577,572.9818077698815,-424.5704988041538
198.25930071134664,572.1542388143523,-426.1467449730275
199.60721453467482,571.3113864423243,-427.71138190935267
200.9583837902303,570.4537540762051,-429.26497862126564
202.31216418785084,569.5818504758664,-430.80809221987425
203.6679507459709,568.6961885053961,-432.3412675902375
205.0251821588825,567.7972840069508,-433.865037252126
206.38371918475923,566.8905575051193,-435.38411548331527
207.7436969903899,565.9812183610361,-436.90298460452783
209.10512595953878,565.0693606713696,-438.42170573239923
210.46801740424783,564.1550770983098,-439.9403373811376
211.8323834859346,563.2384586653519,-441.45893543319795
213.19823714236261,562.3195945797946,-442.9775531233374
214.56559201506403,561.3985720584676,-444.49624102681327
215.9344623755445,560.4754761678337,-446.0150470712891
217.30349966056835,559.5503644696364,-447.53255055612607
218.67138028487392,558.6232405219719,-449.04732782094925
220.03816876847304,557.6940799121621,-450.55941895398666
221.4039296370043,556.7628577560641,-452.0688628557985
222.768727447771,555.8295486868017,-453.5756972880334
224.1326268120829,554.8941268481431,-455.0799589189663
225.49569242012947,553.9565658816168,-456.5816833733278
226.85798906087433,553.0168389155912,-458.0809052805835
228.22316380670958,552.0725912657413,-459.57779860298365
229.59485461577438,551.1214737747621,-461.07253299599756
230.97310850169433,550.1634698348195,-462.56513411934435
232.35797283613712,549.1985610592699,-464.0556279058629
233.74949536619482,548.2267272573346,-465.54404057772416
235.14772423223937,547.247946400665,-467.03039866741204
236.55270798815644,546.2621945896668,-468.5147290484791
237.9644956201446,545.2694460171986,-469.9970589650508
239.38176675252924,544.2761904975958,-471.48078726516786
240.80329665259006,543.2891267798315,-472.9694155235018
242.22933244689403,542.3086588975717,-474.4631926194372
243.6601362875161,541.3352175085154,-475.96240168068323
245.0959865333057,540.3692608302975,-477.46736482684827
246.53717930370033,539.4112755964604,-478.9784483500355
247.9840305364735,538.4617783142386,-480.4960685816068
249.4368786622256,537.5213164290183,-482.02069795635737
250.89241090450335,536.5864144314867,-483.5570835250462
252.3471322183658,535.6535641145596,-485.1095826999461
253.80103743629954,534.7232377594559,-486.6779542432675
255.25413728702316,533.795861795848,-488.2620247991974
256.70645628138726,532.8718247056659,-489.86168095980685
258.1580311252159,531.9514835519686,-491.476862666579
259.6089095274506,531.0351694173738,-493.10755772201355
261.0591493265366,530.1231919687127,-494.753797221527
262.50925923564546,529.2192681322084,-496.40741565990044
263.95988525520903,528.3271540033595,-498.06056393381925
265.4113483821819,527.4472440124418,-499.71392076170196
266.8639362745692,526.5799648524611,-501.36815217930456
268.3179005615172,525.725775690684,-503.02390943999444
269.77345441916884,524.88516819887,-504.6818271874025
271.23077050902396,524.0586663830809,-506.34252204654496
272.6899793801011,523.2468261805864,-508.00659176473795
274.14708959134254,522.439203915601,-509.6783756707182
275.59802281649814,521.6257312484043,-511.36167428388217
277.04272835001893,520.8077293814753,-513.0560193674157
278.4811794737749,519.9865044259956,-514.760983606134
279.9133696072911,519.1633223203817,-516.4761776825183
281.3393075161917,518.3393878102559,-518.2012474428749
282.7590120534973,517.5158284543053,-519.9358710315456
284.1725069845731,516.6936839830483,-521.6797559316584
285.5842217782666,515.8739571784129,-523.4292199794053
286.99851440083955,515.0570492750695,-525.1807943056931
288.4152733410551,514.2427630412226,-526.9346223388318
289.83440007394535,513.43092319621,-528.6908385000229
291.2558087021523,512.6213740223012,-530.4495685193828
292.6794253878464,511.8139772085447,-532.2109298976396
294.10518764546583,511.00860989974916,-533.9750324717807
295.5330435550318,510.20516293750086,-535.7419790254036
296.9718780722549,509.39499715875223,-537.5088654112639
298.43059805430397,508.56953715951437,-539.2726429627886
299.90920129576375,507.72880859995155,-541.0331188498114
301.4076855952746,506.8728370547188,-542.7900937977295
302.9260487555062,506.0016478246104,-544.5433620085875
304.4642885831036,505.1152657410563,-546.2927110852622
306.0224028886031,504.21371494773,-548.0379219630374
307.60038948631546,503.29701867834194,-549.7787688440396
309.19208527053814,502.37281237725495,-551.5196607952238
310.79144763363826,501.448685465254,-553.2650841302103
312.3987159128859,500.52456840045596,-555.0149631899795
314.0141318710399,499.6003924713517,-556.7692204036096
315.6379394635473,498.67608992748035,-558.527776376253
317.27038457977466,497.75159411752986,-560.290549985697
318.91171473800733,496.82683963701515,-562.0574584894138
320.56217874756936,495.90176249400474,-563.8284176566445
322.215367570081,494.9759391083,-565.6062014333161
323.86480161701775,494.0486569411019,-567.3936352851896
325.5105733073171,493.11926391537935,-569.1907171690499
327.1527380700229,492.187090121344,-570.9974003858305
328.79130294536094,491.2514541725158,-572.8135842703687
330.42621336929375,490.31167146574666,-574.6391038378405
332.05733828704047,489.3670645071665,-576.4737185666445
333.68445395600224,488.4169753761561,-578.3171006305388
335.3076598839376,487.4627461450059,-580.1652402904568
336.9273976482665,486.50623791005614,-582.0140996965639
338.54404956850107,485.54781295663133,-583.8632779770056
340.1579465618287,484.58777689156904,-585.7124299249421
341.76937453545406,483.62638834821604,-587.5612586297613
343.3785801723679,482.6638668551918,-589.4095090750654
344.98577609731086,481.7003992441568,-591.2569625745937
346.59114544443736,480.73614490417907,-593.1034319089159
348.1999285834377,479.7756347725228,-594.9471323166201
349.8171902601628,478.8230221624058,-596.786445177223
351.4428394819133,477.8777564467688,-598.6215002872239
353.07695661187915,476.939391356777,-600.452375690816
354.71977587118863,476.0075678321363,-602.279111403021
356.37167609149503,475.0820022561074,-604.1017195653665
358.0331777079446,474.1624785664103,-605.9201923761646
359.70494462926086,473.2488432491564,-607.7345087295158
361.3905221811362,472.3434524608393,-609.5456959977884
363.09318945745093,471.44983506809774,-611.3540603459867
364.81315058141115,470.5704645668012,-613.1580433658912
366.55064336730516,469.708369844665,-614.9558699013063
368.306025078084,468.8656183367586,-616.7454554669171
370.0798519025859,468.0426094816007,-618.5244010590011
371.8729267293577,467.2393405337982,-620.2900539514632
373.6858055176752,466.45580863637133,-622.0395179232914
375.5113011265296,465.67201124617105,-623.7884570677305
377.34231240663837,464.8679472220368,-625.5535884884911
379.17914184178784,464.0436157363489,-627.3340475206924
381.02199465287384,463.19901592437964,-629.1290665042628
382.8709727492217,462.3341468989434,-630.9379786277283
384.7260710230839,461.4490077657669,-632.7602210162127
386.5871767473947,460.54359763918376,-634.5953368662413
388.4540731992567,459.61791565762553,-636.4429762954668
390.31720087290137,458.6848329556694,-638.3028105768327
392.1668647557981,457.75727735831947,-640.1743444268593
394.0025460320168,456.83536726322365,-642.056951265847
395.82377045695137,455.9192348684283,-643.9500128763307
397.630114602115,455.0090266806376,-645.8529243516986
399.42121126601273,454.1049038716986,-647.7650988869789
401.1967536385992,453.2070424212369,-649.6859722124747
402.95649781731197,452.3156329650691,-651.6150065176599
404.71033085100686,451.41888469249193,-653.5484785210873
406.46849562588,450.50538721403836,-655.483187283908
408.2314613799842,449.57605380959734,-657.4196536978119
409.99963833888745,448.6317103570556,-659.3583965580053
411.7733854146226,447.6731054693042,-661.2999295556177
413.5530168348036,446.7009193603838,-663.2447594560614
415.33880783358524,445.7157716354661,-665.1933851470237
417.1309995116081,444.7182281511876,-667.1462973224407
418.9304879428385,443.7208154218402,-669.0999326653589
420.73731229943706,442.7350314520186,-671.0505513884226
422.5501182779691,441.7594586955888,-672.9984065011881
424.36779657604785,440.79286823290727,-674.9439319873521
426.18943636466804,439.83420177330424,-676.8876457105715
428.01428866896646,438.8825535839613,-678.8300854629084
429.8417370452019,437.93715284128086,-680.7717703690319
431.67127386187457,436.9973468858999,-682.7131799888118
433.49726121860533,436.06255483832456,-684.6584755371225
435.314356417314,435.13253070076246,-686.6116957107699
437.12269279122637,434.2073363516069,-688.5730470213556
438.92240659733784,433.28701355901273,-690.5427267150149
440.71363709683703,432.3715827120783,-692.5209233350839
442.49652669017684,431.4610414897836,-694.5078172523416
444.27122112132395,430.55536342380856,-696.5035811427992
446.037869764282,429.6544963285156,-698.5083804220984
447.80230393259075,428.7557659192652,-700.5195634143689
449.5702971616347,427.8565243680242,-702.534405230964
451.3418857525317,426.95675950717606,-704.5529216676061
453.1171066753272,426.05645880637155,-706.5751291861397
454.8959975747836,425.1556093738617,-708.6010449094051
456.6785967680629,424.2541979547303,-710.6306866137284
458.46494324992,423.35221093914043,-712.6640727288016
460.2550767007581,422.449634360089,-714.701222338041
462.0519780467285,421.54054022953693,-716.7339956425859
463.85851386298253,420.6190558989606,-718.7543736282393
465.6745019894905,419.6852790953763,-720.7626094986168
467.49977159896235,418.7393092957704,-722.7589415171369
469.3341621370797,417.78124755910875,-724.7435941786083
471.1775223423324,416.8111963289308,-726.7167793002325
473.0297093454593,415.82925925896905,-728.6786970158078
474.8905878613712,414.83554103412496,-730.6295366764737
476.7495040028491,413.8387012878258,-732.5752136945318
478.5959867352399,412.847447708966,-734.5214854512056
480.4302574757901,411.86197726555815,-736.4682243271013
482.25251546349716,410.88248043168403,-738.4153117483938
484.06294035550405,409.90914129496355,-740.3626390920282
485.86169452549086,408.9421377130194,-742.3101083855381
487.6489250898177,407.9816415175491,-744.2576328238041
489.42476568669974,407.02781877963145,-746.2051371167872
491.1888871670381,406.0796735918389,-748.1518306132862
492.9410872215749,405.1360982109224,-750.0966533076559
494.6817303914237,404.1970326784895,-752.0390241322449
496.4111490256861,403.2624183293175,-753.9784152563761
498.1296452553125,402.332198281566,-755.9143497626029
499.83749314583645,401.40631778077505,-757.8463987327596
501.53494092215266,400.4847244264792,-759.7741779970077
503.2222131732926,399.56736829931555,-761.6973447270746
504.90431281221663,398.6490357096237,-763.6158470884023
506.5860610705267,397.72481694646007,-765.5299052844409
508.26731368404546,396.79525502068026,-767.4397336192344
509.94793659469616,395.8608599591438,-769.3455332233884
511.6278052888105,394.9221099668756,-771.2474927235486
513.3068041562364,393.9794526557226,-773.1457888831491
514.984825842237,393.0333063483243,-775.0405872358901
516.6617706187792,392.08406142270974,-776.932042700738
518.3368377587882,391.1339349903057,-778.8174721912541
520.0092413428309,390.1848517717057,-780.6941737049021
521.6789228065011,389.2366143625097,-782.562257255201
523.3458386242099,388.2890455904257,-784.4218290081166
525.0099582606143,387.3419862376139,-786.2729912796767
526.671262421064,386.39529299475214,-788.1158426175101
528.3297415510331,385.4488366459774,-789.9504779434195
529.9853945650212,384.50250046836845,-791.7769887236129
531.6484433001776,383.55957215264556,-793.5916843861311
533.3283075115769,382.62381004998315,-795.3916992024839
535.0234798416483,381.6960248392069,-797.1784265299127
536.7326343764536,380.776983420449,-798.9526174880667
538.4546111585914,379.86740752483576,-800.7144775619151
540.18839858023,378.96797657403,-802.4637550164158
541.9331144477776,378.07933253228424,-804.1998198564577
543.6879860078263,377.20208555097645,-805.921734053057
545.4505909736439,376.3342603596659,-807.6394474011207
547.2188827226686,375.47353701156624,-809.3633381747725
548.9928907830288,374.6198170568316,-811.0931804115048
550.7726469517042,373.77299239997484,-812.8287338183918
552.55818541275,372.9329445680604,-814.5697447713021
554.3495428840364,372.0995441281274,-816.3159473293716
556.1467587622432,371.27265023357563,-818.0670642625889
557.9498753069004,370.4521103274084,-819.8228080944012
559.7658975556656,369.624575540697,-821.5885778699972
561.6018065661453,368.77677444943214,-823.3697698462067
563.4575994117147,367.90870415347996,-825.1660878232966
565.3332731656432,367.02036175313333,-826.9772383432668
567.2288249010943,366.11174434911214,-828.8029292569563
569.1442516911261,365.18284904256296,-830.6428681624033
571.079550608691,364.2336729350594,-832.4967607020607
573.0347187266353,363.2642131286019,-834.3643087355582
575.0055988009233,362.2794031706375,-836.23754589991
576.988064927533,361.2841863894182,-838.1086630562777
578.9821781868352,360.27857896788976,-839.977674624877
580.9880033810654,359.2625969372467,-841.8445960055966
583.0056092426802,358.2362561668374,-843.7094436317615
585.0350686555863,357.1995723578532,-845.5722350311682
587.0764588935355,356.15256103746015,-847.4329888910542
589.1298618580411,355.09523753906825,-849.2917251168667
591.1992189755231,354.02486373864576,-851.1504099790624
593.2884282669311,352.9387191211326,-853.0110459077323
595.3974874692927,351.8368557044349,-854.8737259576482
597.5263943277106,350.71932784948933,-856.7385435818492
599.655146480626,349.5838259353808,-858.5944511233051
601.7637411134727,348.42801502730634,-860.430354099148
603.852175298176,347.2518980653151,-862.2462524996151
605.920446106768,346.05547798988323,-864.0421463150504
607.9685506113884,344.83875774191375,-865.8180355359042
609.9964858872852,343.6018019997972,-867.5739201527329
612.0042490727689,342.345723482738,-869.3098001561996
613.9919123861199,341.07249706261763,-871.0256755370737
615.9633952511456,339.7916507402985,-872.7336743050815
617.9226648408023,338.51195610853847,-874.4454077542267
619.8699553686507,337.2337309102975,-876.1598820963442
621.80548640444,335.95725377293553,-877.8761812605585
623.7294642634325,334.6827679708215,-879.5934633920524
625.6420832260325,333.41048500798354,-881.3109568098181
627.5435266148701,332.1405879855398,-883.0279556321874
629.4339677607793,330.8732347024277,-884.7438152537964
631.3181078690667,329.60740894032006,-886.4661983819658
633.2005291015597,328.342114172664,-888.2031147687474
635.0811598744612,327.07753598570406,-889.9546408547761
636.9599243280335,325.81386009826974,-891.7208477352647
638.8367424690742,324.55127324024676,-893.5018006936563
640.7115303392803,323.28996418754673,-895.2975588478114
642.5842002229937,322.0301249260344,-897.1081748996678
644.454660884451,320.77195196073797,-898.9336950107859
646.3260725354548,319.5188745411847,-900.7728823102298
648.2016438920606,318.27448966514226,-902.6244944476553
650.0813812584672,317.0393484604724,-904.4885571066332
651.9652968543921,315.8140352511098,-906.3650832081211
653.8534107128386,314.5991692521751,-908.2540725080135
655.7457530227801,313.39540654277704,-910.1555116238443
657.6423670031194,312.20344244708343,-912.0693746875771
659.5433123952519,311.0240144704449,-913.9956248094954
661.4497368510495,309.8597304055715,-915.938055547012
663.3632821446389,308.7132788870121,-917.9004814139699
665.2850378996429,307.58563296921534,-919.882902399934
667.2161586976018,306.47750527285416,-921.8853184943624
669.1578480354924,305.3890951799714,-923.9077296866075
671.1113305457919,304.3204010600272,-925.9501359659148
673.0778359034682,303.27142110341026,-928.0125373214237
675.0585912638122,302.24215332126914,-930.0949337421672
677.0502120228387,301.21259577011153,-932.1944590991193
679.0489787328034,300.1627472404444,-934.3082211730173
681.0554524687003,299.09328284442364,-936.4361411891364
683.0701914152614,298.0057801086274,-938.5780942238993
685.093731602867,296.9019550285223,-940.7339256819852
687.1265782343991,295.78334568623484,-942.9034674286851
689.1692035701432,294.65131178030026,-945.0865496087888
691.2220468597562,293.50704131479654,-947.2830095133725
693.2700260600323,292.35033437329645,-949.4961164397987
695.297846688238,291.18101308228904,-951.7292183172195
697.3060758030804,290.0002755103376,-953.9818469101888
699.2966330991576,288.80947755512847,-956.2528549889779
701.2719927570578,287.61018486233695,-958.5413000490261
703.2341566988882,286.40415283631194,-960.8470065172132
705.1846609669536,285.1932734398021,-963.170415771316
707.1246311080545,283.9794994050638,-965.5124190686629
709.0694857296262,282.76473053413827,-967.8615445800272
711.0341745109416,281.5502853993773,-970.2047605298461
713.0186975908861,280.3370035483441,-972.5399832224083
715.0230552363457,279.12579564513925,-974.8650928347156
717.047247851911,277.91763203236866,-977.1780225175712
719.0912759867581,276.71351437826695,-979.4768415130752
721.1551403358546,275.51442572559915,-981.7598035383476
723.2388417323508,274.32126057384227,-984.0253358006402
725.3362588817737,273.1359344573821,-986.2917762214381
727.4416302671725,271.9599919087468,-988.5782113975678
729.5557242652455,270.793519165414,-990.8846413168709
731.6794120101742,269.63659829378247,-993.211065967083
733.8136815645338,268.4893058361211,-995.557485335833
735.9596538333064,267.35171121452316,-997.9238994106438
738.1186002014131,266.22387487968797,-1000.3103081789319
740.291961827963,265.1058461303764,-1002.7167116280074
742.4828382221801,263.9825722412503,-1005.1339066815902
744.6935611574344,262.8389773806069,-1007.5528118978261
746.9241277051078,261.6750586541783,-1009.9736751217806
749.1745349364768,260.49081316812396,-1012.3967535145955
751.4447799227124,259.2862380290302,-1014.8223137908335
753.7348597348802,258.0613303439106,-1017.2506324177942
756.0447714439401,256.81608722020593,-1019.6819957980226
758.3745121207469,255.55050576578415,-1022.1167004078283
760.7240788585276,254.2650454636268,-1024.5631482969154
763.0934688562801,252.96049417294853,-1027.029590737824
765.4826794137604,251.63747626783788,-1029.5160277174389
767.8917079179757,250.2965607514862,-1032.0224592225381
770.3205518356084,248.93826791282228,-1034.548885239794
772.7692087063392,247.5630750876478,-1037.0953057557715
775.2376761369582,246.17142166160258,-1039.6617207569302
777.7259517961525,244.76371342177094,-1042.248130229623
780.2340342638529,243.35789238562924,-1044.843164822424
782.7619255807548,241.9717041184674,-1047.4364540126287
785.3096286502783,240.60514573108932,-1050.0298443882011
787.8771463757383,239.25821433387563,-1052.6248700164517
790.4644816603442,237.9309070367834,-1055.2227456468343
793.0716374072,236.62322094934635,-1057.8243805697955
795.6986165193043,235.33515318067478,-1060.4304021986015
798.3454218995504,234.0667008394557,-1063.0411846508362
801.0083085058958,232.81786121615664,-1065.64440845819
803.6843752379009,231.5886322886101,-1068.2276265989315
806.3752341466993,230.37901201511835,-1070.790839059324
809.0823419054817,229.18899813025837,-1073.3340458257378
811.8070106232002,228.01858816691524,-1075.8572468846492
814.5504287529178,226.8677794759254,-1078.3604422226406
817.313428786752,225.73656925481188,-1080.8436318264014
820.0962783086886,224.62495462174246,-1083.3068156827271
822.8946874145615,223.5209352911544,-1085.7699937785108
825.7043671436911,222.4125854936439,-1088.253166100645
828.525323700568,221.30005068451658,-1090.7563326359261
831.3575637878719,220.18347571970645,-1093.2794933710431
834.2010946068496,219.06300470931376,-1095.8226482925788
837.0559238676865,217.93878085874542,-1098.38579738701
839.9220598160668,216.81094634704516,-1100.968940640707
842.7995112263407,215.67964219425454,-1103.5720780399336
845.6725466659133,214.54597206405404,-1106.1952095708475
848.5254301554921,213.41085506257483,-1108.8383352195
851.3581615118615,212.27404201169603,-1111.5014549718367
854.1707405124239,211.13524671741132,-1114.1845688136957
856.9631668899349,209.99414788099853,-1116.8876767308095
859.7354403275484,208.85039141979286,-1119.6099943383826
862.4875604544928,207.70359862826243,-1122.3495301172702
865.219526843418,206.55337856672259,-1125.1038550072287
867.9481243263308,205.39114772472473,-1127.8636744623898
870.6900607143591,204.20851796100484,-1130.6206087812493
873.4451807189586,203.00548734146057,-1133.374050404606
876.2133260836806,201.7820539548591,-1136.1234049155048
878.9943360428903,200.538215913237,-1138.868090974511
881.7880477766695,199.2739713522325,-1141.6075403204268
884.5942968695357,197.98931843135213,-1144.3411978141637
887.4129177519937,196.68425533417042,-1147.068521518855
890.2275944243037,195.37878105358698,-1149.8025414497658
893.0220963322166,194.0928977429965,-1152.5565552665312
895.7964263765217,192.82658338688108,-1155.3305629545064
898.5505874474711,191.57969685060974,-1158.1245644989403
901.2845824049476,190.35199647899813,-1160.938559884976
903.9984140723208,189.14322747958374,-1163.7725490976497
906.6920852344662,187.9531210166407,-1166.6263152382326
909.365598635839,186.7813971837885,-1169.4992686461635
912.0389560473357,185.60859927878425,-1172.3716261898337
914.7321554768727,184.41541003605735,-1175.2239774993639
917.4451939932663,183.20182656199978,-1178.0563225595865
920.1780686652277,181.96784596343102,-1180.8686613554403
922.9307765613622,180.71346534759812,-1183.6609938719703
925.7033147501699,179.4386818221756,-1186.4333200943283
928.4956803000451,178.14349249526555,-1189.1856400077727
931.3078702792773,176.82789447539764,-1191.9179535976673
934.1384987270652,175.4989863129177,-1194.650260849474
936.9861603006465,174.16378146412316,-1197.4025617486552
939.8508081560225,172.82210778544356,-1200.174856280575
942.7323863026272,171.47379540410904,-1202.9671444304922
945.6308292260179,170.11867690476555,-1205.779426183558
948.546061607863,168.75658749563132,-1208.611701524818
951.4779980154412,167.38736521951873,-1211.4639704392116
954.4265425644681,166.0108511596587,-1214.3362329115719
957.393272276793,164.620435573736,-1217.228488926625
960.3798129895195,163.20958586602183,-1220.1407384689917
963.3861617699041,161.77829914743205,-1223.0729815231857
966.4123156850981,160.32657252931017,-1226.0252180736145
969.4582718021475,158.8544031234275,-1228.9974481045797
972.5240271879927,157.36178804198306,-1231.989671600276
975.6095789094694,155.84872439760375,-1235.0018885447926
978.7149240333075,154.31520930334412,-1238.034098922111
981.820059737893,152.76353959537053,-1241.066302716117
984.9049836478733,151.19600059563047,-1244.0784999106952
987.9696934992699,149.61263164758995,-1247.070690489828
991.0141870436773,148.01361384251902,-1250.0428744376043
994.0384620697938,146.3992803043885,-1252.9950517382197
997.0425164257878,144.7701172393816,-1255.9272223759754
1000.0263480411328,143.1267557285624,-1258.8393863352794
1002.9899549466469,141.46995562316437,-1261.7315436006465
1005.9505712127084,139.79642558182624,-1264.6036941566972
1008.9251138301955,138.10246273172822,-1267.4558379881587
1011.9129433393675,136.3880650883466,-1270.2879750798647
1014.9134133076233,134.65323076094063,-1273.1001054167552
1017.925871639376,132.89795795347848,-1275.8922289838763
1020.9496622502328,131.12224496534532,-1278.6643457663808
1023.9841271564978,129.3260901917785,-1281.416455749528
1027.0286090000288,127.50949212396526,-1284.1485589186836
1030.0878104375604,125.69244908835373,-1286.8672224299362
1033.1667647303668,123.89495844889709,-1289.5798093357375
1036.2654747789381,122.11701732456584,-1292.287991151194
1039.3839434836593,120.35862283390752,-1294.9935800231115
1042.5221737448098,118.61977209504663,-1297.698466614792
1045.680168462564,116.9004622256847,-1300.4045272376977
1048.8579305369922,115.20069034310033,-1303.1135318864785
1052.055462868058,113.52045356414914,-1305.827073196427
1055.2656607109216,111.85546003652495,-1308.5532517662268
1058.4813959469989,110.20165036511317,-1311.2994233777158
1061.7026197090383,108.55950228140634,-1314.0655880162908
1064.9292722323491,106.9295272791673,-1316.8517456672428
1068.1612828870498,105.31227262683937,-1319.657896315756
1071.3985702776074,103.70832338662245,-1322.4840399469088
1074.641042397029,102.11830441302646,-1325.3301765456729
1077.8885968228262,100.54288229751653,-1328.1963060969138
1081.1427368451857,98.98469333434956,-1331.0824285853907
1084.4050970426026,97.44602917971382,-1333.9885439957566
1087.6758251743825,95.92688862380753,-1336.914652312558
1090.9550567841716,94.42727043621507,-1339.860753520235
1094.24291872283,92.9471733674272,-1342.826847603122
1097.5395323265495,91.48659614987312,-1345.812934545446
1100.845016199676,90.04553749851623,-1348.819014331329
1104.1594885082945,88.62399611107898,-1351.8450869447856
1107.4883902591143,87.20197040925764,-1354.8711523697332
1110.8371007907829,85.7594577655079,-1357.8772105900898
1114.2056171686306,84.29645529106944,-1360.8632615898703
1117.593936457883,82.81296009760993,-1363.829305353196
1121.0020557236603,81.30896929722506,-1366.7753418642953
1124.429972030977,79.78448000243858,-1369.7013711075024
1127.877682444743,78.2394893262023,-1372.6073930672576
1131.3451840297623,76.67399438189607,-1375.4934077281082
1134.8324748230216,75.10799228329239,-1378.379415074699
1138.3395567505518,73.56148014416645,-1381.2854150916744
1141.8664327105662,72.03445507790623,-1384.2114077635817
1145.413105601173,70.526914197477,-1387.1573930748618
1148.9795783203745,69.03885461542139,-1390.123371009849
1152.5658537660681,67.57027344385935,-1393.1093415527719
1156.1719348360464,66.12116779448824,-1396.115304687752
1159.7978244279957,64.69153477858278,-1399.1412603988056
1163.4235254395064,63.28137247928254,-1402.1872086698413
1167.02904076817,61.89068286845427,-1405.2531494846626
1170.6143733116762,60.51946888982956,-1408.3390828269658
1174.1795259678222,59.16773348671739,-1411.4450086803415