
-16.512294367420093,695.9793170924019,-332.7991900148331
-17.77212540972233,695.7239308634793,-332.97681073420193
-19.051995426849103,695.44872983348,-333.1744296829399
-20.351907328856957,695.1537169251627,-333.39204685999607
-21.67186402569587,694.8388950617106,-333.6296622642134
-23.011868427209237,694.5042671667311,-333.8872758943281
-24.371923443133827,694.1498361642563,-334.16488774897056
-25.752031983099805,693.7756049787423,-334.4624978266644
-27.1521969566307,693.3815765350698,-334.78010612582705
-28.572421273143384,692.9677537585437,-335.10569501324426
-30.012707841948064,692.5341395748933,-335.4284602421943
-31.473059572248268,692.0807369102721,-335.75077962620645
-32.95347937314082,691.6075486912579,-336.07493261302864
-34.45397015361585,691.1145778448529,-336.4030997429283
-35.97453482255673,690.6018272984833,-336.73736338110285
-37.5151762887401,690.0692999799996,-337.079709563982
-39.075897460835854,689.5169988176768,-337.4320309136458
-40.63670124741596,688.9449257679264,-337.7798006643112
-42.17759055705194,688.3530788984342,-338.1075686188233
-43.698568298412376,687.741455305023,-338.4153347754391
-45.1996373802717,687.1100520839399,-338.70309913252197
-46.68080071151024,686.4588663318558,-338.97086168854185
-48.14206120111414,685.7878951458663,-339.21862244207483
-49.583421758175405,685.0971356234911,-339.44638139180347
-51.00488529189184,684.3865848626741,-339.6541385365166
-52.42645471155821,683.656240934071,-339.8418938751095
-53.868132926468704,682.9061057979116,-340.0096474065838
-55.32992284581945,682.1361823871373,-340.1573991300474
-56.81182737869963,681.3464736351141,-340.2851490447147
-58.313849434091466,680.5369824756319,-340.3928971499062
-59.8359919208702,679.707711842905,-340.4806434450491
-61.37825774780408,678.858664671572,-340.54838792967684
-62.94064982355435,677.9898438966956,-340.5961306034291
-64.50317008439666,677.1212514814398,-340.62387146605204
-66.04581657745621,676.2728854998178,-340.6316105173981
-67.56858637766754,675.444743053164,-340.6193477574261
-69.07147656007095,674.6368212423863,-340.5870831862014
-70.55448419981239,673.8491171679659,-340.5348168038955
-72.01760637214356,673.0816279299577,-340.46254861078626
-73.46084015242191,672.3343506279897,-340.37027860725806
-74.88418261611064,671.6072823612637,-340.2580067938015
-76.3076318110573,670.8804212008778,-340.12573317101356
-77.75118967425865,670.1337691070785,-339.9734577395976
-79.21485911490082,669.3673290127889,-339.8011805003635
-80.69864304206298,668.5811038513564,-339.60890145422724
-82.20254436471737,667.7750965565522,-339.3966206022112
-83.72656599172925,666.9493100625723,-339.16433794544434
-85.27071083185686,666.1037473040368,-338.9120534851618
-86.83498179375145,665.2384112159898,-338.6397672227051
-88.3993808136787,664.3733037615767,-338.3474791595221
-89.9439059387538,663.5284230147922,-338.0351892971671
-91.46855424390132,662.7037660769522,-337.7028976373007
-92.97332280415155,661.899330048946,-337.3506041816899
-94.45820869464046,661.1151120312364,-336.978308932208
-95.92320899060977,660.3511091238596,-336.58601189083475
-97.36832076740693,659.6073184264253,-336.17371305965617
-98.79354110048514,658.8837370381166,-335.74141244086474
-100.21886706539456,658.1803630299773,-335.28911003675915
-101.66429573768474,657.497198361775,-334.8168058497446
-103.12982419280719,656.8342459651378,-334.32449988233253
-104.61544950610659,656.1915087712675,-333.8121921371409
-106.12116875282068,655.5689897109393,-333.27988261689393
-107.64697900808042,654.9666917145015,-332.7275713244222
-109.1928773469099,654.3846177118763,-332.1552582626625
-110.75886084422638,653.8227706325591,-331.56294343465834
-112.34492657484036,653.2811534056187,-330.96486880217117
-113.95107161345551,652.7597689596973,-330.37575223336495
-115.57729303466874,652.2586202230104,-329.7965377773925
-117.2235879129702,651.7777101233469,-329.2281541635296
-118.8899533227433,651.317041588069,-328.67151503005226
-120.57638633826471,650.876617544112,-328.1275194277715
-122.28288403370445,650.456440917985,-327.5970522472751
-124.00944348312576,650.05651463577,-327.08098424944006
-125.75606176048527,649.6768416231223,-326.5623309094302
-127.5227359396329,649.3174248052705,-326.0236758329165
-129.30946309431192,648.9782671070164,-325.4650190227633
-131.11624029815903,648.6593714527353,-324.8863604819412
-132.94306462470425,648.3607407663751,-324.28770021352733
-134.78993314737102,648.0823779714574,-323.66903822070503
-136.65684293947615,647.8242859910769,-323.0303745067642
-138.54379107422994,647.5864677479012,-322.37170907510085
-140.430774624745,647.3689251918839,-321.69304192921754
-142.29779066413371,647.1716563834018,-320.9943730727231
-144.1448362656058,646.9946584101174,-320.27570250933263
-145.97190850247716,646.8379283592664,-319.5370302428678
-147.77900444816996,646.7014633176576,-318.77835627725653
-149.56612117621248,646.585260371673,-317.99968061653317
-151.33325576023933,646.4893166072679,-317.2010032648383
-153.08040527399135,646.4136291099709,-316.3823242264189
-154.8075677636031,646.3381949649188,-315.5436435056284
-156.51474516446515,646.2430112572476,-314.6849611069265
-158.20194038436188,646.1280750724817,-313.8062770348793
-159.8691563311838,645.9933834965697,-312.9075912941593
-161.51639591292778,645.838933615884,-311.9889038895452
-163.14366203769683,645.6647225172214,-311.0502148259223
-164.75095761370022,645.4707472878029,-310.091524108282
-166.33828554925338,645.2570050152733,-309.11283174172223
-167.92564875276912,645.0234937599894,-308.13413773143844
-169.53305013265995,644.7702154718816,-307.175442082626
-171.1604925972408,644.4971730735921,-306.2367448003828
-172.80797905471994,644.2043694881874,-305.31804588970033
-174.47551241319914,643.8918076391577,-304.4193453554639
-176.1630955806735,643.5594904504177,-303.54064320245243
-177.87073146503158,643.2074208463061,-302.68193943533845
-179.59842297405524,642.8356017515856,-301.8432340586882
-181.34617204313224,642.4640360914077,-301.0245270769615
-183.11397671839396,642.1127267909224,-300.22581849451177
-184.9018340735777,641.7816767748883,-299.4471083155863
-186.7097411823141,641.4708889676374,-298.688396544326
-188.53769511812715,641.1803662930748,-297.9496831847652
-190.38569295443432,640.910111674679,-297.2309682408321
-192.25373176454644,640.6601280355013,-296.5322517163486
-194.1418086216678,640.4304182981664,-295.85353361503
-196.0499205988961,640.2209853848722,-295.1748139404944
-197.97806476922256,640.0318322173895,-294.47609269635973
-199.9262382055318,639.8629617170624,-293.7573698863415
-201.89443798060202,639.7143768048079,-293.01864551426155
-203.88266116710486,639.5860804011163,-292.25991958404813
-205.89090483760552,639.4780754260509,-291.4811920997358
-207.91916606456275,639.3903647992478,-290.6824630654654
-209.96744192032878,639.3229514399164,-289.8637324854843
-212.0157304494458,639.2558372945871,-289.02500036414614
-214.0440335856057,639.169020420639,-288.16626670591086
-216.05235423488514,639.0624979035517,-287.2875315153448
-218.04069530346715,638.9362668292292,-286.3887947971208
-220.0090596976409,638.7903242839992,-285.4700565560179
-221.95745032380185,638.624667354613,-284.5313167969215
-223.88587008845167,638.439293128246,-283.57257552482343
-225.79432189819818,638.2341986924977,-282.59383274482184
-227.70280768745914,638.029382107643,-281.5950884621213
-229.63132550150232,637.8448453231053,-280.5763426820326
-231.5798724132104,637.6805912602044,-279.53759540997294
-233.54844549535954,637.5366228398327,-278.47884665146603
-235.53704182061944,637.4129429824559,-277.4000964121418
-237.54565846701186,637.3094423244061,-276.3013446977365
-239.5742926376974,637.223884336754,-275.18259151409285
-241.62294203608894,637.1524733108904,-274.0438368671598
-243.67160557610214,637.0774506420476,-272.905080762984
-245.70028538155336,636.9827252993996,-271.786323207612
-247.7089843585173,636.8682943686681,-270.6875642069927
-249.69770541317496,636.7341549359988,-269.60880376696895
-251.66645145181351,636.5803040879612,-268.55004189327707
-253.61522538082636,636.4067389115486,-267.51127859154707
-255.5440301067131,636.2134564941782,-266.4925138673026
-257.4528685360796,636.0004539236912,-265.493747725961
-259.3417426033504,635.7877282883172,-264.4949801728422
-261.2106503539063,635.5952766762844,-263.47621121326597
-263.05958886094714,635.4230961754294,-262.43744085264973
-264.8885551977786,635.2711838731622,-261.37866909651717
-266.6975464378128,635.1395368564657,-260.2998959504984
-268.48655965456794,635.0281522118962,-259.20112142032986
-270.2555919216686,634.9370270255831,-258.08234551185427
-272.00464031284554,634.866158383229,-256.94356823102083
-273.7337019019358,634.8155433701099,-255.8047895838762
-275.44277376288255,634.7851790710749,-254.686009576467
-277.13185296973546,634.7750625705463,-253.58722821474242
-278.8009365966505,634.7851909525198,-252.5084455045453
-280.45002171788974,634.8155613005642,-251.4496614516121
-282.0791054078218,634.8661706978221,-250.41087606157294
-283.6881847409217,634.9370162270089,-249.39208933995167
-285.27725679177075,635.0280949704137,-248.39330129216572
-286.84631863505655,635.1394040098985,-247.39451192353508
-288.3953673455732,635.2709404268991,-246.3757212393797
-289.9243999982213,635.4227013024245,-245.33692924511706
-291.4334136680078,635.5946837170571,-244.27813594627102
-292.92240543004607,635.786884750953,-243.19934134847173
-294.39137235955604,635.9993014838414,-242.10054545745578
-295.840311531864,636.2319309950248,-240.98174827906604
-297.2692200224029,636.4847703633795,-239.8429498192518
-298.67962779657086,636.7378167418642,-238.6842384095691
-300.072989899276,636.9710675774974,-237.50561405617947
-301.4491164432644,637.1845203712934,-236.30698843984987
-302.80774773241376,637.3781725914691,-235.08836156695403
-304.14855191569603,637.552021663175,-233.8497334439721
-305.4711190820279,637.7060649575443,-232.5911040774905
-306.77495504040894,637.8402997798598,-231.3124734742021
-308.05947480060684,637.954723356789,-230.01384164090607
-309.3241730409973,638.0693328312802,-228.69520858450798
-310.56885802909153,638.2041252939422,-227.3565743120197
-311.7935268414084,638.3590978257665,-225.9979388305595
-312.9981765545734,638.5342475073187,-224.619302147352
-314.18280424531844,638.7295714187377,-223.22066426972816
-315.3474069904818,638.9450666397362,-221.80202520512532
-316.4919818670084,639.1807302496005,-220.3633849610872
-317.61652595194954,639.4365593271908,-218.9047435452638
-318.74103654972856,639.7078768782231,-217.42610096541156
-319.88551185056855,639.9904890376531,-215.9274572293932
-321.04995015807253,640.2853018085038,-214.4088123451779
-322.23434965174556,640.59311782669,-212.8701663208411
-323.438709224479,640.8977119568865,-211.3115191645646
-324.6630309795417,641.1824831902744,-209.73287088463664
-325.9073178272857,641.4474344384129,-208.13422148945176
-327.1715726779567,641.6925686132854,-206.51557098751084
-328.4557984416943,641.9178886273,-204.87691938742114
-329.7599980285319,642.1233973932891,-203.21826669789633
-331.0841743483967,642.3090978245094,-201.53961292775634
-332.42833031110956,642.4749928346423,-199.8409580859275
-333.7924688263853,642.6210853377933,-198.1223021814425
-335.17659280383225,642.7473782484922,-196.3836452234404
-336.5807051529527,642.8538744816933,-194.6249872211666
-338.00480878314244,642.9405769527752,-192.84632818397284
-339.4489066036911,643.0074885775408,-191.04766812131726
-340.91300152378193,643.0546122722172,-189.2290070427643
-342.39709645249184,643.0819509534559,-187.3903449579848
-343.9011942987913,643.0895075383328,-185.53168187675598
-345.4252969992573,643.097284944312,-183.65301780896132
-346.9694026012103,643.1252860888571,-181.75435276459078
-348.5335081795771,643.1735138890404,-179.83568675374053
-350.11761080917825,643.2419712615072,-177.89701978661327
-351.7217075647278,643.3306611224766,-175.93835187351792
-353.34579552083363,643.4395863877409,-173.9596830248698
-354.9898717519972,643.5687499726658,-171.9610132511906
-356.6539333326137,643.7181547921903,-169.94234256310835
-358.31797830926837,643.8678027885745,-167.90367097135746
-359.9620086176963,643.9976920149279,-165.84499848677862
-361.58602716601763,644.1078195524609,-163.76632512031895
-363.1900368624589,644.1981824828082,-161.66765088303197
-364.774040615353,644.2687778880284,-159.54897578607742
-366.3380413331392,644.3196028506044,-157.41029984072148
-367.8820419243632,644.3506544534434,-155.25162305833672
-369.406045297677,644.3619297798768,-153.07294545040196
-370.9100533895516,644.3734259136247,-150.8742670285025
-372.39406424741435,644.4051399384058,-148.65558780432985
-373.85807494651164,644.457068937548,-146.416907789682
-375.30208256219623,644.5292099939526,-144.15822699646327
-376.7260841699272,644.6215601900942,-141.8795454366843
-378.1300768452701,644.734116608021,-139.58086312246212
-379.51405766389666,644.8668763293549,-137.26218006602005
-380.8780237015852,645.0198364352908,-134.92349627968784
-382.2419720342116,645.1929949788852,-132.56481177590155
-383.6258997376517,645.3863539019173,-130.18612656720364
-385.0298038876842,645.5999161180279,-127.78744066624286
-386.45368155998136,645.8336845404306,-125.36875408577438
-387.89752983010936,646.0876620819132,-122.9300668386597
-389.36134577352806,646.3618516548365,-120.47137893786665
-390.8451264655913,646.656256171135,-117.99269039646944
-392.3488689815466,646.9708785423165,-115.49400122764862
-393.8525703965443,647.305720707175,-112.99531144468227
-395.3362277857349,647.6607807149279,-110.51237919378488
-396.7998382243666,648.0360556420788,-108.0363033956342
-398.2433987877944,648.4315425647047,-105.55758148466579
-399.6669065514796,648.8472385584561,-103.06633639886944
-401.0755604800261,649.2831409514434,-100.55631259729601
-402.47989974807547,649.7392483425078,-98.02628826101787
-403.88907241701133,650.215560806653,-95.47626340348855
-405.2925344357711,650.6920787213804,-92.90623803826792
-406.67593486671717,651.1487998584248,-90.31621217902226
-408.0392766193556,651.5857212921538,-87.70618583952417
-409.38256260329905,652.0028400973595,-85.07615903365257
-410.705795686937,652.4010035079482,-82.4261317753928
-412.00897849827123,652.782605099172,-79.75610407883653
-413.2921132360385,653.1509849645812,-77.06607595818174
-414.5552015736808,653.5100113428456,-74.35604742773283
-415.79824499870136,653.8554881341672,-71.62601850190052
-417.02124611665414,654.1811447532641,-68.87598919520187
-418.22420783789806,654.4869782773161,-66.10595952226032
-419.40713307289866,654.7729857839273,-63.31592949780564
-420.570024732228,655.0391643511264,-60.505899136673975
-421.7128857265646,655.2855110573663,-57.6758684538078
-422.83571896669366,655.5120229815249,-54.82583746425597
-423.93852736350675,655.7186972029042,-51.955806183173664
-425.0213138280019,655.9055308012311,-49.07079157833486
-426.08408127128376,656.0725208566568,-46.1757586156401
-427.1268326045633,656.219664449757,-43.27063429717825
-428.1495707391579,656.3469586615324,-40.35540739266992
-429.1522985864915,656.454400573408,-37.430117025893345
-430.1350190580943,656.5419872672331,-34.49481524487459
-431.09773506560305,656.6097158252824,-31.549499028723258
-432.0404495207607,656.6575833302546,-28.59401543899973
-432.9831653354078,656.685587837561,-25.643384480426963
-433.94588542138484,656.6937312921868,-22.712753385485264
-434.92861269043493,656.6820166118299,-19.80212216975842
-435.9313500541946,656.6504467146124,-16.911490848723865
-436.9541004241941,656.599024519081,-14.040859437752687
-437.99686671185725,656.5277529442075,-11.190227952109622
-439.0596518285014,656.4366349093879,-8.359596406953056
-440.1424586853374,656.325673334443,-5.548964817335026
-441.22528922119113,656.214870167295,-2.738333198210078
-442.2881414857386,656.1242234667158,0.09229843546724048
-443.3310125564657,656.0537303187988,2.9429300686448947
-444.35389951096454,656.0033878092114,5.813561686164498
-445.3567994269336,655.9731930231948,8.704193272761312
-446.3397093821776,655.9631430455638,11.61482481306425
-447.3026264546075,655.9732349607071,14.54545629159587
-448.24554772224053,656.0034658525874,17.496087692772385
-449.16847123548786,656.0338328047766,20.46671900090365
-450.07139893401666,656.0443329008457,23.45735020019318
-450.9543337298879,656.0349632247553,26.46798127473813
-451.8172785352688,656.0057208608905,29.498612208529305
-452.66023626243305,655.9566028940611,32.549242985451166
-453.4832098237604,655.8876064095017,35.619873589281816
-454.28620213173696,655.7987284928716,38.71050400369302
-455.06921609895517,655.6899662302552,41.82113421225017
-455.8322546381136,655.5613167081611,44.95176419841234
-456.57532066201713,655.4127770135233,48.10239394553223
-457.29841708357674,655.2443442337001,51.273023436856185
-458.00154681580966,655.0560154564749,54.463652655524236
-458.68471277183926,654.8477877700561,57.67428158457003
-459.3479178648951,654.6196582630766,60.904910206920874
-459.991165008313,654.3716240245947,64.15553850539773
-460.61445711553466,654.103682144093,67.4261664627152
-461.23779612781175,653.8358306837313,70.71679406148155
-461.8811800972458,653.5880715948186,74.0274212841987
-462.5446061035534,653.3604078005613,77.3580481132622
-463.22807122634435,653.1528422237393,80.70867453096128
-463.9315725451219,652.965377786707,84.07930051947876
-464.65510713928296,652.7980174113925,87.46992606089121
-465.3986720881177,652.6507640192982,90.88055113716877
-466.16226447080976,652.5236205315005,94.31117573017525
-466.94588233872395,652.3965898686852,97.76179982166813
-467.74952763226815,652.2496749515375,101.23242339329855
-468.5732032640313,652.0828787011319,104.72304642661125
-469.4169121464957,651.8962040389679,108.23366890304467
-470.28065719203727,651.6896538869695,111.76429080393089
-471.16444131292536,651.4632311674856,115.31491211049563
-472.0682674213227,651.2169388032896,118.88553280385828
-472.99213842928543,650.95077971758,122.47615286503186
-473.93605627647577,650.6847568339441,126.08677227492306
-474.9000190132994,650.4388730759687,129.71739101433224
-475.8840237177682,650.21313136685,133.36800906395337
-476.88806746778727,650.0075346293579,137.03862640437407
-477.9121473411552,649.8220857858362,140.72924301607566
-478.9562604155642,649.6567877582024,144.4398588794331
-480.0204037685997,649.5116434679479,148.17047397471498
-481.10457447774075,649.3866558361378,151.92108828208356
-482.18877059265617,649.2618268111592,155.6717017816036
-483.25299405216447,649.1171544522482,159.40231445333987
-484.2972477674689,648.9526358467429,163.11442702513463
-485.3215346498789,648.7682680824057,166.8112271756114
-486.32585761081015,648.5640482474239,170.4959572099399
-487.3102195617843,648.3399734304093,174.1716147586715
-488.27462341442947,648.0960407203983,177.84098781190306
-489.2190720804796,647.832247206852,181.50668525209883
-490.16356847176604,647.5485909519435,185.1811759776075
-491.1281155001198,647.2450739074204,188.87566571839645
-492.11271607727423,646.9216989977425,192.59015445482007
-493.1173731148559,646.5784691477942,196.3246421671263
-494.14208952438497,646.2153872828843,200.0791288354569
-495.18686821727465,645.8324563287467,203.85361443984712
-496.2517121048316,645.4296792115396,207.64809896022592
-497.33662409825587,645.0070588578455,211.46258237641595
-498.44160613635324,644.5845981946368,215.27706466814237
-499.566656268673,644.1823001488842,219.0715458151303
-500.7117715723703,643.8001676471681,222.8460257972024
-501.8769491244936,643.4382036156426,226.60050459428768
-503.06218600198474,643.0964109800352,230.33498218642148
-504.2674792816788,642.7747926656474,234.04945855374552
-505.4928260403042,642.473351597354,237.74393367650788
-506.7382233544827,642.1920906996039,241.41840753506295
-507.98366927302607,641.9110119241674,245.0728801098716
-509.20916573389513,641.610113333664,248.7073513815009
-510.41471564743557,641.289392018815,252.32182133062435
-511.6003219240992,640.9488450707659,255.91628993802183
-512.7659874744437,640.5884695810868,259.4907571845796
-513.911715209133,640.2082626417723,263.04522305129024
-515.0375080389372,639.8082213452415,266.5796875192526
-516.1433688747318,639.388342784338,270.0941505696721
-517.2493006274898,638.9486250246174,273.60861218385145
-518.375306208184,638.4890700212095,277.1430723430934
-519.5213885276892,638.0096807019563,280.6975310286034
-520.6875504967732,637.5104599951243,284.27198822148034
-521.8737950260971,636.9914108294042,287.8664439027168
-523.0801250262155,636.4525361339116,291.48089805319916
-524.3065434075759,635.8938388381863,295.1153506537074
-525.5530530805191,635.3153218721927,298.7698016849151
-526.8196569552791,634.7169881663197,302.4442511273894
-528.106357941983,634.0988406513802,306.13869896159133
-529.413158950651,633.4608822586122,309.8531451678754
-530.7400628911963,632.8031159196775,313.58758972648997
-532.0870726734256,632.1255445666626,317.3420326175768
-533.4541912070383,631.4281711320783,321.1164738211715
-534.841421401627,630.7109985488597,324.91091331720327
-536.2487661666773,629.9740297503664,328.72535108549494
-537.676228411568,629.2172676703821,332.53978710577195
-539.1238110455707,628.4407152431149,336.33422135775965
-540.5915169778502,627.6443754031973,340.1099737370518
-542.0793491174643,626.8282510856858,343.8706470678074
-543.5873103733635,625.9923452260614,347.6206488617652
-545.1154036543917,625.1366607602293,351.3640911595293
-546.6636318692854,624.2612006245189,355.1048304780574
-548.231997926674,623.3659677556838,358.8465028753371
-549.8005047350891,622.4509641186143,362.59952434709226
-551.3491552030611,621.5161877894751,366.37254389069614
-552.8779522392173,620.561635872568,370.1655614860855
-554.3868987522906,619.5873054726186,373.97857711309075
-555.8759976511194,618.5931936947768,377.811590751436
-557.3452518446476,617.5792976446169,381.664602380739
-558.7946642419248,616.5456144281372,385.5376119805111
-560.2242377521061,615.4921411517607,389.4306195301574
-561.6539752844428,614.4188758946217,393.3236250089855
-563.103879748186,613.3258206254287,397.196628396303
-564.5739540524879,612.212978285602,401.049629671515
-566.0642011063936,611.0803518169863,404.8826288141329
-567.574623818841,609.9279441618502,408.6956258037746
-569.1052250986608,608.755758262887,412.4886206201642
-570.656007854576,607.5637970632135,416.2616132431324
-572.2269749952029,606.3520635063716,420.01460365261596
-573.7981284567713,605.1405595640039,423.74759182865813
-575.3494662863607,603.9492833186022,427.4605777514086
-576.8809855588592,602.7782318799797,431.1535614011234
-578.3926833492606,601.6274023575228,434.82654275816486
-579.884556732664,600.4967918601916,438.4795218030017
-581.3566027842741,599.3863974965196,442.1124985162091
-582.8088185794007,598.2962163746137,445.7254728784684
-584.2412011934596,597.2262456021541,449.3184448705675
-585.6737486742499,596.1564832587176,452.89141447340046
-587.1264629587201,595.0669313130294,456.4443816679679
-588.5993469560078,593.9575927064913,459.9773464353767
-590.092403575143,592.828470380929,463.4903087568402
-591.6056357250486,591.6795672785929,466.9832686136779
-593.1390463145402,590.5108863421573,470.456225987316
-594.6926382523263,589.3224305147207,473.90918085928666
-596.266414447008,588.1142027398062,477.3421332112287
-597.8603778070786,586.8862059613606,480.7750830248783
-599.4745312409248,585.6384431237552,484.22803028197177
-601.1088776568254,584.3709171717853,487.7009749641478
-602.7634199629521,583.0836310506704,491.1939170529389
-604.438161067369,581.7765877060542,494.7068565297712
-606.133103878033,580.4497900840045,498.2397933759643
-607.8482513027934,579.103241131013,501.7927275727318
-609.5836062493923,577.7369437939956,505.3656591011806
-611.3191715453623,576.3525479285563,508.95858794231157
-613.0349497063822,574.951522804761,512.5715140770191
-614.7309432090073,573.5335545018161,516.2044374860911
-616.4071545696197,572.0984027687257,519.8573581502096
-618.0635863351555,570.6458818134817,523.5302760499499
-619.7002410762334,569.1758464251983,527.2231911657809
-621.3171213820317,567.6881813311104,530.9361034780654
-622.9142298565531,566.1827931475647,534.6690129670599
-624.4915691628825,564.6586374414853,538.4019196129232
-626.0491421608319,563.1147103380606,542.1148233958141
-627.5869517589813,561.5510089547226,545.8077242959895
-629.1050008660156,559.9675304093279,549.4806222938117
-630.603292390725,558.3642718201567,553.1335173697503
-632.0818292420042,556.7412303059137,556.7664095043805
-633.5406143288536,555.0984029857283,560.3792986783843
-634.9796505603784,553.4357869791532,563.97218487255
-636.3989408457887,551.7533794061665,567.5650680677633
-637.7984880943997,550.0511773871696,571.17794824491
-639.1782952156314,548.3291780429887,574.8108253847785
-640.538365119009,546.5873784948744,578.4636994680508
-641.8787007141626,544.8257758645016,582.1365704753024
-643.1993049108273,543.0443672739692,585.8294383870027
-644.500180618843,541.243149845801,589.5423031835147
-645.7813307481547,539.4221207029448,593.275164845095
-647.062758208803,537.5812779410603,597.0280233518939
-648.3644659108274,535.7206235453816,600.8008786839554
-649.6864567641684,533.8401604738544,604.593730821217
-651.0287336786585,531.939891684849,608.4065797435103
-652.3912995640223,530.01982013716,612.2394254305601
-653.7741573298769,528.0799487900061,616.0922678619851
-655.1773098857309,526.1202806030307,619.9651070172974
-656.6007601409855,524.1408185363014,623.8579428759032
-658.0245110049425,522.1415645780226,627.750775417111
-659.4285653869024,520.1225168276733,631.6236046202291
-660.8129261962613,518.0836724128693,635.4764304646637
-662.17759634252,516.0250284616507,639.3092529299272
-663.5225787352841,513.9465821024821,643.1220719956383
-664.8478762842641,511.84833046425234,646.9148876415221
-666.1534918992749,509.73027067627464,650.6876998474102
-667.4394284902361,507.5923998682866,654.4405085932403
-668.7256879948757,505.45471614270224,658.173313859057
-670.0322684617701,503.33722149108434,661.8861156250105
-671.3591669671093,501.2399188768921,665.5789138713579
-672.7063805869752,499.16281126315835,669.2517085784626
-674.0739063973415,497.10590161248956,672.9044997267943
-675.4617414740738,495.0691928870656,676.537287296929
-676.8698828929301,493.05268804863994,680.1500712695494
-678.2983277295602,491.0563900585396,683.7428516254441
-679.7470740317934,489.0603018777004,687.3356283454995
-681.2161237365008,487.0444264670572,690.9484014106018
-682.7054797527328,485.0087667879336,694.5811708015402
-684.215144989432,482.9533258020776,698.2339364989971
-685.7451223554333,480.87810647166117,701.9066984835488
-687.295414759463,478.7831117592807,705.5994567356651
-688.8660251101398,476.6683446279568,709.3122112357094
-690.4569563159743,474.53380804113414,713.0449619639392
-692.0482103130902,472.3995039903588,716.7977089005053
-693.6197851484599,470.28543057802585,720.5704520254523
-695.1716778968643,468.1915849338517,724.3631913187183
-696.7038856331886,466.11796418712606,728.1759267601354
-698.216405432423,464.06456546671217,732.0086583294291
-699.7092343696623,462.03138590104663,735.8613860062186
-701.182369520106,460.0184226181395,739.7341097700169
-702.6358079590583,458.02567274557424,743.6268296002304
-704.069546761928,456.0531334105078,747.5195454761683
-705.4835830042288,454.10080173967066,751.3922573771399
-706.8779137615793,452.1686748593667,755.2449652825517
-708.2525361097025,450.2567498954733,759.0776691719167
-709.6074471244267,448.36502397344145,762.8903690248544
-710.9426438816847,446.4934942182956,766.6830648210905
-712.2581234575141,444.6421577546338,770.4557565404572
-713.5538829280575,442.81101170662765,774.2084441628929
-714.8299193695623,441.00005319802233,777.9611276684335
-716.0862298583808,439.2092793521366,781.7338070371153
-717.3228114709702,437.43868729186283,785.5264822488767
-718.5396612838925,435.68827413966716,789.3391532835501
-719.7367763738149,433.95803701758916,793.1718201208614
-720.914153817509,432.24797304724217,797.02448274043
-722.071790691852,430.5580793498132,800.8971411217694
-723.2096840738258,428.888353046063,804.7897952442864
-724.3478320127956,427.2187922286488,808.7024450872817
-725.5062364472755,425.5293988793768,812.6350906299494
-726.6849002879677,423.8201759527297,816.5877318513776
-727.8838264454671,422.0911264036147,820.5603687305478
-729.1030178302607,420.3422531873634,824.5530012463354
-730.3424773527275,418.57355925973195,828.5656293775093
-731.6022079231392,416.785047576901,832.5982531027321
-732.8822124516593,414.97672109547545,836.6508724005603
-734.182492876056,413.1685827724494,840.7034872494525
-735.5030472448404,411.3806355648158,844.7360976278677
-736.843872634128,409.6128824291767,848.7487035143622
-738.2049661199267,407.8653263217076,852.7413048875989
-739.5863247781361,406.1379701981577,856.7139017263468
-740.9879456845488,404.43081701384966,860.6664940094814
-742.409825914849,402.7438697236796,864.5990817159847
-743.8519625446136,401.0771312821173,868.5116648249447
-745.3143526493116,399.43060464320587,872.4242433155473
-746.7969933043042,397.8042927605619,876.3568171669783
-748.2998815848454,396.19819858737554,880.3093863583262
-749.8230145660808,394.6123250764103,884.2819508685727
-751.366389323049,393.04667518000315,888.2745106765936
-752.9300029306805,391.5012518500644,892.2870657611584
-754.5138524637986,389.97605803807784,896.3196161009299
-756.1179349971186,388.4710966951006,900.372161674465
-757.7222485775446,386.9663697995111,904.4447024602139
-759.3067951411296,385.4418754405369,908.5372384365207
-760.8715775963097,383.89761073550665,912.6497695816232
-762.4165988516268,382.3335728021733,916.7822958736527
-763.9418618157271,380.74975875871405,920.9348172906343
-765.4473693973624,379.14616572373023,925.1073338104867
-766.9331245053895,377.5227908162474,929.2998454110224
-768.3991300487701,375.8796311557153,933.5123520699474
-769.865388936562,374.21668483429556,937.7248537648704
-771.3519040778219,372.5339538337237,941.9173504734001
-772.8586783815074,370.83144110844694,946.0898421732426
-774.3857147564685,369.10914961333685,950.2423288422104
-775.9330161114475,367.36708230368913,954.3748104582227
-777.5005853550788,365.6052421352237,958.4872869993044
-779.088425395889,363.82363206408473,962.5797584435875
-780.6965391422972,362.0222550468405,966.6522247693099
-782.3249295026143,360.2011140404835,970.7246859548072
-783.9735993850437,358.36021200243044,974.8171419784151
-785.6425516976809,356.499551890522,978.9295928183716
-787.3317893485134,354.6191366630232,983.0620384528087
-789.041315245421,352.7189692786229,987.2144788597517
-790.7711322961752,350.7990526964342,991.38691401712
-792.5212434084402,348.8593898759943,995.5793439027264
-794.2916514897721,346.89998377726425,999.7917684942773
-796.0623594476277,344.92083638834197,1004.0241877693729
-797.8133701894624,342.92194580859956,1008.2766017055072
-799.5446866228275,340.9033091655455,1012.5490102800677
-801.2563116553788,338.8649235871127,1016.8414134703357
-802.9482481948771,336.8067862016578,1021.1538112534861
-804.6204991491878,334.72889413796173,1025.4862036065874
-806.2730674262808,332.6312445252294,1029.838590506602
-807.9059559342309,330.51383449309,1034.2109719303855
-809.5191666089299,328.3966611715611,1038.603347854688
-811.1126974972248,326.29972169065934,1043.0157182561527
-812.6865456737793,324.22301318000996,1047.4480831113162
-814.2407082133622,322.1665327688116,1051.9004423966098
-815.7751821908469,320.1302775858364,1056.3727960883575
-817.2899646812114,318.1142447594297,1060.8651441627774
-818.7850527595383,316.1184314175104,1065.3774865959808
-820.2604435010152,314.1428346875708,1069.9098233639736
-821.7161349532216,312.16745169671213,1074.4621544426545
-823.1521290529918,310.17227957203437,1079.0344798078165
-824.5684287095522,308.1573154410264,1083.6267994351458
-825.9650368322337,306.1225564316015,1088.2391133002227
-827.3419563304723,304.067999672097,1092.8714213785208
-828.6991901138083,301.99364229127485,1097.5237236454077
-830.0367410918869,299.89948141832116,1102.1960200761444
-831.3546121744581,297.7855141828465,1106.888310645886
-832.6728062713673,295.6517386871731,1111.6005953296803
-834.0113262924585,293.4981569231976,1116.3328741024702
-835.3701751474763,291.32477185552824,1121.0851469390914
-836.7493557460573,289.13158644919764,1125.8574138142733
-838.14887099773,286.91860366966284,1130.649674702639
-839.5687238119147,284.6858264828052,1135.4619295787056
-841.0089170979236,282.4332578549304,1140.2941784168836
-842.4694537649607,280.1609007527683,1145.1464211914772
-843.9303367221307,277.86875717118585,1150.0186578766843
-845.3715688785367,275.5568252163241,1154.9108884465968
-846.7931531433768,273.2251020224614,1159.8231128752
-848.1950924259542,270.8735847243,1164.7553311363724
-849.5773896356762,268.50227045696664,1169.707543203887
-850.940047682055,266.1111563560124,1174.6797490514102
-852.2830694747065,263.70023955741266,1179.6719486525021
-853.6064579233517,261.26951719756715,1184.684141980616
-854.9302159378068,258.8189873855875,1189.6963290091087
-856.2743464278861,256.34865212015933,1194.688509711336
-857.6388523033046,253.8585143726802,1199.6606840607521
-859.0237364736686,251.34857711497193,1204.6128520309169
-860.4290018484763,248.81884331928077,1209.545013595497
-861.8546513371175,246.26931595827725,1214.4571687282657
-863.3006878488735,243.6999980050562,1219.349317403102
-864.7671142929173,241.1108924331367,1224.2214595939918
-866.2339326060347,238.52200124413935,1229.0935952750183
-867.68114083586,235.9533225505337,1233.9857244202647
-869.108736057835,233.40485349211085,1238.897847003717
-870.5167153475063,230.8765912082353,1243.8299629992546
-871.9050757805245,228.36853283784515,1248.7820723806508
-873.2738144326446,225.88067551945198,1253.7541751215724
-874.622928379726,223.41301639114087,1258.7462711955802
-875.9524146977321,220.9655525905704,1263.7583605761283
-877.2622714350188,218.51828125500828,1268.7904432365647
-878.5525005291954,216.05119952172106,1273.8425191501308
-879.8231048902636,213.56430452836435,1278.9145882899622
-881.0740874283291,211.05759341301808,1284.006650629088
-882.3054510536022,208.53106331418672,1289.1187061404303
-883.5171986763972,205.98471137079906,1294.250754796806
-884.7093332071331,203.4185347222084,1299.402796570925
-885.8818575563328,200.83253050819252,1304.574831435391
-887.0547736623273,198.24669684120565,1309.7668593627016
-888.248079574296,195.68103572285094,1314.978880325248
-889.461772369031,193.135550126628,1320.2108942953143
-890.6958491232161,190.61024302561026,1325.4629012450798
-891.9503069134269,188.10511739244467,1330.7349011466163
-893.2251428161301,185.62017619935187,1336.0268939718896
-894.5203539076846,183.15542241812608,1341.3388796927595
-895.8359372643406,180.71085902013513,1346.670858280979
-897.1518909345365,178.26648800406846,1352.0028297082042
-898.4482168558583,175.80230747946473,1357.3147939460905
-899.7249179382751,173.31831458396402,1362.6067509663915
-900.9819970918603,170.81450645563095,1367.8787007409667
-902.2194572267915,168.2908802329544,1373.1306432417825
-903.437301253351,165.74743305484782,1378.3625784409114
-904.6355320819251,163.18416206064904,1383.5745063105321
-905.8141526230045,160.60106439012037,1388.76642682293
-906.9731648148966,158.0181371834132,1393.958339950488
-908.1125667068634,155.45537758067792,1399.1702456655887
-909.2323553759837,152.91278272167418,1404.4021439405178
-910.3325278994408,150.39034974573528,1409.6540347474543
-911.4130813545221,147.88807579176827,1414.9259180584709
-912.4740128186193,145.40595799825397,1420.217793845534
-913.5153193692285,142.94399350324693,1425.5296620805043
-914.5369980839502,140.50217944437549,1430.8615227351352
-915.5390460404893,138.0805129588418,1436.2133757810743
-916.5214603166551,135.67899118342189,1441.5852211898628
-917.4842379903611,133.29761125446547,1446.9770589329357
-918.4273761396253,130.93637030789617,1452.3888889816217
-919.3508718425703,128.5952654792115,1457.8207113071428
-920.254722177423,126.27429390348279,1463.2725258806151
-921.1389242225148,123.97345271535528,1468.7443326730486
-922.0034750562816,121.69273904904813,1474.2361316553465
-922.8483717572637,119.43215003835438,1479.7479227983058
-923.6736114041062,117.19168281664103,1485.2797060726173
-924.4791910755583,114.97133451684904,1490.8314814488654
-925.2651078504741,112.77110227149329,1496.403248897528
-926.031358807812,110.59098321266268,1501.9950083889773
-926.7779410266352,108.43097447202008,1507.6067598934787
-927.5048515861112,106.29107318080237,1513.2385033811915
-928.2120875655124,104.17127646982047,1518.8902388221686
-928.8996460442158,102.07158146945933,1524.5619661863564
-929.5675241017028,99.99198530967794,1530.2536854435953
-930.2157188175596,97.9324851200094,1535.9653965636192
-930.8442272714772,95.89307802956085,1541.697099516056
-931.453046543251,93.87376116701357,1547.4487942704266
-932.0421737127814,91.8745316606229,1553.2204807961466
-932.6116058600732,89.8953866382184,1559.0121590625245
-933.1613400652361,87.93632322720369,1564.8238290387628
-933.6913743807721,85.97733855459204,1570.6554906939575
-934.2017107484374,83.9984297473963,1576.5071439970984
-934.6923520823809,81.99959393301889,1582.3787889170692
-935.1633012968556,79.98082823928719,1588.2704254226471
-935.6145613062197,77.94212979445368,1594.1820534825029
-936.0461350249358,75.88349572719582,1600.1136730652013
-936.4580253675715,73.80492316661619,1606.0652841392005
-936.8502352487988,71.70640924224242,1612.0368866728525
-937.2227666111069,69.60795108399176,1618.028480634403
-937.5756175079399,67.52954582178123,1624.0400659919915
-937.9087850205594,65.47119058513752,1630.0716427136508
-938.2222662303313,63.43288250316174,1636.123210767308
-938.5160582187265,61.4146187045293,1642.1947701207832
-938.7901580673201,59.416396317489976,1648.2863207417909