
-197.93257175454133,577.8406701554615,-125.27397106802866
-198.31729008157538,577.7488814722535,-125.9318285069714
-198.72202349647847,577.6771503571323,-126.56968527627376
-199.1467690802361,577.6254797289477,-127.18754137254388
-199.59152391372737,577.5938725061236,-127.78539679249629
-200.0562850777249,577.5823316066588,-128.36325153295186
-200.54104965289503,577.5908599481261,-128.92110559083778
-201.0458147197976,577.6194604476722,-129.4589589631877
-201.5705773588862,577.6681360220182,-129.97681164714155
-202.11533465050806,577.7368895874597,-130.4746636399456
-202.68008367490407,577.825724059866,-130.95251493895245
-203.2648215122088,577.934642354681,-131.41036554162113
-203.86954524245056,578.0636473869224,-131.848215445517
-204.49425194555135,578.2127420711821,-132.2660646483118
-205.138938701327,578.3819293216263,-132.66391314778357
-205.78360356178328,578.5512110797432,-133.04176094181673
-206.4082484680759,578.7005853978707,-133.39960802840204
-207.0128763337456,578.8300493564489,-133.73745440563664
-207.59749007243957,578.9396000363424,-134.05530007172402
-208.16209259791142,579.0292345188412,-134.353145024974
-208.7066868240212,579.0989498856602,-134.63098926380277
-209.2312756647353,579.148743218939,-134.88883278673293
-209.73586203412654,579.1786116012423,-135.12667559239335
-210.2404488463652,579.1885530878474,-135.3445176795193
-210.7650390156216,579.1785696236061,-135.54235904695236
-211.3096354559685,579.1486641260831,-135.72019969364052
-211.87424108137233,579.0988395132676,-135.8780396186381
-212.45885880569307,579.0290987035743,-136.01587882110576
-213.06349154268432,578.9394446158421,-136.13371730031056
-213.68814220599324,578.8298801693358,-136.23155505562588
-214.33281370916055,578.7004082837441,-136.30939208653146
-214.9975089656205,578.5510318791813,-136.36722839261338
-215.68223088870087,578.3817538761866,-136.40506397356413
-216.38698239162295,578.1925771957239,-136.42289882918246
-217.1117663875015,577.9835047591818,-136.4207329593736
-217.85658578934473,577.7545394883739,-136.39856636414905
-218.62144351005443,577.5056843055388,-136.35639904362662
-219.40634246242573,577.2369421333398,-136.2942309980306
-220.21128555914717,576.9483158948649,-136.21206222769158
-221.01627571280966,576.6398075413396,-136.10989273304648
-221.80131583600377,576.3114151352642,-135.9877225146386
-222.56640884141737,575.9631357672765,-135.84555157311752
-223.31155764184433,575.5949665284393,-135.6833799092393
-224.03676515018464,575.2069045102398,-135.50120752386633
-224.74203427944428,574.7989468045904,-135.29903441796725
-225.4273679427353,574.371090503828,-135.07686059261718
-226.09276905327567,573.9233327007146,-134.8346860489975
-226.73823955210202,573.4756704884015,-134.59251078838716
-227.36377749120712,573.0481009600398,-134.37033481206504
-227.9693799504023,572.6406212083898,-134.1681581212126
-228.55504400960493,572.253228325786,-133.98598071690495
-229.12076674883838,571.8859194041372,-133.82380260011078
-229.66654524823204,571.5386915349261,-133.6816237716925
-230.1923765880214,571.2115418092097,-133.55944423240612
-230.698257848548,570.9044673176193,-133.4572639829014
-231.1841870825469,570.5974651503956,-133.35508302373051
-231.65016623200904,570.2705323977791,-133.23290135544568
-232.09619821131886,569.9236661503998,-133.0907189786966
-232.52228593496687,569.5568634993126,-132.92853589423936
-232.9284323175497,569.170121535998,-132.74635210293636
-233.31464027376992,568.7634373523609,-132.54416760575634
-233.68091271843622,568.3368080407317,-132.32198240377448
-234.02725256646323,567.8902306938659,-132.07979649817227
-234.3736617605753,567.443703377196,-131.8176098902375
-234.7401383543466,567.0172280453041,-131.53542258136434
-235.12667942896613,566.6108076246694,-131.2332345730534
-235.53328206551603,566.2244450413455,-130.9110458669116
-235.95994334497186,565.8581432209601,-130.56885646465213
-236.4066603482025,565.5119050887155,-130.2066663680946
-236.8734301559702,565.185733569388,-129.82447557916504
-237.36024984893055,564.8796315873284,-129.4222840998957
-237.84945304358746,564.5736012077513,-129.00009193242528
-238.322752550758,564.2476410305202,-128.55789907899882
-238.77901201782046,563.9017486506502,-128.09570554196767
-239.21729217094844,563.535921512362,-127.61351132378964
-239.6368134806738,563.1501569348826,-127.11131642702877
-240.03693218651844,562.7444521338888,-126.58912085435551
-240.41723735052562,562.3188042455499,-126.04692460854668
-240.77760988207274,561.8732103685472,-125.48472769248542
-241.13805172380953,561.4276685683081,-124.90253010916125
-241.51856092923558,561.0021807994094,-124.30033186167003
-241.91913457946515,560.5967499883251,-123.67813295321399
-242.3397697555059,560.2113790611035,-123.03593338710171
-242.78046353825872,559.8460709433672,-122.37373316674812
-243.24121300851786,559.5008285603129,-121.6915322956745
-243.72201524697095,559.1756548367118,-120.9893307775085
-244.22286733419898,558.8705526969094,-120.26712861598409
-244.7437663506763,558.5855250648249,-119.52492581494164
-245.28470937677068,558.3205748639523,-118.76272237832784
-245.8456934927433,558.0757050173594,-117.98051831019576
-246.42671577874873,557.8509184476883,-117.1783136147048
-247.0277733148351,557.6462180771551,-116.35610829612074
-247.64886318094386,557.4616068275506,-115.5139023588157
-248.28998245691005,557.2970876202388,-114.65169580726814
-248.95112822246216,557.1526633761586,-113.76948864606291
-249.61229852951845,557.0083360435705,-112.88728087988233
-250.2534953191469,556.8441036815851,-112.0250725134087
-250.8747215048002,556.6599633774148,-111.18286355122687
-251.47598000003728,556.4559122186969,-110.36065399781535
-252.05727371852328,556.2319472934937,-109.55844385754625
-252.61860557402943,555.9880656902924,-108.77623313468538
-253.15997848043315,555.7242644980051,-108.0140218333922
-253.681395351718,555.440540805969,-107.27180995771981
-254.1828581296862,555.1568917039109,-106.54959751161495
-254.6643648670963,554.893314281557,-105.84738449891803
-255.12591264452556,554.6498056282431,-105.1651709233631
-255.56749854265732,554.4263628328798,-104.50295678857788
-255.98911964228108,554.2229829839513,-103.8607420980837
-256.39077302429257,554.0396631695162,-103.2385268552956
-256.7724557696936,553.8764004772077,-102.63631106352224
-257.1341649595922,553.7331919942328,-102.05409472596591
-257.482390667601,553.6100351230261,-101.47187784573146
-257.82530481402205,553.506928609969,-100.86966042592373
-258.1660255205124,553.4238719136832,-100.24744246974502
-258.50722683983224,553.3608649141628,-99.60522398050402
-258.8512100982991,553.3179078534821,-98.94300496161577
-259.1999573206104,553.2950012854974,-98.26078541660165
-259.5551740345514,553.2921460324933,-97.55856534908939
-259.9183256555681,553.3093431475739,-96.83634476281308
-260.27578254063,553.3465931583016,-96.10490706309766
-260.61323668293716,553.4038938430598,-95.37545067530588
-260.9306851638328,553.4812422843731,-94.64874906179718
-261.2281250647665,553.578635564341,-93.92549343432125
-261.50555346729436,553.6960707646366,-93.20633848269789
-261.7629674530787,553.833544966508,-92.49181639725916
-262.00036415806886,553.9899407583632,-91.7819526868705
-262.2177411581633,554.159551107626,-91.07570538219309
-262.41509767101905,554.3234875868861,-90.36083743597774
-262.59243591746355,554.4674513894365,-89.62596900927264
-262.74975881341595,554.5914395959634,-88.8711001059855
-262.88706927490216,554.6954492875783,-88.0962307301304
-263.00437021805425,554.7794775458183,-87.30136088582772
-263.1016645591108,554.8435214526452,-86.48649057730422
-263.1789552144169,554.8875780904466,-85.65161980889305
-263.2362451004237,554.9116445420354,-84.79674858503364
-263.2735371218703,554.9159610003525,-83.94187691026298
-263.2908341038639,554.9014354396335,-83.10700478911802
-263.28813868743237,554.8696071993367,-82.29213222603825
-263.26545325688363,554.8224650840853,-81.49725922535679
-263.22277986817437,554.7625363595588,-80.7223857913004
-263.16012016340636,554.6929772609001,-79.96751192798953
-263.0774752731408,554.6176578896893,-79.23263763943828
-262.9748457036711,554.5412921205157,-78.51776292955437
-262.87223187834496,554.4556894486618,-77.80288780214804
-262.78963619056896,554.3500732710062,-77.06801226102954
-262.7270615576446,554.2244465072691,-76.3131363101066
-262.684510896767,554.0788120775965,-75.53825995339334
-262.6619871250247,553.9131729025592,-74.74338319501018
-262.6594931593999,553.7275319031542,-73.92850603918393
-262.67703191676816,553.5218920008032,-73.09362849024777
-262.71460631389846,553.2962561173539,-72.23875055264116
-262.7522185257931,553.0658823730375,-71.36387223090999
-262.7698677199252,552.8468653358344,-70.46899352970647
-262.76755212991213,552.640636368823,-69.55411445378914
-262.7452698249372,552.4479550132168,-68.61923500802295
-262.70301883032903,552.2686231521286,-67.66435519737917
-262.6407972754359,552.1014230093468,-66.6894750269354
-262.5586035367196,551.9441878709872,-65.69459450187564
-262.4564363665175,551.7939743486842,-64.6797136274902
-262.3542955151981,551.6364490626759,-63.66483240916691
-262.27218328257953,551.4589103406101,-62.66995085229361
-262.2101025859607,551.2613611037358,-61.69506896216061
-262.16805634253416,551.0438042737273,-60.74018674395192
-262.14604746938573,550.8062427726845,-59.805304202745155
-262.1435254434011,550.5486794962275,-58.89042134351162
-262.15649549846034,550.2727344302258,-57.995538171116245
-262.17944205148365,549.9818372845948,-57.12065469031762
-262.2163648783743,549.674372243132,-56.24577090577685
-262.2733381879676,549.3469140486864,-55.35088682215504
-262.350364896823,548.9994656256954,-54.43600244421078
-262.4474479213931,548.6320298990221,-53.50111777680902
-262.54458920574547,548.2646088216317,-52.56623282491219
-262.6217868047975,547.9172004573397,-51.65134759348274
-262.6790378012765,547.5898018972844,-50.75646208738562
-262.71633927801554,547.2824102321782,-49.881576311379426
-262.73368831795403,546.9950225523082,-49.02669027011641
-262.73108200413736,546.7276359475363,-48.19180396814247
-262.7085174856667,546.4788909198912,-47.37691740989717
-262.6659922676665,546.2455330859452,-46.582030599713704
-262.6235047077362,546.0170683049117,-45.792689690125506
-262.6010549999883,545.7834081843324,-44.995683700628916
-262.59864411908586,545.5415740783194,-44.19374258255099
-262.61627344427404,545.2892030914703,-43.38987333678639
-262.6539445987297,545.025398640059,-42.5864556596863
-262.71165922516803,544.7507035164776,-41.784140507861835
-262.7894188170397,544.4665247616243,-40.98197735362024
-262.8872246367022,544.1745285518448,-40.1788314336952
-263.005078061551,543.8690435573699,-39.38499749684451
-263.14298169204756,543.5435772130626,-38.61116335055312
-263.300938444321,543.19813244332,-37.857328998935934
-263.4789512343936,542.8327121729644,-37.12349444600151
-263.6770229781812,542.4473193272437,-36.409659695652046
-263.89515659149276,542.0419568318307,-35.7158247516834
-264.1333549900308,541.6166276128235,-35.041989617785084
-264.3916210893909,541.1713345967459,-34.38815429754024
-264.6499578050709,540.7060797382586,-33.73431879443454
-264.8883680525684,540.2208611032986,-33.06048311195365
-265.1068547474778,539.7156757859401,-32.36664725368074
-265.30542080549975,539.1905208806828,-31.652811223305306
-265.4840691424406,538.6453934824515,-30.91897502462321
-265.64280267421276,538.0802906865963,-30.16513866153667
-265.78162431683444,537.4952095888926,-29.391302138054247
-265.9005369864298,536.8901472855412,-28.597465458290863
-265.99954359922884,536.2651008731679,-27.783628626467785
-266.0786470715674,535.6200674488241,-26.949791646912633
-266.1378503198872,534.9550441099865,-26.09595452405938
-266.1771562607357,534.270027954557,-25.222117262448354
-266.1965678107663,533.565016080863,-24.328279866726227
-266.19608788673804,532.8400055876572,-23.41444234164603
-266.17571940551585,532.0949935741177,-22.48060469206714
-266.13546528407034,531.3299771398481,-21.52676692295529
-266.0913301180759,530.5585263683405,-20.572929039373705
-266.0596516328742,529.7945445904546,-19.639091046385605
-266.0411425176111,529.0386526399585,-18.72525294895672
-266.0366028285334,528.2913994346079,-17.831414751946433
-266.0469264905942,527.5532825181401,-16.95757646010778
-266.07310929914644,526.8247672328897,-16.103738078087446
-266.1162593946908,526.1063044698986,-15.269899610425755
-266.17761113401986,525.3983471838803,-14.45606106155669
-266.2384427517806,524.6857620381337,-13.662222435807886
-266.27938400021964,523.9531843137877,-12.888383737400616
-266.3004377959815,523.2006111101814,-12.134544970449811
-266.30160705581665,522.4280395270795,-11.40070613896405
-266.28289469658114,521.635466664672,-10.68686724684556
-266.2443036352368,520.8228896235744,-9.993028297890218
-266.1858367888512,519.9903055048275,-9.319189295787549
-266.1074970745976,519.1377114098974,-8.665350244120729
-266.0092864374674,518.2851044406407,-8.01397650701583
-265.89120293340795,517.4524816989136,-7.349777362235336
-265.75324364618484,516.6398402861827,-6.677417297333143
-265.5954056596694,515.847177303489,-6.002241656610952
-265.4176860578385,515.0744898514486,-5.3303131277155025
-265.220081924775,514.321775030252,-4.667703590742999
-265.0025903446673,513.5890299396647,-4.0199552531176455
-264.7652084018095,512.8762516790266,-3.3909416267355303
-264.5079331806017,512.1834373472528,-2.7684080552941888
-264.2307617655496,511.51058404283305,-2.1427544498462003
-263.9336912412647,510.8576888638317,-1.5198714332322742
-263.61671869246436,510.22474890788806,-0.9033279761948263
-263.27984120397184,509.6117612722163,-0.29608440319902063
-262.929429009393,509.01872336343206,0.3005838926169133
-262.57721051358885,508.4436167821411,0.8865871873541864
-262.22991351017936,507.88354973059865,1.461674794589158
-261.8824240539705,507.3402458986799,2.0212674456713158
-261.53118321936137,506.812825795118,2.560860086014138
-261.18051739261773,506.29589507321924,3.0804527127483117
-260.83254753469015,505.7864228944216,3.5800453231108755
-260.4883601889392,505.28263477163165,4.059637914445219
-260.148498411206,504.7834587818553,4.519230484201081
-259.81321697638623,504.2882104640019,4.958823029934557
-259.48261820718227,503.79641991185844,5.378415549308087
-259.1587512004767,503.2962362937505,5.798008040081604
-258.8400966503246,502.77600590811534,6.23760050001504
-258.5210727286861,502.235729071505,6.697192926770838
-258.1985008503486,501.675405476459,7.1767853179050904
-257.8705977595932,501.0950344633808,7.67637767086754
-257.536350147781,500.4946151742562,8.195969983001577
-257.19516266551983,499.87414663680875,8.735562251544241
-256.84666447174004,499.23362780996456,9.295154473626221
-256.504487913349,498.5740871584714,9.874746646271857
-256.18241251886957,497.9053896850191,10.467221004313513
-255.8796310609823,497.2434987612719,11.058458335794219
-255.59302238564058,496.5985542691157,11.63772609219897
-255.31885112461,495.9735689185798,12.200220926199881
-255.05486906600888,495.36854434514595,12.744782917928626
-254.7997368447561,494.7834819295655,13.271759843763299
-254.55255204354586,494.2183828937047,13.782320505069853
-254.30518059250346,493.66252296950245,14.28098726136356
-254.05122856045583,493.1055528448796,14.773879478900811
-253.79300697440272,492.547990889314,15.264717128384705
-253.53209024692254,491.9900173022301,15.755688507456178
-253.26946229815874,491.43167353439975,16.248044152329896
-253.00571063205973,490.87295940474104,16.74248949137192
-252.74117907235294,490.3138673632639,17.239419023162093
-252.47606744990222,489.7543916930377,17.739050579530524
-252.2045092684703,489.20470353663205,18.249163286130017
-251.91862575395663,488.6749747778258,18.775459302511265
-251.61464956717356,488.16520304998795,19.313975126808206
-251.2915186879562,487.67538557388343,19.860125640249706
-250.95369141903876,487.2055198099543,20.408184958834422
-250.60767948377634,486.7556041108497,20.9526385985828
-250.25813355353216,486.3256376460921,21.489351245474808
-249.908100862742,485.91562013739133,22.015354963002974
-249.56846422680007,485.51455395734496,22.525382709550403
-249.24889017829898,485.1121782200957,23.015410336326763
-248.94937880007836,484.709876448757,23.485437840726313
-248.66993000420658,484.3084899630143,23.935465220249647
-248.4105436368443,483.9081516264951,24.365492472503725
-248.1686650520337,483.50929153474783,24.77551959520185
-247.94016642620855,483.11339209942605,25.165546586163682
-247.72248783662107,482.72243340015456,25.535573443315233
-247.5081822082383,482.34052787872685,25.894741994652314
-247.29236218479375,481.9677186596759,26.25296687773359
-247.07699056046462,481.6000312577585,26.6110424884848
-246.86253814905163,481.2362356280638,26.96882365717431
-246.64909956599098,480.8757962171757,27.325950274477883
-246.4366873510615,480.5183540538414,27.68204454280039
-246.22529745082454,480.1636105919512,28.03675278917453
-246.0149231539151,479.81130090443287,28.389751869662557
-245.81508297813275,479.4501305828193,28.74202045012301
-245.63530071979815,479.0717851137638,29.09499310257082
-245.47420156354235,478.68525814903046,29.448710322432028
-245.33010923404774,478.30029106221605,29.802611950765346
-245.2025922667059,477.9228645318997,30.15609751061629
-245.091325911783,477.5570828057265,30.50851007812271
-244.99586704867204,477.2059670983928,30.85907959873954
-244.91566208872538,476.871719924977,31.2069439187418
-244.83295735164702,476.55176775169843,31.563231949677327
-244.7303021716066,476.2472150837545,31.93951981276481
-244.60769385528073,475.9626459892808,32.33580750600333
-244.465129486459,475.6980575580372,32.75209502728559
-244.30260614903725,475.45344687935807,33.18838237439797
-244.12564422575528,475.22881131066436,33.64466954502048
-243.9422140210366,475.02414940209985,34.12095653672679
-243.7556414089422,474.839460491026,34.617243346984225
-243.57795122553566,474.65474474636716,35.13352997315374
-243.42029332764196,474.45000454756826,35.669816412489965
-243.2826706329618,474.22524281641296,36.226102662141166
-243.16508585004425,473.98476254300454,36.80238871914926
-243.06364893871776,473.7411444416758,37.39867458044982
-242.97175643167293,473.5063835785672,38.01496024287206
-242.88558493250792,473.2852708743654,38.65124570313884
-242.80349761862064,473.0790123234986,39.30753095786669
-242.7132053875869,472.8902400712273,39.96381600357463
-242.60294310218154,472.72145319424357,40.6001008367817
-242.4727078461286,472.5726487798398,41.21638545410441
-242.32249670325822,472.44382391488307,41.81266985226565
-242.15230675750686,472.3349756858152,42.38895402809464
-241.9621350929172,472.24610117865257,42.94523797852695
-241.75197879363816,472.17719747898644,43.48152170060451
-241.5218349439249,472.12826167198284,43.997805191475614
-241.29170160041747,472.07929181470536,44.51408844838603
-241.08158070890568,472.01028985336757,45.05037146858154
-240.89147518736914,471.92125870686067,45.60665424921041
-240.72138795368113,471.81220129450134,46.18293678731458
-240.57132192560837,471.6831205360318,46.77921907982965
-240.44128002081123,471.5340193516199,47.39550112358485
-240.3312651568435,471.3649006618589,48.03178291530307
-240.24128025115252,471.17576738776756,48.68806445160084
-240.151328221088,470.9666214785028,49.34434572899721
-240.0414119839994,470.73746099449716,49.980626744011246
-239.9115344573336,470.4882830243211,50.59690749325948
-239.7616985586435,470.2190846569708,51.1931879734648
-239.59190720558826,469.9298629818677,51.76946818145647
-239.40216326232533,469.6217178014884,52.325748114170075
-239.19246922675617,469.29887415617054,52.86202776864757
-238.96282677164425,468.96782602128695,53.37830714203726
-238.7332371317264,468.6243435097718,53.874586231593796
-238.52355338815912,468.26082896935463,54.35086503467819
-238.33319417679172,467.8811737145257,54.807143548757814
-238.16231051841615,467.4978956394195,55.24342177140637
-238.0114859311113,467.12500716076187,55.659699700303925
-237.88071827144734,466.7699961143755,56.05597733323691
-237.7700047254463,466.43496745883874,56.43225466809809
-237.67934237683463,466.11992411869346,56.788531702886594
-237.60200376184886,465.8248686911464,57.12480843570789
-237.53131724284185,465.54980246805434,57.44108486477382
-237.46738697234264,465.2947264272861,57.737360988402564
-237.41030417769628,465.05964156104926,58.01363680501865
-237.3601418042748,464.8445488735619,58.26991231315297
-237.31695255662976,464.6494493782135,58.506187511442775
-237.2807688612986,464.47434409459356,58.72246239863165
-237.2516038276315,464.3192340455967,58.918736973569544
-237.21596178448425,464.1641195988426,59.11501123520389
-237.16034760679162,463.9889984975072,59.331285182482134
-237.08476421171162,463.7938678290049,59.56755881425422
-236.98921451650853,463.57872468117563,59.82383212926376
-236.87370143855279,463.34356614228454,60.09990285659394
-236.73822789532093,463.0883893010225,60.39250429832511
-236.58279680439568,462.8131912465058,60.69526356553119
-236.4074110834659,462.5179690682763,61.00132557266288
-236.2320726780302,462.2227208285532,61.300208608378604
-236.0767796444372,461.9474484787058,61.58316409683602
-235.94152906665042,461.69215494200097,61.847248903177615
-235.82631802852666,461.45684314128033,62.09133338065201
-235.73114361381624,461.24151599896004,62.315417527961266
-235.656002906163,461.0461764370311,62.51950134391381
-235.60089298910407,460.8708273770591,62.70358482742441
-235.56581094607026,460.7154717401842,62.8676679775142
-235.5507548326732,460.5601124471569,63.01361756310048
-235.55572659356784,460.3847524187274,63.14143358340715
-235.58046554524077,460.1893945632213,63.24924926796472
-235.62275481777976,459.97404164303174,63.33706461619988
-235.67782028162077,459.7386958906329,63.40577405875946
-235.73967025685462,459.4833587409993,63.45886368879768
-235.8025482443908,459.2080307495382,63.50081731502453
-235.86215007286094,458.91271173130326,63.53456077997761
-235.92438411153609,458.5974014121066,63.55471584337139
-235.99182055294744,458.26210067163225,63.55487056881842
-236.05753988928544,457.9068096863296,63.53502495631788
-236.1187165649267,457.5315279779183,63.4951790059753
-236.17384691605614,457.13625476391,63.43533271800256
-236.2221009525203,456.7209890959137,63.3554860927179
-236.26305124157508,456.2857299361642,63.2556391305459
-236.29651312738594,455.83047620382655,63.13579183201752
-236.33624251781416,455.37522747319514,63.01594419776117
-236.39604061442978,454.9399860002986,62.916096228405294
-236.47576510147775,454.5247547050301,62.83624792448084
-236.57537372451358,454.1295364846147,62.776399286412406
-236.69500296472006,453.75433425044514,62.73655031451823
-236.83468924175693,453.3991509260026,62.71670100901023
-236.99442963801906,453.06398943625516,62.71685136999394
-237.17422123579468,452.7488527057452,62.73700139746857
-237.35406139137265,452.44810446933997,62.777151091326964
-237.51394877686963,452.1515907937726,62.837300451355624
-237.65388335226166,451.8519989908396,62.917449477234705
-237.77386592063485,451.54488729639417,63.01759816853801
-237.87389778881465,451.22761760397816,63.137746524733
-237.95398056931518,450.898521035139,63.277894545180764
-238.0141160839764,450.55630424239496,63.43804222913607
-238.05430634801007,450.19951289402763,63.61818957574732
-238.0745527081412,449.84501771133444,63.80746981140972
-238.07887338338904,449.5105242224216,63.991133841590724
-238.07681804246585,449.1960307642611,64.16295886220061
-238.07648820253002,448.9015370696838,64.31884305853431
-238.08175126036366,448.62704370332455,64.45587600553174
-238.09459483576535,448.3725516405357,64.57290860979043
-238.116034213632,448.138062069828,64.6699408706881
-238.14651051687207,447.9229962735483,64.74697278770874
-238.18126127053236,447.70735534380924,64.80400436044275
-238.2139600704325,447.4717193677965,64.84103558858685
-238.24240914203878,447.2160878690038,64.85806647194413
-238.2654803386014,446.94046013634943,64.85509701042402
-238.28261074090756,446.6448353397412,64.83212720404231
-238.29353416458568,446.3292125908489,64.78915705292115
-238.29814347909965,445.99359097524484,64.72618655728904
-238.29642068816324,445.6379695699513,64.64321571748083
-238.2915921154382,445.26234760867857,64.54758928839192
-238.28741077413196,444.8667249774072,64.44865659117679
-238.28495971742774,444.45110184914677,64.35158551881526
-238.28539164533484,444.01547855897365,64.26405976212965
-238.29004404369007,443.5598556217216,64.19356667466855
-238.3004734086608,443.08423376425714,64.14307324584584
-238.31819754200194,442.58861394289426,64.11257947593003
-238.34432843221265,442.0729973093741,64.10208536508328
-238.3849121154441,441.5373854039565,64.1115909133614
-238.4455791748138,440.9817808818653,64.14109612071383
-238.5263325268614,440.4061866723354,64.19060098698367
-238.6271750880199,439.81060570502706,64.26010551190768
-238.74810977461533,439.19504091002574,64.34960969511627
-238.88913950286695,438.5594952178423,64.4591135361335
-239.05026718888718,437.9039715594129,64.58861703437708
-239.2314957486815,437.228472866099,64.73812018915835
-239.41282712587,436.55300109736436,64.90762299968233
-239.57425937492238,435.8975543235229,65.09712546504768
-239.7157895781179,435.262129642211,65.30662758424673
-239.83741481784165,434.6467241506395,65.53612935616539
-239.93913217658456,434.05133494559374,65.78563077958331
-240.02093873694344,433.47595912343354,66.05513185317375
-240.0828315816209,432.9205937800934,66.34463257550362
-240.1248077934255,432.3852360110821,66.6541329450335
-240.14686445527175,431.86988291148316,66.98363296011757
-240.14899865017998,431.3745315759547,67.33313261900373
-240.1336048058647,430.89917921527467,67.70263191983348
-240.10602844380605,430.4438236494429,68.09213086064199
-240.07108413118817,430.00846347917485,68.50162943935807
-240.0319223899012,429.5930978737288,68.9311276538042
-239.99073318582802,429.1977263869838,69.38062550169649
-239.94907316119298,428.8223488428892,69.85012298064473
-239.89753266061788,428.4469647470322,70.31962008816119
-239.82605219325666,428.05157168025914,70.76911682175816
-239.73463467635176,427.6361667346757,71.19861317904542
-239.6232830272516,427.2007470028134,71.60810915773911
-239.49200016341064,426.7453095776288,71.99760475566168
-239.34390319392006,426.2698517038987,72.36709997074199
-239.18566874152776,425.7743714054468,72.71659480101522
-239.02230577547564,425.2588676204133,73.04608924462293
-238.8471435083967,424.72333934693717,73.355583299813
-238.65206461501572,424.16778407486316,73.64507696493969
-238.4370720132324,423.5921988997013,73.9145702384636
-238.20216862105232,422.9965809173871,74.16406311895167
-237.9473573565869,422.3809272242816,74.39355560507722
-237.67264113805345,421.74523491717144,74.6030476956199
-237.37802288377512,421.0895010932689,74.79253938946574
-237.06350551218085,420.4137228502119,74.96203068560712
-236.74909098836844,419.7375103217245,75.11152158314272
-236.45477744486325,419.0808654672806,75.24101208127765
-236.18056198522726,418.4441791548514,75.35050217932331
-235.92644169405628,417.8274543153914,75.4399918766975
-235.69241365583932,417.23069387942996,75.50948117292437
-235.47742393719773,416.6539007259768,75.55897006763436
-235.27716059569616,416.09707737085193,75.58845856056435
-235.08850167409574,415.5602256515671,75.5979466515575
-234.90661681629408,415.0233470323955,75.58743434056339
-234.72543621791033,414.4664419647338,75.5569216276379
-234.5431197257872,413.8895104082181,75.5064085129433
-234.3584499175051,413.2925521021614,75.43589499674817
-234.1706259198626,412.67556664107104,75.3453810794275
-233.97910074422873,412.03855352274854,75.23486676146257
-233.7834801245894,411.38151217723424,75.10435204344107
-233.58346737300084,410.7044419846468,74.95383692605701
-233.39016223774908,410.0148562595521,74.79579117529154
-233.21159857363554,409.3135274978636,74.64593177768064
-233.04131519465471,408.5929439583682,74.51015815904833
-232.87244244922533,407.8523357746445,74.39275333441219
-232.69891315909442,407.0917026823421,74.29534811417973
-232.517067587172,406.31104370459764,74.21794249886891
-232.32518069356257,405.5103574865837,74.16053648889132
-232.12247621276146,404.68964250033645,74.12313008455224
-231.90430299471777,403.84889693010336,74.10572328605058
-231.66625755391436,402.9881180916593,74.10831609347889
-231.40834280847938,402.1073030869902,74.1309085068234
-231.1305616766466,401.20644901850756,74.17350052596397
-230.8385942298635,400.2855532650397,74.2360921506741
-230.5396248044838,399.3446143829344,74.31868338062097
-230.23492112856752,398.38363148583096,74.42127421536539
-229.9242335232654,397.40260371372034,74.54386465436183
-229.6006219720885,396.42152985594697,74.6864546969584
-229.2640466839897,395.4524864284943,74.8428082367192
-228.92373582588118,394.4844209142938,75.0039072409812
-228.58230175786088,393.5140716477358,75.16659942665119
-228.24010746735922,392.54142534277656,75.33035288089506
-227.89731145385707,391.5667230893413,75.49487128860268
-227.55404541921163,390.5902002177584,75.65989805185724
-227.2104280048531,389.61207061115743,75.82520054572736
-226.85673582617846,388.64316290319306,75.98630274268176
-226.48318712036644,387.6942021637256,76.137309551048
-226.08977897254107,386.7651854966048,76.27623155771623
-225.676508467932,385.856110005255,76.40290123188798
-225.2456007516422,384.96697290099155,76.51883609808507
-224.80427346535663,384.09777207067447,76.62647615074039
-224.36032759432135,383.24850661655745,76.7273512669435
-223.91830552928477,382.41917651416713,76.82157927238134
-223.48184860108995,381.60875791891357,76.92107143668915
-223.05167339808662,380.8157885675945,77.0375733733845
-222.62561317291784,380.0393651450634,77.17041102198033
-222.20191302127242,379.2785614487031,77.31900942201557
-221.77918206795925,378.53247666658666,77.48287960861946
-221.35634494183253,377.80026296392145,77.66160352157172
-220.93259314862604,377.08113861181636,77.85481998104717
-220.50733923883476,376.3743910669422,78.0622133174356
-220.09126549858664,375.6636317741333,78.2666210392739
-219.69530039154176,374.9328132661508,78.4510283449341
-219.31944683666796,374.18193847591334,78.61543523343562
-218.96370775282625,373.4110103367653,78.75984170390421
-218.62808605877058,372.62003178247653,78.88424775557199
-218.31258467314797,371.80900574724274,78.99163154481954
-218.01720651449844,370.97793516568527,79.08821910046915
-217.7364119301897,370.12682270340235,79.18082349945398
-217.45118068192616,369.2756692932852,79.27479672125017
-217.16098922807248,368.4444736075106,79.3603475308691
-216.88019596855344,367.6332362505661,79.42589791849399
-216.6102173536437,366.8419587301232,79.47144788377628
-216.35100974125484,366.070642622012,79.49699742647374
-216.10243796082563,365.31928948770593,79.5025465464505
-215.8643391088891,364.587900866709,79.48809524367708
-215.63654236547217,363.8764782739414,79.45364351823031
-215.40390737092764,363.1650224717196,79.41919137028452
-215.15138103452932,362.43353129074217,79.40473880001406
-214.8789662744824,361.6820018302065,79.41028580749578
-214.58666600909774,360.9104311897358,79.43583239270018
-214.27448315679203,360.11881646937877,79.48137855549142
-213.9424206360876,359.3071547696098,79.5469242956273
-213.59048136561256,358.4754431913289,79.6324696127593
-213.2186682641007,357.6236788358618,79.73801450643249
-212.84698327809517,356.77185977721194,79.84355897609451
-212.4954244649887,355.9399879785327,79.92910302119299
-212.16398890978837,355.1280663748753,79.99464664127304
-211.8526736973943,354.3360979008658,80.04018983598613
-211.56147591259958,353.56408549070517,80.06573260509006
-211.28623697183352,352.8120318761439,80.07127494844904
-211.02254551984888,352.079217541154,80.05681686603359
-210.76987078260217,351.3640540380829,80.02235835792058
-210.5326192185401,350.6558529991148,79.98789942428438
-210.31547441446864,349.9467119792843,79.97344006529937
-210.11487490455636,349.2353841606019,79.97898028104244
-209.92267382802504,348.5136905065853,80.00452007148414
-209.73092548964428,347.7742928124408,80.05005943648864
-209.5338893428653,347.014866825383,80.11559837581378
-209.32818208371398,346.2354114940299,80.20113688911107
-209.1124598026401,345.43592543966327,80.30667497592565
-208.88162101082173,344.616406937085,80.41221263570517
-208.63090653328356,343.7768533188565,80.49774986789731
-208.36031928822118,342.9172616864587,80.56328667204721
-208.06986219393573,342.0376291417979,80.60882304780638
-207.7595381688341,341.13795278720625,80.63435899493267
-207.42935013142878,340.2182297254415,80.63989451329029
-207.07930100033786,339.278457059687,80.62542960284979
-206.7093936942851,338.3186318935518,80.59096426368812
-206.32148619409043,337.35875142126514,80.53649849598854
-205.91557655724165,336.4188131077463,80.46203230004066
-205.48980583475685,335.4988141468351,80.36756567624049
-205.0441711120378,334.5987516417165,80.25309862509032
-204.5786694745918,333.71862269515015,80.11863114719885
-204.09329800803192,332.85842440947084,79.96416324328113
-203.58805379807674,332.0181538865882,79.78969491415856
-203.06293393055066,331.19780822798697,79.59522616075886
-202.53793646366228,330.3773855070496,79.38603263318453
-202.0330633447693,329.53688768630894,79.16752841745692
-201.54831749341872,328.67631770097546,78.94025242274247
-201.08370182905057,327.79567848668546,78.7054547131917
-200.63921927099778,326.89497297950106,78.46550515833057
-200.21487273848624,325.9742041159101,78.22434914155153
-199.81066515063478,325.0333748328261,77.98792954428795
-199.42659942645508,324.07248806758844,77.76451719937828
-199.06267848485177,323.0915467579621,77.53998480250911
-198.71890524462236,322.0905538421378,77.29580817351666
-198.39528262445722,321.069512258732,77.03285581631584
-198.0918135343817,320.02860098171374,76.75151308634682
-197.80850057483832,318.97366077631176,76.45431493822187
-197.54534502912176,317.9146247647272,76.14731083392975
-197.30234700999688,316.857104571338,75.83556791711048
-197.07536690533342,315.8020545305128,75.52223373332754
-196.84440412841448,314.7544453382479,75.21883768649799
-196.5935961708096,313.72321705829773,74.93544123967938
-196.32294029122198,312.71195075242747,74.67204439437867
-196.03243357422852,311.7206435257417,74.4286471519965
-195.72207310451168,310.7492924829198,74.20524951382714
-195.39185596685945,309.7978947282161,74.00185148105852
-195.04177924616548,308.8664473654596,73.81845305477223
-194.67184002742897,307.95494749805425,73.6550542359435
-194.30203614457457,307.0479897598646,73.51165502544119
-193.95236847826314,306.1291149116631,73.38825542402785
-193.6228390356121,305.1937293317458,73.28485543235966
-193.3134505631997,304.23829716090313,73.20145505098647
-193.01824576778225,303.2628210470178,73.13805428035174
-192.72388473833192,302.267302120489,73.09465312079263
-192.42200336504362,301.25173973892794,73.07125157253991
-192.11145604281634,300.21613270206575,73.06784963571802
-191.80657258360722,299.1676087883609,73.06628130712589
-191.51868497806916,298.11055097155105,73.05700156428843
-191.24180528740047,297.0380766492372,73.05792469576785
-190.97132943624874,295.9458061732755,73.07859572404269
-190.70477196970884,294.8334965532445,73.11926636370929
-190.44134289548506,293.70114828773455,73.1799366145514
-190.18139625755754,292.5487618462809,73.26060647624641
-189.9262626967197,291.3763378226037,73.36127594836536
-189.6640710414615,290.2038763851051,73.48194503037293
-189.38205195168104,289.0513752629464,73.62261372162745
-189.0802025120156,287.9188315642202,73.7832820213809
-188.75851980720802,286.80624239659386,73.96394992877893
-188.4170009221065,285.7136048673096,74.16461744286083
-188.05564294166476,284.6409160831845,74.38251168296024
-187.67444295094205,283.5881731506105,74.6049107047841
-187.27339803510307,282.55537317555445,74.81458738675796
-186.8725054693221,281.5386077183468,75.0092523708209
-186.49168243458763,280.533175623376,75.19095668275803
-186.12511506716592,279.5381636274669,75.3547116216923
-185.76662630047207,278.5535352850037,75.49846615993272
-185.4157658212419,277.57943889835656,75.62222029671484
-185.07255705066868,276.61601120248247,75.72597403138063
-184.73706247910545,275.6633993310293,75.80972736337834
-184.40935263981433,274.72176416601786,75.87348029226264
-184.07562368207084,273.77563541364634,75.9172328176945
-183.72203710921357,272.8094565411199,75.94098493944124
-183.348595839985,271.82322465255487,75.9447366573766
-182.9553027932333,270.8169368524933,75.9284879714806
-182.54216088791216,269.790590245903,75.89223888183967
-182.10917304308077,268.7441819381774,75.83598938864654
-181.65634217790392,267.6777090351357,75.75973949220032
-181.1836712116519,266.5911686430228,75.6634891929065
-180.69860725322917,265.50455823041585,75.54723849127687
-180.21007514896635,264.4378767856882,75.41098738792961
-179.72087658435962,263.3911240111944,75.25473588358923
-179.2334621706901,262.36429999311525,75.07848397908664
-178.74990864075065,261.35740514750637,74.88223167535904
-178.27195492633408,260.37044016805686,74.66597897345001
-177.8010533800714,259.4034059805348,74.42972587450949
-177.3384188648561,258.456303704647,74.17347237979378
-176.89026379068494,257.52913487501837,73.89721849066551
-176.46224530586616,256.62190215348403,73.60096420859368
-176.0543604958134,255.73460847661428,73.28470953515364
-175.6666064458333,254.86725678055453,72.9484544720271
-175.29898024112546,254.019850001025,72.59219902100209
-174.9514789667824,253.1923910733208,72.21594318397304
-174.62409970778964,252.38488293231197,71.8196869629407
-174.3168395490257,251.59732851244328,71.40343036001217
-174.02969614413394,250.8180290272791,70.98717337739207
-173.76266941036988,250.0355277588553,70.590916017285
-173.51575976998228,249.25041322000018,70.2146582817981
-173.28896756821783,248.46299748095055,69.85840017293212
-173.06462649477044,247.68439875843214,69.50214169259034
-172.82917143286514,246.92576640715737,69.12588284267606
-172.5889698291706,246.18709931518836,68.72962362519006
-172.34708814313856,245.4683970494867,68.31336404223946
-172.10461638807888,244.76965945695022,67.87710409603774
-171.8620163147849,244.0908864880235,67.42084378890473
-171.61965574857473,243.43207815026716,66.94458312326664
-171.3779654896949,242.79323450904297,66.448322101656
-171.14677469386822,242.17435615140374,65.95023664719011
-170.93567543141944,241.5754455413197,65.46672998650168
-170.74466478660875,240.99650560879013,64.99430569891885
-170.57373984358955,240.43753928338896,64.52961544501342
-170.42289768640836,239.89854949426487,64.06958805978874
-170.29213539900502,239.37953917014133,63.611498959682265
-170.18145006521252,238.8805112393165,63.15282891056638
-170.08983227900384,238.4014685807333,62.69133074920115
-170.0172791240038,237.94241392611977,62.229821459831825
-169.9647941734892,237.5033501535682,61.77217377516592
-169.93237453803553,237.08372153298387,61.31820803970097
-169.92001765323178,236.67851922221791,60.8665896649397
-169.92647215719006,236.27908382109848,60.41314649742838
-169.94611690310492,235.8783689867782,59.95037883235955
-169.9727568710083,235.47260219160825,59.47161814936217
-170.0036861221449,235.06055865344115,58.97374288850255
-170.02635135046472,234.63523320439407,58.4711228091204
-170.02908278018054,234.1899096072754,57.97809631663019
-170.01188332814016,233.72458495509056,57.49242073119763
-169.97475591129736,233.23925634127033,57.01128005542184
-169.91770344671193,232.73392085967097,56.531745672001
-169.84072885154953,232.2085756045741,56.05096460144211
-169.74383504308182,231.66321767068686,55.56610886816884
-169.62702493868636,231.09784415314186,55.07452530751284
-169.51030145583778,230.5124531197846,54.56895770747268
-169.4136675120102,229.90704652803586,54.04338981726801
-169.33712602457982,229.28162730802939,53.497821639693576
-169.28037432495492,228.63619837546847,52.93225317765047
-169.23597165907637,227.9707622400449,52.346684434146134
-169.1939168327571,227.28531986963588,51.741115412294356
-169.15011662460756,226.57987126840908,51.11554611531529
-169.10283218670145,225.85441603754936,50.46997654653543
-169.04360560106346,225.12221673100234,49.818158683487354
-168.96448846715884,224.38739929516302,49.17547002158133
-168.86548215409786,223.63876597805182,48.545847315598806
-168.74658887167305,222.87433765994928,47.933913076934786
-168.60781087642388,222.09496105764825,47.34197858337075
-168.44915022995608,221.3022635822657,46.77004383805434
-168.27060876510873,220.49759136039307,46.21810884402685
-168.07218818394563,219.68131522142673,45.68617360422323
-167.87389038870364,218.84916594843764,45.17423812147206
-167.69571765175257,218.00611169227506,44.682302398495594
-167.5376701446822,217.17215538808816,44.210366437909734
-167.39974548027493,216.35817750118477,43.75843024222401
-167.28194074240187,215.56418096613035,43.32649381384162
-167.18425301482708,214.790168717065,42.91455715505941
-167.10667938120775,214.03614368770354,42.52262026806788
-167.04921692509402,213.30210881133547,42.150683154951174
-167.01186370221657,212.56806702086033,41.79874581768709
-166.99462165734894,211.81402124917773,41.46680825814707
-166.99749370744513,211.03997442957726,41.15487047809621
-167.02048276935216,210.24592949577394,40.86293247919325
-167.06359175981015,209.43188938190815,40.59099426299059
-167.12682359545218,208.59785702254564,40.33905583093428
-167.21018119280433,207.74383535267756,40.107117184364014
-167.31366746828567,206.86982730772039,39.89517832451314
-167.43728533820826,205.97583582351592,39.69169879764926
-167.58103771877705,205.0618638363313,39.488036850707836
-167.74492752608995,204.12791428285894,39.28967967883069
-167.92895767613786,203.17399010021657,39.10149103352821
-168.13313108480443,202.20009422594717,38.92772064495571
-168.35745066786635,201.20622959801898,38.772043513272656
-168.60191934099305,200.19239915482547,38.6362631709528
-168.86654001974694,199.1586058351853,38.52048262317368
-169.1313146473046,198.12485160601955,38.424701870550955
-169.3762412776921,197.1111345450992,38.34892091359396
-169.60131699274464,196.11745175751767,38.293139752705656
-169.8065388744031,195.14380034794286,38.257358388182666
-169.9919040047138,194.19017742061703,38.24157682021526
-170.15740946582878,193.25658007935695,38.24579504888735
-170.30305234000562,192.34300542755378,38.27001307417652
-170.42882970960756,191.44945056817315,38.31423089595397
-170.53473944494792,190.5597066034559,38.37844851398458
-170.62078252369847,189.65847229747527,38.462665927926864
-170.68696049358132,188.74750397591646,38.56688313733301
-170.73327465338588,187.82845912825005,38.69110014164882
-170.75972606515958,186.90292878541663,38.83531694021376
-170.7663155602634,185.97249332452216,38.999533532260955
-170.75304373431936,185.03882156414878,39.18374991691717
-170.71991092715652,184.10375565230046,39.38796609320284
-170.66691772327965,183.15847382664077,39.592182060040884
-170.59406656388038,182.19318282417856,39.77639781635424
-170.5013603662084,181.20787974898045,39.94061336116333
-170.38880204761898,180.2025617055385,40.08482869359492
-170.256394525573,179.17722579877028,40.20904381288216
-170.10414071763688,178.13186913401887,40.3132587183645
-169.93204354148256,177.06648881705283,40.3974734094878
-169.74010591488752,175.98108195406627,40.46168788580423
-169.52832978344725,174.8956456516434,40.50810082498801
-169.296713203713,173.83017701636857,40.537028311653955
-169.04525326005412,172.78467315443635,40.54627166763256
-168.7739470369454,171.75913117161613,40.53551480801305
-168.48279161896718,170.753548173252,40.504757732852624
-168.17559611348972,169.7679214495821,40.45400044231484
-167.8642900579576,168.80224942646524,40.38432838398053
-167.55925960862382,167.8565324040212,40.298429439688704
-167.24856941155943,166.9304831602173,40.19521816258521
-166.91801584137292,166.01735202114932,40.07200667175035
-166.56759792606124,165.10473160170145,39.92879496783931
-166.1973162876831,164.18412511215635,39.76558305161362
-165.80717239158872,163.25177758376947,39.58237092394117
-165.39716809707747,162.30574254594768,39.379158585796205
-164.96730549096696,161.34476420126126,39.15594603825931
-164.5175868129696,160.36797406119425,38.91273328251743
-164.04801449129673,159.3730663583441,38.66069834057463
-163.55859135053524,158.35808872401503,38.41181418973513
-163.04932031014997,157.32303826331463,38.16765211466213
-162.52020428971136,156.26791208177625,37.92974754422365
-161.9712462088953,155.19270728535906,37.69960220464251
-161.4024489874833,154.09742098044805,37.47868520643866
-160.81381554536222,152.98205027385407,37.26843373893471
-160.2053488025245,151.84659227281378,37.07025367940772
-159.59705151787531,150.69436061713535,36.88845681174654
-159.00892577207452,149.5293621171176,36.72665974792015
-158.44097330835217,148.35315523530505,36.58486248878891
-157.89319561783842,147.1676384141272,36.46306503510684
-157.36559389296676,145.97500257310227,36.3612673875216
-156.85816899060652,144.7776456104578,36.279469546574504
-156.37092140917576,143.57807418606927,36.21767151270053
-155.90385127698994,142.37886339171231,36.175873286228274
-155.45695893525058,141.17045339547872,36.134074867388875
-155.0273489615635,139.94197955373272,36.07227625641346
-154.6093144929544,138.69344396874877,35.99047745363064
-154.1983287940077,137.42484797203903,35.888678459475386
-153.79122542408854,136.13619235425028,35.76687927448902
-153.38520801252196,134.8274774751484,35.62507989931922
-152.97776503874758,133.4987033055744,35.463280334720004
-152.56684461580122,132.1498694812152,35.28148058155176
-152.14384323494832,130.78116378668503,35.09968064077235
-151.70104534212,129.39258370981565,34.937880513339636
-151.23845384735705,127.98393761050585,34.79608020011401
-150.75607166998162,126.55522260220795,34.67427970184951
-150.25390172942116,125.10643579879998,34.57247901919379
-149.7319469452083,123.6375743145858,34.490678152688204
-149.19021023698093,122.14863526429507,34.42859238139334
-148.62869452448203,120.63961576308323,34.383653024877226
-148.06740175526357,119.13051389878359,34.33655883292963
-147.52632998772648,117.64133164837963,34.27096469968335
-147.0054763078856,116.17207196075276,34.1877596044449
-146.50483780164828,114.72273778435941,34.08700112192887
-146.02441155481438,113.29333206723098,33.96816228466897
-145.56419465307624,111.88385775697387,33.830474540517315
-145.12418418201875,110.49431780076941,33.67322258869271
-144.70292402391874,109.12471507472733,33.49603119542763
-144.30041223644142,107.75505224262808,33.31883962404561
-143.91810396950265,106.36533218019206,33.16164787548001
-143.55600173371093,104.96395631362333,33.024455950566704
-143.21410584241943,103.57092758989073,32.90726385003522
-142.8924139445845,102.19785047633796,32.81007157450873
-142.5909231250544,100.84472791936584,32.732879124504066
-142.30901865788607,99.51156283520717,32.67150456703054
-142.04454430931204,98.19835794575904,32.617428640104436
-141.79460043125056,96.8872308610649,32.57483327741448
-141.55729368560824,95.55818354232656,32.55223774149724
-141.33187867486214,94.20910248625204,32.54964203247286
-141.11765313595166,92.83998938291832,32.567046150355154
-140.91514428268496,91.45084586583354,32.60445009505157
-140.7288211851904,90.04167391071636,32.6618538663632
-140.5624200910924,88.61247622738452,32.73925746398482
-140.4162311381392,87.1632557494639,32.83666088750482
-140.27025627169195,85.71401445264604,32.95406413640525
-140.1044935479608,84.2847504234728,33.091467210061815
-139.91894005096492,82.87546077580875,33.24887010774386
-139.71359286482866,81.48614262309322,33.426272828614394
-139.48844907378162,80.11679307834028,33.623675371730066
-139.24350576215872,78.76740925413876,33.84107773604118
-138.97876001440014,77.43798826265225,34.078479920391686
-138.69420891505132,76.12852721561919,34.33588192351918
-138.38984954876307,74.83902322435274,34.61328374405492
-138.06567900029148,73.56947339974097,34.9106853805238
-137.72169435449806,72.31987485224674,35.22808683134438
-137.3578926963496,71.09022469190776,35.55785437824898
-136.97427111091835,69.88052002833666,35.8813889003059
-136.57082716041168,68.68094544451225,36.186324112383446
-136.14756070701077,67.47362722462347,36.47125913204713
-135.70447376053693,66.24837500404928,36.7361939577818
-135.25257625492037,65.00305725222671,36.9817652687814
-134.80293963664317,63.7376737576029,37.21230376461249
-134.3555500689009,62.45222485229635,37.43539996824244
-133.90995123049854,61.14671083811115,37.65948214071493
-133.46475673936848,59.82113189035998,37.8950386836772