
-100.8172058023115,651.1876801096632,-108.4478495327096
-100.62028377599157,651.8817260547459,-108.06813250386196
-100.44326067662837,652.5957447312027,-107.70841490034736
-100.28613358830091,653.3297390409425,-107.34869672408749
-100.14889959498241,654.083711885449,-106.96897797700403
-100.03155578054027,654.8576661657806,-106.56925866111615
-99.93409922873616,655.6516047825703,-106.1495387785494
-99.85652702322598,656.4655306360256,-105.70981833153563
-99.79883624755989,657.299446625929,-105.2500973224131
-99.76102398518235,658.1533556516375,-104.77037575362638
-99.74308731943208,659.0272606120828,-104.27065362772645
-99.74502430582959,659.9011644058066,-103.7709309473617
-99.76683688893948,660.7550699313505,-103.29120771518062
-99.80852798550806,661.5889800876462,-102.83148393373412
-99.87010051217598,662.4028977740508,-102.39175960546683
-99.95155738547814,663.1968258903465,-101.972034732717
-100.05290152184372,663.9707673367415,-101.57230931771655
-100.17413583759615,664.7247250138685,-101.19258336259102
-100.31526324895307,665.458701822786,-100.83285686935965
-100.47628569973894,666.1927006649423,-100.49312983993528
-100.6572012445226,666.9467244417855,-100.17340227612445
-100.85800696547972,667.7207760543737,-99.87367417962732
-101.07869994468017,668.5148584033393,-99.5939455520377
-101.31927726408807,669.3289743888893,-99.33421639484305
-101.5797360055618,670.163126910805,-99.09448670942454
-101.86007325085404,671.0173188684422,-98.87475649705691
-102.16028608161177,671.8915531607311,-98.67502575890859
-102.48037192595088,672.7787036292582,-98.47607560872109
-102.82032956853939,673.6722538260284,-98.25804742501016
-103.18015799533991,674.5733637612564,-98.02016009626463
-103.55985603212154,675.4830774324238,-97.7622722463005
-103.95942235970122,676.4023487413102,-97.48438387648909
-104.37885552498886,677.3320672698826,-97.18649498830811
-104.8181539498071,678.2730613530144,-96.86860558334159
-105.27731594098451,679.226079592446,-96.53071566327993
-105.74305635988016,680.1753197424756,-96.17282522991988
-106.2024644203322,681.104627346715,-95.79493428516453
-106.65619115191787,682.0140015314005,-95.39704283102334
-107.1047232690209,682.9034415051422,-94.97915086961213
-107.54842586968924,683.7729465382203,-94.54125840315304
-107.98757434557567,684.62251594729,-94.08336543397459
-108.42237798251458,685.452149084107,-93.60547196451166
-108.85299739273376,686.2618453272197,-93.10757799730548
-109.2915029642119,687.0516046565845,-92.60968353499477
-109.74989655194207,687.8214293891981,-92.13178858021823
-110.22818107034907,688.5713224258034,-91.67389313551709
-110.72635943375192,689.301286667568,-91.23599720332625
-111.24443455636386,690.0113250160849,-90.81714432597558
-111.7824093522923,690.7014403733721,-90.41525257791693
-112.3402867355389,691.3716356418723,-90.02814730108251
-112.91806961999941,692.0219137244535,-89.65379854166771
-113.51575994717633,692.6722775243728,-89.27533742187556
-114.13335576931654,693.3427299448873,-88.8768758273659
-114.7708541662736,694.0332738888635,-88.45841376025753
-115.42825221779525,694.743912258742,-88.01995122277566
-116.10554700352341,695.4746479565373,-87.56148821725185
-116.80273560299422,696.2254838838384,-87.08302474612398
-117.519815095638,696.996422941808,-86.58456081193633
-118.25678256077931,697.7874680311829,-86.0674668273044
-119.01363604992443,698.5786220523095,-85.54362758062476
-119.7903775036236,699.3498879055335,-85.02162522299267
-120.5870098346088,700.1012684915902,-84.4974035411842
-121.40353595550624,700.8327667116395,-83.96660504673405
-122.2399587788363,701.5443854672659,-83.4246061269635
-123.09628121701358,702.2361276604792,-82.86626661370592
-123.97250618234688,702.9079961937134,-82.28838155578438
-124.86863658703913,703.5599939698275,-81.69049606029883
-125.77319673792219,704.1921233340798,-81.08173721563338
-126.67408146571287,704.8043843694514,-80.47109857389127
-127.57011378755938,705.3967764521581,-79.85832661115523
-128.4602624349186,705.9692987976877,-79.24320002626717
-129.3436204154399,706.521950480407,-78.62553833057385
-130.2193892630385,707.0547304504812,-78.00520753516464
-131.08686736349568,707.567637548808,-77.38212371523001
-131.9454413136964,708.0606705204812,-76.75625495984909
-132.79401012741266,708.5338279994853,-76.13015341353841
-133.6320992265696,708.9871084639277,-75.5062751586324
-134.46041148094346,709.4205104361536,-74.88437904711586
-135.27969417631311,709.8340325442059,-74.26413308776232
-136.09074335963487,710.227673528614,-73.6451061453547
-136.89440876619656,710.6014322498565,-73.02675903527678
-137.69159936665963,710.9553076965886,-72.40843500680006
-138.48328956140736,711.2892989947242,-71.78934957525016
-139.26245994282485,711.6034050253426,-71.15967050858711
-140.02158818583578,711.8976232310583,-70.50999106353758
-140.76067720326574,712.1719506890757,-69.84031124355624
-141.47972990804695,712.4263844770243,-69.15063105220416
-142.17874921321808,712.660921672958,-68.44095049314876
-142.85773803192447,712.875559355356,-67.7112695701638
-143.5166992774178,713.0702946031221,-66.96158828712939
-144.1556358630564,713.245124495585,-66.191906648032
-144.77455030474462,713.408223948902,-65.41287705256578
-145.3734434922741,713.5685079417169,-64.63522959799003
-145.9523157472985,713.7272643460817,-63.85892974456807
-146.51116723438733,713.8853314107369,-63.08362023316105
-147.04999803668002,714.0429613789903,-62.30876149505697
-147.56880825015637,714.1997047822688,-61.533792560106335
-148.0675980919505,714.3543378354714,-60.75825621646548
-148.5497678444195,714.5048586557332,-59.98185679968633
-149.03283423995637,714.6427629096354,-59.194973250967266
-149.52820099526713,714.7616585793886,-58.38808938748462
-150.0314518259684,714.8638131655188,-57.56120521352904
-150.53978292916614,714.9514383245494,-56.71432073349753
-151.05133302408098,715.0259947335537,-55.84743595189344
-151.56478773218112,715.088510776265,-54.96055087332647
-152.07917284397527,715.1397470807873,-54.053665502512686
-152.5937380724691,715.1802883907238,-53.1267798442745
-153.09979372728304,715.2181843155143,-52.199123226919305
-153.58942605015767,715.2608601431962,-51.28907046940532
-154.06376559092666,715.3072958092305,-50.395212009693154
-154.5243790228555,715.3559367642083,-49.51666501237979
-154.9731321386359,715.4048110380459,-48.65292663923403
-155.41198320753776,715.451716345146,-47.80373969031634
-155.84279545829654,715.4944303703261,-46.96899232798691
-156.26722202988677,715.5308865525465,-46.14865250941284
-156.69092915172976,715.5695925031229,-45.34300591781973
-157.11874206912782,715.6201787784263,-44.551841602348766
-157.55051955580626,715.6829658166865,-43.77415782722866
-157.98613964228585,715.7583297253374,-43.008940241889434
-158.42549856852466,715.846705297354,-42.255151678559955
-158.86851020609876,715.9485898905469,-41.51172169714196
-159.31510593930867,716.0645481393633,-40.777535691870845
-159.76523503667994,716.1952175073687,-40.05142342601056
-160.22420215839134,716.3403819865647,-39.32779494964455
-160.69889992759153,716.4991267309192,-38.603298633192715
-161.19223535477718,716.6705420936566,-37.881306246238864
-161.70554750420294,716.8533701323622,-37.165129857864486
-162.23883482473005,717.0461579565164,-36.45745301579721
-162.79209598256043,717.2473806927671,-35.76005138574472
-163.36532987274694,717.4554256508691,-35.07390906031274
-163.95853563350906,717.6685721484996,-34.399397474500404
-164.5627070433141,717.8867778164193,-33.7333978176659
-165.1689063442716,718.111060779215,-33.072900920435636
-165.77727192628413,718.3417779432045,-32.41824365889934
-166.38794643782126,718.5793164490301,-31.769767519654202
-167.00107700731266,718.8240967343047,-31.12781806646064
-167.6168155048448,719.0765758790582,-30.492744392831437
-168.235318855558,719.3372513081376,-29.864898603231044
-168.8567494304412,719.6066648252997,-29.244635294513305
-169.48651850625268,719.8728651143791,-28.618293182913234
-170.12993390628026,720.1232813583005,-27.97199202536676
-170.78662565719608,720.3571665649016,-27.30569071908658
-171.45560726946795,720.5736216932611,-26.619499874762955
-172.13537811045623,720.7715980253481,-25.914044970974274
-172.82406764314138,720.9501054761744,-25.190487481884524
-173.5196113397511,721.1087138931293,-24.450194013284626
-174.2199501618128,721.2474241243774,-23.69461686632118
-174.91217711702026,721.3862361930716,-22.92176396813911
-175.58438515606218,721.5450643845035,-22.128910948078193
-176.23657145370035,721.7222810334741,-21.31605781035447
-176.86873354881726,721.9151029191488,-20.483204559290325
-177.48086934136188,722.1213603147573,-19.630351199314504
-178.07297700054147,722.3395363934633,-18.7574977349621
-178.64505486428658,722.5688457444018,-17.86464417087456
-179.19710132540317,722.8093342562534,-16.95179051179968
-179.7417205793589,723.0634955113768,-16.02410905434499
-180.29227999677687,723.3333787852995,-15.086922146313748
-180.85040949910865,723.6185596842429,-14.1406245957365
-181.41794351282664,723.9185717130796,-13.185790360796686
-181.9968965015256,724.2329171064505,-12.223139923198715
-182.58940756671174,724.5610896747378,-11.2534832269688
-183.19765046823974,724.9026043018025,-10.277644167471975
-183.8237142552574,725.2570178757348,-9.296384662242863
-184.45852728825494,725.6078226643231,-8.302593254863112
-185.09186821146992,725.9387199321643,-7.2888018033427375
-185.7234138461538,726.2497094418694,-6.255010313072631
-186.35277396358742,726.540790903907,-5.201218789550035
-186.97950230574355,726.8119639675994,-4.127427238378541
-187.6031092610514,727.0632282138638,-3.033635665268094
-188.22307485821173,727.2945831498415,-1.9198440760349886
-188.83886107765818,727.5060282053801,-0.7860524766018723
-189.4424084512972,727.7114108356567,0.36773912700225786
-190.02592836318206,727.9238071265393,1.5415307286420528
-190.58941989893697,728.1419476318229,2.7353223220758127
-191.13288229267954,728.3650369986178,3.9491139009554868
-191.65631486866337,728.5926043229928,5.182905458826673
-192.15971700516494,728.8243500733354,6.435476622651194
-192.64308812030285,729.0599993270346,7.7041371964080545
-193.10642767889274,729.2991580450912,8.985992360768442
-193.55784658746938,729.5406394695301,10.270647102263984
-194.00565218489564,729.7834862023681,11.549044410569396
-194.4502245462329,730.0276550853582,12.821026779573447
-194.89191838711776,730.2730838516807,14.086466980928039
-195.33106157586195,730.5196972485295,15.34526304271519
-195.76795443448518,730.7674122697631,16.597333853008983
-196.20286973976354,731.0161424624861,17.84261538308728
-196.63605335338013,731.2658013253042,19.08105750573614
-197.0685392523358,731.5082320100814,20.313022526448393
-197.50131741436246,731.735290423837,21.53860413550561
-197.9345249304837,731.9469229155719,22.75720963830732
-198.3682858761055,732.1430902399732,23.96822464562995
-198.8027123058491,732.3237693303768,25.171016179747372
-199.23790516375735,732.488954627458,26.36493622925527
-199.6739550529108,732.6386589622025,27.54932573400271
-200.11094280729824,732.772914001238,28.723518980580575
-200.55841155275508,732.889487077435,29.897203164240672
-201.02586794989952,732.9861268713636,31.080389583592787
-201.5133149131082,733.0628362982977,32.27330897193866
-202.0207553566514,733.1196182739363,33.476817172200555
-202.54819219469312,733.1564757144035,34.692602723205056
-203.095628341291,733.1734115362482,35.92334792763667
-203.66306671039632,733.1704286564443,37.17237737630806
-204.2505102158541,733.1475299923909,38.44140662730449
-204.83963813867734,733.1247175711317,39.73043567387781
-205.41256848718294,733.121989878249,41.03946450917354
-205.96999272079134,733.1393446064997,42.36849312623085
-206.51222514227115,733.1767795218715,43.71752151798257
-207.03920750684546,733.2342924090229,45.08654967725516
-207.55050235791597,733.3118810166287,46.47557759676874
-208.04527467503365,733.4095430008551,47.884605269137076
-208.5222720632266,733.5272758658498,49.31363268686759
-208.98030545322203,733.6614926978008,50.75639855848963
-209.41861969447638,733.8072955600045,52.206116291003234
-209.83691532152892,733.962167568516,53.66182130951543
-210.23519118646362,734.123855790319,55.122687026238204
-210.61344644531997,734.2904509664356,56.587954846520105
-210.97168050348986,734.4604483544807,58.05689462176457
-211.309892953296,734.632788675654,59.52882441194982
-211.6280835089247,734.8068487334685,61.00316831906559
-211.9262524666804,734.9716865128511,62.47348107451166
-212.20440222007278,735.1165663182567,63.93205862684621
-212.4625356844851,735.2414852302346,65.37612145447848
-212.70065577540697,735.3464403297596,66.80340528705437
-212.9220006269581,735.4314288555098,68.21218759424939
-213.13328573287902,735.4964488447503,69.60135587124302
-213.34036107912308,735.5414992838504,70.97052377813657
-213.5470828931673,735.5665798615867,72.3196913076494
-213.75552589790342,735.5916906994671,73.649753662873
-213.96672339837104,735.6368321273799,74.96135845788915
-214.18144369822215,735.7020046060143,76.25408010283778
-214.4002477818305,735.7872086921543,77.52761468535785
-214.62354920718133,735.8924450130324,78.78174973148374
-214.85165818064303,736.0177142482045,80.0163420632362
-215.08481340801868,736.1630171169343,81.23130173397911
-215.32320450088434,736.3283543694941,82.42658067969575
-215.55877865585714,736.49372638213,83.60326130102735
-215.78500174376956,736.6391320307869,84.76131247332393
-216.00498292389,736.7645701807328,85.89948456331469
-216.22145570904823,736.8700401277594,87.01765619653919
-216.4365537822999,736.9555415235642,88.11582736705151
-216.6518165861621,737.0210742865764,89.19399806901205
-216.86830584181774,737.0666385231925,90.25216829668759
-217.0867395411857,737.092234468045,91.29033804445123
-217.31629125139855,737.0978628647312,92.30850730678247
-217.56584706346717,737.0835261986489,93.30667607826715
-217.83540989292683,737.0492273874715,94.2848443535974
-218.12498265520642,736.9949693492973,95.24301212757183
-218.43295882577937,736.9207549244079,96.18253014697152
-218.7552718814146,736.8265865209512,97.10609832268526
-219.08778408174476,736.7124659091891,98.01591067484064
-219.42761626941657,736.5783943549949,98.9133607728369
-219.7605274993284,736.4395149207926,99.809328127068
-220.07353659429853,736.3120759229319,100.71522418219693
-220.36695771519743,736.198622287116,101.6329993151615
-220.6414272131902,736.1022784633861,102.56415031435081
-220.89769147432895,736.0253511870957,103.50968850732491
-221.13632949215673,735.968459994617,104.47017260964427
-221.35752014747715,735.9316023344471,105.44575645054435
-221.56087044942925,735.9147756411325,106.43619917105107
-221.7651245992068,735.90210392193,107.43920216188717
-221.98938502870084,735.8769047882416,108.45465122094184
-222.2336536902056,735.837483918109,109.48608429332957
-222.49759287762816,735.7822843816091,110.53627240542095
-222.77884450737534,735.7104230836615,111.60643636442856
-223.073846765592,735.6219111880216,112.69659972995409
-223.37988973322018,735.5174153317105,113.80676249620055
-223.69490174877234,735.3979047771497,114.93692465726458
-224.01428377350538,735.2611730839662,116.06877133344922
-224.33417942026256,735.1044880118375,117.1837805680223
-224.65431711146462,734.9278496146076,118.28153471341516
-224.9745193404424,734.7312579136067,119.36161298646975
-225.29468392148544,734.514712909991,120.42359825478732
-225.61476678233925,734.2782145944481,121.46708211313897
-225.93476692881464,734.0217629545479,122.4916684578392
-226.2547137184809,733.7453579800693,123.49697580131554
-226.57078859174553,733.4592683161833,124.4931431254013
-226.87956679634178,733.1737424536406,125.49108232734136
-227.1818641231485,732.8887112688252,126.49187979077422
-227.47845280310736,732.6040586705423,127.49645575924376
-227.77003785159823,732.3196428397869,128.50557807732994
-228.05724397074556,732.035313368791,129.51988033704038
-228.3406112980146,731.7509234235118,130.5398811925729
-228.6205976316889,731.466337279969,131.56600289783415
-228.88931363495308,731.1724073783349,132.58551032183163
-229.14080708157576,730.8602033368221,133.58524806078108
-229.37874878818926,730.5295544893957,134.56498508939268
-229.6056914808386,730.1795378304204,135.5247214024566
-229.8233034895124,729.8095535734899,136.4644569948694
-230.03255706737875,729.419600436207,137.38419186163404
-230.23385916098695,729.0096772354478,138.2839259978597
-230.42713059956586,728.5797828113655,139.16365939876204
-230.6263435708592,728.1389254783365,140.02501407180063
-230.84562469833745,727.6953206592095,140.87159387229505
-231.08497447834222,727.2478671641428,141.7070438562812
-231.34439349839198,726.7964113018162,142.53428527323481
-231.62388230882632,726.3415714586737,143.35544171828533
-231.92245122107232,725.8843903961363,144.17196966828388
-232.23793151447236,725.4259178782551,144.9849050231764
-232.56789962665397,724.9669395069947,145.7951187077616
-232.90249817481325,724.5034123702158,146.60005772646127
-233.23338677746338,724.0305432732362,147.3964456545225
-233.56105072933906,723.5475134244292,148.18374896558163
-233.8858703946747,723.0536024436067,148.96154231575352
-234.20814324776472,722.5481709271498,149.7294838634962
-234.52810073966677,722.0306458874712,150.4872984625334
-234.84592151140453,721.5005086961407,151.23476611476735
-235.16174196423123,720.9572851640148,151.9717139579852
-235.47313880903116,720.4174276813595,152.709187997327
-235.7775735523881,719.8976151074539,153.45835046698733
-236.074750138986,719.3978464098294,154.2193724020868
-236.36400402785821,718.9181204859366,154.99260491189793
-236.6442869324102,718.4584361087275,155.77859110124888
-236.91411640443226,718.018791867431,156.57809833093856
-237.17148904640675,717.5991860983702,157.39217411973678
-237.41375096296923,717.1996168001125,158.22223474262998
-237.64339218409734,716.8057597912612,159.0506942834613
-237.86591743677016,716.4028690433181,159.85915297854086
-238.08406447617512,715.9902269750734,160.64761082356966
-238.29996941917372,715.5673389038968,161.41606781435505
-238.51515138438145,715.1338668544055,162.16452394681068
-238.73062744997986,714.6895741076172,162.8929792169566
-238.94705620275099,714.2342856452416,163.60143362091927
-239.16485870743082,713.767862547692,164.28988715493136
-239.37346653297186,713.2972779606621,164.97351013917407
-239.562146529834,712.8309916819026,165.66923067440527
-239.73089785553233,712.3720763674979,166.38089753898626
-239.87971919105846,711.9239581997294,167.11158262473072
-240.00860869902215,711.4903119647079,167.8622668218415
-240.11756399775973,711.0748581263754,168.63295012632685
-240.20658225854817,710.6794187246187,169.42363253408857
-240.27566056405175,710.3039908515454,170.23431404092216
-240.32479599704084,709.9485715988376,171.0649946425168
-240.35398564039184,709.6131580577519,171.9156743344553
-240.3632265770872,709.2977473191194,172.7863531122141
-240.35251589021544,709.0023364733458,173.67703097116333
-240.3218506629712,708.7269226104116,174.58770790656678
-240.27122797865522,708.4715028198717,175.51838391358186
-240.20064492067436,708.2360741908557,176.46905898725964
-240.11009857254163,708.0206338120678,177.4397331225449
-239.9995865994088,707.8132166174196,178.4129164413513
-239.86910896333663,707.6024608121351,179.37105753451235
-239.71866606004025,707.3895977182472,180.31404992587142
-239.54825810257114,707.1758878478964,181.2417999805771
-239.35788512036115,706.9625791914975,182.15419438908106
-239.14754696287534,706.75088516304,183.0510828541351
-238.91724330533822,706.5419770755724,183.93227238305124
-238.6669736548896,706.3369848068418,184.7975282871533
-238.41673797824618,706.1242092107128,185.64475319836922
-238.18653859788822,705.8913985804753,186.47197712241805
-237.97637843190216,705.6385558384981,187.279200054901
-237.78596310269765,705.3656838931225,188.0664219915256
-237.61409420464085,705.0727855513555,188.83364292810577
-237.45904845349764,704.7598633904122,189.5808628605618
-237.31926002992552,704.4269197478128,190.3080817849203
-237.19330907054015,704.073956743485,191.0152996973142
-237.08396758112423,703.7209764974959,191.722516593974
-236.99467989625478,703.3879817671933,192.44973247113018
-236.92544309954434,703.074975477074,193.1969473249157
-236.87625427449873,702.7819605512093,193.96416115135725
-236.84641885603423,702.508939879621,194.75137394637508
-236.83339214220808,702.2559161274663,195.5585857057832
-236.83389041445565,702.022891496529,196.3857964252892
-236.84536870364406,701.8098677659914,197.23300610049426
-236.85179751540085,701.5968457038374,198.1002147268934
-236.83826263178253,701.3638231234621,198.98742229987516
-236.80476696972335,701.1107971135107,199.89462881472176
-236.7513134462638,700.8377647630538,200.82183426660907
-236.6779049785504,700.5447231615873,201.76903865060666
-236.58454448383586,700.2316693990329,202.73624196167768
-236.47123487947894,699.8986005657372,203.723444194679
-236.3379790829445,699.5455137524729,204.73064534436114
-236.2038423046656,699.1911450791094,205.73784540537707
-236.0870093713477,698.8534788577206,206.72504437237984
-235.9858301400244,698.5310935388536,207.69224224011995
-235.89885720515497,698.222736849654,208.6394390034543
-235.82482713305617,697.9273148262205,209.56663465734607
-235.7626405146872,697.6438775167086,210.4738291968649
-235.71134195963563,697.3716029343749,211.36102261718673
-235.6701010118257,697.109780683512,212.22821491359383
-235.62587609042038,696.8430170106664,213.07765058592565
-235.56599314401882,696.5562457465866,213.91101286101826
-235.4904516804161,696.2494646066859,214.72718553637782
-235.39931383146822,695.9226713112217,215.52506128878656
-235.2926777007556,695.5758635924345,216.3035336448479
-235.17065739268875,695.2090391982262,217.062026687947
-235.03336998531654,694.8221958934867,217.80051857681596
-234.88093068184526,694.4153314600321,218.51900930752785
-234.73097637912312,694.0024638124826,219.21749887626203
-234.6010855037564,693.5965138094226,219.89598727930428
-234.49125720442865,693.1952965278542,220.55447451304667
-234.4014909469837,692.7966512908944,221.19296057398768
-234.31178698216718,692.3887486369871,221.83144545872324
-234.20214770447072,691.9608314466246,222.48992916384935
-234.0725760313397,691.5128968125914,223.16841168586444
-233.92307488032543,691.0449418280975,223.86689302116068
-233.7536471690852,690.5569635867786,224.58537316602383
-233.56429581538234,690.0489591826956,225.32385211663336
-233.355023737086,689.5209257103354,226.08232986906236
-233.1258338521713,688.9728602646102,226.86080641927757
-232.87672907871934,688.4047599408577,227.6592817631394
-232.60771233491707,687.8166218348415,228.47775589640193
-232.31878653905736,687.2084430427503,229.31622881471287
-232.00995460953888,686.580220661199,230.1747005136136
-231.6812194648662,685.9319517872276,231.05317098853916
-231.33258402364967,685.2636335183022,231.95164023481823
-230.9640512046056,684.5752629523142,232.87010824767313
-230.57562392655592,683.866837187581,233.80857502221988
-230.16942110810973,683.1583534257254,234.747040553477
-229.74709241817948,682.4698092574082,235.665504836463
-229.30767655095948,681.8012022613547,236.56396786629386
-228.85015583286076,681.152529872005,237.44242963819204
-228.37345449255128,680.5237893711588,238.3008901474862
-227.87693276343944,679.9149779034891,239.13934938961145
-227.36050200742633,679.3260925697812,239.95780736010926
-226.82415931039574,678.7571304662281,240.75626405462742
-226.28790273061594,678.1880896609206,241.5347194689201
-225.77173421550455,677.5989721110998,242.29317359884777
-225.27565668466866,676.9897807466846,243.03162644037738
-224.7996730576085,676.3605184980196,243.75007798958214
-224.34378625371747,675.7111882958752,244.44852824264163
-223.9079991922821,675.0417930714477,245.12697719584185
-223.49231479248203,674.3523357563589,245.78542484557505
-223.09673597339003,673.6428192826567,246.42387118833994
-222.70126565398078,672.9132456105269,247.06231622073267
-222.2859067532284,672.1636128114314,247.72075993934942
-221.85066219020393,671.3939179849706,248.39920234068887
-221.39553488408413,670.6041582311701,249.09764342114337
-220.92052775415146,669.7943306504817,249.81608317699894
-220.42564371979418,668.9644323437828,250.55452160443522
-219.91088570050613,668.1144604123767,251.31295869952552
-219.37625661588694,667.2444119579924,252.09139445823683
-218.8217584133544,666.3742840827491,252.88982887642976
-218.2473891512822,665.5240738887667,253.7082619498586
-217.6531459158622,664.6937784777755,254.54669367417128
-217.03902579339209,663.8833949510807,255.4051240449094
-216.40502587027507,663.0929204095629,256.2835530575082
-215.7511432330202,662.3223519536773,257.1819807072966
-215.07737496824217,661.5716866834547,258.1004069894971
-214.38371816266147,660.8409216985006,259.03883189922607
-213.67016990310432,660.1300540979958,259.9972554314933
-212.93672727650275,659.4390809806962,260.9756775812022
-212.18338736989452,658.767999444933,261.9740983431501
-211.41014727042327,658.1168065886125,262.99251771202785
-210.6170040653384,657.4854995092161,264.0309356824199
-209.80395484199514,656.8740753038004,265.08935224880446
-208.9709966878546,656.2825310689973,266.16776740555326
-208.11812669048382,655.7108639010139,267.26618114693184
-207.25144262221215,655.1390711922018,268.36459346710814
-206.37719184313954,654.5471515281307,269.4430043602502
-205.49566460921923,653.9351038265129,270.5014138206235
-204.6071432418728,653.3029270468087,271.5398218425999
-203.7119024293498,652.6506201890943,272.55822842065754
-202.81020935261137,651.9781822929589,273.55663354938105
-201.90232390658105,651.2856124364223,274.53503722346136
-200.98849899006066,650.5729097348959,275.4934394376957
-200.06182076574427,649.8600729921119,276.4518401869789
-199.11524824674657,649.1670996490002,277.4302394662058
-198.14877852123868,648.4939868039025,278.4286372701737
-197.16240867749752,647.840731554736,279.44703359357345
-196.15613580390587,647.2073309989929,280.48542843098977
-195.1299569889523,646.5937822337412,281.54382177690087
-194.08386932123125,646.0000823556238,282.62221362567874
-193.01786988944298,645.4262284608594,283.720603971589
-191.95195578238483,644.8722186175295,284.8189928087997
-190.9061240888537,644.3380547824406,285.897380131479
-189.88037189754849,643.8237398842623,286.9557659338925
-188.87469629706138,643.3292768512395,287.99415021041216
-187.88909437587776,642.8546686111922,289.01253295551635
-186.9235632223763,642.3999180915163,290.0109141637898
-185.97809992482894,641.9650282191827,290.98929382992344
-185.05270157140092,641.5500019207377,291.94767194871486
-184.12736622244708,641.134841150051,292.90604851505884
-183.18209582747164,640.6995439718431,293.88442352385033
-182.2168933083635,640.244107478938,294.8827969698868
-181.2317615871175,639.7685287645855,295.90116884785925
-180.22670358583443,639.2728049224619,296.9395391523525
-179.20172222672107,638.7569330466694,297.99790787784497
-178.15682043209017,638.2209102317363,299.0762750187087
-177.09200112436034,637.6647335726177,300.17464056920943
-176.02726625375988,637.1084011369463,301.29300452350657
-174.98261388136677,636.5719148815056,302.43136687565317
-173.95804109587374,636.0552777349774,303.58972761959586
-172.95354498586664,635.5584926256191,304.768086749175
-171.96912263982463,635.0815624812633,305.9664442581246
-171.0047711461201,634.6244902293179,307.1848001400724
-170.0604875930187,634.1872787967661,308.4231543885397
-169.13626906867938,633.7699311101668,309.6815069969414
-168.22212634829262,633.3724496101755,310.9598579585862
-167.3084862455083,632.9948348153354,312.2582072666765
-166.3961839754583,632.6370868597078,313.57655491430813
-165.48606732650956,632.29920600007,314.91490089447075
-164.5789976520808,631.9811926178198,316.27324520004765
-163.67585083194183,631.6830472210262,317.6515878238157
-162.77751830217696,631.404770446619,319.04992875844556
-161.88490819196016,631.1463630627419,320.4682679965014
-160.98540813361222,630.8878253131,321.90660553044125
-160.0659498174027,630.6091549221437,323.3649413526165
-159.1265361650832,630.3103489793116,324.8432754552725
-158.1671700985114,629.991404574468,326.34160783054807
-157.18785453965114,629.652318797904,327.8599384704758
-156.1885924105723,629.2930887403363,329.3982673669818
-155.16938663345087,628.9137114929083,330.956594511886
-154.1302401305688,628.5141841471891,332.5349198969019
-153.07115485202672,628.1145037951388,334.13324351363667
-151.9921288588815,627.7346675287185,335.7515653535911
-150.89315924000857,627.3746724394998,337.3898854081597
-149.77424308438944,627.0345156186298,339.04820366863066
-148.6353774811117,626.7141941568312,340.72652012618573
-147.47655951936898,626.4137051444023,342.4248347719004
-146.29778628846103,626.1330456712165,344.1431475967438
-145.09905487779372,625.872212826723,345.8814585915787
-143.88036334916646,625.6112036999817,347.63976774716144
-142.6417136536346,625.3300153800539,349.41807505414226
-141.38310871464708,625.0286449563913,351.21638050306484
-140.10455145575892,624.7070895188723,353.03468408436663
-138.8060448006312,624.3653461578016,354.8729857883787
-137.4875916730312,624.0034119639103,356.7312856053257
-136.14919499683214,623.6212840283557,358.6095835253262
-134.79085769601338,623.218959442722,360.50787953839205
-133.41258269466022,622.7964352990195,362.40617363443795
-132.01437291696408,622.353708689685,364.2844658033784
-130.59623128722237,621.8907767075818,366.14275603522555
-129.15816072983841,621.407636446,367.9810443200978
-127.70016416932155,620.9042849986556,369.79933064822
-126.22224453028711,620.3807194596917,371.5976150099233
-124.72440473745633,619.8369369236776,373.37589739564515
-123.20664771565636,619.2729344856093,375.13417779592953
-121.68897638981144,618.6887102131968,376.89245620141776
-120.19139368484534,618.0842660637264,378.6707326027513
-118.71390252558383,617.4596049671985,380.46900699047404
-117.25650583674592,616.81472985404,382.28727935502354
-115.81920654294369,616.1496436551045,384.12554968673106
-114.4020075686824,615.4643493016717,385.9838179758215
-113.00491183836039,614.7588497254484,387.86208421241344
-111.62792227626913,614.0331478585674,389.76034838651907
-110.27104180659316,613.2872466335882,391.6786104880443
-108.9342733534101,612.5211489834967,393.6168705067886
-107.61761984069062,611.7348578417053,395.5751284324452
-106.32108419229841,610.9283761420529,397.553384254601
-105.04466933199019,610.1017068188047,399.55163796273644
-103.78837818341569,609.2548528066524,401.5698895462258
-102.55221367011764,608.3878170407139,403.60813899433685
-101.33617871553174,607.5006024565336,405.6663862962311
-100.14027624298664,606.5932119900822,407.74463144096376
-98.96450917570397,605.6656485777569,409.84287441748353
-97.80888043679823,604.7179151563812,411.96111521463297
-96.67339294927689,603.7500146632048,414.09935382114827
-95.55804963604025,602.7619500359035,416.25759022565916
-94.46285341988158,601.7537242125798,418.4358244166891
-93.38780722348694,600.7253401317621,420.6340563826553
-92.3329139694353,599.6768007324052,422.8522861118684
-91.27817658020727,598.6081079816028,425.09051359253294
-90.20359797828269,597.5192599577249,427.348738812747
-89.10918108623801,596.4102537672803,429.62696176050235
-87.99492882675517,595.2810865172041,431.9251824236844
-86.8608441226216,594.1317553148576,434.2434007900723
-85.70692989673017,592.9622572680285,436.58161684733875
-84.53318907207924,591.7725894849306,438.93983058305014
-83.33962457177252,590.5627490742041,441.3180419846666
-82.1462383467229,589.3527341171676,443.7162510395418
-80.97302845869254,588.1625465842902,446.1344577349232
-79.8199919970577,586.9921894179396,448.57266205795185
-78.68712605108739,585.8416655600589,451.0308639956624
-77.57442770994336,584.7109779521668,453.5090635349833
-76.48189406268014,583.6001295353572,456.00726066273654
-75.40952219824497,582.5091232502997,458.52545536563787
-74.35730920547793,581.4379620372393,461.0636476302966
-73.32525314539934,580.3666488360318,463.6177158430666
-72.3133559680721,579.2751865865338,466.18308839326914
-71.32162059573936,578.1635782289926,468.7588723110062
-70.35004995053704,577.0318267040818,471.3441885533074
-69.39864695449386,575.8799349529013,473.93817159977647
-68.46741452953127,574.7079059169769,476.53996915600345
-67.55635559746348,573.5157425382605,479.1487419859607
-66.66547307999743,572.3034477591303,481.76366392011386
-65.7947689264453,571.091024522355,484.3714542298134
-64.94424119686224,569.8984757707043,486.9592419638507
-64.11388697890864,568.7258044465582,489.5270271084649
-63.303703360137625,567.5730134918721,492.0748096500017
-62.51368742799507,566.4401058481767,494.6025895749132
-61.7438362698196,565.3270844565778,497.11036686975774
-60.994146972842614,564.2339522577566,499.5981415212001
-60.264616624188285,563.1607121919693,502.0659135160114
-59.53524231088248,562.10736622676,504.5136828410691
-58.78602111995022,561.073912440098,506.94144948335713
-58.016950138513195,560.0603479372403,509.34921342996563
-57.228026453798655,559.0666698230193,511.73697466809125
-56.41924715313942,558.0928752018424,514.1047331850369
-55.5906093239739,557.1389611776924,516.452488968212
-54.742110053846076,556.2049248541273,518.7802420051321
-53.873746430405575,555.29076333428,521.0879922834192
-52.985516513695075,554.3764737208945,523.375739790802
-52.07742225301267,553.4420531167156,525.6434845151149
-51.14946657004953,552.4874986248783,527.8912264442993
-50.20165238660245,551.512807348944,530.1189655664026
-49.233982624573784,550.5179763929002,532.3267018695788
-48.24646020597151,549.5030028611604,534.5144353420881
-47.23908805290915,548.4678838585646,536.682165972297
-46.2118690876058,547.4126164903786,538.8298937486786
-45.1848062323772,546.337198834582,540.9576186598122
-44.177902409538284,545.2416328587302,543.0653406943834
-43.19116054130565,544.1259215030927,545.1530598411845
-42.22458354978867,542.9900677083648,547.2207760891137
-41.278174356989496,541.8340744156679,549.268489427176
-40.35193588480304,540.6579445665499,551.2961998444825
-39.44587105501695,539.4616811029845,553.3039073302507
-38.559982789311604,538.2452869673716,555.2916118738046
-37.69427303697264,537.0287651025018,557.2793134645656
-36.84873985802864,535.8321184511664,559.2870120919549
-36.02338034011343,534.6553499557673,561.3147077452968
-35.21819157075359,533.4984625582819,563.3624004138087
-34.43317063736842,532.3614592002624,565.4300900866019
-33.668314627269986,531.2443428228366,567.5177767526816
-32.92362062766313,530.1471163667073,569.6254604009462
-32.19908572564546,529.0697827721525,571.7531410201879
-31.494707980494862,527.9923449790609,573.8808185991015
-30.81048934053178,526.8948059273217,575.988493126382
-30.146432726256915,525.7771685572146,578.0761645908217
-29.502541058063745,524.6394358094451,580.1438329813192
-28.878817256238527,523.4816106251449,582.1914982868797
-28.27526424096027,522.3036959458713,584.2191604966144
-27.691884932300727,521.1056947136077,586.2268195997414
-27.12868225022438,519.8876098707632,588.2144755855845
-26.58565814230097,518.6694443601374,590.1821284435746
-26.062810666843173,517.4712011245304,592.1297781632484
-25.560136909768932,516.2928831063524,594.0574247342491
-25.077633956888914,515.1344932475891,595.9650681463266
-24.61529889390653,513.996034489801,597.8527083893366
-24.173128806417942,512.8775097741232,599.7203454532417
-23.75112077991209,511.7789220412662,601.5679793281106
-23.34927189977069,510.70027423151527,603.3956100041182
-22.967580223555718,509.62156928476605,605.2032374715462
-22.60604769787172,508.5228101409145,606.9908617207824
-22.26467724150349,507.4039997402467,608.7584827423209
-21.94347177312862,506.2651410234746,610.5061005267625
-21.642434211317457,505.1062369317357,612.233715064814
-21.36156747453311,503.9272904065931,613.9413263472886
-21.10087448113143,502.72830439003565,615.6289343651061
-20.860358149360998,501.50928182447774,617.2965391092927
-20.640021397363096,500.2702256527594,618.9641405709717
-20.439867143171703,499.0111388181462,620.651738741267
-20.259898304713477,497.73202426432937,622.3593336112044
-20.10011779980774,496.43288493542553,624.0869251717039
-19.96052854616646,495.11372377597695,625.8345134135787
-19.841133461394236,493.7745437309514,627.6020983275362
-19.741935462988284,492.41534774574217,629.389679904177
-19.662937468338427,491.036138766168,631.1972581339955
-19.604142394727063,489.63691973847307,633.0198534937368
-19.565553159329166,488.21769360932717,634.8522176402574
-19.547172679212263,486.7784633258254,636.6937887690561
-19.54900387133642,485.3192318354883,638.5439575315802
-19.57104965255423,483.8400020862619,640.4020700979536
-19.613312939610786,482.3407770265175,642.2674341501086
-19.67579664914368,480.8215596050519,644.1393274019155
-19.75850369768298,479.2823527710871,646.0170074351452
-19.84143700166007,477.7231585019832,647.9073916444614
-19.90459947750514,476.1439748863758,649.8177724084866
-19.947994041744654,474.54479904103835,651.748149717062
-19.971623611010177,472.92562808316967,653.6985235599228
-19.97549110203839,471.286459130394,655.6688939266978
-19.95959943167105,469.62728930076105,657.6592608069095
-19.92395151685499,467.94811571274573,659.6696241899739
-19.8685502746421,466.2489354852486,661.6999840652009
-19.81339862218044,464.5297467098829,663.7503404217937
-19.778499476616748,462.7905513678373,665.8206932488497
-19.763855754998925,461.0313524130131,667.9110425353595
-19.769470374267172,459.2521527997373,670.0213882702076
-19.795346251253957,457.45295548276204,672.1517304421723
-19.84148630268401,455.6337634172651,674.3020690399252
-19.90789344517431,453.7945795588494,676.4724040520317
-19.994570595234055,451.9354068635435,678.6627354669511
-20.101520669264662,450.056248287801,680.8679044109244
-20.228746583559747,448.15710678850104,683.0829309928486
-20.37625125430511,446.23798532294796,685.3083160678347
-20.544037597578708,444.29888684887146,687.5448438785999
-20.732108529350658,442.3398143244265,689.7935411094559
-20.94046696548321,440.3607707081934,692.0555610654192
-21.169115787273686,438.362467742326,694.3319772541678
-21.418057616652817,436.34811500072857,696.6235025709105
-21.687293738864476,434.33700665997486,698.9185979443052
-21.976822052014555,432.3459390652299,701.207314441902
-22.286639637701143,430.3749151757573,703.4941583523355
-22.61674357741444,428.42393795039493,705.7853616714228
-22.967130952536774,426.493010347555,708.0885977274169
-23.337798844342615,424.5821353252242,710.4099128208762
-23.72874433399859,422.6913158409634,712.751224136684
-24.1399645025635,420.8205548519078,715.11253166239
-24.571457403275772,418.94985531480233,717.4856631814238
-25.023224978415808,417.05922018639166,719.8617670480983
-25.495270142443633,415.14865242381,722.2395289859583
-25.98759580971145,413.21815498461666,724.6175316587712
-26.500204894463618,411.2677308267959,726.9939542469126
-27.033100310836634,409.2973829087571,729.3665347471996
-27.58628497285913,407.30711418933447,731.7328752807676
-28.15976179445184,405.2969276277874,734.0909310757612
-28.733532717149018,403.28682521147726,736.4540786169038
-29.28759579333359,401.29680503861516,738.8341054473186
-29.821948103196963,399.3268642347345,741.2264162655983
-30.336586727035364,397.37699992494277,743.6271537203565
-30.831508745249845,395.4472092339216,746.033316326832
-31.30671123834631,393.537489285927,748.4428050481736
-31.76219140472996,391.6454141672643,750.8544992694382
-32.19794706475873,389.7654586734992,753.2683847721073
-32.63397732270323,387.88293363760937,755.6851400606864
-33.09028353968273,385.98928073441493,758.1065788923792
-33.56686690470227,384.09054626895795,760.5354384474158
-34.063727748039675,382.1923203224257,762.9741818452611
-34.5796784397091,380.2990301995089,765.4249603185399
-35.11244750370026,378.41348125340613,767.889599397623
-35.65998569979989,376.536923048078,770.3696626365654
-36.22047061525593,374.6695277870643,772.8666023675498
-36.79713590258973,372.8166927577942,775.3823340607726
-37.39407053556166,370.9839433092946,777.9180616308493
-38.01127159413515,369.1712823974969,780.473785064296
-38.64873615816588,367.37871297790696,783.0495043475227
-39.306461307401776,365.6062380056046,785.6452194668327
-39.98444412148301,363.85386043524375,788.2609304084233
-40.68268167994205,362.12158322105233,790.8966371583853
-41.40117106220365,360.40940931683247,793.5523397027031
-42.121702144221224,358.6973407908167,796.211435806727
-42.82640853865161,356.9653761870424,798.8572461531552
-43.516021494466905,355.2135132497293,801.4897798316935
-44.19135708957301,353.4417498362333,804.1093602412383
-44.85328708270353,351.6500839273959,806.7165871841819
-45.502704697488035,349.8385136331895,809.3122778005907
-46.14049166537027,348.00703719339447,811.8973979656383
-46.76749100106279,346.1556529738487,814.4729947494327
-47.39943779439071,344.28436018607937,817.0540955497321
-48.0516597107031,342.3931610418579,819.6551920052935
-48.72415966339406,340.48205849838394,822.2762841022857
-49.41694056574986,338.5510555132819,824.9173718267708
-50.13000533094894,336.60015504460114,827.5784551647047
-50.86335687206185,334.6293600508158,830.2595341019368
-51.61699810205129,332.638673490825,832.9606086242104
-52.39093193377206,330.6280983239526,835.6816787171625
-53.1842982919598,328.61763746800546,838.4027443663324
-53.99508140431254,326.62729361717,841.1038055572595
-54.82113020398187,324.65706915092176,843.784862275581
-55.66058351432737,322.70696615666884,846.44591450704
-56.51182880155868,320.776986469002,849.0869622374864
-57.37346426428267,318.86713170313243,851.7080054528761
-58.24426623120071,316.97740328317974,854.3090441392717
-59.12316197281414,315.1078024661054,856.890078282842
-60.01598909130425,313.258330691732,859.4711078698533
-60.929085431964985,311.42899060814676,862.072132886572
-61.86244807307859,309.6197851712631,864.6931533191671
-62.81607409281952,307.8307173365685,867.334169153701
-63.7899605692545,306.06179005912406,869.9951803761302
-64.7841045803425,304.31300629356485,872.6761869723044
-65.79850320393479,302.5843689940998,875.3771889279674
-66.8331535177749,300.8758811145116,878.0981862287563
-67.86810437784054,299.1675446383748,880.8391788602021
-68.88407531640476,297.4393577024082,883.6001668077295
-69.88236093861428,295.69131763394347,886.3811500566567
-70.86417613493482,293.9234219432104,889.1821285921957
-71.83066377538898,292.1356683122816,892.0031023994521
-72.7829016246427,290.32805458508227,894.8440714634254
-73.72190844360775,288.50057875835085,897.7050357690084
-74.64864922224727,286.6532389734255,900.5859953009879
-75.57188748783791,284.7942339034195,903.4808286947122
-76.49983645376783,282.9319000883806,906.3832042869176
-77.43233792444292,281.0665066773644,909.2927091459875
-78.36923827191384,279.1983149250628,912.2089454560049
-79.31038820240578,277.3275783803272,915.1315300036784
-80.25564251519606,275.4545430384172,918.0600936500084
-81.20485990915124,273.57944751610455,920.9942808324708
-82.15790280259174,271.7025231905125,923.9337491301441
-83.10296162233045,269.83481060859935,926.8657715376567
-84.0282926923678,267.9872344184669,929.7777890165196
-84.93389309092095,266.15979174274565,932.6698015512482
-85.81975989631198,264.3524797036399,935.5418091264638
-86.68589018696792,262.5652954229279,938.3938117268946
-87.53228104142076,260.7982360219617,941.2258093373749
-88.35892953830744,259.0512986216675,944.0378019428454
-89.16583275636988,257.32448034254526,946.829789528353
-89.95298777445501,255.61777830466897,949.6217720790423
-90.72039167151476,253.9311896276866,952.4337495800581
-91.46804157338114,252.26374926594292,955.2656809798417
-92.19593485937264,250.61312876433735,958.1164663449691
-92.90406928587218,248.97662356019794,960.9840702584609
-93.59244299897459,247.3515947662896,963.8666455628496
-94.26105452288681,245.73549534875312,966.7625723149248
-94.90990274526148,244.1258854798855,969.6704740859423
-95.53898648628245,242.5289702750691,972.5815982683563
-96.14830318541686,240.95214537637796,975.4862692180291
-96.7378499225623,239.39540790071217,978.3814230242905
-97.30762377772149,237.8587549645459,981.264227086412
-97.8576218310023,236.34218368392754,984.132400508137
-98.38784116261778,234.84569117447958,986.9844584137945
-98.89827885288611,233.3692745513987,989.8197259921142
-99.38893198223069,231.91293092945577,992.6380627565611
-99.87600191490372,230.45665821074513,995.4533608530348
-100.37525935594842,228.98045742709073,998.2802814341801
-100.88575890538276,227.48433028894223,1001.1203750940756
-101.40643956210228,225.96827835939834,1003.9751712742338
-101.93620682904533,224.43230304342083,1006.8461789983987
-102.47399923722772,222.87640558809267,1009.7348880221922
-103.0188297261537,221.30058709077142,1012.6427674788886
-103.5698039739185,219.70484851151917,1015.5705939777042
-104.11375631057402,218.1091900857717,1018.5184150761598
-104.63794155974617,216.5336095503168,1021.4862307585804
-105.14235680178523,214.978104022048,1024.4740410091842
-105.62699911714664,213.44267061743292,1027.4818458120833
-106.09186558639095,211.92730645251342,1030.5096451512838
-106.53695329018389,210.43200864290557,1033.5574390106851
-106.96225931978674,208.95655851591255,1036.6245901289026
-107.36778084530043,207.49998097828217,1039.7069607299427
-107.75351536890292,206.05792951646117,1042.8051880425928
-108.11946126983018,204.62388032639092,1045.9234098100615
-108.4656178285325,203.19168300262356,1049.0616260157672
-108.79198526103019,201.7546672403054,1052.2169550312
-109.09856479612264,200.30557404106818,1055.3825613343372
-109.38535866905981,198.83856106400825,1058.5510479125653
-109.65236969615383,197.35158847122912,1061.7163489569552
-109.89960079284717,195.8446533777515,1064.8739855638344
-110.14705390239119,194.33775387127335,1068.0346411206144
-110.41472707888632,192.8508919286421,1071.2091323076045
-110.70261752021992,191.38168081249916,1074.3942652459637
-111.01072303196175,189.9247902631398,1077.587657437658
-111.336803580593,188.4746363664834,1080.7881234234976
-111.67415534035193,187.02670129609567,1083.9954792908761
-112.01642786977871,185.57832102493538,1087.20989534611
-112.36083936417177,184.12834543139775,1090.4314971116473
-112.70669133956719,182.66741633448908,1093.666711444277
-113.05388888656988,181.1865377829511,1096.9219199612667
-113.40186099803887,179.68570993102782,1100.197122645306
-113.7500651220865,178.16493285178834,1103.4923194789794
-114.09798739954617,176.6242065412333,1106.8075104447644
-114.44514666559255,175.0635309227407,1110.1426955250322
-114.79110014484866,173.48290585223893,1113.4978747020477
-115.13544949136536,171.8823311242481,1116.8730479579697
-115.486583368777,170.27898206775248,1120.2528427978025
-115.8517651641382,168.68923674303116,1123.620916912703
-116.2287126368961,167.11164466305019,1126.9754996582171
-116.6156953812211,165.54501955577567,1130.3151706883673
-117.01134005503256,163.9883916755007,1133.638842003217
-117.41453077393474,162.4409683400492,1136.9456917638802
-117.82435109203465,160.90210138340274,1140.2350980903611
-118.24004530133386,159.3712608007948,1143.506585907567
-118.64861828512471,157.83434430056047,1146.7790081462813
-119.03741876449855,156.27748594600615,1150.071424286928
-119.40644965425025,154.70068285366068,1153.3838343119994
-119.75571384560304,153.10441917241383,1156.7162382038814
-120.0852141036079,151.48982845514112,1160.068635944854
-120.39495300625703,149.8583225477641,1163.4384441020602
-120.68823117977443,148.21168864859638,1166.8201530669576
-120.97172650837001,146.5518663197681,1170.2089738720763
-121.24749721528148,144.87959953508206,1173.6015206760285
-121.51391813302352,143.19464046562254,1176.998427532124
-121.77057045700602,141.49674874184734,1180.4039486161996
-122.01740839458009,139.7855227991323,1183.8221447240483
-122.25470372858253,138.06045072936118,1187.2567665184156
-122.48293771425963,136.3209784101701,1190.7104914603037
-122.70269179457753,134.56656817338686,1194.184210070516
-122.91457207441238,132.79673470233007,1197.6779223305807
-123.13279785726907,131.0090919154235,1201.1889239982884
-123.37128777588201,129.2014824329021,1204.715124053936
-123.63004474584537,127.3739092103632,1208.2573593985574
-123.90600495786964,125.52637505474242,1211.8157174099379
-124.19245401167888,123.65888199958181,1215.3898753972658
-124.4837825439148,121.77143112451074,1218.9795903715453
-124.7770714488009,119.86402290396171,1222.5848348554975
-125.0709074600166,117.93665750852138,1226.2057076339481
-125.36506554492482,116.00933498496353,1229.8289755085564
-125.66001689399009,114.10205541428165,1233.4411702999087
-125.95617178132188,112.2148189439169,1237.0419677266552
-126.25381386689976,110.3476257713284,1240.6310550011895
-126.55314069271253,108.5004761286657,1244.2081283167179
-126.85429130980809,106.67337027235128,1247.7728905450924
-127.1573651414342,104.86630847601099,1251.3250493714245
-127.46243488947012,103.07929102569514,1254.864315844025
-127.77282932892525,101.3101354568,1258.3977768899622
-128.09192864778214,99.55608081180982,1261.93302978537
-128.41978144569865,97.81609806935562,1265.470753602545
-128.75623754622043,96.08942987400981,1269.0115343063092
-129.10102213224653,94.37559999776019,1272.5558987443887
-129.45381343970777,92.67438576974783,1276.1043506930837
-129.81430670024992,90.98576988944531,1279.6574007430318
-130.18225881787413,89.30988851602838,1283.2155883436278
-130.5571257747505,87.65045183144726,1286.7770789057822
-130.93853507294372,86.01107029400899,1290.339568437598
-131.32662092620794,84.39174486779393,1293.9027257941573
-131.72150117367372,82.79247653538489,1297.4663123772393
-132.12326513718926,81.21326629464396,1301.0301685159002
-132.53195860857892,79.65411515347806,1304.5941968761158
-132.94756889698323,78.11502412237922,1308.158345007589
-133.3700132870156,76.59599420499151,1311.722589337281
-133.79582281515943,75.07702622645209,1315.293448269793
-134.22164700721143,73.53812034897217,1318.8779809160872
-134.64758461965417,71.97927658228815,1322.4772317994143
-135.07370486270878,70.40049494831042,1326.0921989398805
-135.49004803473204,68.80256537895796,1329.7197501914566
-135.88662774919695,67.18637435038421,1333.356793660731
-136.26344666712222,65.55200204831311,1337.0043805254154
-136.62064751520276,63.89932673848055,1340.6634618612175
-136.9613872093319,62.228046755571164,1344.3347106213587
-137.29093952066995,60.53767234604204,1348.0184626999746