
-256.0764521824164,817.5941303924991,-14.599100311074078
-256.06148481789813,817.5641286665946,-14.569100194613537
-256.03182288269267,817.5141238149355,-14.539100000681023
-255.98217378353038,817.4441131797568,-14.529099729427202
-255.91254043753764,817.3540938462808,-14.53909938090525
-255.822925761947,817.2440629001555,-14.569098955061996
-255.71333267409733,817.1140174274543,-14.619098451737912
-255.58376409143372,816.963954514676,-14.689097870667126
-255.43422293150752,816.7938712487447,-14.779097211477412
-255.26471211197622,816.6037647170106,-14.889096473690193
-255.07523357831607,816.4136320072134,-14.999095656729406
-254.86578538695977,816.2434702070933,-15.089094760018984
-254.6363646917438,816.0918450361288,-15.159093783080353
-254.38696912562062,815.9531944305895,-15.209092725541291
-254.117597393326,815.8192857427483,-15.239091587135926
-253.8282493896141,815.6820731476672,-15.249090367704735
-253.5189261598893,815.533811814397,-15.239089067194552
-253.18962980662488,815.3681008920558,-15.209087685658558
-252.86036312217473,815.1823414600926,-15.179086223247422
-252.5511290251433,814.9765354676219,-15.169084680111819
-252.26193043403723,814.7506858364717,-15.179083056304933
-251.99277026725665,814.5047954888953,-15.209081351773595
-251.74365144309522,814.2388673475718,-15.259079566358288
-251.51457687973993,813.9529043356059,-15.329077699793144
-251.30554949527124,813.6469093765279,-15.419075751705945
-251.11657220766298,813.3208853942936,-15.52907372161812
-250.9476479347824,812.9748353132843,-15.639071608953612
-250.79877959439006,812.608762058307,-15.729069413136367
-250.66997010413988,812.2226685545942,-15.799067133687812
-250.5612223815792,811.8165577278038,-15.849064770235733
-250.4725393441486,811.3904325040193,-15.879062322514265
-250.39665240883613,810.9442954562502,-15.889059790363893
-250.31910146400634,810.4781473943221,-15.879057173731457
-250.2315891184716,809.9919873226377,-15.849054472670144
-250.12858101521968,809.4920513357339,-15.799051687339498
-250.00565015695955,808.9888381136496,-15.729048818005408
-249.86279642922196,808.4902316125949,-15.639045865040119
-249.7000186983956,808.0020613233913,-15.529042828922227
-249.5173151740124,807.527587629587,-15.39903971023668
-249.31468380338112,807.066831947502,-15.249036509674777
-249.09212280470967,806.6162566845727,-15.079033228034167
-248.84963108540163,806.1702285201011,-14.88902986621885
-248.60720801516936,805.7311195353827,-14.679026425239181
-248.38485225983433,805.3000373815871,-14.449022906211864
-248.18256329001724,804.8681104745747,-14.199019310359954
-248.00034188058498,804.426346711539,-13.92901563901286
-247.83819003997814,803.9673961789057,-13.639011893606341
-247.6961105479371,803.488423461214,-13.329008075682507
-247.57410632207967,802.9894314860907,-12.99900418688982
-247.47218027991693,802.4704231815878,-12.649000228983095
-247.37033530932243,801.9320081355778,-12.278996203823494
-247.2485742093493,801.3741885525529,-11.888992113378535
-247.10689986716324,800.7963538964088,-11.478987959722085
-246.94531520017878,800.1984971261097,-11.048983745034363
-246.7638231261175,799.5806153380847,-10.59897947160194
-246.56242656280685,798.9427056291881,-10.128975141817737
-246.34112842818004,798.2847650967001,-9.64114852164213
-246.09994665683197,797.6067908390562,-9.141717253112665
-245.8499211956921,796.9087804938658,-8.648503575415134
-245.59949510176534,796.1907337176909,-8.175289851719857
-245.3452123188858,795.4526501586428,-7.722076084543175
-245.08581446232057,794.6945291505052,-7.2888622762950765
-244.82073341945636,793.916369901055,-6.8756484292792
-244.54968584605302,793.1181715586521,-6.482434545692831
-244.27251376816614,792.2999332406764,-6.1092206276269065
-243.98911109081288,791.4616540458367,-5.7560066770660105
-243.69263362875344,790.6233327304877,-5.422792695888377
-243.3762808623991,789.8049667266391,-5.109578685865891
-243.04004987656975,789.0065531354019,-4.816364648664083
-242.68822220004438,788.2280892657474,-4.543150585842136
-242.3329336125893,787.4695736411938,-4.289936498852879
-241.98332340828046,786.7310065830509,-4.0567223890427915
-241.64113854432145,786.0123890669412,-3.8435082576520023
-241.30703320253207,785.3137222299869,-3.6502941058142895
-240.9723399094198,784.6350068385849,-3.477079934557079
-240.63103529931263,783.9762420833827,-3.323865744801447
-240.28884759729738,783.3374274165988,-3.190651537362118
-239.95019172356496,782.7185630645833,-3.0774373129474655
-239.61728656290333,782.1196497244131,-2.984223072159512
-239.29114485192284,781.5406883177791,-2.9110088154939304
-238.97223566226586,780.9816798693654,-2.8577945433400402
-238.6607831047515,780.4426254522062,-2.8245802559808117
-238.3631363011402,779.903526466016,-2.7913659536017263
-238.08557338548357,779.3443855346014,-2.7381516363882654
-237.8280972761199,778.7652055872719,-2.664937304623399
-237.59071089128068,778.1659895537628,-2.571722958696448
-237.3734171490905,777.5467403642348,-2.460999757587393
-237.17621891483108,776.9085457337802,-2.3500781438481657
-236.99160598227078,776.2642569181929,-2.2564669595754263
-236.81208883509234,775.6254963796741,-2.18285576329494
-236.62517949578148,774.9812354372768,-2.129244555398139
-236.41836913829937,774.3195373483732,-2.0956333361701027
-236.1916604420748,773.6385793388266,-2.0820221057895614
-235.9450562876603,772.9375868145339,-2.0884108643288934
-235.6785595932295,772.2165568740924,-2.114799611754126
-235.39217327706183,771.4754866165247,-2.161188347924935
-235.08590025754253,770.7143731412793,-2.2275770725946473
-234.7597434531625,769.9332135482304,-2.313965785410236
-234.4270418991061,769.1375809081587,-2.420354485912325
-234.10002718503515,768.3330509414005,-2.5467431735351864
-233.77703934758674,767.519994238349,-2.693131847606742
-233.45729903018318,766.6993192134526,-2.8595205073485617
-233.1405419189321,765.872153153562,-3.045909151875865
-232.82678884010195,765.0396615591058,-3.252297780197521
-232.51620859326928,764.202954720196,-3.478686391216046
-232.2090386038724,763.3630450413802,-3.7250749837276067
-231.91370126236086,762.5225571485042,-3.9914635564220187
-231.63849011479203,761.6830356607326,-4.277852107882747
-231.38340512355805,760.8428663861464,-4.584240636586905
-231.1484465486681,759.9995730317635,-4.910629140905254
-230.93361500466546,759.1512733908365,-5.257017619102206
-230.73317247075556,758.2995606379404,-5.623406069335823
-230.53671267234938,757.4474821514817,-6.009794489657814
-230.3429380194302,756.5957850679132,-6.4161828780135375
-230.15649988794206,755.7341207650662,-6.842571232242002
-229.97051678167054,754.853204861305,-7.288959550075864
-229.77585402837764,753.9535480299761,-7.755347829141431
-229.57151391953735,753.0344332369867,-8.241736066958657
-229.35751179972135,752.0953476225283,-8.748124260941147
-229.13405835676005,751.1362301040164,-9.274512408396154
-228.90150365712225,750.1570793282831,-9.82090050652458
-228.66021782357285,749.1578939947601,-10.38728855242098
-228.42473621060518,748.15867354591,-10.973676543073552
-228.2094025150727,747.1794202229405,-11.580064475364148
-228.0120443399816,746.2201368586061,-12.206452346068268
-227.8283373202412,745.2808257587478,-12.852840151855059
-227.65637466747688,744.3614887169076,-13.51922788928732
-227.4964022622037,743.4621274698642,-14.205615554821499
-227.34843854022424,742.582743767172,-14.912003144807693
-227.21251955354919,741.7233393629006,-15.638390655489648
-227.07269504802917,740.870338389631,-16.38003811327648
-226.9189597666454,740.00373901516,-17.12963387062722
-226.75600230079687,739.1171571157357,-17.883859994766272
-226.58315256059157,738.2108928361516,-18.640844519136525
-226.400425115938,737.2858419003903,-19.39860137837895
-226.20777432124805,736.3428070753587,-20.15523378344414
-226.0052977170602,735.382471186221,-20.908909090376845
-225.79294513987796,734.4055481050436,-21.657898324165636
-225.5859258422538,733.4211949762625,-22.40391061945878
-225.3990535259131,732.4397503353331,-23.147217042531132
-225.22169333095934,731.4657368564805,-23.883578657060855
-225.04606621658374,730.5016089915114,-24.611939701610194
-224.8732676495485,729.5470166408171,-25.333253657556096
-224.70264600023387,728.6020663413701,-26.048148099798013
-224.53474137222705,727.6666479041706,-26.757310178350373
-224.36929362663383,726.7408907020655,-27.461235416709403
-224.21529688952438,725.8299566817666,-28.17268956558758
-224.0814351258639,724.9390016704126,-28.904143564647104
-223.96770541950187,724.0680286043383,-29.65559740999843
-223.87410485418073,723.2170404194532,-30.427051097645663
-223.79618422447535,722.3860398350873,-31.21850462348656
-223.72855028267185,721.5750286596378,-32.02995798331252
-223.6700125846115,720.7840082895095,-32.861411172808594
-223.6202497055952,720.0129800237935,-33.71286418755349
-223.56489293206545,719.253997926335,-34.56832537959785
-223.48964988208058,718.5039754282366,-35.41520614042489
-223.39451876684325,717.7679439895087,-36.26241389259986
-223.27949780058603,717.0404617770553,-37.1225372355855
-223.14458656458737,716.3100690847986,-38.002660381161185
-222.98978624935134,715.566811467664,-38.90278332464683
-222.8150992022351,714.8050549836006,-39.822906061255985
-222.6205282668852,714.0232715726343,-40.76302858609583
-222.40607538891118,713.241458335014,-41.72315089416722
-222.17173862487851,712.4796123709893,-42.70327298036465
-221.917515059171,711.7377307804196,-43.70339483947628
-221.64340177627813,711.015810662739,-44.723516466183895
-221.3493958607952,710.3138491169566,-45.76363785506295
-221.03549439742326,709.6318432416564,-46.82375900058255
-220.7016944709692,708.9697901349969,-47.903879897105426
-220.34799316634565,708.3276868947119,-49.00400053888799
-219.9943885408497,707.6855315904326,-50.10412092008916
-219.66088254092773,707.0233261809402,-51.18424103486784
-219.34747808521544,706.341073597694,-52.244360877480425
-219.05417809224176,705.6387767725786,-53.284480442289684
-218.7809854804286,704.9164386379042,-54.304599723764724
-218.52790316809103,704.174062126407,-55.304718716481005
-218.29493407343716,703.4116501712482,-56.28483741512034
-218.08208111456815,702.6292057060151,-57.24495581447089
-217.8893467683916,701.8358048370352,-58.18507390942719
-217.716731744611,701.040580255346,-59.10519169499009
-217.56423630398734,700.2435245383278,-60.00530916626683
-217.43072334535734,699.4444573056427,-60.885426318470984
-217.31395976236598,698.6425638173612,-61.74554314692247
-217.2106365241499,697.8351030472227,-62.58565964704759
-217.11501664051843,697.0189742006836,-63.40577581437897
-217.02061638078513,696.1938463586308,-64.20589164455559
-216.91540784867667,695.3733987999206,-64.99623935754427
-216.79032109075155,694.5717573799956,-65.79009964695898
-216.64535324803506,693.7900962673037,-66.58913776460098
-216.48050140443573,693.0284125621131,-67.38840455089287
-216.29576264396783,692.2867033642663,-68.18148427182625
-216.0911340507514,691.5649657731808,-68.96340660248447
-215.86661270901226,690.8631968878487,-69.730562676788
-215.62219570308196,690.1813938068371,-70.48052877459024
-215.37788108967646,689.4995546006105,-71.21481846602593
-215.15367081466093,688.7976812287835,-71.9399617144956
-214.94956779608995,688.0757766236483,-72.66344959451669
-214.7655749519112,687.3338437179225,-73.39128332890297
-214.60169519996532,686.5718854447496,-74.12765006998268
-214.45793145798615,685.7899047376982,-74.87445709356916
-214.33428664360048,684.9879045307628,-75.63081604901954
-214.23076367432813,684.1658877583632,-76.39300150587805
-214.1311651864294,683.3438565677899,-77.15653553431625
-214.0266247153132,682.5418103128331,-77.92560452377154
-213.92669731805373,681.7597490937569,-78.70870518426572
-213.834257314685,680.9976738310874,-79.50943634185613
-213.75023402836834,680.2555856937132,-80.32960285335274
-213.67498622701038,679.5334859400491,-81.16976893768351
-213.6085247208602,678.8313758544527,-82.02993459038082
-213.55068569233936,678.1492567069183,-82.91009980687069
-213.48716248296094,677.468846026351,-83.8102645824728
-213.40374305964136,676.7731253989416,-84.73042891240046
-213.30042946331298,676.06474983871,-85.67059279176065
-213.17722333347297,675.346536067346,-86.63075621555402
-213.0341258940167,674.6213556170339,-87.61091917867482
-212.87113794836054,673.8920908052088,-88.61108167591101
-212.68825988225774,673.1615684014395,-89.63124370194414
-212.48549167855091,672.4324651969223,-90.67140525134947
-212.28283355453095,671.6947002724053,-91.71156631860474
-212.10028787546474,670.9369072581912,-92.73198427009005
-211.9378575591853,670.1590890877545,-93.73559636005204
-211.79554543378418,669.3630924802779,-94.72761154463846
-211.67335382865096,668.5536451396315,-95.71289835409071
-211.5712052366825,667.735496309629,-96.69595562779104
-211.48603028101968,666.9126720357509,-97.6794565623102
-211.41219631572724,666.0905640849215,-98.66250653688779
-211.34465530307108,665.2804256923472,-99.65462654930009
-211.28334352583946,664.4902778466778,-100.6667460317847
-211.2315563668072,663.7201217305052,-101.69886497895962
-211.19080774269207,662.9699588528325,-102.75098338533651
-211.16202565125,662.2397908959613,-103.82310124532066
-211.14582298568885,661.5296196527444,-104.91521855321105
-211.1426101831523,660.8394469897318,-106.02733530320027
-211.1526557038816,660.1692748224356,-107.15945148937459
-211.1594317166979,659.5177115887378,-108.2963066668016
-211.14630480103264,658.884755194621,-109.42176399529858
-211.11327210779842,658.271795434509,-110.53450982828696
-211.06033072030854,657.6788294050685,-111.63366988416567
-210.9874777219822,657.105854202541,-112.71820933081163
-210.89471019634448,656.552866922742,-113.78676173551364
-210.78202522702634,656.0198646610626,-114.83767856830598
-210.6494198977647,655.5068445124678,-115.86933736037473
-210.4968912924023,655.0138035714975,-116.90099553630206
-210.32443649488792,654.5407389322667,-117.95265309059322
-210.1320525892763,654.0876476884645,-119.02431001765595
-209.9197366597281,653.6545269333551,-120.11596631179167
-209.68748579051,653.2413737597775,-121.22762196719542
-209.4352970659947,652.8481852601453,-122.35927697795593
-209.16316757066085,652.474958526447,-123.51093133805557
-208.87109438909323,652.1216906502458,-124.68258504137033
-208.57907460597374,651.7883796949671,-125.8742380816699
-208.30710530598404,651.4750276127611,-127.08589045261759
-208.05518357370798,651.1816373276401,-128.31754214777038
-207.8233064936229,650.9082117631913,-129.5691931605789
-207.61147115009945,650.6547538425766,-130.8408434843874
-207.41967462740175,650.4212664885328,-132.13249311243385
-207.24791400968735,650.2077526233712,-133.44414203784982
-207.0961863810073,650.014215168978,-134.77579025366055
-206.96448979759353,649.8206570468498,-136.10743775279377
-206.85282620472123,649.6070811784828,-137.41908452817725
-206.7611985198465,649.3734904857636,-138.71073057283624
-206.68960966031887,649.1198878910042,-139.98237587990232
-206.61806192579598,648.8589792883614,-141.25402044260463
-206.52655517328176,648.6028964095995,-142.54566425417224
-206.41508877847457,648.350545698949,-143.85730730773676
-206.28366226865586,648.1009397445122,-145.18894959632348
-206.13227530624997,647.8532106836072,-146.5405911128513
-205.9609276704771,647.6066218872036,-147.91223185013283
-205.76961923777273,647.3605724145509,-149.30387180087425
-205.55834996228265,647.1145913297694,-150.71551095767546
-205.34711936189336,646.8785263763085,-152.14714931302998
-205.1559250095564,646.6624320774284,-153.59878685932503
-204.98476398942617,646.4663113550655,-155.07042358884144
-204.83363338555048,646.2901671307305,-156.56205949375368
-204.70253028187065,646.1340023255093,-158.0736945661299
-204.59145176222154,645.9978198600621,-159.6053287979319
-204.50039491033147,645.8816226546242,-161.1569621810151
-204.42935680982228,645.7854136290051,-162.72859470712868
-204.37833551649686,645.6891957026248,-164.32022636791538
-204.3473329752014,645.5729717949033,-165.93185715491157
-204.3363521029631,645.4367448256503,-167.56348705954736
-204.34539581670268,645.2805177151014,-169.21511607314648
-204.3744670332343,645.1042933839171,-170.88674418692625
-204.4235686692658,644.9080747531837,-172.57837139199773
-204.49270364139835,644.6918647444123,-174.2899976793656
-204.58187486612667,644.4556662795401,-176.02162303992822
-204.69108428755146,644.2194822808937,-177.77324746447752
-204.8203299605171,644.0033156707998,-179.54487094369918
-204.96960896747402,643.8071693711951,-181.3364934681725
-205.1389183907661,643.6310463035907,-183.14811502837043
-205.32825531263066,643.474949389072,-184.97973561465957
-205.53761681519856,643.3388815482991,-186.8313552173002
-205.7669999804942,643.2228457015066,-188.7029738264462
-206.01640189043553,643.1268447685032,-190.59459143214514
-206.28582059912142,643.0308816687078,-192.48620802434712
-206.57525804969413,642.914959321539,-194.35782359300222
-206.88471715747684,642.7790806468049,-196.209438128158
-207.21420083768638,642.6232485647391,-198.04105161996847
-207.563712005433,642.4474659960001,-199.85266405869388
-207.93325343501118,642.2546302584486,-201.64427543470086
-208.3228266027936,642.0627572072311,-203.41588573846246
-208.73242980782447,641.8889553669629,-205.16749496055806
-209.16206119995076,641.7152147249894,-206.91910309166448
-209.61172272146277,641.5215382023898,-208.69071012245863
-210.0814172387721,641.3089173099182,-210.48231604351986
-210.5711472466256,641.0820321716642,-212.2939208453212
-211.08091427088277,640.8487591505337,-214.12552451822935
-211.6107186784154,640.6166963140536,-215.97712705250473
-212.160559850624,640.391699805443,-217.84872843830126
-212.73043644562554,640.177909302779,-219.74032866566665
-213.31403483795512,639.9806121701497,-221.63192772455105
-213.90509782093056,639.8034006943035,-223.5035256049046
-214.50358595835698,639.6462759646919,-225.35512229677505
-215.10911498348713,639.509239040915,-227.1867177903164
-215.72088911334697,639.3922908970972,-228.99831207578907
-216.3376831244311,639.2954323598481,-230.78990514355976
-216.95789049037396,639.2186640482515,-232.56149698410164
-217.57963696456952,639.1619863258372,-234.31308758799415
-218.19166524521415,639.1053988218491,-236.04467694592307
-218.78370671146084,639.0288991204677,-237.75626504868063
-219.35576427702367,638.9324843069661,-239.44785188716537
-219.90784085572304,638.8161514670425,-241.1194374523822
-220.4401201781359,638.6798976956103,-242.7710217354423
-220.95313234945604,638.5237201400078,-244.40260472756339
-221.44748518799236,638.347616036712,-246.01418642006934
-221.9236366422342,638.1515826992895,-247.60576680439053
-222.40080390567817,637.9356184170495,-249.17734587206363
-222.89307936541377,637.6997249478411,-250.72892361473168
-223.38798086832358,637.4439036487634,-252.2605000241441
-223.87365252107972,637.1681539591432,-253.77207509215665
-224.34309106959952,636.8724739833415,-255.26364881073144
-224.79308653762553,636.5568610664321,-256.7352211719369
-225.2231330753604,636.2213123235216,-258.18679216794794
-225.63323359737973,635.8658248454085,-259.61836179104574
-226.02339004607762,635.5103957232807,-261.0299300336178
-226.39360047480451,635.1750220483258,-262.4214968881581
-226.74386196472952,634.8597009113413,-263.79306234726687
-227.07417160170598,634.5643352273604,-265.1446264036507
-227.38452679245407,634.282606550797,-266.4761890501226
-227.6749263362758,634.004626931998,-267.787750279602
-227.94537013894538,633.7248478563238,-269.0793100851145
-228.19585868481747,633.4406766201926,-270.3508684597922
-228.43068069217549,633.1439716615467,-271.6224253968646
-228.6557760742336,632.8273002006582,-272.91398088956146
-228.873945217464,632.4906610353754,-274.2255349310147
-229.0870996083345,632.1340533043481,-275.55708751425004
-229.29665273104908,631.7574763819822,-276.9086386321869
-229.50412545045933,631.3609298486517,-278.2801882776384
-229.71192098187242,630.9444135600526,-279.67173644331115
-229.92448421616047,630.5079278539034,-281.0808917939487
-230.14054052768677,630.0570662275275,-282.4897551821846
-230.35535900146655,629.5985796950458,-283.8821078085725
-230.56779147559652,629.1341358071693,-285.2569516507822
-230.7767708673735,628.6643856616329,-286.6140109656478
-230.98154239055268,628.1894418078065,-287.9534829190717
-231.18166525170165,627.709183304232,-289.275826724817
-231.37693941447955,627.2234206577452,-290.581622820188
-231.5673274424318,626.7319812120708,-291.87148955780634
-231.76531732610985,626.2276800123431,-293.14580823173924
-231.98338591220102,625.7034091522119,-294.4023871104341
-232.22153611640806,625.1591715602303,-295.63896442363733
-232.47977085432694,624.5949701653768,-296.85554016477334
-232.75809304144678,624.0108078970549,-298.052114327373
-233.05650559314995,623.4066876850934,-299.22868690507335
-233.37501142471194,622.7826124597462,-300.385257891618
-233.7136134513014,622.1385851516926,-301.52182728085677
-234.07231361569265,621.4946086920013,-302.63839506674594
-234.45110997140344,620.8706860117408,-303.73496124334804
-234.84999959955715,620.2668200415895,-304.81152580483206
-235.26897958117036,619.6830137118002,-305.8680887454733
-235.70804699715276,619.1192699521995,-306.9046500596534
-236.1671989283073,618.5755916921887,-307.9212097418605
-236.64643245533006,618.0519818607431,-308.91776778668884
-237.14574465881037,617.5484433864125,-309.8943241888393
-237.6558189438478,617.0449787445305,-310.8521936441986
-238.1653876867276,616.5215885040899,-311.79295099203296
-238.6705101141652,615.9782723048165,-312.71719225089913
-239.16715377809507,615.415029205599,-313.6256643336067
-239.6511520332617,614.8318576678862,-314.5192640706516
-240.11817231421932,614.2287555336715,-315.399036550818
-240.56564542994028,613.6057200944455,-316.26617034135694
-240.99321470246986,612.9627484646385,-317.12191888995795
-241.416098973514,612.2998384813374,-317.9622860601753
-241.85065883895356,611.6169909964104,-318.78265153962
-242.2991468204252,610.9142078777442,-319.58301532392977
-242.76375050952944,610.1914913169354,-320.3633774088485
-243.24659978522627,609.4488438203117,-321.12373779022664
-243.74915520341128,608.6862681709932,-321.864096464021
-244.27182717949498,607.9037672828184,-322.58445342629454
-244.81461862756035,607.1013440898612,-323.28480867321684
-245.35753246159229,606.2790005543333,-323.9651622010637
-245.880571595575,605.4367347497213,-324.6255140062173
-246.3837389435895,604.5745437776496,-325.2658640851662
-246.86703741982248,603.6924247401677,-325.88621243450524
-247.33046993856635,602.7903747397496,-326.48655905093574
-247.7740394142191,601.8683908792948,-327.0669039312653
-248.19774876128432,600.9264702621277,-327.6272470724079
-248.60160089437127,599.9646099919979,-328.1675884713839
-249.00559842568296,598.9890306456805,-328.7079281253112
-249.4297427651507,598.0057974596382,-329.2682660313076
-249.87403505846765,597.0146019312825,-329.8486021863934
-250.33847649560522,596.0151498532966,-330.44893658748276
-250.82306830872432,595.0071611348276,-331.06926923138326
-251.3278117701988,593.9903685483642,-331.7096001147963
-251.85270819087762,592.9645157022313,-332.3699292343169
-252.3977589186827,591.9293545896522,-333.0502565864337
-252.9496036753428,590.8995188014605,-333.73058216753793
-253.49385476207044,589.8894131900034,-334.3909059740207
-254.02838829167632,588.8977588066394,-335.03122800237077
-254.5509527067056,587.9227446631119,-335.6515482491832
-255.05918058759516,586.9626503668123,-336.2518667111593
-255.55057894655764,586.0158422565617,-336.832183385107
-256.0229931319457,585.0807697325513,-337.3924982679403
-256.47554700942294,584.1559640419302,-337.9328113566798
-256.928238902783,583.2459674026289,-338.47312264844345
-257.4010661482877,582.3560382536608,-339.0334321403492
-257.89402582656055,581.4861795314156,-339.6137398294176
-258.4071150181178,580.636394171857,-340.21404571256295
-258.94033080336874,579.8066851105232,-340.83434978659295
-259.4936702626156,578.9970552825264,-341.4746520482092
-260.0671304760537,578.207507622553,-342.1349524940067
-260.6607085237713,577.4380450648636,-342.8152511204744
-261.254402458046,576.6686695710408,-343.49554792400363
-261.8282142203045,575.8793792135174,-344.1558429009857
-262.38214672435794,575.0701710928276,-344.7961360479095
-262.916202884123,574.2410423099311,-345.4164273613702
-263.43038561362215,573.3919899662123,-346.0167168380694
-263.9246978269835,572.5230111634809,-346.597004474815
-264.3991424384409,571.6341030039712,-347.1572902685213
-264.8537223623337,570.7252625903427,-347.697574216209
-265.2884395408197,569.8164870256447,-348.2378563149961
-265.7032920270123,568.927773412926,-348.79813656200093
-266.0982769018431,568.059118854845,-349.378414954244
-266.47339124634954,567.2105204536346,-349.9786914886398
-266.8286321416745,566.3819753111017,-350.59896616199626
-267.1639966690667,565.5734805286278,-351.239238971015
-267.47948190988046,564.7850332071686,-351.8995099122915
-267.7750849455759,564.0166304472542,-352.5797789823145
-268.05080383000615,563.2482693490244,-353.26004617747566
-268.30664050628,562.4599470126191,-353.9203114941664
-268.5425978898994,561.6516605385674,-354.5605749288758
-268.7586788964719,560.823407027824,-355.1808364781991
-268.9548864417108,559.9751835817689,-355.7810961388382
-269.13122344143517,559.1069873022071,-356.36135390760114
-269.28769281156957,558.218815291369,-356.92160978140225
-269.42429746814435,557.3106646519101,-357.46186375726245
-269.55625450918865,556.3825332265392,-357.9821158323088
-269.69951467724155,555.4344218525678,-358.4823660037749
-269.8554873043423,554.4663322827295,-358.9626142690007
-270.0254558508043,553.4782664662207,-359.4228606254324
-270.2105779567066,552.4702265301454,-359.8631050706226
-270.4119012881403,551.442214762138,-360.2833476022303
-270.63039220083823,550.3942335962855,-360.6835882180209
-270.86697218960194,549.3262856038672,-361.063826915866
-271.10290443585484,548.2583725342736,-361.4240636937437
-271.31899529379416,547.2104924269445,-361.7642985497384
-271.5152418454086,546.1826423879373,-362.08453148204086
-271.6916411727922,545.1748195228837,-362.3847624889483
-271.8481903581446,544.1870209369899,-362.6649915688642
-271.9848864837711,543.2192437350366,-362.92521872029835
-272.1017266320825,542.2714850213789,-363.16544394186707
-272.19870788559507,541.3437418999465,-363.3856672322929
-272.2758273269308,540.4360114742435,-363.58588859040486
-272.3330820388174,539.5482908473487,-363.7661080151382
-272.37046910408793,538.6805771219151,-363.9263255055346
-272.38798560568137,537.8328674001706,-364.06654106074205
-272.3856286266422,537.0051587839175,-364.18675468001504
-272.3633952501206,536.1974483745329,-364.2869663627143
-272.32128255937255,535.4097332729682,-364.3671761083069
-272.2592876377596,534.6420105797497,-364.42738391636647
-272.17740854103647,533.8742773950136,-364.4875897865638
-272.0756472142135,533.0865308188961,-364.56779371856993
-271.954006561105,532.2790474814948,-364.6679957119584
-271.812489403798,531.4526692045944,-364.78819576619634
-271.6510983910907,530.6089847147532,-364.92594903496934
-271.4698358779856,529.7503921947674,-365.07397929674954
-271.2688724279355,528.8798945207751,-365.2209352891391
-271.0518562310743,528.0005633378374,-365.35409323216066
-270.8186201344817,527.1075195450572,-365.48724923239223
-270.56552006341224,526.1944402878504,-365.6404032891169
-270.2925589360741,525.2613226694058,-365.8135554015202
-270.00260561945686,524.3081639326641,-366.00670556868147
-269.70203881874323,523.3349620489256,-366.21985378957356
-269.39659511785754,522.3417159198666,-366.4530000630631
-269.08985217474094,521.3284251163312,-366.70614438791023
-268.78404003114645,520.2950896229908,-366.97928676276894
-268.4892110510977,519.2422906523784,-367.27242718618675
-268.2145413027254,518.1700306984224,-367.5845897168546
-267.96003367612974,517.0777321559921,-367.8996560808152
-267.7256910895263,515.965397965807,-368.19860221615227
-267.5115164610236,514.8330310690123,-368.4775463935824
-267.31751270862276,513.6806344071787,-368.73648861162224
-267.14368275021786,512.508210922302,-368.9754288688948
-266.9900295035955,511.3157635568045,-369.1943671641297
-266.83655491415647,510.12329428121024,-369.4133034961537
-266.66325703815085,508.950801176894,-369.65223786379374
-266.47013295963785,507.7982813525534,-369.90871220646954
-266.25717976278213,506.66573191646046,-370.17704370440697
-266.0243945318538,505.55314997646235,-370.4573426114205
-265.7717743512282,504.46053263998067,-370.7552917444299
-265.4993163053865,503.387877014012,-371.07323890591925
-265.20701747891513,502.33518020512764,-371.41118409419795
-264.8965330939651,501.2845261186317,-371.75483585745155
-264.57258984395145,500.2159124126398,-372.0877209129533
-264.2384359893573,499.1272507128302,-372.4076224439392
-263.89430179212496,498.01876060689165,-372.71457245211093
-263.5403194513191,496.8910022841488,-373.00868570100346
-263.1766930409072,495.74459038243106,-373.2900219253046
-262.8036614480706,494.58005834386313,-373.5586050459616
-262.42145059359797,493.39790693053186,-373.81445709046943
-262.04479383796195,492.21703905830594,-374.0584873163096
-261.6883120296181,491.056117724509,-374.29041736038727
-261.3520022535998,489.9151458713057,-374.50741917371795
-261.03432103697236,488.7941263655422,-374.7061306292757
-260.72961585023114,487.69306157430736,-374.8848400923224
-260.4326907332355,486.61195293763745,-375.0435475619077
-260.14209527571904,485.550801466923,-375.1833497082916
-259.85746326156453,484.50960804975546,-375.3073064572392
-259.56588957176166,483.4742409961599,-375.43432113697855
-259.2544719129044,482.42473938290095,-375.57474601409507
-258.92321291019914,481.35523224831195,-375.714889201423
-258.5721154802597,480.2656753551932,-375.842212987556
-258.20118254181546,479.15606581045944,-375.9504092582449
-257.8104170137011,478.0264007214511,-376.03860352980615
-257.399821814857,476.87667719593446,-376.10679580177083
-256.96939986432875,475.7068923421013,-376.1549860737763
-256.5391531089712,474.5370442408213,-376.20317434555744
-256.1290796064885,473.38713486211407,-376.27136061684917
-255.73917644219884,472.2571671478972,-376.3595448872889
-255.36811800081335,471.14714397536085,-376.46772715640765
-255.01327398421188,470.05706790063476,-376.59590742363025
-254.6725407999297,468.9869411227192,-376.74408568827505
-254.34461593422304,467.9367655974933,-376.9122619495541
-254.02868374976762,466.9065431287573,-377.1004362065731
-253.72866928559276,465.87627564126416,-377.30124992185284
-253.44881058806362,464.8259658684811,-377.51218247064264
-253.18911057553075,463.75561675020066,-377.74059238829955
-252.94957216623737,462.6652312266411,-377.98900029729174
-252.73019827831965,461.5548122384463,-378.25740619629823
-252.5309918298064,460.4243627266856,-378.54581008389187
-252.3519557386192,459.27388563285416,-378.85421195853894
-252.1930929225725,458.1033838988724,-379.1826118185995
-252.03440532709473,456.9328594947635,-379.5261439930791
-251.85589100846374,455.782310501401,-379.8757023838871
-251.65754737031924,454.6451608105546,-380.22567146869
-251.43937352524304,453.5059763263203,-380.57495082276813
-251.20137085008636,452.35132737311386,-380.9238273485991
-250.94398367504593,451.1766422845372,-381.27246729646384
-250.67183197424362,449.9819184796324,-381.621661826999
-250.39068453894174,448.7671542885975,-381.9720696497808
-250.1159262593104,447.552349224795,-382.33309388584365
-249.86134768509618,446.3575055609598,-382.7141160888209
-249.62694590079047,445.1826262399503,-383.11513625668647
-249.41271799077742,444.02771420419987,-383.5361543873079
-249.21866103933382,442.8927723957166,-383.9771704784463
-249.0447721306293,441.77780375608324,-384.4381845277567
-248.8910483487262,440.6828112264575,-384.91919653278757
-248.7574867775796,439.60779774757157,-385.42020649098106
-248.62408450104627,438.552765287445,-385.92121439968196
-248.4708386029821,437.5177119245224,-386.40222025623495
-248.3057834884268,436.5026351552648,-386.86322405808227
-248.14040720818753,435.507534206522,-387.3042258027725
-247.97889108995852,434.5324094025528,-387.7252254879606
-247.82200664753415,433.5772613792886,-388.12622311140785
-247.6696995999876,432.64209081164853,-388.50721867098196
-247.52176361778015,431.72689835248485,-388.86821216465694
-247.38602655724895,430.81168501448997,-389.21934674322245
-247.2704283805787,429.8764533487025,-389.5728287546557
-247.1749720052464,428.9212062924528,-389.9338962050969
-247.09966034862197,427.9459467834966,-390.3076291321251
-247.0444963279682,426.95067776001525,-390.69679689715497
-247.00948286044078,425.9354021606155,-391.10295387757964
-246.9946228630882,424.9001229243296,-391.5274937804214
-246.99991925285184,423.844842990615,-391.97157583460825
-247.0053749465747,422.76956432706737,-392.4156558044652
-246.99099286109896,421.6742850125579,-392.83973368763975
-246.9567759133634,420.55900215409577,-393.2438094818768
-246.90272702041233,419.42371285911554,-393.6278831850276
-246.82884909939548,418.2684142354772,-393.99195479504994
-246.73514506756803,417.09310339146634,-394.3360243100077
-246.6216178422906,415.89777743579384,-394.6600917280714
-246.48827034102914,414.68243347759613,-394.9641570475178
-246.3551045090588,413.46706959868715,-395.24822026672996
-246.24211840250396,412.27168777003067,-395.5122813841973
-246.14930910510307,411.09629093448814,-395.75634039851576
-246.07667370048736,409.9408820344956,-395.9803973083875
-246.0242092721807,408.80546401206374,-396.18445211262116
-245.9919129035998,407.69003980877795,-396.3685048101315
-245.97978167805402,406.5946123657982,-396.53255539994
-245.9878126787456,405.5191846238591,-396.6766038811742
-245.99600374331598,404.4482376741255,-396.8006502530681
-245.984355768591,403.365404639501,-396.9046945149622
-245.9528706106213,402.26900642586395,-396.9887366663031
-245.9015503679421,401.1573948346143,-397.052776706644
-245.8303973760247,400.0289670299479,-397.0968146356443
-245.7394141995774,398.8821803361014,-397.12085045306986
-245.6286036099671,397.7158288820909,-397.12488415879284
-245.49796850277104,396.5294598214485,-397.1089157527918
-245.36751082324997,395.3430712353695,-397.0775054882929
-245.25722862751385,394.17666509419917,-397.03544461187533
-245.1671189992868,393.0302443401803,-396.98335189817647
-245.0971790221856,391.9038119151302,-396.9220804205931
-245.04740577971987,390.797370760441,-396.8525882711864
-245.01779635529195,389.71092381707956,-396.7758648416524
-245.00834783219696,388.6444740255871,-396.69290106486324
-245.01905729362284,387.5980243260797,-396.604686345938
-245.02992188632598,386.5702670555689,-396.5240926335822
-245.02093895167553,385.56112597397833,-396.4634968126794
-244.9921056509755,384.5719078168722,-396.42289888355185
-244.94341907112974,383.60268400693104,-396.4022988464154
-244.87487629553488,382.65345164847804,-396.40169670137965
-244.78647440769305,381.72420784541106,-396.42109244844767
-244.67821049121198,380.81494970120264,-396.4604860875165
-244.5500816298051,379.92567431889995,-396.5198776183765
-244.4220849072825,379.0563797734123,-396.57926704072077
-244.31421740745364,378.20706802837344,-396.6186543542424
-244.2264762140298,377.3777420192793,-396.63803955873186
-244.15885841061518,376.56840468120055,-396.63742265408615
-244.11136108070704,375.7790589487823,-396.61680364030855
-244.0839813076956,375.0097077562445,-396.57618251750864
-244.07671617486417,374.2603540373816,-396.5155592859025
-244.08956276538902,373.5310007255628,-396.4349339458125
-244.10251893464914,372.80576351714825,-396.3436958313881
-244.09558561312951,372.06904418488995,-396.2508575544997
-244.0687644456331,371.321164632946,-396.1560858937287
-244.02205706807825,370.56191241054927,-396.06018044827255
-243.95546518518245,369.790569919718,-395.96563418767624
-243.86899062962672,369.0061595348426,-395.8769161342377
-243.762635369823,368.20787210002004,-395.80028577748544
-243.6364014666975,367.39521379968375,-395.74146188594415
-243.49029019308077,366.58526414846693,-395.7026358900176
-243.32429947253016,365.7952917383218,-395.6838077899121
-243.14722316869467,365.0252940974052,-395.68497758572795
-242.97698502344622,364.2745621428612,-395.7061452774588
-242.81987474245622,363.5430976215324,-395.74731086499213
-242.6742466071071,362.8316109950465,-395.80847434810903
-242.54101322722377,362.14010404036145,-395.8896357264843
-242.42003483724906,361.46857854473825,-395.99079499968633
-242.30690211790113,360.81703608796613,-396.1095362288009
-242.19942477308322,360.1854774866064,-396.24107937770293
-242.1004161749745,359.57390381694273,-396.382067057198
-242.0104894779862,358.98231636594613,-396.53078626051763
-241.9299188057388,358.4107164792294,-396.6858972351512
-241.85891316968912,357.85910553703786,-396.84623876210793
-241.79763648293834,357.3274849469231,-397.0108040336853
-241.7462004615564,356.81585613659666,-397.1787308244297
-241.68974399022764,356.3171104792132,-397.35813901888923
-241.6151670940588,355.82105796160715,-397.5575451003667
-241.53144338081506,355.322954721853,-397.77694906780175
-241.4475521926277,354.8207680591291,-398.0163509200277
-241.36580644181305,354.31407683681397,-398.2757506557715
-241.28686507923692,353.8028634199292,-398.55514827365374
-241.21094578293497,353.28721656037027,-398.8545437721887
-241.13814938428467,352.76724609972297,-399.1739371497844
-241.07697299081488,352.25513698087053,-399.5133284047424
-241.0358736729291,351.76302040394927,-399.872717535258
-241.01484851398357,351.2908992968498,-400.2521045394201
-241.01389459804355,350.8387598061841,-400.65148941521124
-241.03300905447483,350.40572117197456,-401.07087216050775
-241.0721892164447,349.9902094184683,-401.5102527730795
-241.13143262248303,349.59099785433307,-401.9696312505901
-241.21073696054924,349.20728229660574,-402.4490075905968
-241.3101008552357,348.82117897551825,-402.93963364688136
-241.4283166295248,348.4150915500491,-403.4335365843971
-241.56047743536254,347.9890224723321,-403.93090322293193
-241.69936586610694,347.54564520249846,-404.4292542964769
-241.83943226782947,347.0906468243286,-404.9253007007829
-241.977923299335,346.62821264343637,-405.4171554765808
-242.113871835585,346.16007649451774,-405.90423423061515
-242.2469815136221,345.6871238506882,-406.3865087565701
-242.3711616811449,345.20193330924457,-406.875778769779
-242.48143493703589,344.696759838718,-407.3832123126792
-242.57952937628875,344.1716015464752,-407.9080837546734
-242.6668223044152,343.6264567557029,-408.45021191392414
-242.74515165668583,343.0613240149556,-409.00948624429765
-242.81738600306,342.4762022112307,-409.58549511600427
-242.8874218587354,341.87141592880175,-410.1773820692249
-242.9593515009009,341.2479500207268,-410.78413961780706
-243.0240032102528,340.605479212347,-411.3916902376831
-243.07047131852454,339.9430165020709,-411.9894697335705
-243.09949226665358,339.2605592836002,-412.58356317456673
-243.1125137717242,338.558105108715,-413.1799007526032
-243.11153375756666,337.83565178556586,-413.7838099417233
-243.0985896158973,337.0931974238706,-414.39946767057177
-243.07534781640769,336.3307404061079,-415.02961995523714
-243.04304569876683,335.54827932525217,-415.67570574767484
-242.9965357985223,334.75043090032045,-416.3399717199396
-242.93014714536156,333.93719250777497,-417.02423547828545
-242.8438824319859,333.1039429834727,-417.72849701907364
-242.73774457571636,332.25067942883976,-418.45275633855925
-242.61173649397966,331.37739894572786,-419.1970134328911
-242.46597112113096,330.4840986417625,-419.9612682981114
-242.30215128783186,329.57077572368013,-420.7455209301563
-242.12301518612944,328.6374277688402,-421.54977132485544
-241.92686484852706,327.7040525166894,-422.3730864554335
-241.71085304035637,326.7906472090681,-423.2154663175125
-241.48514590565264,325.8972094434674,-424.0778439291117
-241.26601744715782,325.0237390913327,-424.96021928564534
-241.06112236864772,324.17023778110604,-425.8625923824213
-240.87240756056204,323.3367077585446,-426.78496321464127
-240.7003855374922,322.5231514277221,-427.7273317774004
-240.5452125231237,321.72957123629953,-428.6896980656877
-240.40854349173847,320.95596972410056,-429.6520620743945
-240.29198966294237,320.2023497465315,-430.59442379841227
-240.19554812049284,319.46871423704357,-431.51678323272995
-240.11921594804042,318.7550661286625,-432.4191403724428
-240.06299022912867,318.0614083539889,-433.3014952127526
-240.02686804719426,317.3877438451979,-434.1638477489673
-240.01084648556693,316.7340755340394,-435.00619797650137
-240.01492262746956,316.10040635183765,-435.82854589087543
-240.03909452830558,315.4667392295272,-436.6308914877167
-240.07635581696124,314.8130767573376,-437.4196820588984
-240.11320382598646,314.1452240545368,-438.20431738764785
-240.1441989887021,313.4686128774982,-438.9868851185412
-240.170459378806,312.78336899420736,-439.76616262025465
-240.19221837892266,312.0902979766547,-440.5414123461347
-240.20977018801221,311.38998736725154,-441.3119297148516
-240.22334000649627,310.6829476896223,-442.0771026820271
-240.24357019682347,309.9826599859608,-442.8294586605402
-240.27745975706287,309.30237631483976,-443.5618122842927
-240.3195771457828,308.6420982322454,-444.27416354939044
-240.3671731380483,308.0018267125349,-444.96651245204527
-240.41902685209524,307.38156245368384,-445.6388589885757
-240.4745955902732,306.7795628714025,-446.2912576397738
-240.5332154064095,306.1918235736807,-446.9279160657046
-240.59417150242902,305.6143392847472,-447.5559833544616
-240.64622379556366,305.05111468054275,-448.1889429373763
-240.67836061113678,304.5078962155747,-448.83959123522754
-240.6905790321152,303.9846809850951,-449.51023714634135
-240.68287614157163,303.48146608393046,-450.2008806671514
-240.6552490226847,302.9982486064819,-450.9115217939853
-240.607694758739,302.5350256467252,-451.64216052306415
-240.54021043312505,302.0917942982108,-452.3927968505027
-240.45397103537522,301.6685517113268,-453.1634307723094
-240.36897462136437,301.24529618014844,-453.9540622843864
-240.30404523007465,300.80202971611124,-454.76469138252946
-240.25918577871363,300.33875524606515,-455.595318062428
-240.23439918438217,299.85547569728544,-456.44594231966516
-240.2296883640744,299.3521939974728,-457.3165641497177
-240.24505623467772,298.8289130747534,-458.207183547956
-240.27971387528083,298.28563581918417,-459.11780050964416
-240.33099073588048,297.72236487579437,-460.0484150299399
-240.3996806565113,297.15790872024263,-460.97902710390355
-240.48845546466129,296.6107565048755,-461.8896367265953
-240.59731270492358,296.0798516656898,-462.780243893173
-240.72358092250485,295.56279422587625,-463.6508485989008
-240.85761560937385,295.0563509861852,-464.5014508391492
-240.99190950720697,294.5598068248715,-465.332050609395
-241.12615384183292,294.0752642092124,-466.1426479052216
-241.26087677378788,293.6053499710031,-466.93324272231854
-241.39512326898733,293.13480508179606,-467.7149985188772
-241.5279328094191,292.64935684703806,-468.4967542990681
-241.6597259500163,292.1527311667619,-469.2738614145272
-241.7905631148034,291.6470414637602,-470.0416086050971
-241.9201675271716,291.133399190615,-470.7951651496107
-242.04799962462153,290.6122446373559,-471.53040329175855
-242.17335939958508,290.0836090269858,-472.245638926527
-242.29552649332243,289.5474083356462,-472.9408720501129
-242.40596537056348,289.0153829460325,-473.6224101260386
-242.49648473481332,288.4953828636472,-474.29611938593354
-242.57238198325763,287.9800786604153,-474.9588680482149
-242.64107268968843,287.4651086135459,-475.60659763338913
-242.71121827921763,286.9454742198274,-476.246247782107
-242.7899470684819,286.4182212544618,-476.88600304506355
-242.87737230974346,285.88595367882004,-477.5233665121006
-242.97176083371994,285.3515183370585,-478.1525576670218
-243.070463452976,284.81693100763806,-478.76738745271024
-243.17087562501368,284.2829387817675,-479.36364406532306
-243.27080695356045,283.74928876356796,-479.9398981289029
-243.36861119126513,283.2151906323752,-480.49614964038534
-243.45866034295707,282.6706385088185,-481.0427096223084
-243.53724993646634,282.10609865229253,-481.59005932198744
-243.60616508571195,281.5215695390205,-482.13743363198006
-243.6660633736133,280.9170498160628,-482.68243486939207
-243.71696923971302,280.29253817548476,-483.2219583912005
-243.75858450177932,279.6480332865714,-483.7527285333078
-243.79046906993793,278.9835337631977,-484.2715752589612
-243.81213786096578,278.2990381509919,-484.77555246898277
-243.8186292063079,277.59454470689786,-485.28138891377506
-243.8052286451315,276.87005075893757,-485.8070924441483
-243.7775863561984,276.1293060172685,-486.35120207117023
-243.7446770832635,275.3778348663747,-486.911707614813
-243.71029236813382,274.6175096305921,-487.4876608604265
-243.67484628252754,273.8482613537333,-488.0785951196533
-243.6381865829764,273.06972774332667,-488.68412821009093
-243.60011565492508,272.2815241970046,-489.303906518004
-243.56763514944438,271.49838788944857,-489.920721417172
-243.54355925603255,270.7352475618303,-490.5175337111691
-243.523109146378,269.9898335182369,-491.0943433968218
-243.5051739775448,269.25731086268206,-491.6511504710628
-243.4883192660568,268.53335757711875,-492.1879549309313
-243.47109511386824,267.81476083011944,-492.7047567735728
-243.4523362170196,267.09889451917843,-493.20155599623916
-243.43106264536456,266.38362836198996,-493.67835259628873
-243.3983635846351,265.65818026453644,-494.14536278399055
-243.3457756671915,264.91272594778815,-494.6165760950479
-243.27330181017575,264.147262511305,-495.10095021856085
-243.18094493083558,263.3617870550722,-495.60449561375844
-243.0687079465244,262.55629667950063,-496.12803837354363
-242.93659377470138,261.7307884854265,-496.67157849513256
-242.7846053329314,260.88525957411167,-497.2351159756348
-242.61274553888492,260.0197070472434,-497.8186508120538
-242.44101633804192,259.1541289791865,-498.4116064591522
-242.28941578673178,258.30852733345574,-499.0033550243273
-242.15794096889832,257.4829050454634,-499.59396693566475
-242.04658896837836,256.67726505019647,-500.1838156965103
-241.95535686890167,255.89161028221682,-500.77337721446526
-241.88424175409105,255.12594367566075,-501.3628956332966
-241.83324070746235,254.38026816423937,-501.95216497324935
-241.80235081242444,253.65458668123836,-502.540638094388
-241.7900783841856,252.9291602981695,-503.1340541811194
-241.78082888163493,252.18399089963455,-503.7428867541982
-241.76464853301005,251.41881954585278,-504.3712648863891
-241.74446313018555,250.63364556996842,-505.0192724233039
-241.71952501399295,249.82846829203558,-505.68727727474277
-241.69021320602027,249.00328706047193,-506.37527943715355
-241.65652272352452,248.158101232446,-507.08327890687775
-241.6185978874606,247.29291018084854,-507.8112756801506
-241.5765931778051,246.4277132981918,-508.55926975310086
-241.53113764571827,245.5825100249679,-509.327261121751
-241.4847648354548,244.7573000067249,-510.11524978201726
-241.4421042394927,243.95208343225056,-510.92323572970946
-241.407602656332,243.16686118667738,-511.7512189605311
-241.3839483397466,242.401634679254,-512.5991994700793
-241.3723517142356,241.65640559288633,-513.4671772538449
-241.37328988495173,240.93117572608108,-514.3551523072124
-241.3906152347651,240.21623114299874,-515.2549048192692
-241.4280484330914,239.50659800472945,-516.1529769681592
-241.47929758431764,238.81199489561092,-517.042393009154
-241.53817247335223,238.1366706684396,-517.9224640146424
-241.60465081960768,237.47930590547267,-518.7951741963952
-241.67852056305068,236.8387685778078,-519.6623280346154
-241.759613399307,236.21404098073492,-520.525582329014
-241.8477820566398,235.6042258564745,-521.3864294744543
-241.94127182172238,235.00457678364822,-522.2422884302688
-242.03857887606233,234.41045195048093,-523.0897431707994
-242.1400658965723,233.8212137859767,-523.9285363849641
-242.24608553777514,233.23621418675344,-524.7584621437917
-242.35696607311496,232.65480722655946,-525.5794627989785
-242.47297428734208,232.07639230382705,-526.3917333954448
-242.59426122828853,231.500490400647,-527.195808739414
-242.72081371948016,230.9268285283067,-527.9925925899043
-242.84386119128123,230.34425823904039,-528.7760006440709
-242.95437167405436,229.74170498882327,-529.5394058864515
-243.05191827355046,229.11916691319018,-530.2828083129867
-243.13639040170338,228.47664211059703,-531.0062079197235
-243.20786094076564,227.81412867786392,-531.7096047028152
-243.26651132074636,227.13162473106317,-532.3929986585214
-243.31258057031363,226.42912841745866,-533.0563897832081
-243.34632710544764,225.70663792098648,-533.6997780733478
-243.37818079946376,224.98415195783522,-534.3231635255191
-243.41524434571426,224.28167109792824,-534.9265461364072
-243.45309287632455,223.599195730591,-535.5099259028035
-243.48985078355426,222.9367258193978,-536.0733028216059
-243.52453033546374,222.29426112581805,-536.6192810291456
-243.55727997516036,221.67180133738918,-537.1550258328987
-243.59001660105176,221.06348886010943,-537.6892629464844
-243.62473919003793,220.46130119734775,-538.227246407539
-243.66236110988606,219.8510961404052,-538.771833151682
-243.70436330955567,219.22089686211373,-539.3258049450535
-243.7527769798633,218.57070415537962,-539.8901664968121
-243.80860590430342,217.90051904748756,-540.4637643868467
-243.8705904800824,217.2103425640473,-541.043357858458
-243.93541225265594,216.5001753748781,-541.624548898312
-243.99975271262838,215.77001763772924,-542.2033236221135
-244.06144841375843,215.0198691106118,-542.7768104962535
-244.111482888983,214.2579520215732,-543.3370726461569
-244.141632488514,213.495550786586,-543.8773319068451
-244.15189683853882,212.73875470488707,-544.3975882754454
-244.14227472561325,211.992685367485,-544.8978417491911
-244.1127643288274,211.2605209204348,-545.3780923254222
-244.07821433910985,210.54273069491015,-545.8486567271027
-244.05116565216042,209.83753939476512,-546.3192786686811
-244.02963118627753,209.14286732302796,-546.7905198166764
-244.00106733929712,208.44299424601834,-547.2726364516229
-243.95261091523267,207.7231155525351,-547.7747501764092
-243.88426483120415,206.98322834159546,-548.2968609883649
-243.79603200443736,206.22332971264223,-548.8389688847137
-243.68791535226381,205.4434167655436,-549.4010738625731
-243.55991779212076,204.64348660059323,-549.9831759189539
-243.41204224155112,203.82353631851032,-550.5852750507607
-243.24429161820356,202.98356302043953,-551.2073712547921
-243.07666786753617,202.14356478020306,-551.8294645277487
-242.92916904585653,201.32354356077306,-552.4315548663313
-242.80179223708663,200.52350229701918,-553.0136422673385
-242.6945345250415,199.74344392338588,-553.5757267276747
-242.6073929934291,198.98337137389225,-554.1178082443512
-242.5403648535629,198.24066053364433,-554.6398868144853
-242.49344805029264,197.50810440069088,-555.1419624353009
-242.46664188651135,196.7741444027429,-555.6240351041282
-242.43994752737254,196.02599243576188,-556.098384142453
-242.39336760736956,195.2578351254708,-556.575346379795
-242.3269050436124,194.4696695719102,-557.0513314484479
-242.24056275331685,193.6614928755461,-557.5233155984379
-242.13434365380434,192.83330213726992,-557.9886445072547
-242.008250662502,191.98509445839866,-558.4447649464308
-241.86228669694273,191.1168669406747,-558.889165186686
-241.69645467476496,190.228616686266,-559.3194895208735
-241.51384916562802,189.3203409480648,-559.7322150346813
-241.317417746597,188.39203757343768,-560.1249375720919
-241.10672950054933,187.44370451794708,-560.4976571310169
-240.88095348697814,186.47533964806354,-560.8503737094744
-240.63850476860796,185.48694065976733,-561.1830873055889
-240.37727546284813,184.4785049684571,-561.4957979175911
-240.09619852640276,183.45002973129516,-561.788505543818
-239.7952768776288,182.40151205385405,-562.0612101827134
-239.4901075950618,181.33294980023217,-562.3222283803362
-239.19611279426252,180.2443438588491,-562.5715601352987
-238.91309868974588,179.1356958415706,-562.8008888987656
-238.64062577224414,178.0070073275031,-563.0102146695174
-238.37709259615093,176.85827975577243,-563.199537446441
-238.12083953810279,175.68951429202403,-563.3688572285298
-237.87239761681502,174.50071200061936,-563.5181740148834
-237.6350180770096,173.29187422784008,-563.6474878047076
-237.41147576224276,172.0830028310008,-563.7767985973061
-237.20174986354306,170.8940998529824,-563.9261063919823
-237.00483630549587,169.7251672331733,-564.0954111879424
-236.81994627884603,168.5762067798335,-564.284712984286
-236.64650688232496,167.4472202022978,-564.4940117800065
-236.48412109598885,166.33820913977294,-564.7233075739911
-236.3325205085387,165.2491751834903,-564.9726003650202
-236.19152554624168,164.18011989243135,-565.2418901517683
-236.04587584288822,163.1310440679862,-565.514737859725
-235.88038144874398,162.10194555446407,-565.7834906649482
-235.69503944782667,161.09282145744078,-566.0645876390874
-235.48984692425952,160.10366888206687,-566.365681603139
-235.26480096227132,159.13448493306763,-566.6867725555018
-235.01989864619645,158.1852667147431,-567.0278604944683
-234.75513706047485,157.25601133096816,-567.3889454182249
-234.47051328965205,156.34671588519237,-567.7700273248515
-234.16602441837927,155.45737748044021,-568.1711062123218
-233.8416675314133,154.58799321931093,-568.5921820785027
-233.4974397136166,153.7385602039786,-569.0332549211554
-233.13333804995727,152.90907553619218,-569.4943247379344
-232.74935962550916,152.0995363172755,-569.975391526388
-232.34550152545174,151.30993964812728,-570.4764552839579
-231.92176083507022,150.5402826292211,-570.9975160079797
-231.47813463975555,149.79056236060552,-571.5385736956828
-231.01462099729184,149.04077594193942,-572.09962834419
-230.53122185471875,148.27092047288207,-572.680679950518
-230.0279401314691,147.48099305348305,-573.2817285115767
-229.50477874708145,146.6709907842177,-573.9027740241703
-228.96174062120002,145.84091076598725,-574.5438164849962
-228.39882867357483,144.99075010011865,-575.2048558906457
-227.8160458240615,144.12050588836473,-575.8858922376037
-227.21339499262132,143.23017523290414,-576.5869255222486
-226.610878127025,142.33975620859343,-577.2879557408617
-226.02849328589264,141.46925077943934,-577.9689828897239
-225.4662375554588,140.6186618813466,-578.630006965214
-224.924108021851,139.78799244979498,-579.2710279638167
-224.40210177108966,138.97724541983922,-579.8920458821235
-223.9002158890883,138.18642372610915,-580.4930607168322
-223.41844746165336,137.41553030280951,-581.0740724647468
-222.95679357448438,136.66456808372007,-581.6350811227776
-222.51525131317388,135.9335400021955,-582.1960866879327
-222.09381776320748,135.22244899116555,-582.7770891572201
-221.69249000996382,134.53129798313475,-583.3780885275502
-221.31126513871467,133.8600899101826,-583.9990847957271
-220.95014023462488,133.20882770396355,-584.6400779584486
-220.60911238275244,132.57751429570686,-585.3010680123062
-220.28817866804843,131.9661526162167,-585.9820549537852
-219.98733617535711,131.37474559587207,-586.6830387792644
-219.70658296170336,130.78329616466226,-587.4040194850161
-219.44592097315495,130.1718072525768,-588.1449970672065
-219.20535312796036,129.54028178999536,-588.9059715218956
-218.98488234426108,128.88872270772328,-589.6869428450367
-218.78451154009184,128.21713293699136,-590.4870747116003
-218.60424363338043,127.52551540945608,-591.3032157158132
-218.44408154194778,126.8138730571994,-592.1303960171027
-218.30402818350788,126.08220881272887,-592.962993958708
-218.18408647566778,125.33052560897751,-593.7868156933202
-218.08425933592764,124.5588263793039,-594.590634270448
-218.0045496816806,123.76711405749205,-595.3744496858172
-217.94496043021286,122.95539157775148,-596.1382619352596
-217.90549449870358,122.12366187471717,-596.8820710147137
-217.87771133518117,121.27192747297559,-597.6058769202242
-217.8421843598992,120.40018872156399,-598.3096796479423
-217.79172022516823,119.50844360739273,-598.9934791941254
-217.7440477600936,118.61136690626104,-599.6670936455719
-217.70857962654011,117.72896016045053,-600.3356229380438
-217.6808665612195,116.86654880553996,-600.9950531166864
-217.6610220352608,116.02413398172617,-601.6467554877499
-217.64910838522516,115.20099467350187,-602.2920518909154
-217.64496923913026,114.39585544552213,-602.9319769764147
-217.64820617302377,113.60767656144519,-603.5672273727532
-217.6583877545261,112.83547728873846,-604.1984236462584
-217.6766826728879,112.08102169669388,-604.8177431793846
-217.70520835376706,111.34458308037313,-605.4170594963688
-217.74557772376323,110.62063502325852,-605.9963725940241
-217.79961757268612,109.90033152332623,-606.5556824692701
-217.86861686257595,109.17145762447278,-607.0949891191325
-217.9513074065312,108.4248497447401,-607.6142925407436
-218.04445519685564,107.65825472693726,-608.1135927313419
-218.14583246992834,106.8716739088313,-608.5928896882724
-218.24108418042425,106.06510776352182,-609.0521834089866
-218.3164584620286,105.23855406049013,-609.4914738910419
-218.37195823120294,104.39200990096269,-609.9107611321024
-218.4075864045144,103.52547238659137,-610.3100451299385
-218.42334589863592,102.63893861945338,-610.6893258824272
-218.41923956443432,101.73376150839964,-611.0486033875515
-218.39526992344875,100.81264719791996,-611.3878776434009
-218.35143914671815,99.87738925616932,-611.7071486481713
-218.2877491305203,98.93095588748852,-612.006416400165
-218.2042013465064,97.97405411176757,-612.2856808977907
-218.10079762524245,97.00222630774782,-612.5449421395632
-217.9775404580912,96.01160739236676,-612.784200124104
-217.83443270299756,95.00096905320505,-613.0034548501409
-217.6714772775848,93.97030839540386,-613.2027063165078
-217.48867709958182,92.91962252452984,-613.3819545221453
-217.28603508682298,91.84890854657522,-613.5411994661001
-217.0635531849607,90.77816356792229,-613.7004411475168
-216.8212294506032,89.72738469495354,-613.8796795655396
-216.55906096817668,88.69656903366169,-614.0789147192154
-216.2770448222129,87.6857136896142,-614.2981466074847
-215.9751780973492,86.6948157679534,-614.5373752291817
-215.65345787832842,85.7238723733964,-614.7966005830345
-215.31225391921885,84.77288062835224,-615.0758226676645
-214.95266315467293,83.84183776262456,-615.375041481587
-214.5943109727993,82.91074208396904,-615.6742570232196
-214.25609947036904,81.9595956107688,-615.9534692909803
-213.93803156604295,80.98840128061613,-616.2126782833841
-213.64011017837473,79.99716203152899,-616.4518839990528
-213.3623382258109,78.98588080195096,-616.6710864367145
-213.10471862669084,77.95456053075125,-616.8740747673743
-212.86725429924678,76.90320415722472,-617.0694293191287
-212.64994816160382,75.83181462109178,-617.2603552811195
-212.44383630068907,74.74969062829301,-617.4394594159357
-212.23915167128456,73.66636455892817,-617.6026135096982
-212.03463286611156,72.5821757113585,-617.7524139627528
-211.8295806655586,71.49726406233133,-617.8902836597201
-211.62363930068733,70.41166941450108,-618.0170239218501
-211.4166366735488,69.32538394420892,-618.1331231985188
-211.208491313419,68.23837841630943,-618.2389161925544
-210.99916465560628,67.15061466566074,-618.3346613338749
-210.79932167308252,66.07244681001328,-618.4154391025493
-210.61963784037846,65.01425127871451,-618.4762135827751
-210.46011026007926,63.97565063099521,-618.5169847742294
-210.32073621484176,62.95408265890346,-618.5377526766953
-210.20151354446566,61.945022322154124,-618.5385172900623
-210.1024408099133,60.94285041010415,-618.5192786143265
-210.02351754983644,59.93963656189379,-618.48003664959